solver_type L2R_L2LOSS_SVC_DUAL
nr_class 2
label 1 -1
nr_feature 5000
bias -1
w
0.05896050044734372 
0.1925329516038115 
0.2480492980056309 
0.02416500632513963 
-0.1676765590282348 
-0.07437961373200568 
-0.284791629002152 
0 
0.167995873644933 
-0.5668073184800039 
-0.4001926609776703 
0.0520314438620438 
-0.4191761137588448 
0.6973007856299303 
-0.2781162745086788 
-0.3786759738471784 
0.144643474333573 
1.115751570436593 
0 
-0.02589649920464163 
0.366840526563901 
0.5982391978003236 
-0.5770133761384523 
0.2100001224044028 
-0.08572242399569664 
-0.1863610856023821 
-0.9698345435872282 
-0.1588789670530062 
0.001893245490948157 
-0.2497700327701092 
0.1356697628633247 
0.03268758219630535 
0.137688038938997 
-1.065205225869538 
-0.4350968133332451 
-0.2696948394464029 
0.6273554178779535 
0.4141543588604883 
0.05689742317936678 
0.7177152437916516 
0 
-0.08535768936631408 
0.1269327757652648 
-0.101725382457207 
-0.3364936524510415 
-0.2247164911012697 
0.1720713055995086 
-0.4855563840276245 
-0.06039167762777612 
0.01037067676284032 
-0.1922058806582267 
0 
-0.09549008825300692 
0.4155467514083894 
-0.4942743898712965 
-0.3926579193770068 
0.03581283067634274 
0.6416169937654694 
-0.03098445007114282 
-0.3473702623856986 
-0.08977561088924506 
0.04561058426296168 
0.4629526995534277 
0.01772864392039296 
-0.4552602935396248 
-0.3090885898818919 
0.03166320602059222 
0.06942581069015713 
-0.01812676157891151 
-0.3903368887320365 
0.09396288858019756 
-0.3236058272387927 
-0.3062464706790477 
0.09063379196298776 
0.2522079800372156 
-0.4680650668819972 
0.06953268374313203 
-0.2723934114655032 
-0.6190618384100047 
0.09438371538915837 
-0.107279988726877 
-0.01353063133643206 
-0.2000935174487538 
0.1226246865008171 
-0.01701544855035353 
-0.6316786949373149 
-0.2027690560159909 
-0.4264049449226535 
0.132937719180917 
0.5212313778533563 
0.08623133906992338 
-0.1578154349773963 
0.1055474359283576 
-0.5635012312442185 
-0.3236120145911347 
-0.255843827177143 
0.1784214306397532 
-0.05754103723946531 
0.006504045409472312 
0.05054831708738491 
-0.03291722334483472 
-0.1033312555542736 
0.106148524897275 
-0.1114528179539102 
-0.01370690248216377 
-0.3358545079010994 
-0.06398860821559693 
0.1586859239613568 
-0.01590336867488956 
0.1397049692076418 
0.08684591549761196 
-0.002063733411051297 
0.3315603522651258 
0.2553177112527412 
0.03729087540027983 
-0.3111852790096672 
0.975534777826524 
-0.01419451739096134 
-0.3258773513733285 
1.105421448421468 
-0.2241042119193089 
0.2185001183031327 
-0.08864274921804799 
-0.2171531788416099 
-0.2382733697420576 
0.5251662955784918 
0.006080429835757669 
-0.2160995234018998 
-0.404152795327878 
-0.06321157600964987 
0.1128318628533154 
-0.00722941426255222 
-0.07958818879782822 
0.1484469726261138 
-0.5719699002340749 
-0.4452472140997399 
0.08739863322066305 
-0.135667583587285 
-0.1151208487638231 
-0.2880956005964222 
0.02282531914294228 
0.4725155209728406 
-0.02747179441394342 
0.1230408335969592 
-0.5537303792133464 
0.09464191607215088 
-0.09720494207301363 
-0.09121413308052108 
-0.1355368299131791 
-0.03421338015281012 
-0.2259737691349344 
0.1588625245580353 
-1.326299604669976 
0.06108700357513674 
-0.03045977480372053 
-0.03217149209613507 
0.06339219424493726 
-0.05239688960436413 
0.3289556825665265 
0 
-0.8901979756682792 
0.04433542691893227 
0.1461945651376123 
0.0550379118112433 
0.008964996960980371 
-0.09245090574343684 
0.2560334355179071 
0 
0.09570331353836171 
-0.03724888628117396 
0.127016751889893 
-0.1647837554524692 
0.109646619141733 
0.125618668778798 
0.08780801598834952 
0.2894472216917401 
0.6247611459912712 
0.2604026007250715 
2.52615688785679 
-0.2737983533216874 
-0.01696493589640989 
0.1063782051806625 
-0.1388643876879859 
-0.01830022661013547 
-0.1552442998874425 
-0.08823728578464855 
-0.3784039671456673 
-0.1118077845102082 
-0.1979680227017791 
-0.2350179754867193 
-0.8026492404379442 
0.1266559281166391 
0.008790174450693218 
0.01366417484203366 
0.01288504061089379 
-0.7258061260375759 
-0.3096897701293833 
0.3282347233147601 
-0.6939588225561958 
-0.008346600146701929 
0.02602224428175298 
-0.09093433521246583 
0.001399236327956447 
0.05353259664620667 
0.2524082396764046 
0.1584122656170465 
-0.02309414176193508 
-0.2484435343423469 
-0.02428759099143117 
-0.9147510774286375 
-0.01738431301346739 
0.01278484329793536 
0.0192287920019614 
-0.1045756268025494 
-0.1335466646176828 
-0.1438964491642695 
-0.06501182359197261 
0.05418040157980496 
-0.1020630673461135 
-0.2739783654595265 
0.6389322543768418 
-0.1175614842529127 
-0.1266065495980204 
0.006670998424472007 
0 
-0.3755180399393766 
0.6809196673262705 
0.2717432362823611 
-0.1201801487360541 
0.2056055109182489 
0.01523862753743556 
0.1157665051384631 
-0.05549653214456565 
0.01729657975758105 
-0.02609569787894529 
0.01901827759680039 
-0.1125945093754471 
0.2181289361014768 
-0.03542054178797555 
-0.05866977440977315 
0.09134256098942613 
0.0775304431691823 
0.0309133688165028 
0.09379413843791212 
0.04386993549690903 
0.2560118646214941 
0.1909278789642658 
0.09017495568606071 
0.2718308452951026 
0.2189702716358335 
0.2487385149155222 
-0.1642474696136819 
0.1635574547209331 
-0.8188264411095389 
-0.1809553344925959 
0.9286205163686115 
-0.08295204288225078 
0.5144280735675499 
-0.5254810217334432 
0.01912995821963243 
-0.01381608020659918 
0.1274988858106943 
0.01598495456328149 
-0.1751983100978134 
-0.1829525629482107 
0.09254157706628224 
0.09831306802105022 
0.4392469144043906 
-0.2186307715461456 
-0.01758161036529261 
-0.03294431617181481 
-0.1299154794930394 
-0.01912195986339637 
0 
0.131953837057514 
-0.00811177616042911 
-0.04769450968795057 
-0.6786260003293118 
0.05578514856307266 
-0.4077761424887419 
-0.3871560742554995 
-0.01022977315305863 
-0.0173980099829206 
-1.801246749392599 
-0.2045571047966712 
-0.06895543051734487 
-0.4056059167979773 
0.019512795797976 
-0.007928222753113421 
0.1358584331746818 
-0.5494680597580451 
-0.6235220246792719 
0.3180191819922091 
-0.3250031096935468 
0.03332532554476057 
-0.0998443364539064 
-0.01277979367151888 
0 
0.01818110655696461 
0.2142423388253742 
0 
-0.22055360484397 
-0.01063607797881688 
0.2739623772387731 
0.3491038473320082 
1.026146461629249 
0 
-0.01443479226063801 
-0.06892140902059081 
-0.1861314800590834 
0 
0.07948583413683406 
0.0758893757622308 
-0.3762593007667013 
0.07885252998092615 
0.2128180150298545 
-0.02857281117143191 
-0.4303707141987924 
1.574608620360564 
-0.1813674281441678 
-0.1467583174347131 
0.05018004747508161 
0.1770671194904082 
0.1766376303460692 
0.07439378170665974 
0.5641498157018628 
0.007511359092658366 
0.2682868675868408 
-0.01087556615767036 
0.1579258959937259 
-0.08350225628382107 
0.1837973965684244 
0.06308923310851611 
0.188240984286371 
0.05729261650592818 
0.1009143289191045 
0.2214412699872927 
0.07295664050609646 
-0.1688883660875626 
-0.4942251760052067 
0.03473214554792096 
-0.07476016561892367 
-0.3698802017662313 
-0.2751104011484624 
0.07054619930193223 
-0.1576010308986854 
0.004910233453019735 
0.01303405369401879 
0.09540117214125574 
0.1128296118178389 
-0.126298326820205 
0.1484776413263094 
0.02938713534139295 
-0.04062101801760465 
-0.01837643004454817 
-0.002045848576815973 
-0.1031726171117017 
-0.4267209983011351 
-0.1099376606757668 
0.1703893891993123 
-0.02304922961938619 
0.005422612647603482 
0.1046327905703829 
2.312054589040854 
0.2691570347636603 
-0.1449572500814793 
0.007833349522006981 
-0.2738476561191273 
0.1614967346679598 
-0.01035934159386611 
-0.2142512698927295 
-0.05052609717391352 
-0.3789014305949103 
-0.2560563571104104 
-0.2122081020498296 
0.05240574518501472 
0.1465962345028491 
0.1028027358145359 
0.01752895326163513 
-0.1012580882240288 
0.1905897758386668 
0.03590921833444403 
0.1081526344607835 
-0.06181016585368283 
1.295166307823849 
-0.01973441297924027 
0.2947922759497525 
2.234422873689832 
-0.03199490143785592 
-0.02758652304381656 
0.03618749396649616 
0 
0.0495816994126716 
-0.2161870480546184 
1.07807314291292 
0.2014990437667852 
0.4711613314066914 
-0.0609858826298114 
-0.1895939740637775 
0.03720147166726782 
-0.2224203605861026 
0.6950560338515124 
-0.0128683833064879 
-0.2461692957151686 
-0.3138510835470508 
0.2005487226004361 
-0.07541424396194993 
-0.2309280464773172 
0.1452480006479562 
-0.1234742733513301 
0.1140498210735009 
-0.07190558313861381 
0.2401460189077767 
0.368073351834584 
-0.6297515629288224 
0.5230441792781427 
-0.1697677694345029 
0.116034649838729 
-0.05450670233365841 
0.8561527177528541 
0.05617669167880391 
0.1791097673898864 
0.01093208746132587 
-0.0829827485312423 
0.1877839395456336 
-0.1565492104618871 
-1.124369426886804 
-0.0341825777835588 
0.388525692492972 
-0.1509968484648204 
-0.1991104911819674 
-0.420202436975273 
-0.205409356583487 
0.350537848536622 
-0.2733482822649275 
0.3686102817849699 
-0.009015142974475176 
0.04496981511756824 
0.0294993880065589 
-4.87728440439902 
-0.3136394332689638 
0.06403497811465639 
-0.004018047740193129 
0.1025552470832468 
-0.003397306519850936 
0.1848682377504873 
0.1199840003633386 
0.2354438667572495 
0.5724804832591484 
0 
-0.4947424828159523 
0 
0 
-0.1330495476973741 
-2.21542413010334 
-0.08612069196029531 
0.7985012494292746 
1.69203507010311 
0.09191562378811864 
0.5289697487674644 
0.525382194505702 
-0.2360361846714382 
-0.08315114803741797 
0.198177025804697 
0.3291718204969944 
-0.01419726846213915 
0.09701089757544495 
0.1311952628398169 
0.105016595775724 
0.01133952953268513 
-0.08092619744397765 
0 
0.01360037140441635 
0.1576509129099699 
-0.7345582328333635 
-0.003629100133778112 
0.01189394431933681 
0.07727383843040124 
0.6039954716481125 
-0.2086897923029357 
0.1125822953311764 
0.09933084463138532 
0.1226714110794174 
-0.2697515776539687 
-0.8966405756203288 
0.1059462650668597 
1.885894953392166 
-0.01136286609059451 
-0.1119889370984751 
0.4322940941122854 
0.3063534350859126 
-0.6026374704700408 
-0.04747630279110172 
0.1159614965324785 
0.2940008202406127 
-0.04790032781698453 
0.07792337058273062 
-0.03672178249968191 
-0.3216677707660309 
0.5194371346689194 
0.005365799149525705 
0.03828700042686867 
-0.2674242364489275 
0.1122774145585982 
-0.2101105961866663 
0.08738537097859184 
-0.1935692678580137 
1.188202449187793 
-0.06971716084927021 
-0.04415272235279835 
-0.2617200154142973 
0.1955598117860258 
0.009178285613659579 
-0.612364861496727 
0.2850621330102772 
-0.07974526186752344 
0.05846651767688436 
-0.754752410570444 
0.06590896411550716 
-0.02758209216489713 
-0.009976116306194046 
-0.01542038512463834 
0 
0.4113806646028716 
-0.2031312659052006 
-0.05039820499920512 
0.01928090785111886 
-0.04114804963426878 
-0.1177202538523013 
0.4287577435755287 
0.03619182886087566 
0.009217054907179105 
0.07390226974504087 
-0.1398191855377148 
-0.1468001157461326 
0.0305597179917765 
0.1033061290581159 
0.06655901306485143 
0.03305454738880297 
-0.2686776412409859 
0.1177141937794959 
0.3084784527300762 
0.171998830651599 
0.08576548945759324 
0.03024358113788187 
0.07780407194241043 
-0.01972035006399473 
0.01093982396991428 
0.914509727385976 
-0.2264406407906434 
-0.6958125059975627 
0.4226749908905926 
-0.07082292700942365 
-0.002006327367184559 
-0.1487593368819083 
-0.114851920503996 
-0.07697575328381807 
-0.08390672824473017 
0.08258594454738125 
0.2050740592495957 
0 
0.3091569104515438 
0.1105974996412644 
-0.1611593484090341 
-1.053953629685946 
0.0315920483206929 
0.002275740382604191 
-0.3276984719081946 
-0.01227644431026257 
0.0403795970607899 
0 
1.587891931396214 
0.2120726230299029 
0 
-0.02215259109257051 
0 
0.1993060875760545 
0.01240142972141385 
0.4810072700734224 
0.03964721214138687 
0.1837281415683536 
0.1883794321734743 
0.09247415100592025 
-0.09761038544629153 
0.02757184615484084 
0.6676283454958458 
0.05569655689502874 
-0.005313227564889453 
-0.009274233066042293 
-0.1059175672664102 
0 
0 
0.04023979277288017 
-0.3568710176205409 
-0.3679678083253656 
0.2749271345146027 
-0.1489124302325995 
0.1148153028587485 
0.06637799444949334 
0.01542598278196989 
0 
-0.1422162822764335 
0.1350230285162221 
0.05155947944422631 
0.03272178328938653 
0.00735590401755469 
0.09454513272910524 
0 
-0.01774663843934932 
0.08473035560579004 
0.03045283759546891 
-0.2536706753388711 
0.02385098879843146 
0.0300360278304413 
-0.01051355860292624 
-0.5795156466964438 
-0.1237760356545571 
0.08564733983165773 
-0.03671325567961661 
0.08031108401807352 
0.01401939441325143 
0 
0.03309430375425314 
-0.0413574741860091 
0.05098279443446339 
-0.03042922168140952 
-0.0365550446175947 
-0.1861896601874936 
-1.155164975848602 
-0.06079651128292604 
0.04576091050238778 
0.2087475012989059 
0.9986400178108396 
0.02919333083346911 
0.1628150354698636 
0.3163101004444309 
0.06321548813660824 
0.01974938019523785 
-0.1707970226666736 
0.4909004527866868 
0.429199007920915 
0.5966486653284589 
0 
0.04575812539383357 
-0.09494289941033293 
0.2077678872480863 
0.01366836460072652 
0.144184886152693 
0.02087358909869342 
0 
0.1084660609846093 
-0.006691249812028892 
0.06385449861205618 
0.03396736797371077 
-0.1159967828446001 
-0.3079788900616517 
0.002286287848159705 
-0.03852301818126117 
0.1199624734350604 
-0.2031988467000785 
0.09850637860922061 
-0.01117405724709845 
-0.1894358241984964 
-0.06876211278556545 
-0.1432074209771793 
0.01187297295866137 
0.02661352136951805 
0 
0.1783317600180163 
-0.05544951420425025 
0.04724647792386846 
-0.06127787437576619 
0.178002045096186 
0.1091269222246507 
0.2240373534441537 
-0.02682226189913678 
0.009691918163522818 
0.02468307661820839 
-0.04444348652174718 
-1.078532308297743 
0.4236055313028675 
0.02482891435172401 
0.3072100847602128 
0.1077451213863374 
0 
1.162032424334509 
0.07002466782297534 
0.09252027121147449 
-0.0221105445950271 
0.05580851907899912 
0.05399441323364877 
-0.02176727170214941 
-0.0798429417717588 
-0.003628579430211016 
1.141199388487601 
-0.1529518625304739 
0.0529990737279752 
0.1795500964711896 
0 
0.003235084992558978 
0.06709462278452612 
0.03897268331223859 
0.2418882189158031 
0.06100578845834296 
0.0006899998497178476 
1.006861127276428 
0.00585781470829076 
-0.05981820643829704 
0 
-0.05065286452976497 
0.1459777153844714 
-0.1071898999824038 
-0.4843364673539328 
1.239406305340963 
0.01345905723200231 
0.2275625246641939 
-0.1001188320077143 
0.04699457948823044 
-0.001774880475276037 
-0.00303916806356932 
0.1491723614189312 
-0.1408974220013359 
-0.1719831035571571 
0 
0 
0.001490232655180568 
-0.1257559096429683 
0.01366155889292643 
0.01412128162785209 
0.04731489838272358 
-0.002427700433672465 
-0.08212939751481124 
0.01678526779865715 
0.08463968684051729 
0.07664816454751433 
-0.01488522494335024 
0.005386054917628513 
0 
0.2367312667768382 
-0.1024531891967119 
0.1532599677752826 
0.1359941817116355 
-0.005007235640109849 
0.2063777628762712 
-0.01512853977198827 
-0.6622517083135893 
0 
-0.6683016480637813 
-0.05308173732035873 
-0.1092018094999133 
-0.06813992079896233 
0.008044123613066317 
-0.102864157232395 
0.1060481594936505 
0.3532133453800967 
-0.1665650197482442 
-0.2960739364387845 
-0.006920296901293565 
0.06118458142358307 
0.4820099385190584 
0.2698861413075297 
1.033037913130351 
0.6904889665318172 
-0.09472103564832413 
-0.02843908615097041 
-0.2343475293104887 
0.07488517955320348 
-0.04403638025586468 
0.1070190658293063 
0.1511204698778195 
0.2828230139234684 
0.151143608377013 
-0.05603885759847943 
-0.1334257036615783 
-0.05281448290862533 
0.211392094205974 
-0.06215925040437728 
0 
-0.3749484626520291 
0.2319034666271109 
0.1841533250552468 
0.2044180785725774 
-0.01455331266050332 
0.01324198766419254 
-0.04687544270036206 
0.1844718501994431 
0.2581987273412776 
0 
0 
0.05798066381282767 
0.01552324600668871 
-0.04529299226194213 
0.7790121457710301 
-0.07351457846277773 
-0.4325508537036659 
-0.06878234837853194 
0 
0.02187827590977681 
0 
0.8854054688485845 
-0.01435978874261357 
0.02707864517335206 
0 
0.1811589880532949 
1.367196794643936 
0.0001388555669493271 
0.0180840615852005 
-0.0164834330725181 
0.06831871483756899 
0.09079447741753732 
0.1200198192718302 
-0.4320343833008514 
-0.01836975392148478 
-0.008189335389403231 
0.03175142319482993 
1.113557255770034 
0.1520761106462487 
-0.0234164982754134 
0.137363987165477 
0.1282263279422234 
1.084786890342925 
0.447846106809637 
0.04284967792134429 
-0.02098206306657645 
-0.360082174897354 
-0.02321358532581589 
-0.02196741785031998 
-0.4255327271372609 
0.02295731888241661 
-0.04977992817568472 
0.0102601548729918 
-0.3205112901374785 
0.04211876499947223 
-0.285348273207407 
-0.3141607740002927 
-0.02008033553708716 
0 
-0.7346536085192328 
0.3562428790735442 
2.637011530281496 
1.349460403602952 
-0.05906399886424524 
-0.03850122476658323 
0.0009793521981358577 
0.06115393146327321 
0.01345533002239376 
0.02053175698149259 
0.05326660486103293 
-0.3114023762659008 
0.3138230941697421 
-0.1113494493281439 
0.001788886684637175 
0.00111104657084466 
0.35142076502169 
0.004075510315359855 
-0.1345380839271792 
0 
0.1224726310165923 
-0.003990226710372271 
-0.03781829894662291 
0.004887051946298807 
0.09473972851718968 
0.2220436568712753 
0.2426735202236571 
-0.06107937403814982 
0 
0.05495477110402793 
-0.1584437788423882 
-0.141044103388279 
0 
0.01327251257958688 
0.7108347779941968 
-0.6531902601671227 
0.5000680616743876 
0 
0.2112844424244162 
0.2314049655011368 
-0.1351975747956619 
-0.8494501547071279 
0.4823176972956189 
0 
0.4588843894381427 
0.04766134702327499 
-0.2639378876739786 
-0.3006672517652781 
0.4358448234238395 
0.5804307983351873 
0.863145846586318 
-0.06736670502071426 
-0.02286994219431817 
0.1243834563237728 
0.002267042753215076 
0.07095746474291521 
-0.01155330368517144 
0.09121640477325629 
-0.06851691397549771 
0.0124951968134111 
-0.001481999901552236 
0.2453456823356658 
0 
0.2649969989429811 
0.09608798746098324 
0.2482637764047629 
-0.5068035110661171 
-0.9881921316489807 
0.07072331674039378 
-0.1375228554240922 
0.1285815393261584 
-0.1238729938470313 
0 
-0.001208023869550267 
0.1550354349632007 
0 
0.07144630220653246 
0.4424360778648899 
-0.09636834272651393 
0.09252557591933018 
0.117611522730953 
0.7356850020440939 
0.02329983228639481 
-0.09060438208486447 
-0.07054806665139661 
-0.04054522749227595 
0.4049176449531824 
0.1375955826069659 
-0.1392013064222955 
0.2283973400957293 
-0.01355894769393117 
-1.599692105286802 
0 
-0.0938902092302782 
0.03868302244475202 
0.3293109285631686 
0.0006987026836104606 
-0.1102724796494244 
0.249413955093761 
0.07354636678166303 
-0.1071744310484022 
1.658288865732899 
-0.007109177995038316 
-0.02669983606441272 
0.04384128378538744 
0.1754969654202158 
0.02867716751713659 
0.2320994189178843 
-1.63665017643423 
0.1308716630411089 
-0.213153887119947 
0.155660508127463 
0.3128721604549262 
-0.2842645483287684 
0.3722419277557125 
0.02247072886892945 
0.1318217519724895 
0 
0.1405914202343691 
-0.01197158414546097 
0.1807221059010979 
0 
-0.7020365886025212 
-0.01736276251203652 
-0.003065780526236943 
0.6811408966731961 
0.05580212134563833 
-0.006886197176588565 
0.1217047817016775 
0 
-0.04061293979126162 
-0.1172544452945178 
-0.2951634683510646 
-0.02125281576889835 
0.09354145034047526 
0.0702085565873934 
-0.02703820774608557 
-0.166085084252319 
0.1173497407300708 
0.2517446145425411 
0 
-0.6995781483279195 
0.2701831193093464 
-0.168320890218648 
0.05740301245998281 
-0.05481384750405415 
-0.09591508616654192 
0.08132864924516374 
0.08634294734218061 
0.1467110218251711 
0 
-0.001177691223574385 
0.8152960312315485 
0.0001219492402460937 
0.0738971945160232 
0.07717668803203434 
0.009948870734245335 
1.57893470658861 
0.08455736455147657 
0.01540279021642294 
0.005424005813439729 
0.03601959083590379 
-0.03628215282307117 
-0.01387516439272095 
-0.02467258182620701 
0.008164955927224205 
-0.1961655031798019 
0 
-0.0001857656286665397 
0.004650169742585149 
0.2680901748689442 
0.08638437183345478 
0.3060598230139794 
0.2884651875123619 
0.004944872553405613 
0.1632775066018013 
0.03075302121273939 
0.1709824642970517 
-0.04687614907706376 
-0.105479618557266 
0.09329973670936517 
0 
0.1194493058122598 
0.1287561047954707 
0.3602312830378082 
-0.8078240703808741 
-0.6619970546777344 
-0.08492906642647283 
0.1987839150726103 
0.03417747895033755 
-0.4250648333161847 
-0.2407350842199636 
0 
0.07503188788879743 
-0.0333435247951235 
-0.1165298367372535 
0 
0.0782742119613092 
0.002795989868979832 
0.4163872411405458 
0.8928538150957382 
0 
0.02289303613400103 
-0.00362076137463694 
0.03299054359494841 
-0.0630539884443429 
0.0137921376872277 
0.02272361135815508 
-1.52993278833834 
0.1756389111155886 
0.03326422840372405 
0.4450524372215213 
-0.02112466111844813 
0.01258203190022301 
0.01555599905691838 
-0.7773309194814986 
-0.2135181054862703 
-0.03159328783714577 
-0.2109443287873622 
0.7138782647360334 
-0.2125606046285459 
0 
0.1393126193655873 
0.006806838230693183 
0.06853741765091489 
0.1049838178374169 
0 
0.07409854423094399 
-0.3806870982040552 
0.2297887371782457 
0 
0.0742961336601114 
0.111198232496251 
-0.1668014600822938 
0 
-0.1456210995483624 
0.3270534529200739 
0.1447774736684108 
0.04937067611506901 
0.2119857363525854 
0.05582600687133697 
-0.2680411896214276 
-0.186657742083005 
-0.04942248826638255 
-0.2385947974717668 
0.01722184126917193 
-0.01755765361525539 
-1.201506733585852 
0 
-0.03943648710017029 
1.398265002741462 
0 
-0.01878864127358473 
-0.08503897780380243 
1.726852593726691 
0.2154516021263284 
0.007726986600532508 
-1.500750842080311 
0.03625586441508084 
-0.1140803405344768 
0.05942015794095984 
0.01333557499351149 
0.03371222600428586 
0.1841555208573528 
0.01219407876383738 
0.009729612455048315 
-0.2237834700154574 
0 
0.3235624483223799 
-0.08194301273105847 
0.1390874806714023 
-0.01717791366417537 
-0.04114470515497259 
0.2780589339346484 
-0.01738434133492919 
0.1477393610505532 
0.01744369968026474 
-0.005976280037794309 
0.02949738072237012 
0.006290562826539434 
-0.1214574544654493 
-0.2223406159609101 
0.1804594618523353 
-0.02248743222881229 
0.1850856220794017 
0.06960006699240676 
0.02197657853388187 
0 
-0.1586719861409445 
0 
0.0157581273828647 
-0.004118778318203675 
0 
-0.5079434003153592 
0.01537153452703977 
0.01068551341298263 
0.05574159018318579 
-0.01968634820061873 
-0.01554642366903039 
0.01457736004311942 
0.110573812489602 
0.0909906775648522 
-0.04360581944466292 
-0.1774151516940592 
-0.2472174529846303 
-0.09263795466022529 
-0.01792069917406691 
-0.08573183424245923 
-1.616692090400994 
0.1263215198711317 
0.04846659309928217 
0.3143036464283541 
0.001678743777694608 
0 
-1.932282841908633 
0.5037450266901676 
-1.669891518686038 
-0.04903787167781068 
0.1039282663176779 
-0.09732055482768953 
0 
0.01829422964844206 
0 
0.05541281281061781 
-0.2023983055177649 
0.2002051372454064 
0.07459823453417154 
-0.1122318420253679 
-0.04342965456266151 
0.04102350181517739 
0.105887532022708 
0.002274325384117632 
-0.1340204143668294 
0.6392698146779939 
0.2736354746199626 
0 
0.3630126076973926 
-0.01127125026981945 
0.6607436511995129 
0.001775770911502094 
-0.0334751032208838 
0.1658502687062808 
0 
0.006623243202674918 
0.1430429437055589 
-0.3679454197529152 
0.1323501748577947 
-0.05173300606996514 
0.5106470847664233 
0.06818077620584898 
0.2670004742274538 
0.005891751669252166 
0.02975975030344823 
0 
0.106197996962082 
0.290403189791767 
0.6409254886886259 
-0.2058121281643507 
-0.02098628982105417 
-0.008244153430068025 
-0.3646619505296638 
0.09182996526804635 
0 
0 
-0.6134010295485789 
-0.02051111843281145 
0.1055677960909165 
-0.2471555248959139 
0.4519244355627014 
0 
0.009116972795078546 
-0.03175031849518397 
-0.03667367572622875 
0.1756990684380726 
0.01268044701983843 
-0.03852343108776413 
0.01079580329785843 
0.5307952719196712 
0.02447698672793757 
0 
0.1438448326695854 
-0.08626373119341643 
-0.0318727331290824 
0.03062079853112858 
-0.04100604821137111 
-0.01583188468785133 
0 
0.08774926973618988 
0.09555550975762495 
-0.005665306791058731 
0.3960900668907797 
-0.1815034227229017 
0.03420606712517885 
0.3144194855971557 
0.2726264971127333 
0.02103211926584853 
0 
0.01037344573077978 
0.6731660462636044 
-0.1394576767573786 
0.5440897735048419 
0.6057873858553751 
0.1146818679624592 
-0.04265782896984074 
0 
-0.004595929913211992 
0.0224454129831784 
0.05653901583630253 
0 
-0.01138603269681579 
0.01191383026647109 
0.0654982188367555 
0.01430566890128867 
0.001601375010518247 
0.04343190810287462 
0.3146822237022449 
-1.729176724287153 
-0.008733803050412711 
0 
-0.2426905618378707 
0 
-0.02051749291983856 
-0.1574499452566448 
0.9269267471074198 
-0.1351055720315072 
0.2777400872488874 
0.5932265419896219 
0.01838306704826586 
0.005094536622900099 
0.004966037322045495 
0 
-0.03769818022900411 
-0.03276193136336544 
-0.1836241639714322 
-0.414391190852723 
0.9031079229325245 
-0.007883728608354727 
-0.2197436277926699 
0 
0.2027298996913902 
0.003215748496008673 
0 
0.1015035097770596 
-0.01719242949724336 
-0.1660541423909004 
0.003213235324356713 
0.8163769998654572 
-0.1362611725307381 
0.9161200132071146 
0.03396723236738412 
0.0138280852239699 
0.1604200587149033 
0.0006362100244794113 
0.0759735754631287 
0.00502386724088261 
0.5520572411095782 
0.001705435678748371 
-0.3418625487964483 
1.775005137761177e-05 
-0.6716025936592539 
0.02839052157708657 
0.09711753644148263 
0.003017837346591834 
0 
0.03619626703142286 
0.2089947074523518 
0.8784712767901216 
0.3475693264599489 
0 
0 
0.01827567456824184 
0.05586619685543011 
0.07510506690978057 
-0.02769116715781655 
-0.02711663841793953 
0.07190946810370538 
-0.1149752406276174 
-0.04945130260759922 
0.07445475545757271 
0 
0.01890269042802207 
-0.4628613476570959 
-0.06316011132042808 
-0.1119772804975154 
1.12354372349599 
0 
-0.2528386568599422 
0.0680164613292189 
-0.03450300094872019 
0 
0.1210240155186952 
0 
0.09631933595422915 
-0.1113862278487075 
0.5438818665258449 
0 
1.325015098788484 
0.1654939426012746 
0.3867762908931526 
-0.008304082429700665 
0 
0.03952993421285431 
0.17641683432791 
0.3088135183296752 
0 
-0.04217980687445665 
-0.7255237223145242 
0.06613248234761179 
-0.1035566181827986 
-0.1493631520416521 
0.01891493697031509 
0.004381929263044093 
-0.005302292062002866 
-0.007882219070228567 
-1.059954500835133 
-1.120628515769816 
0.1915123134575409 
0.3394428413727137 
-0.2123176087185374 
1.141713944807943 
0.1125144490254644 
-0.04299130401879808 
0.04021833450655864 
-0.2616338860222898 
-0.002493017507463034 
0.7180828446972582 
0.1814527969547031 
0 
-0.5679070900201882 
-0.01685459427715542 
-0.00760566102226048 
-0.07605656922216524 
0.01035127017666325 
0.04704535405731587 
-0.08905940504101256 
0 
-0.01545288508004178 
0 
0.2114993632664394 
0 
0.1611512390861357 
-0.02251785641122571 
0.03639650782491015 
-0.05868388172621909 
0 
0.002269440315340681 
0.007575815519715309 
0.3565466293474175 
-0.01886536339106644 
0.0864642403346208 
-0.02510513560314399 
-0.19413653417876 
0.4116333620556449 
-0.5752653197819426 
0.05071074641103054 
1.851733780548934 
0.03433407139151404 
0.05121406250198172 
0 
-0.08866483312349117 
0.03964806219694576 
0.08912226985098531 
0.05139076168821547 
-0.05955406688206447 
-0.1311660976408091 
0.1896685559520042 
0.03642660938083161 
0.008148573902787332 
-0.2450589534995091 
0.01208425159303975 
0.1849255888806151 
0.07773192686454743 
0.8381885310501576 
-0.04223252330269359 
-0.0241429396880936 
0.01742016287708419 
-0.06872142861011438 
-0.1524888596645433 
0.2850177265829992 
-0.09396086346475727 
0.1162205061278774 
0.1945514115496063 
-0.8913622408334645 
0 
0 
0.03282105058471026 
0.08211624134907913 
0.01321280630180653 
0.02665743371450207 
0.03215700828699414 
-0.1220930476591052 
-0.1586781033488362 
0.0228654000160399 
0.2324289309181242 
0.1323453553221012 
-0.04394753207892189 
-0.007202898054315511 
0 
0 
-0.09440646005306447 
0.03224099646131584 
-0.1445557614493096 
0 
0.02671482551394308 
0.0006773279462514003 
-0.04940947264823451 
-0.2174306552408786 
0.3080926249035874 
0 
-0.1458350883509809 
-0.2073175446249584 
0.2637028335361979 
0.01113229234735057 
0.4674511024638529 
1.012588692683288 
0.2847728910993463 
0.03648565466716568 
0 
-0.2791199642861539 
-0.08216843962774652 
0.01463942793911185 
0.0004209261606845024 
0.003046510479773024 
0.2940764975407476 
0 
0.008762770014963638 
-0.6455731205408631 
0.01119159628896096 
-0.03732654453952201 
-0.01370532886640985 
0.3745354059698815 
-0.5937855374126974 
0.07145405685127197 
0.3049380187273353 
0.2663256200231217 
0 
-0.008062814737552743 
-0.03947511640984472 
-0.05959541407819118 
-0.04068634849311631 
-0.2871974320971567 
0.06596636478110589 
0 
0.001764918335934276 
0.03860082403821822 
-0.003736713300523404 
0.03441720376861671 
-0.07870835116868274 
-0.3842929337928812 
-0.0116494941946544 
0.01325638742618094 
0.002558123174572196 
-0.02876327176050856 
0.2857267557854919 
-0.3548028982496398 
-0.06905078025003042 
0.09108102434395063 
0.04407214923070693 
-0.0001447747975852111 
0.0005157102881188849 
0 
-0.04503256479866607 
-0.2089998336512267 
-0.02926103930735227 
1.220716207712724 
0.07192973241345135 
0.01928651885226718 
0.2164481937663699 
0.05664878265759464 
0 
-0.02694543413555161 
-0.09194287241032174 
0.4031471658276026 
0.0982779893509563 
0.06246185140634056 
0.5110459042291611 
0.005227462112903571 
-0.06725682128782327 
0.004966507434502309 
0.01889626118619757 
0.03456299876895656 
-0.03179925072340679 
0.4925730440605915 
-0.1918759828036777 
-0.1129852014050372 
-0.04269157484506958 
0 
-0.1449312508977906 
-0.01496264861008092 
-0.1469692670822953 
-0.1390792730116044 
-0.02860399714440499 
-0.04676472075668518 
0 
0.006884722391592411 
0.5187538348940041 
0.9658122737901923 
0.02763368143874578 
0.0191083566575181 
0.01167286581382909 
0 
0 
-0.2377726695468621 
0.3870118379945259 
-0.23873874299841 
0 
-0.4181306422139181 
-0.0626458388578837 
1.266822854545607 
-0.1115356948873276 
-0.3572817379411538 
0 
0.01365600581309594 
0 
-0.09698923143176319 
0.06380443693956715 
-0.01311815819061649 
0.04450553760423218 
0.02651880314672148 
0.2516701208790463 
0.1076059436818615 
0 
-0.0513324976954477 
0 
-0.4092581401603046 
0.147033482897298 
0.02254141126415217 
0.03158485044774383 
0 
0.007053028371801953 
0.4801187357952037 
0 
-0.5727298530968946 
-0.1201948810432407 
0.03727999556467478 
1.137187514295126 
0.3089432553525918 
-0.02946142948605681 
0 
0.07456778894250715 
0 
0.01064510997673514 
-0.2551759209206428 
0.1417050304187283 
-0.3530151308881051 
0.1745067781055466 
0.03790999579767523 
0.3723143902183449 
0.308753452222957 
-0.00292991930842851 
-0.06288733734866973 
-0.03690320804950898 
-0.1900238287037664 
0 
-0.03056212397008302 
8.565638928438714e-05 
0.3829813376784847 
-0.1708470852906753 
0 
-1.172982092323077 
-0.01012436162641111 
0.7567675825000416 
1.478458098203527 
0.01074490440704043 
-0.004357071591375538 
-1.769941902441851 
0.0845885115066603 
0 
0.01671526732686039 
0.2154961444162317 
0.2276591634939248 
0.01543449781878433 
0.03107377254259132 
-0.2101435333273634 
0 
-0.01196360977912605 
-0.01091554452490128 
0.002408936331436816 
0.1167004753398602 
-0.06047140903025555 
0.04978352686421496 
0.1575889506514854 
-0.0002077891192788861 
0 
-0.1084637132927786 
0.01252874910745897 
0.1112476529525248 
0 
-0.0388154614178971 
-0.3018939558379447 
0.02375573433518061 
0 
0.02926191838112435 
0.01186173125272051 
-0.2177411498454518 
-0.004212465012131757 
-0.0002669428609908529 
0.9002308157385521 
0.01056478376572397 
0.142905972839764 
0.0344389142871984 
-0.01330865023763501 
-0.01185465831517841 
-0.0908054688864542 
0.01991033010225479 
-0.07900215703093043 
0 
-0.4216830791102394 
0.1510906574820606 
-0.003445055282251548 
0.08981993365327173 
-0.1026227360729419 
0.006315352244226364 
0 
0 
0.227486059899916 
-0.06139087227879797 
-0.2825413289270463 
-0.09658112093492323 
-0.1476799398519798 
0.02869130901458799 
-0.09655855738422217 
0 
0.03564671228789648 
0.3036221764004357 
0.6925644955741039 
-0.6556176967067774 
0.05344155758453122 
-0.02009139622345895 
-0.5523552183250475 
1.3887342326613 
0.1349688683071006 
0 
0 
0.05988533288166375 
0.0004647938769856955 
-0.3293536483556239 
0.1482799891730057 
-0.2576982739693677 
0.03179191510093139 
0 
0 
0.5270074966600583 
0.442450619611823 
0.06666587120005867 
-0.09760453403304639 
0.5540445517052061 
-3.392304759803505 
-0.04457906421213035 
0.0265583488882432 
-0.02387873864062275 
0.05310692556059798 
0.5474898294576651 
-0.02166617658245813 
0.1289706418815515 
-1.390180989897801 
-0.0008461742094430583 
0.01569661236060445 
0 
-0.04790955109861904 
0.2889903290108916 
0.2732221142489423 
0.008988971861778491 
0 
0 
0.08212816380084788 
0 
0.39832330202035 
0 
-0.2005807434533135 
0.005404617411994618 
0 
0.02857473583162162 
0 
0 
-0.1713370468389815 
0.0005151052620149723 
0 
0.007891547493461487 
0 
0.009811671068480944 
0.008032766845090409 
0 
0.2376869156858551 
0.41723525343751 
0.01127442121062043 
0 
-1.035995198008632 
0.4086981714238102 
0.02834528671019276 
1.295274442402983 
-0.2474439414481092 
-0.07131793742242332 
0.02714405406797854 
0.07760558352557928 
-2.048459978157063 
0.2145869250923187 
-0.353663320073529 
0.01193023363931817 
0 
0.01373590712064958 
0.334824329892434 
0.07930344235513351 
-0.04011422301763151 
0 
0.1342310455153568 
-0.7270801862692171 
0.149510273358872 
-0.05136562646412212 
-0.2800864551844514 
-1.553672805215673 
0.001988477818561618 
0.01099310609822892 
0.04831749667406798 
0.002115502444664218 
0.06145842584988627 
0.08126488076320959 
0.7728041726728471 
0.0190886034093465 
0 
0.008193107220178266 
-0.05767363879284752 
0.04446904217175267 
0.335918231255761 
0.5102142763069306 
0.2320121329141254 
0.02976288382889512 
0.09915294963038664 
0 
-0.02508529644001415 
-0.02978008612363197 
-0.1596871374540113 
-0.4953688632145928 
0.4293581075243056 
1.672721094927381 
-0.1095181435505513 
0.0330069018261907 
0.0693188647297701 
-0.01114877211968489 
0.04743188138967504 
-0.06337660727916658 
0.1899799268296409 
0.2072963255985323 
-0.04853430881654296 
-0.1888310518083143 
-0.117182017109402 
-0.1357437119967697 
-0.05172619153067957 
-0.06307960658319248 
0 
0.02396835196934974 
0.04771117662467662 
-0.1327491937908563 
0 
-0.1143591980586302 
0.5819506323119714 
0.235527797332413 
0 
0.04499472253576692 
-0.06788086448049137 
0.03611408292432587 
0 
0.4289872405783614 
0.263459762484173 
0 
-0.3206677943597738 
0.1904089042171342 
0 
-0.003127315177799902 
-0.005913942003251679 
0 
0.200265747103945 
0.1224849943415347 
0.07335670886900497 
0.4374523397095798 
-0.07134865530716016 
0.06497985508357454 
-1.703382612796096 
0.01556209990150314 
0.1041278132800079 
0.431981416282332 
0 
-0.03949200855022408 
0.1815956503652795 
0.1687167659166855 
0.1496120878715467 
0.08841939837925332 
-0.05359099572489399 
1.209484497898182 
-0.01187534773415171 
0.126851356827354 
0.198151269353603 
0.004971425100200591 
0.0642426590664462 
0.2693022655215161 
0 
0.1170256404475416 
0.1186048807880736 
0 
0.001838819351612074 
-0.02179751718593304 
-0.09872633896654995 
0.0952555736298758 
-0.1487208378507649 
0.5041506196712924 
0.1319302845679689 
-0.2318580719712369 
0.712275947844689 
0.01570586914215665 
0.01937922423730479 
0.1024043272665405 
0 
0 
0 
-0.127788334832017 
0.01981269071699892 
0.132962288994229 
0.3961308269380444 
0.2908462229249889 
0.1233750248104613 
0.04020900085259389 
0.1374618853648907 
-0.1963255533717677 
0 
0.5069176515678392 
0.2054307694995854 
-0.1596893513525682 
0.1648219150666199 
0 
-0.09788251678449622 
0.05107440653017863 
0 
-0.009860875306581657 
0.1564150432533368 
0 
-0.0619416481419502 
0.01116871381879543 
1.600281995337636 
0.04867744023216437 
0.01973865074745889 
-0.02040628611218688 
0.03260080030320196 
0.008545478659701664 
0 
-0.002106525064529966 
-0.05126209805873067 
-0.01074893214493026 
0 
-0.1333345935227388 
-0.512841998174061 
0 
-0.09845602010796295 
0.2364873641208423 
0 
-0.2242747363654595 
0.03524784250393461 
-0.01226640464775395 
-0.01922179023702849 
0 
0 
0 
0.003697966127870031 
0.01717873114601725 
0.1494185355828278 
0.3025510847698052 
0.1716562222994144 
0 
0.2009049708346524 
-0.6446993290004799 
-0.01836748352736874 
-0.01690610839264741 
-0.04821286500167015 
0.5298522276332823 
-0.01165159482159165 
0.2142404888947829 
0.002162633637797068 
-0.3056131689573841 
-0.04034952680754311 
-0.006019539416663744 
-0.1239649980839506 
-1.568429030992535 
0.1669281815546604 
0.005722801973960506 
0.01123428149359878 
0 
0.2802163171694094 
0.02783715003550259 
-0.0193163619446353 
0 
0 
0 
0.2253454098011485 
0 
0.01351007119336277 
-0.004377512847309202 
0 
0.08962937143598597 
0.2087569891486715 
-0.3491648902220721 
-0.3527866695212259 
0 
0.06989168025799535 
0.01048580635915193 
-0.3229313120429581 
-0.01249217475117672 
-0.1151999486996182 
0.1525945549778621 
-0.01813838112182007 
-0.02966690807556103 
-0.009202945473712348 
0 
0.3078971558530575 
-0.008836051130824932 
0.0314915971743548 
1.800272082171907 
0.2135447260643875 
0.09650345539656169 
1.246909036005012 
-0.1453906929746914 
-0.5054546125706574 
-0.01615544484923515 
0.004743694109563611 
-0.2622935755764036 
0.06278671049379726 
-0.02686108885564808 
-0.1336096287891563 
0.06679544466039257 
-0.1219323371167588 
-0.02742383135689858 
0.04097835983556572 
0 
0.01124513639575889 
0.3672537654666913 
-0.001587545313069362 
0.2343469074339108 
-0.00141827285469699 
-0.0002666569558018913 
0.4776330897663974 
-0.009913683110652906 
-0.01185829133596082 
0.01293467808624005 
0 
0.2843945814965729 
0.114809702675772 
0.2429471154080364 
0.299090420487127 
0.09439134649619095 
0 
0.03700812948638087 
-0.1214278183966018 
0 
0.1567980782361007 
-0.01352641881003284 
0.01696916820413972 
-0.3248500782058575 
0.03753232717253741 
0.02574220533026689 
0.0433635082386553 
-0.02015974808277812 
0.3244352095204505 
-0.04609870183604477 
0.01738087822495446 
-0.03859032767967148 
0.08957692464685971 
0 
-0.08290418085681499 
0.1082111046833696 
0.01782656554872774 
-0.007778854137893143 
-0.04065365513637542 
-0.1012852184642161 
-0.2087292258921155 
-0.0532866012803036 
-0.1944154951566038 
0.009339019777910169 
0 
0.7226488818804578 
0.07899713767676275 
-0.2187315584826257 
-1.638591919882073 
-2.50436352559976 
0.08018651854394351 
0 
0 
0 
0.007988324863815089 
0.007967339217185102 
-0.006651196876603954 
-0.0001793601396724775 
0.01864152116477536 
-0.2681928830916697 
0 
-0.01925619941341717 
0.6960604356299769 
-0.02860319513249445 
-0.1555060798162449 
0.1367369101879764 
0.8519043587378213 
0 
0 
1.284605166494311 
0.04886987514765737 
0.005259461778193365 
0.1826862881607465 
-0.02036600099559147 
0.2764050494974727 
0.05979825054002623 
0.02443732669154146 
0.001923519379074836 
0 
-0.3761901417102212 
0.0005149977814834524 
-0.04851193197141107 
0.006274407622502486 
-0.3715438621560253 
-0.01561800964066352 
0.1110529691724084 
0 
0.2052910543128367 
-0.03834442100895327 
0.1455430328827486 
-0.06741226892116044 
0 
0.00116990987534437 
0.1326826785715473 
0.04400250379224355 
0.6919671099253615 
0.1491063482975587 
0 
0 
0.5949287500798484 
-0.129381944017002 
0 
0.7470889117824584 
-0.005238679349657869 
0.6581334506031712 
-0.2159606616996909 
0 
0.00139073876664756 
0.06425294368850139 
-0.2583768068021277 
-0.230614462608305 
0.01080097720753053 
-0.1979259725890513 
-0.2467887933247639 
0.002367567055821033 
-0.03469221107309933 
-0.8019205641881866 
0 
-0.2602397838769633 
-0.1774630607720849 
0.292590159731018 
-0.6530505600771274 
0.01020637447499643 
0.1523512646507486 
0 
-0.1037536266534544 
0.003101507453154327 
0.03509823151830243 
0.6005254073861462 
0.04778050716260263 
0.003715074295808699 
-0.03257976397778274 
0 
0 
0.08019274508168678 
0.07533139139125444 
-0.1581934272247602 
0.05690898418177232 
0.05483836822049747 
0 
0 
0.00885706773419468 
0.08386116233307327 
0.09539520961482877 
0 
-0.7878909533646161 
0.02123454745360153 
0.04809494500640978 
-0.0005721500392547514 
0.2824865230208158 
0 
-0.009785081108811284 
-0.0122510956920617 
0 
0.002846916007795908 
0.008968523469713593 
-0.02819091798223067 
0.196833272920212 
-0.03853228129550944 
-0.2391346445814216 
-0.118613617846132 
0 
-0.09333381598981676 
0.5301471796164168 
-0.0559840788974576 
1.221038145020838 
0.12374043457978 
-0.4906356522793426 
0.09637511317781081 
0 
-0.07432503177623444 
0.2610193177049632 
0 
0.03797654278264267 
0.02811180731186035 
0 
-0.1149256526188158 
0 
0.230029355677186 
1.772555526481033 
0.162902809514821 
-0.04105074276019496 
0.7825603987405179 
0.07416180370231051 
0.01149587224961292 
0 
-1.398709766961763 
-0.9858513479815185 
-0.04416199766564222 
-0.09761695180681529 
1.001196728654187 
0 
0.03486963774461586 
0.0606102947729549 
0.006650467077912585 
0.002829021675756369 
0 
0 
0.06516259846176105 
0.03337544669576625 
0.04009048157296428 
-0.1137473715915907 
0 
0 
0.02647607322785351 
-0.06332222746846257 
0 
0 
-0.03292791019184847 
0.02957471763553055 
0 
0 
-0.09772847687229662 
-0.04831810143736352 
0.01506272517835403 
-0.01774659467958216 
0 
-0.07070702426435908 
-0.0333853261947703 
-0.02514970531593351 
0.08439605993958972 
-0.02304372179981162 
-0.4498072772891741 
0 
0.04536987773042239 
0.2909099922367676 
0.0005197800636343036 
0 
0.07638103341999751 
0 
0.09740566050555166 
-0.3388080591178766 
-0.0008652470355292423 
-0.0246133742688516 
-0.1204451732973686 
-0.06776747134670959 
0.07472102510611363 
0.03946821048622744 
-7.438390177518301e-05 
-0.2642958885619651 
0.08478857348109051 
-0.05928094770044826 
0.505636865648816 
-0.5107541149148735 
0.3527759541728089 
0.009444828283660979 
0 
0.02278383458922004 
0.1175316947621155 
0 
0 
0 
-0.02830595658963062 
-0.4140957723816151 
0.06601488495971361 
-0.005257518398585204 
0.01859696884576936 
0.05037511380485854 
0.02276519791853737 
0.1279357557265978 
0 
-0.1849550340080621 
0.06591714965565615 
0.1381801589653157 
0.1017973400275932 
-0.1010121285830531 
-0.003899072731027963 
0.148061931086867 
-0.00873493321744852 
0.03169304579444878 
0 
1.171622336515614 
0.03082070557026115 
-0.09629703441543666 
0 
-0.3398447401251993 
-0.001271553767831232 
1.083309055812031 
0.03267862198069994 
0.02915597713044689 
0 
-0.0378289397389 
0 
0 
1.455700880813705 
-0.05541625867707174 
0.7911911029944831 
0 
0.0326651321868177 
0.09778039339362014 
-0.139170268354975 
-0.006551651597501621 
0.07124116787051396 
0.2826021047463183 
-0.0003005331542417877 
-0.3235862524018374 
0.01561072520288836 
-0.4063104836380507 
-0.02668684316588947 
-0.001169355458951173 
-0.006097347978975022 
-0.111053379306708 
0.5078407900764905 
0.03390421989390481 
-0.1412383081789839 
-1.800120611102364 
0.5284159557670468 
0.09003106023254065 
0 
-0.0008434677604548177 
0.1631884434396599 
-0.1792063341767617 
-0.4682272448794906 
-0.2245446206008536 
-0.7646053753683748 
-0.2168998960300526 
0 
0.2742275682810886 
0.4818656153500016 
0.02161370579654359 
0.4784620493197903 
-0.1563660252462437 
0.08553114416417842 
-0.02710634317112828 
0 
0 
-0.2843541295640363 
-0.2044518278594211 
0.3130717938546649 
0.02277154631858967 
0.0460876661429879 
0.03391578605581537 
0 
-0.02823522120219199 
0.04870982906530472 
-0.1525027363310662 
-0.3683810311144181 
-0.2120863050033764 
0.05666583959718459 
0 
0.01712958431983029 
0.07061705253196224 
0.1214480248083171 
0 
-0.141128007984161 
0.02916235764706796 
0.1009156027063343 
0 
0.05275836216091542 
0.1346864181318691 
0.1758327360584369 
-0.3678892030063592 
0 
-0.005879553897415983 
0.04755076317511298 
0.02666517123478036 
0.540719533785939 
0 
-0.03663214535583856 
0.02123714638953158 
0.06434470930347272 
-0.003049855363997961 
0.5789713605710184 
0 
0 
0.02240212619375382 
-0.2921427309525709 
-0.04577739187576699 
-0.05165112922484235 
0.02442245847141561 
0 
0.008689776783953997 
0.001542064252076432 
0.04642069910732559 
-0.009884838841898825 
0.1469815775402374 
0.01277178297255973 
0 
0.02537743333070431 
-0.138648556203444 
0.03606137992897646 
0.1937529973885598 
0.01651995845716544 
-0.008737951703542426 
-0.07029860679960778 
-0.04379108135844222 
0.6535638108517789 
0.2435245334354565 
0.01527831808884261 
0 
0.08469520357954967 
0.06771545506314018 
0.0658389432551283 
0.01211710748025977 
-0.1450692985550405 
0 
-0.02175835743154642 
-0.0112982765543731 
0.03591718565638743 
-0.02880074582365982 
0.04875068752687545 
-0.2054982291592499 
0 
-0.3859593778917471 
-0.02050919935046776 
-0.08983024827686557 
-0.007785354133385319 
-0.004881797978406346 
-0.04657356811959162 
-0.004882816696531486 
0.2064463999939591 
-0.3121846507676164 
0.3378046164771419 
0 
0 
0.04449981355574439 
0.0826546694869757 
-0.5396391737002666 
0.01395052125657801 
-0.06710489768036455 
0.08239006362255788 
-0.05103776979185628 
-0.4472606097791544 
-0.1968722631825267 
0 
0.138602933732077 
0.2138465174757969 
0.1671784279831456 
0.01473665719925615 
0.2627561372036194 
0.8520804136352799 
-0.01555979251310716 
0.105859862887156 
0.3332659986275203 
-0.05749775916535643 
0.1282396937333309 
0 
-0.07155575948586498 
-0.09704371234905768 
0 
0.1928900809078053 
0.02528679239391688 
0.02717466732142334 
-0.02589165747875414 
0.1074945576460355 
-0.006527135662772029 
0.03107221802915808 
-0.06937946064427328 
0.9924456704595899 
0 
0.1564071880848135 
-0.1303032153419788 
-0.07454969677936291 
0.1017168000125041 
-0.7772835583107068 
0.01810158386100316 
0.006873282642992785 
-0.00624165942609101 
0.01094616343746324 
-0.3541574813484857 
0.05025354695566586 
0.1906869640680388 
-0.8943704073041934 
0.08826316014886514 
0.02139875445691593 
1.031807960625583 
0.0005586353815468932 
0.003291824406431664 
0.003513069498649093 
0.03011045303707025 
-0.07294449859619148 
0 
0.3781323386178229 
0 
0.02558888404848441 
0.04436566950007678 
0 
0.006727195089948406 
0 
0 
0.0712333664579957 
0.02064013774889583 
0 
0.07498244092806713 
0.007552406123931981 
-0.419564682911883 
0.1141701407082713 
-0.02596994889331031 
0 
-0.05216633794608465 
-0.003476994558580884 
-0.848445815794556 
0.2584215817230464 
0.01308316103007042 
-0.1536945377330763 
0 
0.04195772276635461 
0.1844626990273555 
0 
0.25229625311844 
1.364988799811592 
0.09754244195390892 
-0.03686370695791753 
-0.06295870652296789 
0.02112670321317176 
-0.3705514118678009 
0 
0 
0.05597935808192624 
0.5606984262688314 
0.2605978580522158 
0 
0.2495886413087815 
-0.7296188100758989 
0 
0.1207215827011867 
-0.8050993937175411 
0 
0.07893412654195817 
0.009060046102743583 
0.003149249317742512 
0.01491706472353193 
0 
-0.00272270686146156 
0.7093231307508251 
0.4694673272823704 
-0.1310881956152059 
0.0968560039986419 
0.03619658565693825 
0 
-0.237562394034256 
0.08908225215745885 
-0.02125678493117578 
0 
0.2332396528660785 
-0.05317701526497547 
-0.02891954010213128 
0.07723272855891035 
0.042302280732336 
0.2189247588330399 
-0.1327406680126882 
0.04432367972887676 
0.01087126927232756 
0 
0.06403511497378186 
0 
0.8618601894153599 
0.09322063833482795 
0.0004178341247621913 
0.1045066649243676 
-0.1485067586990949 
0 
-0.5976460065349689 
-0.006692083124533522 
0.01409516774502066 
0.006872097511829965 
0.6593979235233642 
-0.02782950886107729 
-0.1250427436174107 
-0.01067078439365159 
0.001511942277733201 
0 
0.06220466595874711 
0.007988256290205237 
0.01668047280861574 
-0.2091561339983482 
0.03170228905931003 
0 
-0.08684616552719948 
0 
-0.3073932149623751 
0.1704414438579972 
-0.3867362361380974 
0.1699855669982125 
-0.001673103337886943 
0.6249588623299348 
-0.03561265754665439 
-0.03607163076778212 
-0.01504995170621254 
-0.05424056763513817 
-0.01119671122767285 
0.826711958720274 
0.5793416213518316 
0.1977095118536392 
0.2088621026972805 
0.01160389144714009 
-0.1255011569699338 
1.037678471571532 
0.004344863388551405 
-0.1612600437916437 
0.004857028451072077 
-0.07351982979278385 
0.4496615102340401 
0 
-0.5365436967952997 
-0.0592706200318556 
0.2620299319953382 
0.7419094828300198 
0.07150174459197767 
0 
0.1424378378445773 
0.346954652752717 
0 
0 
0 
0.04505240183707231 
0.04561924832102634 
-0.8138457369863733 
0.7761338160064796 
0.06969457232889055 
0.01534904788454645 
0.6310188689184263 
-0.1763736324947212 
0.03661436594833729 
-0.04198454133943616 
-0.03027724234330607 
0 
0.1516591466013769 
-0.007515303630195231 
0 
0 
0.0396333147731835 
-0.03066794743997479 
0.001551370064430109 
0.2829898896787432 
0 
0.002114474837696552 
0.3023199003357427 
0 
-0.01270186654171493 
0.02223561939645961 
0 
-0.28378957657404 
0 
0.284775216437849 
0 
-0.03188194641897085 
0.006420720431985223 
0.1062477483834669 
0.8325252563628149 
-0.2777407533053288 
0.2682345902837489 
0.5251500229995757 
0.001487634465657318 
0 
0.2225053846409631 
0 
-0.07851458949601403 
0.04303850350986815 
0 
0.0007516807197026579 
0.0249900905085703 
0 
0.1881037551191916 
0.001704181340687609 
-0.03918675765587999 
0 
0.144746249875228 
0.0184664513789101 
0.7404181910094065 
-0.10704891769648 
0 
-0.01451041742961376 
0 
0.1156288494378102 
0 
0.04921914811583661 
0.03573379968756234 
0 
0.2016527353814588 
0.01545205623374589 
0 
0.03247446339127845 
-0.05725739853685569 
0.0753069710772251 
0 
0.3650994609065965 
0.01746476029236031 
0.01124608689931847 
0.04933997833199325 
0.01359797406082503 
0.4339234842934213 
0.004890830257014936 
0.09076276943205341 
0.06945530255171503 
0 
-0.01439496932621934 
-0.05947119942730293 
1.494908740576601 
0.08681678037069018 
0.4267454079682332 
0 
0.002830861711430949 
0 
0 
-0.1359235801212929 
-0.0397394696591105 
-0.1766772550741889 
-0.02751077440262765 
0 
-0.06612622705024927 
0 
0 
-0.09806034322741064 
0 
-0.08112726476407775 
-0.0481573058246454 
0.00304219510384061 
0 
0 
0.004965607340336926 
0.3787743528773968 
0 
0 
0.02174917029693229 
0 
-0.006955241165096729 
0.03764409394144735 
-0.01827595335082048 
0 
0 
0.003084482639638085 
-0.06341178210528116 
-0.1777341863691449 
-1.188368324158671 
-0.01617213146251877 
-0.441878828687429 
-0.02956875010573737 
0.02037000565670151 
0 
0 
0.02829465127396955 
0 
0 
0 
0.253707782488398 
0.1223772315244161 
0.04642761161546197 
0.02830159568201356 
0 
-0.04549037556617765 
-0.05521040803876247 
0 
0.04305635848354699 
0 
-0.176670126436968 
0 
0.5573960544730933 
0.07342189865133325 
-0.03391976583185995 
0 
0.004737189521215509 
0.01926028853785624 
-0.09353771158115079 
-0.04874526876376134 
0.3464736919911175 
-0.05154675516117001 
-0.0124043606132563 
0 
0 
0.170988761462723 
0 
0.6400068808092362 
0.06491845130954491 
0.09054938227634339 
0.0251639172395312 
0 
0.1365491702583765 
0 
0.3048354087066067 
0 
0 
0.01252749161603845 
0.03156013393690435 
-0.008730502527769484 
-0.003797755933052664 
-0.1024332162714726 
0.4112985381688483 
0.04029162023261441 
0.05503870673807156 
0.008016451062582633 
-0.1545107698932024 
0.002938263321589706 
0.04687184176595074 
-0.5430178297399569 
0.5234810024971661 
0.0950865852220876 
0 
-0.03636440685637114 
0 
0 
-0.1497459578273884 
0 
0.3459359981130072 
-0.04282117573976114 
-0.05333997794857945 
0.07098498013810035 
0 
0.7682162219389295 
1.040603031030414 
0.003424636374615772 
-0.007157011107330018 
0.02190696530123067 
-0.2014006018269912 
0.1830075453417929 
0.0009416650628255362 
0 
0 
1.302165249111035 
-0.008154007639592002 
-0.1492139944314465 
0.04410506382234464 
-0.03271984649145653 
0 
0.200533993619352 
0.5259196454891621 
0.01878815076709755 
0 
-0.03219733267576394 
0.0204314652488982 
-0.1667740580019486 
0 
0.1617290197101496 
0.02097833601249014 
-0.06461298891695953 
-0.04288299501419246 
-0.09739293211203809 
0.08125545906847732 
-0.1800843261474927 
0.1824003346293319 
-0.007371347230333648 
0.1810070734455947 
0.01578879324123954 
-0.2432339819494501 
0 
0.002125594663326091 
0.2156696677010173 
0.08266875272105823 
0.5174235358815025 
0.3344190275169219 
-1.244267105372761 
0.03689000255022211 
0 
-0.1530371548509691 
0 
0.01689291491372508 
0 
0.1457950706218133 
0.02093589844538174 
0 
-0.03085696251509946 
-0.003162965637283994 
-0.09055031526175719 
0.02795786208395139 
-0.3093713205429981 
0.05677179443072094 
0.0242381764753334 
-0.01792369149219569 
1.126131025607298 
-0.1283847196259369 
0.03008063215906213 
0.009516984211266736 
-0.004196270084061401 
0.03889174742501178 
-0.1171570262995549 
-0.5621138047928781 
0.1832047770514769 
0.008240961698609807 
1.152752176674445 
0.08013911565290399 
0.01489385856049823 
-0.05123932410899028 
0.08300832457852571 
0.8233561825703476 
-0.02215352397651015 
0.1437538225634437 
0 
0 
0.2279980745287351 
0 
-0.007329788850168314 
0.0581204142908284 
-0.08664815684134869 
0.001144723192546555 
0.1952782280765067 
0.2802958295237032 
0.2010177822731993 
0.00457515391336456 
-0.01208904176503246 
0.088318038379862 
0 
0 
0 
0.1495606338706488 
-0.04930465201490099 
-0.01138557308048228 
0 
0 
-0.07743507365938196 
0.3575285896298523 
-0.01955186720838088 
0 
-0.7694231657133037 
0 
0.0286872804331591 
0 
0.008584778816780601 
0.03103538739138773 
0.09490629234157429 
0 
0 
0.01437906126713995 
0.08686263096303032 
0.1139464026803887 
-0.5482639982564486 
0 
0.06058218820623103 
-0.06586792520494612 
-0.284090763059597 
0 
-0.2536608788589132 
0.183530049871349 
0.04648337177265053 
0 
-0.3447021716488337 
0.08527362351262455 
0.007001405705264145 
0.08027651340233083 
-0.09587205008179359 
0.0456788317328708 
-0.08422849836647214 
0 
0 
0.2883859619573099 
0 
0.2578492580078208 
0.1624373658518292 
0.1191098624842087 
-0.02502863071262475 
-0.2035351021185915 
0.02222872063071419 
1.368106190478023 
0 
0.1338570272134956 
0.3807452111423587 
0.5011445843978898 
-0.02223283690362759 
0 
0 
0.1204111094534603 
0.03769869630786879 
-0.206997363337762 
-0.03593701521585373 
-0.001717772518421608 
0.4870251103828546 
0.9729670418042572 
0 
-0.0184566201231076 
-0.01893485737704657 
0 
0.03427209440398368 
-0.04398017922541653 
0.02178962352835079 
0 
0.07011872112871996 
-0.2880166478633074 
0 
0.07313793885538807 
0.04678448772643098 
0.3336770076548385 
0 
0.01701009826423561 
-0.09616037853243192 
-0.08902175289711003 
-0.04875549786781708 
0.03463808541752538 
0.2354696114936742 
-0.01598642404323949 
0 
-0.06993542569058693 
0 
-0.1311342561232339 
0 
0.01153846235219356 
0.01546156780267449 
-0.001286065210642193 
0 
0.2991631016219818 
-0.1619848856899399 
-0.1476266997078329 
0.02448004576730872 
0.01448125343625942 
0.1685976686535174 
0 
-0.02363106914268943 
0.2214328988851088 
0 
0.04002367186304805 
0 
-0.02133347311117192 
0.08244490509570919 
1.389308989108178 
0.01340998785202391 
0 
0.218075846876373 
0.3243959650655149 
-0.2438619415699552 
0 
0 
0.01208959399056634 
0 
-0.02149685201255735 
0 
0.008399231925254089 
0.02564306699534508 
-0.4828706595786842 
-0.1075955226850771 
0 
0.008758012420847637 
-0.1176540070638175 
0 
0 
0.2291440605416505 
0.04463328772982213 
0.2131906758832522 
0 
0.2272733663877518 
-0.2396488211958315 
-0.1249225589801918 
0 
0.2305219164778848 
0.1442624616351102 
0.07826371316237826 
0 
0 
0.03042721922867129 
0.003793201422879435 
-0.6718205215424913 
0.01003209478005742 
0.03302418810027075 
0 
0 
0 
0 
-0.005096087013387448 
0.09936679363952432 
0.08604512170041562 
0 
-0.09124117410836489 
0 
0.01135430716133033 
-0.1070407381992049 
0.05428846770621162 
-0.4929817597075005 
0 
0.001078103714650882 
0.03041368825367639 
0.0444020729928041 
-0.1067233337156689 
0.1105955145241443 
0.1043415524444958 
-0.01522153105129249 
-1.297346947229228 
0 
0.05131710070231578 
0 
0 
-0.03966459385438053 
0 
-0.007537120435013346 
0.08499469577457107 
0.2261208740208165 
-0.07666929003465672 
-0.1818034401766407 
0.0270243929237549 
0.2553651184476984 
-0.005991281836496954 
0 
0 
-0.0103158687362714 
0 
0 
0 
0.1558466014783026 
0 
0.0183725435446935 
-0.9066327899565635 
0.4436088317257542 
0.1759137745666054 
-0.4670645949089865 
0.04624803039907839 
0.05855021408352144 
-0.03201145382538907 
-0.1450841819074668 
0.08891690733139834 
0.1659743405525894 
-0.2286273516762276 
0.2728820959621524 
-0.4501142577692988 
-0.09928716323047677 
0 
0.8033774995472645 
0 
0.07302593180631252 
0.09692723777041579 
0.1983172228125886 
0.07045393652755418 
-0.1115411779866353 
-0.07351059312574589 
0.1768802250101393 
0 
-0.0112315696599211 
0 
0.003326376781543075 
-0.02182538604226494 
0.09855583642821204 
0 
0.6834172177359448 
0.03970370722410544 
0 
0 
0 
0.1380792724670844 
0.01489686638699111 
-0.03890991219111845 
0.05308852738975774 
-0.9820043636969398 
-0.5271223048355129 
0.241532891191595 
-0.06411258047761988 
-0.008307129295620811 
0.04043196466302502 
-0.0542065678395498 
-0.04088906395198517 
0.07964939425044036 
0.001369955537720393 
0.00445346349314351 
0 
0.1081962075795484 
0.1080457157312883 
-0.09451333335803405 
-0.0003281014158056338 
0 
0 
-0.1403314359935395 
0.1712016378530785 
-0.4513127347319295 
0 
0.4946702858790203 
0.08286234807651495 
0 
0 
0.03061861666500907 
0.007735802967919993 
0 
-0.1497398284549231 
0.4609443675129468 
-0.03071919500863546 
0.1876270316253016 
0.01255002660249875 
0.02022011201593166 
0.1024174592463399 
0.007783366334091203 
0.02472926645655836 
0.04011193301451541 
0.1948490839601337 
-0.06147286936154042 
0 
-0.1720173885547087 
0.1219883098676977 
-0.1226917853275603 
-0.01914131829591566 
0 
0 
0 
0 
0.0007946697453452703 
-0.009867326413655555 
0.09342748668921745 
0 
0.01626962668774275 
0.07553844138573021 
-0.1337507963416127 
0 
0.09754499207243648 
-0.004553535784108623 
0.2383985218684883 
0 
-0.9553772149142181 
1.320597356982697 
0.3452650219768539 
0 
0.04439520633446203 
-0.01416368968336436 
-0.6460991849195072 
-0.07539029028329225 
0 
-0.01654602997060585 
0 
0.202127592466728 
0 
0 
0.006733771124070006 
0.4749717824829613 
-0.07305377747967753 
0 
0.02284552397719599 
0.223854749179094 
0 
0.002514326076627296 
0.03859831793385675 
0 
0 
0 
0.3113567661714379 
0.1251549861179774 
0.1742462764458033 
0.115677617323256 
-0.07917748401705534 
0 
0 
-0.040308611060315 
0 
-0.003664058016445162 
0 
0 
-0.0214342553237602 
-0.07644758833346488 
0 
0 
-0.2065301094818966 
-0.08249238518208696 
1.034376257759389 
0 
0.9853808625020691 
-0.1370505753987714 
-0.8638477093373735 
0 
-0.2773176894925792 
0 
-0.2052683903478413 
0.09521568603368713 
-0.03186206976435452 
0 
0.05913329104146878 
0 
-0.4767861726860469 
-0.01020892869002341 
-0.03893037929485378 
0.005723474602647276 
-0.0201682808160599 
0.2941212536622608 
0 
0.718019464300957 
0 
-0.09801556545350679 
0 
0 
0.2059844110736039 
-0.09986422026584221 
0.08548061472751761 
0.3894720965961921 
-0.2231088263642879 
-0.2043773576625068 
0 
0.04939778133806856 
0.01480341893490691 
0.3201675045462733 
0 
0.01478860992309645 
0.02431225280224786 
-0.199300632720916 
0 
0 
0.084694897363676 
0.0003415257784952531 
0.1183437420923369 
0 
0.3670896667037095 
-0.1319142379848189 
0.01723224204434207 
0.2437322939967912 
-0.161611341527007 
0 
-0.07382246296943122 
-0.2194473908882174 
0.1838265034982404 
-0.04579390102206459 
0.5537236963592919 
0.02873884094659362 
-0.03062845243408411 
-0.1880532856161116 
-0.01059660595672498 
0 
0.01949924956050431 
0 
0 
0.02643242402235692 
-0.03140679581260569 
0.1346147389961059 
-0.142628459130671 
0.7510559242703214 
0 
-0.2817634721082019 
0.02093775989645133 
0 
0 
0 
-0.174580760178002 
0.1926486127520488 
0.1084774372183619 
-0.06159694501522183 
-0.01161293931884781 
-0.003540279787589848 
-0.0005300689138290782 
-0.02553918819318518 
0.02442830792326598 
0.08222108134903035 
0 
0.09482480944834804 
0.1950053980738163 
-0.06337042039298769 
-0.01082791222774243 
-0.05847735539577171 
-0.3627718953548595 
0.1604769226834029 
0.04356875728719887 
0.1683121888354686 
0.1016023939135635 
-0.496906791683056 
0 
0.2716304848049851 
0 
0.0804937798304922 
0 
0 
0.01644506429647378 
0.004841073122412983 
-0.7882200598798134 
0.0513127862204041 
-0.1677410898755828 
-0.04565096380565935 
0.01725082954411958 
0.06627506652662031 
0.2533464347716208 
-0.07533819168347654 
0.01621858904514567 
0.7035215843168809 
0.1453698335378822 
0.06328749752839009 
0 
-0.0166878004036762 
0.3272038684264477 
0.05783352098338407 
0.1319759286895289 
0.323125742776989 
0.07578423362048396 
0.153259951293632 
0.03504024922357971 
0.001144658232445726 
-0.02812462893930672 
0 
0.01241665755720326 
0 
0.002938888836336849 
0 
0 
-0.01085397477926384 
0.6537099932972549 
0 
0.05945794280893492 
0.003285457646492906 
0 
-0.1026864350027468 
-0.08262275602553373 
0 
0 
-0.1825946489804537 
0.3015276006907305 
0 
-0.08077210860240264 
0 
0.1843899515524624 
0 
0 
0.02746843007236019 
0.005488954749116049 
0.0905707484589094 
-0.0317392127748465 
-0.005596076189235485 
0.01241129731397726 
0 
-0.09417711353715251 
0.02578732786681971 
0 
0 
0.005036039435330666 
-0.05163339456773106 
0.005457916759288716 
0.002099469011566823 
-0.03364022535369132 
0.05552282538136667 
0.01742357054445778 
0.5892691288917082 
0 
0.03850030937470492 
-0.2689635802779968 
0 
-0.2224786327317845 
-0.02842003335780009 
0 
0.07522387349524848 
-0.0697798072757978 
-0.175957327504635 
-0.0244514228612535 
0.04331244384754272 
-0.06096092889250086 
0 
-0.07374542815968262 
0 
0 
-0.2295698021154997 
-0.007754872599777181 
0.1104075586575903 
-0.007339613331736732 
0.130069019142952 
0.3166169029508705 
0.03035243233648687 
0 
-0.4573684642902918 
0.008284647846468067 
0.1598359806930164 
-0.1070367591720994 
0 
0 
0.001892843664123671 
0.017310181376906 
0.007460179398465252 
0.07344671882282244 
0 
0.008870354517031501 
0.6716548630548971 
-0.3773447965603166 
0.1495484212915758 
-0.001625323732505171 
0 
0.003980495753438027 
0.03909640898215738 
0.01899008291645099 
0.2077943506681733 
0 
0 
-0.01252207597584859 
0 
-0.06531398351482576 
-0.007257796675643304 
-0.009299784557553162 
-0.08253940476333332 
0.7220913800892156 
0 
0.07924427336306565 
0 
-0.1423378535584982 
0.03014903327877775 
0.005951689137851875 
0 
0.1287296724847138 
0 
0.1313304439802101 
0.1231955013980115 
0.007966131805638465 
0 
0 
0.005324388779738994 
-0.1226690458519796 
0.04892765967057958 
-0.004078901641231394 
0.06345577212288267 
-0.003920437331604867 
0.009422544011060952 
-0.1206376046244319 
-0.0165936634937464 
0.01011361707227297 
0.09137448054410185 
0.157582138520347 
0.2007354689009995 
0.1722138385111319 
0.02605169204883817 
0.00789248133540729 
0 
0.1854488888301238 
0.004790110318536614 
-0.02441156051574721 
-0.02306252033112344 
-0.1165414833671475 
0 
0.0004655351001667096 
0 
-0.347769710442285 
-0.170093537970947 
-0.3025781854156341 
0.1156702494450432 
-0.03793793969142686 
0.04659827998462249 
0 
0 
-0.0390701674751187 
-0.09885614051396974 
0.03326959719089059 
0.0613346705360088 
0.02054275172766794 
-0.3564134142053102 
-0.02467086107170222 
0.01891956970976446 
0.06709763760390039 
-0.1152162486738934 
0 
-0.009309865703114227 
-0.03112377171956546 
0 
0 
0.05215242366010818 
0.00379755450900853 
0.1985409340875973 
0 
0 
0 
-0.01044064225516728 
0.07578090543734599 
0.02635514723507425 
0.2146186248149842 
-0.0002206592649268502 
-0.1193669352156499 
0 
-0.06060009561006728 
-0.0004337445362455122 
-1.324744602480933 
0.005071267051802009 
-0.006839086188707851 
-0.007052236377673462 
0.1678098641242965 
0.0005098663873910553 
0.03851419451402689 
0 
0 
0.02486737014555106 
0.6191532802062858 
-0.7742865610685949 
-0.005890615771380338 
0 
0.02114975703100296 
0.02198882700604596 
-0.06138459038546967 
0 
0.881785307090151 
0.1752859291776045 
0 
-0.2047504896158905 
1.053828600967021 
-0.03050393807135542 
-0.1254411830481612 
-0.01794642320318813 
0 
0.0002883711946156057 
0.0243519840231434 
-0.03413559856472025 
0 
0.08121996574129085 
-0.02268695778669069 
-0.1107738033764673 
0.002032716434712137 
0 
-0.2115467003655082 
0 
0.08796086191035431 
0 
0.04841409475306148 
-0.2512947981828796 
0.0292274810077399 
0 
-0.04254643647190932 
0.03481519378413224 
0.03386443374393977 
0 
0.05536788147786778 
-0.03212466507718126 
0.04720491546957158 
-0.2111485095406284 
0.5412388218298533 
-0.1285974215118489 
0.01880676636489009 
0 
0.1071849191376936 
0.03942319451406212 
-0.03737963314012811 
0.2026014815865071 
-0.210896357172656 
0.03846476272980212 
-0.1430898427765005 
0 
0 
1.385546260622785 
0.08384142803837785 
-0.1802877044492388 
0.4428011612332903 
0.02325009033465917 
0.00203447448975281 
0.4990959304539724 
-0.2717862113597836 
0 
-0.0135597753579965 
0.01527518212761896 
-0.02607707429694316 
-0.1621083462241492 
0 
-0.06599172424907132 
-0.2548343939220158 
0.009571337462735989 
-0.0001959654357946379 
0 
0.3413657184766558 
-0.08401002453856576 
0 
-0.1589895143076505 
-0.01402467144928619 
-0.01001909610330536 
0 
0.06555644926222171 
0.01565350081298243 
-0.04521796252813373 
-2.044230628610072e-05 
0.02799725096664251 
0.001207844086916547 
0.03198511595992916 
0.007617773973224919 
0.1997734489451715 
0 
0.05968987989470775 
0.05671830772887071 
0 
0 
0.03943216344382945 
-0.3623359228492605 
0 
0.01608626733432942 
-0.04547454940629019 
0.06904765833438528 
-0.01924336938030247 
0.09227483285068373 
-0.001436081248156627 
0 
0.05286258183942862 
0 
0.1036951918105459 
-0.01610840047175242 
-0.08403118654137368 
0 
0.01558676939231716 
-0.02744674484626866 
0.08275357682796826 
0.07900625103546439 
-0.04155964953122139 
0.04562165482432985 
0 
0 
0 
0.06701421988941458 
0.09060753584305159 
0.4471121000007642 
-0.5412283361157427 
-0.05167544109487442 
0 
0.01537172198900848 
0.2249641848838979 
0.02485056518726426 
-0.03376328606140661 
0 
0.07747724193422362 
-0.02307240662743622 
0.04549396016469932 
0.04484831318760452 
0 
0.08747679228573652 
-0.01027008860359864 
0 
-0.03632270320194959 
0.1611050552871294 
0.03403186266033974 
0 
0 
0.1642043297636114 
-0.1062987901816276 
0.01083364796926232 
0.7748391623630978 
0.004957220176008642 
0.01521299831563452 
0 
0.1052758086585827 
0.5456505497834402 
0 
-0.04338859374693702 
0.2224841415721949 
0.02579016533327877 
0 
0.5349672271450028 
-0.5596563697134584 
0 
0.1709396485404468 
-0.02041238892231551 
0.414326854128342 
0.02556503094168095 
-0.01053622578873201 
0 
0 
0.4218246456269112 
-0.4017068007469794 
-0.0102786727021748 
-0.4102684113727206 
0.04950665399521852 
-0.2355862000651301 
0.09208609836530557 
-0.04871465186818769 
0.3759130353093731 
0.09104356167242118 
-0.0209824471636118 
-0.2967678233269461 
-0.266022471950529 
0 
-0.004395812672310564 
0 
0 
-0.1302794231313732 
-0.08642374722059272 
0 
0 
0.124433433730901 
0.1822062770917489 
0 
-0.02832214647061071 
-0.004176555760630515 
-0.04661725779862866 
-0.03730754972717422 
0.01338720761324248 
-1.072377104708191 
-0.05417354790577927 
0.1486556682359103 
0.005858357630151378 
0.005127094813904044 
0.03952522254051917 
-0.002796950540219022 
0 
-0.09772776626367696 
-0.02231645751957241 
0 
0.2564631240713626 
-0.5153095190461081 
0.01137047154992358 
-0.02240404290386876 
-0.08877824359202785 
-0.108732936884829 
0.002602630266948643 
0 
0.01987628345633244 
-0.01908041077316883 
-0.480351113599758 
0 
0.02927285295784864 
0.1390797692241825 
0.009716835211665623 
0.9577406301508995 
-0.2009973823351675 
-1.013440909452796 
-0.2884245039502679 
-0.01366012874880054 
0.245560703142165 
0.2226717540107531 
-0.1449196863289774 
0.2563304831046613 
0.06508035733126066 
-0.02145750781031345 
0 
-0.3951410521100828 
-0.1725016393638554 
-0.04833418964626825 
-0.09896258406375889 
0.03988838274123352 
0.2771666568338598 
0.008709199048660656 
0.02132001456872398 
0 
-0.01858320865781705 
-0.4195891540033823 
-0.1025959847278251 
0.1586038737827552 
-0.06668922707601993 
0.0007832989631013927 
0 
0 
0 
0 
0.2916414234735965 
0.1818176953911393 
0.06269082282775955 
-0.1600299171656104 
-0.07900329326170159 
0.02511366689199218 
0 
0.02065062679458192 
-0.4356499627627294 
-0.02543961261914138 
0 
0.2500117803438133 
-0.002949457331910229 
0.1364646084463551 
0.1518344547163155 
-0.005316054242178057 
0.102888641757508 
0.08435895140469249 
0.03101969532406432 
0 
0 
-0.5124911775679196 
0 
-0.07986586566935631 
0.9793632280486894 
0.03235579113755008 
0.06739113839686088 
0 
-0.07035217866596781 
-0.03251175330447938 
0 
0.3103238479436802 
-0.008363061525407148 
0.00660796812123378 
-0.0432004382185566 
0 
0 
0.2001361047094464 
-0.006670721522820821 
-0.02768577107134929 
0.6300050633132052 
0 
0.04826787931857278 
-0.05787713949173966 
0.006952774946757976 
0.07223542262260131 
0.1058526000819285 
0 
0.05684072073773038 
-0.0004025304319422826 
0.124959957485573 
0.08855029581813068 
-0.08174950756546916 
0.03699224781208309 
0.03099732423049046 
0 
0 
0.1721093492619604 
-0.01383802764082824 
0.005860251078321735 
0.1273105881596177 
0.39833298348692 
0.4347708685018137 
0.02819285965310344 
0.008959790503811639 
-2.279942254324523 
0 
0.02660722612011808 
-0.3075328214209825 
0 
0.9876490954874564 
0.03737800498031334 
-0.004693260638318698 
-0.01958770577459671 
-0.0119563332446455 
-0.4644986743389239 
0.04375692769530248 
0.04615528498984352 
0.7998718934106732 
0.1575469571279079 
0.1771113226901609 
0.9819406375471689 
0.08770955699731985 
-0.1668096396020768 
0 
0.03892401859088369 
0 
-0.2394999207090818 
0 
0.1514501520544821 
0.04640346100330543 
0.002852062314154868 
0.3427940260574712 
-0.2408114764809615 
0 
-0.2454758733209379 
-0.06678215477409577 
-0.06808741095627047 
0.1932845068617307 
-0.1100152509606214 
0 
0.6673924353598734 
0.1996925537806057 
0.01158073620810426 
0 
-0.08410204215092094 
0 
-0.02789010206148032 
0 
0.01185418235852499 
-0.004609746234104403 
0.01406579179637901 
0 
0 
0 
0.02079034048571589 
0.05744349137992365 
0.2586788689732435 
-0.07282955112438406 
0.1110344524006328 
0.001539194042038101 
0.03543601833105101 
0 
0 
0 
-0.04290966336565688 
0.07426417271676118 
-0.02900299505606541 
0.009831592223414329 
0 
0.02232738528344985 
0.3282476448518591 
-0.03044157656023944 
-0.420769709373413 
0.02099155398518444 
-0.123262192091405 
0 
0.1034970822835102 
0.4405586284580995 
0.05139199057710445 
-0.003007330975169726 
-0.1437806875763922 
0.2016561171546081 
0 
0 
0.08014921381820854 
-0.0174620267117489 
0.2955354705728296 
0.03473645520625206 
-0.01988742256535168 
0.0636465588037307 
0.0002991917297727926 
0 
0 
0 
0 
0 
0 
-0.02731148412495917 
0.02760244172371158 
0.0283696272415188 
0.110238663137017 
0 
0.04071888636406899 
0.1513637493952298 
0 
0.213987578627737 
0.01924173504541806 
0 
0 
0 
0 
-0.07864192860262333 
0 
-0.01393620736653828 
0 
0.05955407999707513 
1.213791162397248 
-0.1195837513455854 
-0.01054899633658573 
0 
0.2254652288806232 
-0.296591430533879 
0.0460072755362947 
0 
-0.0262559028869489 
0.008563506427659717 
0.2619191731342945 
-0.005514001517661484 
0.1116367813034538 
0 
0.001719941205118749 
-0.1872611744770845 
-0.04095002275490339 
0 
1.014951445714942 
0 
0.004583242141286779 
0.1529790734014585 
-0.09380636538009032 
-0.2004342039811165 
-0.01897571463834709 
-0.005965569668686883 
-0.04823670508360618 
0.02102366160131336 
0 
0 
-0.01943477909184996 
-0.02284423216993218 
0 
0 
-0.0006850090335985808 
0 
0 
0.0009835790403502124 
0.009665285504874358 
0 
0.1633552804340933 
-0.2567070073803225 
0 
0.2249896797311207 
0 
0.09115964369208274 
0 
0 
0.01070419273417868 
-1.044389038808207 
0.02086650048380278 
0 
0.01370287055127103 
-0.03425820848248677 
0.1856072855051389 
0.04628635669065095 
-0.1946740675897771 
-0.1361015948267136 
0 
0.04909745863853936 
0.2513354871854992 
-0.02983134618173859 
0.3173463344303138 
0 
0.00613845970334992 
0.07843564834907815 
-0.7289109016339453 
0.009330146549367778 
-0.1020388258608553 
0.04186355312377515 
-0.1509918212667205 
-0.05332515357944626 
0.06328326498861692 
-0.5905014823229834 
0.02256303242099735 
0.07789049392683069 
0 
-0.06296079376792757 
0.1337396152096458 
-0.03873012976097966 
-0.007585037803220103 
0 
0.225453232731907 
0 
-0.01548981294713402 
0.2724103512632502 
0 
0 
0.01360940867739959 
0.07809824035052335 
0.8209379142430697 
0.05664346730754164 
0 
0.02530333301719912 
0 
0 
0 
-0.1266753629989531 
-0.002615907307454381 
-0.1994071631844031 
0 
-0.2375846808275706 
-0.02690337297364095 
0.01331363500846236 
0.004868821856044023 
-0.2615985405254672 
0.3011510496466749 
0.002380150550735544 
0.08481656833796988 
-0.1423895700843563 
0.1928641087574825 
0.01476520226372954 
0 
-0.005727388277713241 
-0.1386132859702577 
0.03003286338869231 
0.001777028466195621 
0.07090245756771293 
0 
-0.3284104523806324 
-0.2989386301858533 
0 
0.3281069743700161 
0 
0.1328564588221088 
0.1856864309131662 
-0.07475061780725767 
-0.8269282948829929 
-0.001447571483838068 
0.08725395415231871 
-0.1062846252002562 
0 
0.03950579029860211 
-0.9318291423640275 
0.04727285447561815 
0.5121289206244442 
0.2878474229277154 
0.2012455969770097 
-0.02559739479297202 
0 
0 
-0.08970945663643282 
-0.07547319530078875 
-0.2288392413523172 
0.1476029201364872 
0.005610366763640067 
0.1266933662444879 
0 
-0.02825286267936734 
0.01405369808860678 
0 
-0.1783867400817442 
0 
0 
-0.8626712445182221 
0.02430638239119155 
0.1235493773169756 
-0.01646443186306978 
-0.00746721891006097 
-0.4292498551991545 
-0.02127399529542962 
-0.122652015572071 
0.1933779355471278 
0.001621181230308913 
0 
0.1246631800065182 
0.04175210166113425 
-0.734113087825383 
-0.01512122087040254 
0.01805740830931802 
0.0973404686334952 
-0.04609338242891616 
-0.1774458135555123 
0.03628627009287259 
-0.6603226121491156 
0.2050333786379969 
0 
-0.1185582226323803 
-0.02964101061970129 
0.01180642781646214 
0.0006835134408562124 
0 
0.0228828121310394 
0.03546932432100217 
0.02334561815822117 
-0.08282985383029925 
0.01373630939071824 
0.06152196046293458 
0.01189639941864811 
0.08796339276273764 
0.06152196046293458 
0.333187803102632 
-0.05109886911859957 
0.1059059624551016 
0.8693743588415797 
0 
0.02077214804745304 
0.1649213674045558 
0.003787779503166828 
0 
0.1352490252077405 
0 
-0.005503093339042631 
0.166642489295708 
-0.07479982980454961 
0 
0 
0.05932202267499041 
0 
0.07653276671037149 
0 
0.03866256340159072 
0.05832364663566664 
0.04467548345051892 
0.4090911582753035 
0.05503356243558029 
-0.07932115133002156 
0.05535010338714604 
0.001571361571797782 
-0.1659703345750199 
0.002348122175694099 
0.04909550796667259 
0.1733873621524506 
0 
-0.6545267431334306 
-0.1976468896696957 
-0.1273698271307926 
-0.02878387648690771 
3.042607057482946e-05 
0 
-0.04893812390209668 
0.002854381538112954 
-0.08939667161518897 
-0.03351153537043987 
-0.4652458077967429 
0.4768390925474985 
-0.3672094298602676 
0.2546948641393854 
0 
0.08403498473570251 
-0.08762599104812074 
-0.0005104367462201824 
0 
0.006637028640755821 
-0.01469086810750777 
-0.09382895055248837 
0.06766441544175661 
0.03014618120200323 
-0.007835400935306472 
0.01468144287829498 
0.2728067120188399 
0.004596318394782373 
0.9611050458496646 
0.03049056110084334 
-0.01623951729736161 
0.2833791597886298 
0 
0.07060651977650391 
0 
0.4526759153156495 
0 
0.0651299994651932 
0.4871190671207685 
0.01789325240922651 
0 
-0.004931695361540228 
0.08044473528866328 
0.01519337816310074 
-0.01965247174374649 
0.1113371375710259 
0 
0 
0 
0.685972353411111 
0 
-0.03892710818120904 
0.009679102362663169 
0 
0 
0 
-0.09888337305505231 
-0.01181069959495271 
-0.02213535886738879 
0.6044474718184123 
-0.03974896310219882 
0 
0 
0.3185489421538078 
-0.01912489064846464 
0.01683110159641677 
0.9458457105905489 
0 
0 
0 
0 
0.1696326795147185 
0.02432491188267593 
0.1209681247938616 
-0.03240569038677057 
-0.005383547485650569 
-0.001627040045390285 
0.1838132616469956 
0.03713356062507975 
0.05229288456016071 
-0.2227662168140387 
-0.477490153202478 
-0.06678602755326384 
0 
-0.02359019971404699 
-0.06340369052700932 
0.09927408854227252 
0 
-0.06579143630883094 
-0.004056085629073398 
-0.05754581701402751 
0.04963795672575465 
0.1262807232103343 
0 
0.04205767494058576 
0 
0 
0 
0.2308020470685891 
0 
-0.03986633666714823 
0.2026755726434569 
0 
0.144120749306505 
0 
0 
0 
0 
0.02088046260008176 
0.02131593805209549 
0 
-0.0126674353260795 
0.008201244369274364 
0 
0.05729494165540779 
0.2727569620749168 
-0.06428094545472177 
-0.3039023024347098 
0.02641682052360407 
0.003965155061160744 
0.6734867667294678 
-0.0707484089775408 
-0.1366098379490594 
0 
0.03435657302184869 
-0.1002890826586339 
0 
0 
0.4720568079198247 
0.02494209496443588 
0.1406092767504356 
0 
0.007573277868737281 
0 
0 
-0.01779790745697485 
0.1282058470690102 
0.1150642365995819 
0.00918992715090566 
0 
0.0192586197960922 
-0.02239402524523735 
0.5025200255976919 
0.0008789595818318783 
0 
0.3396694912474295 
0 
0 
0 
0 
0 
0.2244531926354 
-0.6696393392958349 
0.2281640595022694 
0.02325882513404947 
0.008658222601404086 
0.09853301688376616 
0.04061990434844595 
-0.05099475861095783 
-0.03884129229850069 
0 
0 
0 
0 
0.143307487808244 
0.1809728482402456 
0 
0 
0.02563434105428846 
-0.03117341005792633 
0 
0.1547267382699078 
0 
-0.01316943342905971 
-0.01397956966080422 
0 
0.1858495292444067 
0.003819622299689279 
-0.01221100907199679 
0.1740395030049254 
0.1120177934813008 
0 
-0.0135620145952039 
0.05307987339995696 
0 
0 
0 
-0.01468088779980926 
0.06059230451710228 
0 
-0.06675984500581364 
-0.1486851345205977 
0.0173196266383023 
0 
-0.05329273348655884 
-0.007248373707125666 
0.2723671231895635 
0.1723889261266986 
0.0267686529292133 
0 
0 
0.05508286405805826 
0.1488495670150566 
0.05985346729836821 
0.0669836580059327 
0.03495686472561919 
-1.185299071145794 
-0.02574979224866666 
0.09424610150949322 
0 
0 
-0.005446748428121468 
0.1539208542128682 
0 
0 
0.004570878825473581 
-0.2266350576642256 
0.01027868280495081 
0 
-0.02369404926564959 
0.001699595465039579 
0.01240386101582951 
0 
0 
-0.1300788066063712 
0.01276743090076284 
-0.504884637362642 
0 
0.002224762224915869 
0 
0.144242074089029 
0.04485018749083464 
0 
0 
0 
-0.401879444756102 
0.002134936855218638 
0.007816884241385273 
0.02347434250397703 
-0.05069028226618706 
0 
-0.01199870051202584 
-0.01142301284239773 
0.1511325509030944 
0 
-0.06248626239519355 
0 
0.7109831121629729 
0.2544564468727121 
0.02328557039951115 
0 
0 
0 
0 
0 
0 
0.1420222686229797 
-0.0704066207360261 
-0.03139227236198794 
0.247156020707819 
-0.1538851045518595 
0.05097564917445806 
0.01487447925227636 
0 
0.314181098863066 
0 
0 
0.1225835135219166 
0 
0.02933595532535559 
0.2005850643652488 
-0.01555315328989825 
0.04251210354598518 
-0.01336830623799398 
0.08222202628906645 
0.01602154047590417 
0.05943817618706915 
-0.03436428308548466 
-1.144541850461143 
0 
0 
0.01660811679789676 
0.007328262804803351 
0 
0.4222604605108766 
0 
0.01618582431642161 
0 
0.03621740443379592 
-0.007191657325874669 
0.3409766046801378 
0 
0.06912001683221612 
0.02252286141583001 
0.005186787296235165 
1.2100261567124 
0.01946301436560344 
0 
0.05696551464370116 
0.005067139145076672 
-0.01071539661413235 
0 
-0.09270085893917282 
0 
0 
-0.1629540695154281 
-0.004044160287897655 
-0.307209647531531 
0 
0 
0 
0 
0 
0.05216392847283452 
0.08368448613780075 
-1.143328638704235 
0.01870473057168782 
0.01386865796317692 
0 
0 
0 
0 
-0.3755681040241254 
0.006528168869960582 
0 
0.0171989867770671 
-0.08814782485888076 
0.001170327833934873 
-0.09805812990184801 
0.04409898491375654 
0.4377446454005139 
0.188179601527026 
0.1697212477068481 
0 
0.01718289619134881 
0.01300778400681147 
-0.07020560142494259 
0 
0 
0.1446129116523874 
0 
0.1103726134428091 
-0.05173774759911329 
0.6838099548986295 
0.1638589395917772 
-0.08476421337172468 
0.04126404898887305 
0.1281470633777795 
-0.03534072104019556 
0 
-0.03593136540373815 
0.03303551273472751 
0.2114916353481371 
-0.003266374877277502 
0.03062865018085484 
0.143597354319523 
0 
-0.05965358056566676 
0 
0.2731301375767023 
0.04503131659099098 
0 
-0.5546304370134139 
0.2838015652486193 
0 
0.04471351690940403 
-0.02775789592732747 
0 
0.01907913737023136 
0 
0.09587609780896082 
0.2171324725687958 
0.003890609263485643 
-0.09753496925305892 
0 
0.01408745104593071 
0.04502136876860979 
1.070638420197786 
0.1187981073147177 
0 
0.02967028744028 
0 
0 
-0.04665094593203207 
0.07062934577496639 
6.235521335443741e-05 
0.07825389674067793 
0.09756102149891394 
0 
0 
-0.02132773072735355 
-0.019811520566951 
-0.3671442466581372 
0 
0.01594659379954336 
0.1142396373362002 
-0.5618944081345907 
0.001302672791386235 
0.002857093468486411 
-0.09628305664661112 
0.03639942635009771 
0.4743673518323302 
-0.0297339583006987 
-0.1266122629088247 
0 
-0.003484209441574404 
0 
0.1130841875384449 
0 
0 
0 
0.02668678887366641 
0.1424403597030247 
0 
0 
-0.05314751773459832 
0.06864270761056224 
-0.08644183036388418 
0.03904884343010154 
0 
0 
-0.6322527609581234 
-0.01515198708173672 
0.03316628372103767 
-0.02427689729679252 
0 
0.01144216167364951 
0 
0.09862997497001802 
0.07820421970496771 
-0.000315704881730039 
0.1447257618937899 
0.1040683887965939 
0 
-0.00242042670217119 
0 
0.04884887920261614 
0 
0 
0 
0.08193247174867739 
0.01852186131072407 
-0.03897464322930374 
0.04598916025410009 
0.02548562730182654 
0 
0 
-0.0009294616314724338 
0.1248958386607819 
-0.0002909373003436275 
0.01371166197191442 
-0.008304077201742519 
0.05029231592053664 
0 
-0.01406546136353373 
0.03762691404809677 
0 
0 
0 
-0.01360765369558179 
0.09482364765707998 
-0.01564520577112699 
0 
0.08967081280606254 
-0.08764360337418842 
0 
0.08114266831926191 
0.01933928420808307 
0 
0.0664746488339972 
-0.002676959257034281 
0.7799048255275541 
-0.02785219649856662 
0 
0 
0.02468896478327349 
-0.03885881519135054 
-0.0003359807056192542 
0 
0.004215827747939709 
0 
0.623990190083298 
-0.1262414845774822 
0.02060612943475939 
0 
0.007884344558750679 
-0.04008851582637984 
-0.5139464885179903 
0.05132170857518069 
0 
0 
0 
0.02583525808585665 
0 
-0.000572648787590886 
-0.04746760621029071 
-0.0163496308599388 
0 
0.1533941982613115 
0 
0.007751414511629904 
-0.0328213576068917 
0.0370099651196549 
0.02391413141680914 
0.05722153436948114 
-0.05389845503387887 
0.01280501133637975 
0.2171221716199139 
-0.02649352561315503 
-0.009731986306673737 
0 
0.02036300437883461 
-0.03947989387286051 
-0.1115408843851081 
0 
-0.05810380056671874 
0 
0 
0.05292767309190753 
-0.1044171384847386 
0.02702052100943096 
0.3781340246145687 
0.1687628143218075 
0 
0.01180515352661791 
0.01070063483905249 
0.01828527480676791 
0.1233828806328696 
0.001740278874733893 
0 
0 
0 
0 
0 
0 
0 
0.0339678830283993 
0 
0.6785462502713159 
0 
0.03018429759954276 
0.001632605518308282 
0.1345171325621885 
0 
-0.009440968888187674 
-0.4170721677788262 
0.02270358297677138 
0.1223023586163379 
0.7150824686721503 
0 
0 
0.01610154185445474 
0.08064842962337514 
-0.08003357511593477 
0.005959987539457541 
0.1569997998514687 
-0.0379162455561743 
0.0004306313043132601 
-0.08111757992957248 
0.01269411178631171 
0.1147530562213759 
-0.02766476558463195 
-0.002584436941257272 
0.1321912440266891 
0 
0.01267177629077038 
-0.006035926509539241 
0.05988691941980191 
-0.01483346215448169 
-0.006453366679224413 
-0.005026015350498629 
0.4374250244782522 
0 
0 
-0.004418962018788067 
0 
0.06271731346639645 
0.006026027229113745 
0 
0.02115814299506964 
-0.02129619909516344 
0.10520295220443 
0 
0.07087566816564318 
0 
-0.05946762746210737 
0 
0.08095107006671524 
-0.2010245114694373 
0 
0 
0.2258382411759326 
0 
0 
-0.2278350665857151 
0 
0 
0.05937002026504437 
0.2141313756949082 
0 
0 
-0.2696463766256977 
-0.02118975561674257 
0.09992801002888491 
0 
0 
0 
-0.004777653366001011 
0.02204244389563559 
-0.09687040614891414 
0 
0 
0.3839256711186476 
0.020128164019756 
-0.0656618337583022 
0 
0 
-0.6321837020523537 
0 
-0.005049704618461792 
0 
0.01853499712441417 
0 
0.001703245951620181 
0.1310116044411778 
0.05098694372639279 
0 
0 
0.002914135179732127 
0 
0 
-0.03006310193866928 
-0.01317005901202551 
0 
0.1189693651299612 
-0.07902555769415751 
-0.001809452259541967 
0 
0 
0 
0.106898269074516 
0.02747036351995813 
0 
0.08909592034046637 
0 
0.05884353102882805 
-0.08171616134236692 
0 
0 
-0.04717798469005818 
-0.006694448516619838 
-0.02403951645242178 
0.2017388065313719 
0.02545551183584605 
0 
0.06373250875614737 
-0.003067499505331469 
0.008182857260960344 
0 
-0.01472756838782033 
-0.05383884221410978 
0 
-0.3513670911782056 
0 
0 
0.07757970829856367 
-0.05206634401910219 
0 
0.003275478071162507 
0.03757936804718202 
0.04540779358983565 
0.003230137476121619 
0 
0.1571879509188783 
0 
0 
0 
0 
0.01186604118545966 
0 
0 
0.07159033478395826 
1.038508958586164 
0 
0 
-0.05814650848907966 
-0.01725116370723697 
0 
0.1513031055114367 
0.1143074793987476 
0 
0 
-0.1058627849526803 
0.52207793874408 
-0.4501198096851458 
0 
0 
0 
0.1594341242925489 
0.8023438409192279 
0.03276275549369324 
-0.03416011990928829 
0.09587201885990328 
0 
0 
-0.374108763304551 
-0.006804626911250387 
0.02065528559867492 
0 
0 
0.399950893225039 
0 
0.004581835006986145 
0 
-0.05082576651801585 
0.134773777358463 
-0.312994990173277 
0 
0.1230393680913309 
0 
0.4531572425982599 
0.189947331447129 
-0.1782588843019711 
0 
0.1527832909209844 
0.01209985417146568 
0.07555966833974517 
0.1381942077889727 
0.1073433701913771 
0 
0.04187682082240493 
0 
0 
-0.000150596082627307 
-0.1437249059173724 
0 
0.0502116905514346 
-0.1165800549066493 
0.001127849278944314 
0.002147416526343433 
0 
0.006557873732556481 
0.107329321082263 
0 
0.08426166243737354 
0.2123862908652243 
0.01448942709537961 
0.03888626617727474 
0.03990954263335644 
0 
0.01847966444572852 
0.4822480114586964 
0 
-0.003896318402857826 
0.01577997834024995 
0 
-0.003590837497274372 
0.03694967958920927 
0.01876600338986049 
0.1079138402461497 
0 
0 
-0.0021299042388972 
-0.05302661420796174 
0.05100634256865112 
-0.4719321489488295 
0.1992224552589384 
0 
0 
0 
0.2723920991126149 
-0.47368695007024 
0 
0.07210403887292546 
0 
0.007333137281432071 
0 
-0.717909657758558 
0.271643007053925 
0.02005619545039205 
0 
0.006854269062855313 
0 
-0.009588340078905517 
-0.06661653269995571 
0 
-0.02451217891815158 
-0.2443557030316295 
0.03236710700139448 
0 
0 
-0.01928096448261092 
0.9000841647981564 
0.01368079291237016 
0.002344586844616497 
0.03216495372916606 
-0.01025458662186114 
0.002494568832222118 
0.02015607217419479 
0.02857252705734181 
0.005040332685994584 
-0.08992858700307174 
-0.02526587142187899 
0.2156001954470175 
0.2630537216380586 
-0.1575596375213246 
-0.02269509952988306 
0.003414099336852034 
-0.02399539754085582 
0 
0.0633192003023144 
0 
-0.0756515983724904 
-0.01277721002900744 
-0.04985779594463543 
0.1226563333379478 
0 
0 
0 
0.3398484373915749 
0 
0.02092113320668534 
0.06437924733275401 
-0.003828010710862672 
0.02664145678883605 
0.205909491952766 
0.02906426657977349 
0 
0 
0.1352731190233361 
0.1681296288872414 
