solver_type L2R_L2LOSS_SVC_DUAL
nr_class 2
label 1 -1
nr_feature 5000
bias -1
w
1.023274450946265 
-0.2280824168735046 
1.185149031015045 
0.3712935189010443 
0.7444138577188496 
-0.3790532289800382 
-0.1472296699525838 
6.288013613557307 
-0.02859424333058931 
0.2558517433812887 
0.3454511784653297 
-0.2436071716362796 
0.02300822857197989 
-0.08719465895230087 
-0.06733583203799631 
-0.4868605447567652 
0.5555941302624469 
1.215544086914019 
2.964210719381426 
-0.8588610255687288 
-0.4909729828788515 
0.01773476336337725 
0.2397489849360078 
0.4207446026129536 
0.2078653917206738 
-0.1159930910633966 
0.7550013582316166 
0.1651481547648181 
-5.147054407097647 
-0.2759821288856623 
-0.07675636937582256 
-0.4068454438947862 
0.494028446273205 
0.1456708616417928 
1.144265210769418 
0.1208216556765555 
0.8682022423313877 
0.4634819786700038 
0.5477879042319431 
0.1984672626202769 
0.5652741117656379 
0.005623623522224094 
0.01624659912649229 
0.3064782041621361 
0.4353346284942006 
0.1495482081337168 
0.5990492939381094 
-0.5274566465107557 
0.01784481088435037 
0.3340543275820416 
-0.3296211442305658 
6.258337564472576 
0.6360171873121345 
0.1131716390246122 
0.4638284753571552 
-0.2197806372857462 
0.303198553947554 
-1.078647891338622 
0.4068055091346023 
-0.6975794291627432 
1.102599858036493 
0.4840484550898814 
-0.6214832396651002 
0.2607020782139701 
-0.2797348929362153 
0.1498103416828411 
0.5941878675348308 
2.153882760545061 
-4.501992906432548 
0.04765484473079971 
0.1701009894913959 
0.8341365144334464 
-0.2222836317172619 
-0.9145747708013883 
-1.248186538899564 
0.02242676392205524 
-0.3809174263933676 
-0.3217590547139929 
0.07636401329576607 
-0.08611681384042942 
0.002991509574819343 
0.4628056320843904 
-0.1562289304346567 
2.180726006318534 
-0.1438040620716693 
0.1195206322744728 
0.3222103271067879 
0.2459235098386588 
-0.9389103745279077 
-0.03716175011622742 
-0.005139407976335895 
0.3970117006279076 
0.1712848865837042 
0.3160598978662304 
0.5148352172158901 
-0.0981931252470911 
0.1717129066627361 
1.057603011338994 
-1.675090423990233 
0.5036373434550669 
0.1042027230717591 
0.3926916500432974 
-0.9574884188325994 
-3.15311729562628 
0.4398385371936345 
0.5039887304069619 
-0.1905647909229234 
0.04222546372104759 
0.1321200317255477 
-0.02633856007163715 
0.3011199438572261 
-0.6759222659477432 
0.251096258542027 
0.5851351052880462 
0.08372637325741586 
-0.1162934018761805 
0.47226076304622 
0.4673559164677792 
-0.2750492959313053 
0.5455867186295106 
0.8076989559417217 
-0.4702584414064377 
0.2763387685069398 
0.1182872742013225 
0.1504355681248628 
0.6423574635424764 
0.2710014323408957 
0.1738713919169279 
-2.685520655330459 
0.3130846980405682 
0.1292550271435065 
-2.778637503391065 
-1.668021675591189 
0.1915232024913374 
-0.3970948165827473 
-0.8276069357158582 
1.11921996192301 
1.91625062099065 
0.1532945519472627 
-0.2113998189463235 
0.4157313850153075 
0.434370087474883 
-0.06601484242976678 
0.02570194551016413 
-0.01519589977553209 
-0.04395409369940048 
-0.04644650574045952 
-7.209880285939184e-05 
0.3347036391516741 
0.0124508336919134 
0.3187562961414057 
-1.10633114059972 
-0.04329709393986864 
1.1940146665871 
-0.01129975478464633 
0.4516561951289513 
-0.3030226460339417 
0.6551320687498852 
0.1567234508261874 
0.4398470987791793 
-0.1266756009305902 
-0.5120589888716945 
0.2592097788022426 
0.4388330894089449 
-2.297477870611955 
0.05420722955551477 
0.347619172819831 
0.06399268400640236 
0.1431780715783359 
0.3401683886552979 
1.72503307515796 
0.08828726294425825 
0.01147168655204368 
0.1478181482059609 
-0.1299045309758748 
0.8223205769393648 
-0.05421432334961983 
0.02972263978649085 
0.1636570168514224 
-1.216176192580591 
0.03780066233523707 
0.9035377720583149 
0.9722164445673864 
-0.0132896009294303 
-3.802867396601265 
-0.007329724126482894 
-0.4495677918869566 
-0.3194339059774923 
-0.04939129174393132 
0.298886346061182 
-0.09620358008127955 
1.146788053695162 
0.5027279786819152 
0.4648207120978632 
-0.3506789216359365 
-0.3950958630679917 
-0.3372197082819028 
0.1932761321391706 
-0.1706611110131637 
0.1085594761701785 
-0.006407014360914631 
0.1060100702917264 
-1.87950393510849 
-0.2395315603101265 
0.009687447003642184 
0.06253010987313423 
-0.07022511513134626 
-0.3580193978152017 
0.05581513851270743 
-0.1396473032327659 
-0.08417317595688245 
2.112745259036211 
0.02101136176269795 
-0.1932261647532163 
0.09614353044205576 
0.02990558265847788 
-0.468913676879422 
0.03125388151790749 
-0.01190153802785185 
-0.1874772167001137 
0.1432939681643271 
-0.2290435414982944 
-0.1248665282520453 
0.09974679579360302 
-0.09905174524393859 
0.8787511978545706 
0.4725779364864521 
-0.002597661432029198 
0.05624294357795972 
0.007231704051958232 
0.1179554544980557 
0.2381040384204987 
-0.4807746258316183 
1.310971997902147 
-0.3021930501376779 
-0.06330611068978276 
-0.4352486950242371 
1.105522376528959 
0.8669409183416129 
0.061414804821368 
0.07750234405400178 
0.1859615873287224 
-0.2837098938816728 
-1.283693504999063 
-0.05905077811173311 
0.4013922100074082 
0.6755870166761485 
-0.008400198407600279 
-0.632576560830596 
-0.09870705759849026 
-0.2057993542960301 
0.1498021441944764 
0.5439801122431753 
-0.3990435401684675 
-0.2039897934681272 
0.4660612399188855 
0.07400469545071542 
-0.7407919125107747 
-0.03477079804299317 
-0.2092435511335406 
0.1853961132913171 
0.002241681910002344 
0.0506561784434313 
-0.01878905210501858 
0.1610212869997484 
0.2842328244289322 
0.9132816267812502 
0.02414850421909005 
-0.3078379098997454 
0.02177241017923908 
0.01450916438033453 
-0.1311028757332115 
0.4932152731360008 
0.01169719091863335 
0.5050329249270096 
-0.03696856338208108 
0.1482326747851501 
-0.2792123428841002 
-0.4892700245841116 
0.5135822567418102 
0.4646840422810434 
0.1694119321267885 
0.0246025126597428 
0.4306568986929398 
-0.1428299925886275 
-0.1441872469057381 
-1.007786777263 
0.2949667355629159 
0.1456663743740735 
0.1048991487040867 
-0.1793942409533221 
-0.761041705508642 
0.2445418665199296 
-0.2417302361567054 
0.9105562369073744 
0.2264116209557232 
0.006232618925942389 
0.5443922384214128 
1.225651102523119 
-0.1058744752041323 
0.8120829454471833 
0.03559872872702152 
0.09334323526557958 
0.4228253167726354 
0.1645405769989882 
0.3309234719620644 
-0.05207724356029005 
-0.08050388581314272 
-0.1766751177726846 
-0.1850433906017696 
0.01876881350436183 
0.1061657034568328 
0.8885763670087816 
-0.4904849734542475 
-0.3479490838494845 
0.1345942940074717 
-0.06678002800459437 
0.09030817679735129 
-0.1083785120610351 
-0.2880549242054016 
0.2732385686708414 
0.166347174897842 
-0.7064277348424266 
0.4431755102791274 
0.04142865918518535 
0.1421921588605191 
0.2431804902289866 
1.384739103923593 
0.9432435442698044 
0.419296710514333 
-0.005800827886972619 
0.7684628552592667 
0.1662236103456641 
0.1958274708885129 
0.511824374470619 
-0.09607272180016387 
-0.3747689937486017 
0.5420418663065988 
-1.179311573505547 
0.4295654515755687 
-0.01062705959377891 
-0.2900577281683532 
0.3684412380675741 
-0.2153671907746779 
-0.2189376095212862 
0.3666756987009598 
-0.04119335774098577 
-0.5408766189227951 
0.0193915969064415 
-0.7300102561805165 
0.2619048440343363 
1.365293457614503 
0.1674361958777685 
0.0003294827939423361 
0.07234643229372421 
0.1410329753988587 
-0.3100032230213409 
-0.1793772946301632 
-0.106122213424095 
-0.2114450502696332 
0.0314130830897008 
-0.4790457339577505 
0.1749719706777531 
0.06448847120825883 
0.8214433512036652 
-0.006575687503742164 
-0.0228102164732402 
-0.3413261152811417 
-0.1571140314240464 
-0.06656397468411486 
-0.4824219674356661 
0.7322565537906706 
0.7249723208176417 
-0.03030064591572631 
-0.05501621089503976 
-0.110009500423432 
-0.2564256422759028 
0.769169045975319 
0.3278177202494876 
-0.05891700443881946 
0.545206960796619 
0.1109776262931309 
-0.1123738094797489 
-0.2097943710790502 
0.395998087109647 
0.05315027485873779 
0.7922049376987917 
1.021816398996774 
-0.1014866763016209 
0.6200319559533739 
0.5328884283213914 
0.008461810493667126 
0.3148846609488586 
-0.8334703231257496 
0.9432357332440272 
-0.1277876152680552 
0.8041171599070078 
0.450071910253025 
-0.1022525620592264 
-0.06509849325446734 
-0.282192648726136 
0.893527708738873 
-0.2612895723169488 
-0.6224244923532601 
1.218598716069079 
-0.2486183957428242 
0.1258046445973804 
0.2102777287192202 
-0.2651997539032511 
0.1802120820335174 
1.161291948875712 
0.03042121256735835 
1.073883791593879 
-0.0347683674423315 
-0.4539511182496954 
-0.6300503699154066 
0.3404782270991223 
0.3552235061976869 
0.1699002096343242 
0.3901819650157265 
-0.005979004917458838 
-0.7654611303021199 
0.6713725963997785 
0.6811333487195265 
0.4774505087063348 
-0.389684399047027 
-0.3998443926475748 
-0.02549180884192513 
1.373741136484783 
0.2841791836009997 
0.3307000541229234 
-0.4583375499640149 
-0.8590716978428913 
0.4779034362482826 
-0.357754155062476 
-0.06309709869031027 
0.8159503736946935 
-0.4500703356193406 
0.09066192361787025 
0.005821565573134464 
0.2449148635035928 
1.735127704129793 
-0.1421353673910779 
0.05761155573641116 
0.3121113028865552 
-0.08868585584967367 
0.198219432937664 
0.5946332111634196 
1.117775510577611 
-0.9798413449247636 
-0.1919696536853814 
0.01822735863547769 
0.03247508976136739 
0.5788203794729048 
-0.198014586723053 
-0.09004085790105146 
0.8385563740976494 
0.6705443651906999 
0.2965723917391843 
-0.5146863282056012 
0.2756181901368604 
0.2539295417914429 
0.4250750885827133 
-0.2739821502714851 
-0.7312917616833173 
-0.4068767742406517 
0.1665378261453242 
0.001896605953277385 
0.4165486819165655 
-0.08539294843161047 
0.0443595639170672 
1.13881788063598 
0.2548556825074347 
0.4182645031575552 
-2.796126474055855 
-0.3452779511387084 
0.4617515860441683 
-0.175096330064539 
0.2547527663481243 
0.2622256310252634 
-0.1598625488597521 
0.06706336573916899 
0.1705923014828874 
-0.3073543736489685 
0.1133555230906219 
0.3719236101335194 
0.003490118240053029 
-0.1354368454908174 
0.01977516710274823 
-0.2275015687041776 
0.2572991333525365 
-0.4203872232412869 
-0.2882100962970625 
0.2850262856535333 
0.1845077175683457 
-0.1999988613386475 
0.2114315309438111 
0.09184903932283169 
0.1941559827607864 
0.2514960438543496 
0.1886516697226254 
0.02716204533546998 
0.08013270788944767 
0.9548107060062905 
-0.2516498187050474 
0.2069873131268284 
0.4279338228878362 
1.552199369349076 
0.1156608573939222 
-1.533722905586204 
-0.151245193292448 
0.4835712063389124 
-0.002161223501188759 
0.4264224151061998 
-0.06981110144190472 
0.3292596403362025 
0.08281359647616097 
0.04885555550565355 
0.1918873772888233 
0.180226282245059 
1.960416946391004 
0.02561819796047522 
-0.004774524400080601 
0.02316104361980332 
-0.277177016023913 
0.2093381782380309 
-0.1078919423723004 
-0.2578704915761832 
0.06070513459865294 
0.8865412532590559 
-0.1657038455537325 
0.2421585646861278 
0.1767051813153259 
-0.8693743006864607 
0.2719798077715675 
1.091881101516935 
0.1192750866511807 
0.2278381239615825 
-1.154425587253662 
0.00717214937709704 
0.06096538599069577 
0.4309230465210203 
-0.468513695102524 
-0.2844224273680738 
0.4179805094348256 
0.2875977342678773 
0.04363048254001271 
0.6118075414468107 
-0.4727738799970651 
0.1555770330750441 
0.23113245894383 
-0.06136071694792652 
1.398183063147757 
0.03482701998810012 
0.06221951901474214 
0.2185724117763928 
0.7095866620150355 
1.015637932424696 
0.01579186212333951 
0.7097095327789475 
0.0994536980251408 
0.9233474369413806 
-0.06002889553245205 
1.666565663959025 
-0.8571274550315764 
-0.1102093511312026 
-0.4704128558736189 
0.3512037280244901 
0.189534706478149 
0.09705258445300578 
0.9708023678922222 
0 
0.7541159069701047 
-0.03501551272199635 
0.2969438212216263 
1.26978299628857 
0.159445354313764 
0.439621935258766 
0.3689360787521066 
-0.1536464819064551 
0.2242687049343669 
-0.8628368144879086 
0.21959499678891 
0.02376808631072536 
0.5367226314187132 
-0.2182121949005287 
0.47789413777458 
0.05876484332768 
-0.008853027367229137 
0.1808231020608863 
-0.001211290700952117 
0.09444903038357109 
0.08513384978046871 
0.433003589019598 
0.4455716341182921 
-0.417794913193935 
-0.097890674016042 
-0.3094341092842102 
0.4742949790416177 
-0.0008210483480725497 
-0.008564259410062492 
0.08258998527377996 
-0.6220303461400746 
0.1842920598643597 
0.5165298757821951 
-0.004758239692640579 
0.2363494793147922 
-0.007435535589435259 
-0.7616697010474479 
0.3605379836077925 
0.2545222078916608 
0.1523693861509878 
0.1221552432312767 
0.01487034210676438 
0.1605621329005718 
-0.02455839136706488 
-0.1827874268639838 
-0.0160219614358436 
0.5629615459372929 
0.3704196263546679 
0.1778033873642787 
0.1099446754434122 
0.08565302362167578 
1.042551907923403 
-0.08095244471099255 
0.2612382930959939 
0.06146082070601877 
0.0003363330618627556 
0.3861424522822597 
-0.0597194908906918 
-0.1896322106719278 
0.4345193715591904 
0.5311351084481859 
0.02108875035364809 
-0.05081055472820088 
-0.5565685169394837 
0.9183300539360032 
-0.01997070083238365 
0.3683973470772849 
0.5512024075471383 
0.5657069528379403 
0.209805699475259 
0.4187101221871783 
-0.6578961467921033 
0.09949276483181481 
0.22797717997471 
1.499513681034248 
-0.09024006503776098 
1.071936271081611 
0.245442573912582 
0.1795861958761603 
0.5102020610994514 
0.04474887676734036 
0.4927689897676551 
0.7353977065769832 
0.2733770059551464 
0.1140749663659897 
0.1189354171331931 
0.3288967618412113 
-0.6894104689908209 
0.1525374859112441 
-0.1932242845443031 
-0.7663252260361755 
0.04265375582326014 
-0.8350834407342523 
0.2903369109184706 
0.5439965008466653 
-0.7661626608599547 
0.1555558119163992 
0.03474365036445427 
0.4282035364456083 
-0.105953107765048 
0.331655776113863 
0.7477343652539614 
0.5937294058889323 
-0.7657303931576444 
0.4698446496168664 
-0.2291155137143772 
-0.2474384940486944 
0.0880327883721167 
0.5438981003235003 
-0.1133050713287931 
0.3802571426437878 
-0.3578836068536667 
0.0003689521876183856 
1.416201466925421 
-0.005113956981164096 
-0.05964054825311299 
0.1259953669180182 
0.0667444311406447 
-0.1513003648925784 
0.2601260080144522 
-0.7498683723817435 
1.570563246037226 
0.7220325606678435 
-0.00775943537189891 
-0.2845575227430528 
0.1594837874682046 
0.03277217940455621 
0.2125192993350674 
0.6035553122056879 
0.489227832730916 
0.2985628839625171 
2.198343522059936 
0.4387287232926256 
0.2107017833719103 
-0.0166715476980358 
0.1118025332925704 
-3.903127820947816e-18 
0.0250103651302934 
-0.1479189094086199 
-0.9615944331473538 
0.03193516514170035 
0.7589937817530972 
-0.1967780495986124 
0.1481810821982474 
0.05866498741628867 
0.06859897555074937 
0.2125303540785244 
0.7233259403503737 
-0.1892240778411369 
0.07260958740439158 
-0.09440749502566002 
-0.04617698525141265 
0.01476081643572456 
-0.9419218419112126 
0.2460467959577776 
1.519820435263485 
0.2261026165700294 
0.439784928771306 
-0.1659238854512222 
-0.05374020957850423 
0.2251105505325447 
0.07120694018188077 
-0.3327521825874847 
-0.07260410088455815 
-0.1760693087164674 
0.8942394288942829 
0.2494328405473566 
0.1592194139750956 
0.4754984798779157 
0.2824255853351237 
0.07975255161681173 
0.5593164146744513 
0.05737572779833592 
-1.410919562964775 
1.161111392209189 
-0.629410002267934 
0.1003183700043955 
-1.200112827731705 
0.6022368008750327 
0.01517939583480787 
-0.07250869062944268 
-0.1059681473256974 
-0.2788871366039859 
-0.7538355341539251 
-0.1077121183902951 
-0.1627228357125806 
-0.7957042081924297 
0.3621336157817353 
-0.3535662048596201 
-0.6296836989674867 
0.3928833203857247 
-0.4040904176157592 
-0.02199002260001846 
-0.1445880861317647 
-0.09465371707362907 
-0.175402171098326 
0.3810578966200769 
0.3429809345868476 
0.008990356110446933 
-0.3333098468071123 
0.08731163499311283 
0.2946274670274725 
-1.479079394114734 
-0.02834304202120915 
-0.2168528688467999 
-0.02200060269610679 
-0.2771437087029607 
0.0305258058832105 
0.4767456572604803 
0.4494821599421522 
0.6797919826459415 
0.6283464373372091 
0.04905582355940853 
-0.1119629373018561 
-0.6652282800537825 
0.6132369062137716 
0.866497791952126 
1.141988672213262 
1.070277640019122 
-0.092568266626121 
-0.01206658101055423 
-0.05329933687168619 
0.8436361822215233 
-0.005257382630724679 
1.82522530126827 
0.08098694062221473 
-0.05322159781681463 
0.2872721298543519 
-0.03931048791568322 
-0.4703017919062701 
-0.02906102273325222 
0.08092673558074311 
0.5071733969154349 
0.001321635623969379 
-0.5313504313951257 
0.7631086721500884 
0.1825237707147841 
-0.2555427402345705 
0.05331694504290656 
0.1600490842720773 
0.288366530287168 
-0.05765354231721003 
0.02598603958596659 
0.2704914209404896 
-0.2579034196429238 
0.0664481182541221 
0.1229479712992674 
0.6771252903411602 
0.03508537948157768 
0.6637248966278548 
0.2873577158618729 
0.07777161747839127 
-0.1135268119965472 
0.2313245282808352 
0.003906454933410386 
-0.002960453683917639 
0.07250106707534137 
-0.8490998286208542 
0.002502240210132772 
0.5766507892155621 
-0.04549720059626176 
0.02507311225406274 
0.6017536345359927 
0.5281541042026375 
0.007086651538408599 
-0.1985567826601042 
-0.1221562267743827 
0.07380771217469186 
0.6495187046748672 
-0.7596630002183224 
-1.047050696054609 
0.3693652851997343 
-1.480443062707743 
0.340249827011555 
0.01521824732852266 
0.6348393803731559 
0.2165388233135439 
-0.1397248548342008 
-0.2163406100684779 
-0.01373199977458903 
0.008446027001586425 
-0.1133274987842391 
0.002569948318554153 
0.09023928300871228 
1.012385596093281 
0.6454590966819652 
0 
0.06662565043133958 
0.4772998613918595 
-0.2804178801262434 
-0.06437160592868683 
0.3194174572406931 
0.3971176456908425 
1.003403066337159 
0.1557312367686521 
-0.606259626986669 
-0.02048621353887119 
0.1156732117334878 
2.17305434828369 
0 
-0.4392567430450223 
0.2387841296377428 
0.01454225542373558 
0.4679973481607239 
0.5893158311390131 
-0.8586980902094057 
-0.1998455184984741 
-1.185337205446964 
0.7738982576418525 
0.1801962160142626 
-0.4521112225207633 
0.8576911442689209 
-0.03048368167407684 
0.9537534335675822 
-0.2865570666516623 
0.5819761090808988 
0.1119906565279721 
-0.5141263671636023 
0.006270134217527541 
-0.04432066030415287 
-1.46058980127838 
0.06981739209077863 
0.238403139461011 
-0.1962571163010431 
0.3133137788165791 
0.005386476663899121 
0.4775080903288799 
0.01439819660742274 
0.4930085295161697 
0.09895970688011969 
-0.223989851794659 
0.4988594057560389 
-0.4128549067497399 
0.5812979841092563 
-0.9339378599054741 
-0.3294317410781145 
0.1626666170059068 
-1.309304930716196 
0.005648072914415007 
0.8231660544542134 
0 
1.819542586928718 
0.4610058273091195 
0.1809706910617844 
0.2634356072901137 
-0.3759415594938839 
0.6850416246258657 
0.690392913313697 
-0.1208380606991323 
-0.3110353575197136 
0.07980339601598331 
0.2005058275692033 
-0.2055131866330459 
-0.1072975875142941 
-0.1595894558393371 
0.0004410761738418607 
0.01991654731457619 
-0.141831790389053 
0.04713047918504185 
0.04179903756006195 
0.05054179234451627 
0.2691827411100552 
0.2048844912852992 
0.09354785440394935 
-0.298526470078228 
-0.3891921045868632 
0.03909430922026962 
-0.2773741760378171 
2.20277618826371 
-0.04200689634819244 
-0.003720308627287006 
-0.4264442148900771 
0.4832087054678014 
0.8456875072961251 
0.2086360431551596 
0.4813098248373414 
-0.1530839377440391 
-0.1870856775818694 
0.1800562888409412 
0.6901252953841569 
0.01542212525805347 
-0.1903575824991406 
0.1506081854387054 
-0.4406780765683055 
-0.7144953602860918 
-0.3224445653504121 
0.0284625328959878 
-0.5966011144086958 
0.03151527317619826 
-0.1687873955552442 
-0.7073598981108978 
0.1560829278413168 
0.06195954642093669 
0.4075045883254608 
-0.0952108386937159 
-0.1320708215879809 
0.2953291671089958 
-0.03023919265465917 
-1.558534002277974 
0.4075664322024174 
0.4936658171987376 
-0.09301685717369941 
0.3353527699918739 
0.05793592006622585 
0.511371747897868 
0.0002977865021968865 
-0.5494928960923156 
-0.04360852791933816 
0.06883503041694251 
0.00447372722578291 
-1.037202486007718 
0.1171794165521443 
-0.1174340161757375 
0.1691013760664147 
-0.160869627617229 
-0.03028068005363885 
0.5719083842593156 
0.04604265219606152 
0.3475162338170864 
0.5051307756910619 
-0.425571714028596 
-0.1482917972722113 
0 
0.6017994468097053 
-0.01678733011532036 
0.4042465890993062 
-0.2080765793395893 
0.4939631194962822 
0.03070439229270487 
-0.5998077057724152 
-0.3257674226984761 
0.4110365661761693 
0.8080705819568358 
0.03235198448208954 
0.02340654252621155 
0.6663391890636965 
2.318881943475673 
0.06864302833839063 
1.46636075288685 
0.4143068622199413 
0.2922265326200381 
0.09352541317260844 
-0.07743788454805069 
0.0002367880797434453 
0.05557188731627065 
-0.2942176914940656 
0.3610354330668224 
0.2469768699805692 
-0.2946542168277319 
0.1772452177652945 
-0.1976764431886674 
0.1799512045014953 
-0.3383397025911486 
-0.02049519364930017 
-0.5852257949814976 
-0.9242992496032925 
-0.243704528991595 
0 
-0.3269002647298411 
0.01493052818826626 
-0.2427376511913936 
2.344647501488357 
-0.1178663150901679 
-0.02488814352124775 
0.4816227490544603 
0.2181376533412586 
0.1040300440565223 
-0.07555648709557584 
0.07231643781994103 
-0.1568137698206643 
0.8885191595742732 
0.4254088533250833 
0.5370648386557944 
0.02890375090223494 
1.41066877999683 
-0.7415435522888626 
0.02369169179138596 
0.1146770679559792 
-0.03890122458269753 
0.007767751944022174 
0.276212836805936 
-0.1778739091833879 
0.1219638198375183 
0.1208753699456375 
0.7376250798970424 
-0.2004062656689756 
0.5443186155506667 
0.1487512799387479 
-0.001703124957026292 
-0.6054654199202899 
-0.006436464523104052 
0.2897724993648574 
0.09845687853237595 
0.1636360316793674 
0.08213926245148101 
0 
0.1907450975644437 
0.7750383155996937 
0.3476841003465588 
0.0415579437873544 
-0.1603551366736734 
0.1867468952440049 
0.3780006444863452 
-0.4101316423343471 
-0.3286797757137374 
0.4310835546953939 
0.035059839777787 
-0.4412967754092864 
0.0250826873190644 
-0.3039324286119428 
-0.145273507332071 
0.4946824453195093 
0.009921280036622671 
-0.06267867599158167 
0.03240680504556322 
-1.843143693225358e-18 
0.01691759854630034 
0.02096164223735894 
0.8605750799345565 
0 
0.3318729617135032 
0.01657336872134313 
-0.07083902531390927 
-0.3575293220114588 
-0.1696033749886054 
0.04386748376297451 
-0.00303649667261962 
0.1259724940987889 
0.06705011391912137 
0.08394080675252429 
0.0514605587202605 
-0.1752911888257682 
1.634262906123735 
0.8776887281074597 
0.08704693308461375 
0.05841862938432972 
-0.01299587288867629 
0.01847421703052256 
1.809896650256562 
0.06243972463396658 
0.1263306766349994 
0.290639534569512 
0.01980281742047994 
0.875584099105892 
0.006753926728270669 
-0.04609224674739024 
0.3566522913966826 
0.1890090778765122 
0.7349557326353501 
0.8225517767838557 
0.7566091695235214 
-0.3897927625834585 
0 
-0.2313788118569638 
0.3214176941518774 
0.0331496678507492 
-0.1793405064544708 
-0.08695723378956674 
0.1836771764211243 
0.8519510155388934 
0.9320143828140128 
0.3516372381141659 
0.06758307487712018 
-0.01089221173710688 
0.3314578561322619 
0.3597081352501343 
0.06143811451257825 
-1.131803269070581 
0.8258939300500018 
0.397663171475921 
-1.375927099571382 
-0.005015281306142274 
-0.05079454442436664 
0.1130299557154366 
0.206992538091082 
-0.04564988619711347 
-0.3705259664182507 
-0.897108869759735 
0.1551788904863863 
-0.0881087890485879 
0.3090935517232077 
-0.05813888708217475 
0.5493354574999717 
0.07815078755911324 
0.2217890978309518 
0.2575654895845507 
0.6425738170223008 
-0.00848660665186156 
0.3918115026715392 
-0.3690496864401798 
0.1563828975768008 
0.5256893852661886 
-0.03366094593262414 
0.0707518969224174 
0.1087518032809423 
0.290617154987291 
0.6467104133100517 
0.1095262840510537 
0.09899415487477428 
1.312656838859616 
-0.2644545395812217 
0.5820759928612879 
-0.676174373326114 
0.8444081141006822 
0.02120390284305307 
0.1324126018402648 
-0.2393638737091275 
0.08983660358561467 
0.1949520048407944 
0.2365398296635428 
-0.2127129316486001 
0.4888736488604156 
-0.6578958434389006 
-0.844381875610775 
0.4489280012567864 
0.1985988082586251 
0.4871477703981377 
-0.9379886602947924 
0.1158109978363502 
0.1986490362942548 
-0.07471984746765291 
0.1425218181086898 
-0.1544338588958805 
0.5293729753758418 
-0.09465185209461996 
0.688255187084101 
0.02294384487267659 
0.07588713055791024 
0 
-0.3537010924702776 
-0.01237595066663911 
0.03009240269397777 
0.1506186581710034 
0.1194889283639261 
-0.9537229337966342 
0.1449647895784162 
-0.7785594804663689 
-0.04383027657389486 
-0.1288045882193702 
0.5988812078560024 
-0.4926111596276333 
-0.1238935893499231 
-0.09225663737216182 
-0.3925381109983527 
0 
0.4965923457745018 
-0.3229536979780858 
0.03557784341027277 
-0.03846248143481232 
-0.4798559759408695 
-0.02230839517887721 
2.104292507849186 
-0.4366022078475891 
0.0724301857717792 
-0.01902072379460845 
0.1262358344704451 
0.09133137940302286 
0.09653053082273703 
-0.3492936343320343 
0.09597782412156546 
0.248781157714584 
0.02751856220783618 
0.08731402555383094 
0.1697699632508922 
-0.04833656794445146 
0.1914759176219961 
1.158731440024098 
-0.3450459621123494 
-0.4747648890842119 
0.05837998324954319 
0.4432446569900812 
0.4866956689712059 
0.1425275270004061 
-0.01158802969187827 
-0.0014565116450111 
0.09799861980102141 
1.350140118384821 
0.6159932692681652 
0.4211414116951022 
-0.7487492390194701 
0.2454267695250075 
0.005684540042304661 
-1.152161598553291 
0.1169262322154881 
0.7027933156722498 
-1.122126479282167 
0.04176601841933338 
0.2243594986825537 
0.03604987294425367 
-0.0397409865964698 
0.4244045535562307 
0.1993449227943845 
-0.3308719358405298 
0.154208497384527 
-0.01823393524237231 
0 
0.02198763483535398 
0.9507945914508867 
0.4745129122309356 
-0.2853393918846285 
-0.07407196756617233 
-0.1221485892043323 
0.1535700346286454 
0 
0.5816624324392942 
0.5763468912710785 
-0.1007110248330182 
-0.1464538053932771 
0.03846139094687052 
0.2262277858525839 
0.01608348688208244 
0 
0.07423087144273438 
0.1692678128131132 
0.1272729907388534 
0.1057030376219765 
0.6495133979239893 
-0.02063896981628344 
-0.2198576342437904 
0.1048106051444079 
-0.1219383980935899 
0.1107200292100084 
-0.2915770993076768 
0.05330204268521336 
0.2296596930667421 
0.3331736159283911 
0.0310721446765932 
-0.001671506814392778 
0 
-0.07288835528622822 
-0.1869713609438414 
0.1542817440822529 
0.3194176356914674 
0.242515754784793 
0.05214965334680018 
0.03322177602515432 
-0.08714632781151006 
0.009632666468878873 
0.06569773393610115 
-0.2657580571403338 
0.2170312532505954 
-1.084202172485504e-19 
0.2020710142296372 
0.06115787103239487 
0.1871056073704751 
0.2441589632826751 
0.1484694692214434 
0.2006877400696269 
0.08542211610773752 
0.1616416066802282 
0 
0.2456726150449254 
0.1226795927929511 
-0.01258539459869249 
-0.0568903230004033 
0.0305477437939084 
0.09413499067923724 
-0.32073520803413 
0.1439184794941119 
0.1490429807162826 
0 
0 
0.9779992424084584 
-0.2439223560343649 
-0.5983030956073067 
0.7057052356649504 
0.8737977651289256 
-0.1714472214412147 
-0.2189107351948773 
-0.5574385143309359 
0.2011699447337384 
-0.2617162768809318 
0.1098288868347352 
-0.1861498049762915 
-0.1394851937815368 
0.2637032566475405 
0.4107005809510844 
-0.1026269606941996 
0.1630266761730946 
0.9287344262671438 
0.2953810193412247 
0.2204574753665458 
-0.608113457721568 
0.2612988421255567 
0.1739063745888128 
-0.7379118298767678 
-0.2200350674905764 
0.09163807096196663 
0.4821289943019105 
0.1297594972919235 
0.556896697012831 
0.09068270666264606 
0.006122827085127193 
-0.2970911144792935 
0.004275230808253372 
-0.1652192496433859 
0.0394140614236227 
0.0410475515064479 
1.179961666102238 
0.001511497994255389 
-0.05958843107790373 
0.2875023214911768 
0.04032319827865725 
0.7548511938916883 
0.640430158901351 
-0.1290138208204287 
0.2292406657595827 
0.1229320468147538 
0.1373345633461183 
-0.008928231289529498 
0.2922873200556046 
0.3196223377479443 
0.3873421159996872 
0.03880175746169974 
1.260966483218926 
-0.01489537432232513 
-0.2597573646649368 
-0.0923509760318295 
0.5065653085365553 
-0.1421619600628612 
0.09453025001620283 
-0.2719541840840941 
0.4249328863942789 
-0.008919062785930829 
-0.1496237946471942 
0.06043659799086385 
0.2149502146816401 
-0.2682173173827571 
-0.05399117398302719 
-1.363242530089774 
0.28811093570771 
0.03076501895624225 
0.355608292890045 
0.04044198645631592 
0 
0.6344238515670957 
-0.44031426815482 
-0.3368828077100054 
0.2463218505918277 
-0.2633152301806583 
0.03067114802822144 
0.001469110129595114 
-0.09363691188093259 
-0.2456344399637891 
-0.0199106050670268 
-0.09410334263813332 
0.5417417896820561 
0 
0.2046149294119844 
0.02621744357581468 
-0.4438834670843863 
0.05162982065097556 
0.006974772221289797 
0.05082744242825697 
1.694293117848201 
1.000167189366823 
-0.005887282062243976 
-0.005772093626463696 
0.3460083160653951 
-0.3947735486819014 
-0.8416176002342873 
0.01765271613285049 
-0.7640718473436339 
0.4484084714415064 
-0.4612327926297391 
-0.09790319859353115 
0.1112198547163869 
0.2088928354831876 
0.8214862016288282 
0.6386457772850529 
0.4980010930007592 
0.4248878964113934 
0.2392800344524805 
0.003791675889666004 
0.6623716095493494 
-0.7028758269481323 
0.616900416293388 
-0.1540926406153754 
-0.2004869594407216 
0.3735275486408101 
0.09541822594881849 
-0.267683155386515 
-0.05970532681130282 
-0.01416641705304989 
-0.5262269845230895 
0.09404702607279733 
-0.008973840823526315 
0.04286797125376132 
0.1484309205091608 
0.2453549513425845 
-0.02630536567097952 
-0.1202334664723651 
0.2367040660289574 
0.2399028016264239 
-0.1490300961873708 
-0.1103860628833694 
1.364433513646651 
0.184799076358602 
0.7648271601183981 
-0.05082342215300294 
0.0397818234859073 
-0.1718090685665464 
-1.275066998249372 
-0.7828768370199738 
-0.004341064737197872 
-0.5413973631177926 
0.178179431810122 
-0.3970998431792429 
0.008417194522840938 
0.1772863370114059 
0.8308645181106386 
0.04000412184948395 
-0.359569059025179 
0 
0.0204677316913545 
-0.3684824584794134 
0.1880578980705075 
0.08406314705205994 
0.7049146169271766 
-0.2674922290788179 
0.1693243263829049 
-0.2250382725933664 
0.01099269762155723 
-0.005395940956400998 
0.1957259602125494 
0.8504114720362811 
0.3061858110727699 
0.5523688620281738 
0.8723105763646746 
0 
0.01162911022186596 
0.07000136379727773 
0.04731940181744139 
0.09290416304911975 
0.9493743215298619 
0.01257566295127871 
-1.213342157174978 
0.7861848604233288 
-0.5116581840535781 
0.2770226508472447 
0.09475039184449066 
0.7109348573320761 
0.337869332724375 
0.1271690135841544 
0.06716713386977603 
0.1472468128964271 
0 
0.0558685173325694 
0.002383719808329897 
-0.1885922227496747 
0.2641555356287034 
-0.0188360949311827 
0.8694712603895146 
0.4160039494915492 
0.8265984264402449 
-0.01265475493882903 
0 
0.5324686093835904 
-1.624023375644461 
-0.03859550135505071 
0.2365097126996875 
0.07648540467558496 
0.3654197031897177 
0.1238587338234931 
0.001328614868601866 
-0.2656965721757722 
0.1499775149163711 
0.6337402716543014 
-0.1168286171090049 
0.4339673685010085 
-0.1134332406841711 
1.085787633647667 
0.2632946689134862 
0.2556803123599158 
0.149138557385331 
0.1519066037860656 
0.009396956049653378 
0.1314077433014254 
-0.01774722009510094 
0.1291818179905598 
0.2367880741369553 
0.3848632417709781 
0.1235321233492398 
0.2499891969244921 
0.03640216123988926 
0.4325128914251675 
0.4056231918586747 
0.5981148513299234 
0.7919508161219356 
0.2477751895462003 
0.1941011587495349 
0 
-0.0133079765500957 
-0.01195272880753458 
-0.191595437444911 
0.1528355674106649 
0.4052927547037466 
-0.6712524912189988 
-0.4440555844529305 
-0.05482469553970346 
0.1259253457639039 
-0.1195502266061491 
-0.399199213140764 
0.2133323108809191 
-0.5258843615298322 
0.9005926545194793 
0.06438538724363362 
0.1880613619428365 
-0.08783702560724432 
0.126626406565653 
0.2104911084230093 
0.03349230373415093 
-0.1277566634039565 
0.4045218015138797 
0.2512879806979391 
0.5210393612754817 
-0.4882767513404498 
-0.08304194341644595 
0.07152445559337858 
0.4055391692149174 
-0.2707563769382144 
0.01212700481820556 
-0.151502611018943 
0.1573243378696518 
0.7338626465014222 
0.6567673891759194 
0.866235888560729 
0.4268110296569073 
0.2819763335798567 
0.06717484019857109 
0.4775580007376707 
0.291009246879929 
0.0123862789552282 
0.3099051441145241 
0.04246666000876504 
0.2359167489289486 
-0.04328098912208574 
0.09177995572071512 
-0.1377884134905399 
0.3502343343356232 
-0.1700027803645936 
-0.05555308012590239 
-0.2941527340507498 
1.128212042444115 
0.719751798754164 
0.1872510241228191 
-0.1759151361981491 
0 
-0.05313731147066713 
0.4925398005729512 
0 
-0.1408514564987922 
0.5851134671660722 
-0.4425871638238078 
-0.05849906135824483 
0.4053556105662701 
0 
0.432253162356483 
0.5072414262223659 
0.004226113595828522 
-1.37939423047128 
0.5166920116345365 
0.04016434985111914 
0.4248976113787211 
0.04995149172174377 
0.6864841217706286 
-0.1183152574575189 
0.1616601764151072 
0.04246952089529367 
-0.03565203043572256 
0.3003568676588916 
-0.036145569104775 
0.2619619913476308 
0.0004991629895865255 
-0.7034811381582161 
0.2352669936820747 
-0.2879387842444246 
1.030830799091268 
0.04412136489823889 
-0.6629607980442247 
1.152080027044222 
0.1530652904577036 
0.5626557464569198 
0.03455085556750687 
-0.557120678640436 
-0.03160450705626725 
0.07346633786838397 
-0.1184929266587088 
0.2181330162821784 
0.3032756268445449 
0.6912399270304046 
0.1929265494452472 
0 
0.1958376579872254 
0.07030056286698011 
0.06061692864522694 
0.005054919824871431 
0 
0.5499927510694534 
-0.006778393021386222 
0.01881740810061382 
-0.2322111303606212 
0.09445268355902063 
0.1328448939596534 
0.04032150114659252 
0.8506236390024741 
0.009270657488026883 
0.8602613700125175 
0.114970397752549 
0.05046054510410147 
-0.02860929322342594 
0.06110208300878495 
-0.4443972383749081 
0.5392712943130651 
-0.08072073680564074 
-0.2828557859697554 
0.2453225599815881 
-0.1924911408075514 
0.02495468245404915 
-0.1736893676270168 
0.2870128402691096 
-0.0956380461141932 
0.5756965159837999 
-0.04808391425153248 
0.6880867455356526 
0.8314522635897102 
1.073871395239508 
-0.09723986201603871 
0.01213580108046678 
0.648691275338374 
0.01988053409993213 
-0.09998949351220382 
0.171417647830346 
-0.412692873169288 
0.2967467191345434 
-0.03128989700475558 
0.4397111741052939 
-0.06275305299722363 
-0.007834338677065502 
0.3826480973333555 
0.3641510896827939 
0.05407719521185784 
-0.008197276326826434 
1.716462605576191 
0 
-0.6271106151687245 
0.0646950368542852 
-0.3560870887428647 
0.5566459089543584 
0.4152228502921234 
0.02957423613120867 
0 
-0.09751632530154494 
-0.3802122158896776 
-0.08701191503244293 
0 
0.2405047988806052 
0.06670963118252081 
-2.333217715844773 
0.736592230840629 
-0.01137738680436867 
1.297085572783736 
0.3120061421922712 
-0.06045569617236479 
0.8050557265772776 
-0.2390830387018438 
0.2192073573506654 
-0.2680852683253035 
0.1829943559891845 
-0.00913527685103884 
-0.1345494269862365 
0.27562033335333 
0.3758424165831985 
1.020259267514415 
0.7107026661878144 
0.09857186983563102 
0.04966761444366709 
0.01730138999154157 
-0.06497209696935491 
0.1610654275689564 
0.2686727947078122 
0.2698799375921992 
1.44473683226814 
0.04407652272366348 
0 
0.6611437795833345 
0.09967065912969067 
0.488005325514817 
0.4687180059370584 
-0.09616090406068342 
-0.05479790712842209 
0.1787936565311614 
0.1565736293306976 
0.01159186779310756 
0.1027134944425837 
-0.1518058522178587 
-0.5508419332922052 
0.0574812091183565 
0.0484704602866266 
0.8110531390755685 
-0.6205992666334854 
-0.3988267892328033 
-0.08506368072652845 
-0.003056112007454077 
0.3224096531919927 
0.3113902164409905 
0.1323494361726238 
0.3525917112273175 
-0.6295238775942336 
0 
-0.4380771069374287 
-0.227413902334608 
0.004557324111580737 
0.05884008425335972 
-0.08666080380434278 
0.4140980314005834 
0.3091608702146511 
0.4653153107795676 
0 
1.202575316198399 
0.6967692088251636 
0.4010594493630941 
-0.9999164199970175 
0.05312575415569228 
-0.4826159775317937 
-0.1062384824909968 
0 
-0.0421078359214969 
1.212543113909915 
0 
-0.148478012853359 
-0.004716092765907791 
0.7949306127777013 
-0.2511143351378077 
0.354423407289595 
0.0206372164513944 
0.250263057857548 
-0.3504868259232327 
0.2302337871312753 
0.9152741206056402 
-0.01237072953618252 
0.2046870991644547 
0.09773415150451227 
0.2842753393785891 
-0.3795444149736869 
0.1666141091788406 
0.0006128304400503438 
0.009471173285694955 
1.19604541497126 
0.2542222856642574 
-0.04969106330679852 
0.9066322054828817 
0.1814223142927317 
-0.0788686044889413 
-0.5174264907214235 
0.3866342874338526 
0.01225224873250377 
0.0584836316129347 
0.02783985760305907 
0.496255572295501 
-0.08354387122164686 
0.8494579935609696 
-0.2506876346339253 
0.05752085273218809 
-0.02366807701905755 
0.1928636348856728 
-0.009856463779741651 
-0.05089027976183044 
-0.07404365113183052 
0.2192851983217554 
0.2244371424263951 
0.5596692408794939 
0.2524006444883617 
0.2883410749805616 
0.003720145928547447 
0.08361589319830548 
0 
0.002289329095241907 
0.6477699307419108 
-1.38000490933111 
0.4224131332491824 
0.1061666862398313 
0.3408184344175562 
-0.03144046788308605 
0.4543546967892181 
-0.3208239962125553 
1.912748871617576 
-0.09139955843376282 
0.02698099388518055 
-0.1606832638750536 
0.2664611771553884 
0.346502949367881 
0.4813708024197091 
0.2022320669311873 
-0.6002725431624186 
-0.01559238878747163 
0 
-0.8417404139763782 
-0.02928800839674687 
0 
1.020353478646522 
0.6796489636784562 
0.001860415069991594 
0.1708653240289873 
0.02815251263542774 
0.04997012446126773 
0.03063303946979522 
0.160476410244877 
0 
-0.1839146593453719 
0.158751800790442 
-0.112025325353385 
0.3150537839840331 
0.1632495177701342 
-0.4117449811975751 
0.2986132329594426 
0.247589708506036 
-0.2228085704872503 
0.02906793368682993 
0.17122029258023 
-0.0226489963949932 
0.1992792213664986 
0.008047685307084168 
-0.017068682298536 
0 
-0.003084690361008416 
0.01776883622479262 
0.4884948185804259 
-0.1415753999019539 
0.370074212856112 
-0.5137056667420876 
0.373584398918167 
0.07653447537518404 
-0.5360535480572133 
0.07922778488778374 
-0.04648568486403297 
0.007951187413738946 
0.3643880776471916 
-0.6202121175767081 
-0.06399600801531884 
0 
0.4038525452179255 
-0.2240440436866992 
0.03898049854508993 
1.176229515794029 
0.05629440174267031 
0.009464659273606214 
-0.006455512896054939 
0 
-0.08764310781897069 
0.448234070502818 
-0.5246174173012446 
-0.1857630531868757 
0 
0.2263412224582245 
0.9925138745686169 
0.7007510095263405 
0 
-0.003937435958594102 
-0.1076992108681792 
0.4373406635191073 
-0.4362443434208366 
0.4244607853052614 
-0.3658293770882693 
-0.07702103672011575 
0 
-0.3828960433533095 
-0.05381535319870823 
1.018538432398566 
0.06551675593801851 
-0.03401452680490767 
0.2944709786400728 
0.01016205770846384 
-0.6513143596847641 
4.336808689942018e-19 
-0.03784905014381348 
-0.00749174764291068 
0 
-0.1061105793572199 
0 
-0.0002394245075203338 
0.05294744730319573 
0.09285112328132646 
0.6884618168287462 
-0.2224981306463348 
-0.07164456005680181 
0.4606662597404414 
-0.1666608672021828 
-0.1578576997667199 
-0.1212884608630484 
0.921330345709773 
0.08776617928499356 
-0.03245450224792742 
-0.04957699556296172 
0.03859296493461097 
-0.3639024282306779 
0.8310360389472492 
-1.195008181889397 
-0.7118298842521014 
-0.1151455095733546 
-0.5586246852646355 
-0.01496438719560913 
0.6034230598927153 
0.08635131272916989 
-0.3826168268449101 
0.6496172423939499 
-0.5716990407263238 
0.04078118960760829 
0.7960626131127795 
-1.121127882920837 
0.945273923063488 
0.8989453233999107 
0 
-0.03567210695319518 
0.357370363361662 
0.3484765663070422 
0.2253859259437021 
0.2134932073873764 
0.03239478113640605 
-0.1761578586911725 
0.04029412252272972 
0.04194110371273442 
0.05490044881584139 
-0.6316674800769672 
0.3238861904138889 
0.2377665709784114 
1.468489868764425 
0.8843029990298298 
0.8324032119510086 
0.215165245846601 
-0.6825286379126554 
-0.3147610084246081 
0.03359179926113785 
0.03566158160646971 
0.3333117822027564 
0.8248310718132158 
-0.2985051503844427 
-0.02219337779874115 
0.07146613301349018 
0.125664167923629 
0 
0 
0.00110825164855771 
-0.1846496941840205 
0.05739444873791912 
0 
-0.7281762592647175 
0.003094960081250763 
0.1349405626921094 
-2.710505431213761e-20 
0.134953693145196 
-0.02722716183204588 
0.07164712073953548 
0 
-0.1562363024419319 
-0.3214346161627655 
0.06200482452497143 
0.2922831915680102 
-0.1196402135171561 
-0.0089894819072263 
0.1576190516723174 
0.2138527881273886 
0.01253425050013933 
0.0306900487597839 
0 
0 
0.5191419777765334 
0.4020819654196515 
0.4591800930332102 
0.2019182979285992 
-0.3131735600199775 
0.4010643569981853 
0.3891236230408409 
0.003390125172724273 
-0.1634560901979129 
0.5271486181641624 
0 
0.4009290974736468 
-1.423417357780548 
0.6169792498624838 
0.00803090594083144 
-0.4923907097640638 
-0.6660723423783136 
0.4515132673862088 
-0.2287298708909415 
0.1020169411458002 
-0.02470377423062001 
0.3577896591500936 
0.6984674704425788 
0.657305519927324 
0.08283612648826423 
0.3731338231748795 
-0.01488226664483194 
0 
0.74997422783796 
0.4195969433123564 
0.9017394849917667 
0.6437328564242597 
0.1678863022997221 
0.02093251608416181 
-0.2071537022028864 
0.6195837631515468 
0.007321851345991542 
0 
-0.211051820407967 
0.4659891929890415 
-0.3819427320984453 
-0.09302045191506081 
0.2399562560459566 
-0.4881435001566281 
0.1440687758859438 
-0.07447955683684446 
0.08446738335090984 
0 
0.7174039839639177 
-0.2324358118231825 
-0.5071861734005851 
0.4083560137511767 
0.1038371731090063 
-0.2713652261997096 
-1.078271902896727 
-0.2801021056880073 
0.9551902552951859 
0.06694897718357903 
0.6704947018331295 
-0.1081415013703246 
0.6613602055842825 
-1.413725379904793 
0 
0.2703277731231254 
0.2253762764935707 
1.361977601464067 
0 
-0.08457866177563159 
0.07409454818353811 
0.5092108474275314 
0 
-0.02741524116533354 
-0.8220153181507119 
-0.09691399118455679 
-0.2461252114406503 
0.3842097781542709 
-0.2159013564839075 
0.8828731233206436 
-9.486769009248164e-19 
-0.2817036194049222 
0.1661837518282576 
-0.02719360670889872 
-0.03861987302526081 
0.00279748657482164 
0.1459164932623326 
-0.7564836802167495 
-0.03129615708542204 
0.1093175815436807 
-0.1508641873026926 
-0.6173813953717384 
-1.755085224114501 
0.08033101042298099 
0.5848753715553247 
0.5393629654900229 
-0.08475194558415758 
0.7050171546708729 
0.5867112468121528 
-0.1327606100692315 
0.2378383154890678 
0 
-0.01395186465914097 
-0.1049706668431329 
1.01421557052137 
0.1589121084762569 
-0.2274367298675509 
1.194461748421646 
-0.2879247423337882 
-0.006020026640461483 
-0.02932474918541574 
0 
0.271436100274076 
-0.02013313000137381 
0.02366773469448235 
-0.01304681820900298 
-1.120418899305786 
0.02358494393689414 
0.01458752363085778 
1.078633459840875 
0.4017622933676487 
-0.5783335718843811 
0.07561843386509889 
0.578654819835505 
1.110915295223787 
0.1383946352688696 
0.02253496543823308 
0.1048686441293753 
0.3357428666630088 
0.1169343123851899 
0.6516913822745324 
-0.006471849510064519 
-0.2401706345666474 
0.1502024011344252 
0.01349751729663646 
-0.03618638396711804 
0.07333757214068394 
0.02298508869334035 
0.0006429814073421914 
0.01611423053078311 
-0.03972519607687347 
0.3596798396303947 
-0.01890225358449021 
0 
0.8993601604709022 
0.1748091684377088 
-0.4337560670671027 
0 
0.2713340832817279 
-0.4590995367347149 
0.6934906034785788 
-0.09495619360665185 
-0.451549235985318 
0.1173514033406853 
-0.4192386152483566 
0.4769477717009143 
0.1832696841775478 
0.09057679532567423 
0.02989130964412124 
1.440973550341636 
0.3796690868918711 
-0.04167899721055691 
0.5660080796009123 
0.7670033719135254 
-0.2886188855084346 
0.1199925764233705 
-0.8383411571608973 
-0.04113588793013968 
-0.4328659343418748 
0.2918122161304043 
1.017178897963253 
-0.2942695438024647 
1.171316303802079 
1.338825507184542 
0.1026191767612051 
0.2016531665741584 
-0.05311409524793214 
0 
0 
0.6169266500242769 
0.6976604656607148 
0.06556929712442165 
-0.1799935862564556 
-5.421010862427522e-18 
0.01721344585273673 
-0.3809226158860005 
0.02393190352545409 
0.04771795339513511 
0.100809880661296 
-1.626303258728257e-19 
0.1653425521746529 
0.4593628082596894 
0.006315500032739211 
-0.2494938958373902 
0.04831492995286219 
0.3830509410963785 
0.005421279963768446 
0 
0 
0.1691909301805487 
0.02682611488037611 
0.1258965160338199 
0.7295121281130229 
0 
0.4494265440814251 
0.4288176570564281 
0 
-0.1121799386238711 
0.7891773474622931 
0.1171699798075857 
0.017653271353483 
-0.05027541759895858 
-0.02424875158990225 
-0.06364493773784402 
0.6786962257692867 
0 
0.01923267278241743 
0.3602421765548305 
0.4900333923076376 
0.1137451792225083 
0.2473455914312619 
0.1168171308561457 
-1.585081455856501 
0.5770056050954071 
0.118983839357057 
0.360447817454449 
0.02427283027957779 
0.4703299095759795 
0.04465921720662827 
0.1167616037922287 
-0.0007299415813528162 
-0.4644417475642401 
-0.03778797448389214 
0.5018724992176929 
0.0388607232596823 
0.3290404819227145 
0.3708053061275006 
0 
0 
-0.03732742374435769 
0 
-1.156680208618259 
-0.7479245539078828 
-0.6462500547725339 
-0.4644870224572934 
0.7957507808654115 
-0.6455345930612164 
-0.5436730851595233 
0.07234041071002958 
0.3560492368125361 
0.1148183629705727 
-0.2075916570960892 
-0.5701377067806715 
0.2736654738704756 
0.05129828782216603 
-0.5662358545724575 
0.0491580551889761 
-0.1157961754738081 
-0.0979658728980667 
0.06393726427295719 
0.1815009554741358 
0.9128934420247832 
0.1256678116396826 
0.5627416490782265 
0 
-0.01420083187999603 
-0.06722546856247659 
-0.1439010177960758 
0.5576020868909602 
-0.3530601237879605 
0.2099127911370161 
0 
1.712686694032437 
0.7914260252402113 
0.1592258625020291 
0.3829255034711003 
0.2123483637281295 
0.1830293696934934 
0.2902546618402706 
0.001615944199878845 
0.2331252308757587 
-0.5952326615290817 
0.0193678136092438 
-0.2624812936422828 
0.2469767906066606 
-0.0489593141682806 
0 
0.1344763327099847 
0.3638331095746867 
0.4331754020884009 
0.009158953652553661 
0 
0.1690294054068764 
-0.7055522254592267 
-0.1379418551738487 
-0.04415367282997421 
0.02581648014895314 
0.03969580475257155 
1.044898441044008 
0.08538188024609045 
0.2821785032986351 
0.3388538298769063 
0 
-0.2325585265261783 
0.1121822845972725 
0.1449574477014717 
0.05238044704361613 
0.1569471725832513 
0.7315830550399192 
-0.002142366579554314 
0.08743652689267235 
0.8321885984216331 
-0.5007906390453023 
-0.3602862817937846 
0 
0 
0.227008256432758 
-0.04805686504483495 
0.01390729803990458 
0.5747663815641993 
-0.0698387487561357 
0.204382055350582 
-0.0276038041044507 
-0.2592264727630901 
-6.098637220230962e-19 
0.1240232745505803 
0.2935091706318947 
0 
0.3763356194669117 
0.05338092538106449 
0.1974582343391567 
-0.3499101829591297 
0 
0.2166632380631002 
0.3774689722607739 
0.01243281555496678 
-0.02645208201731073 
-0.1330495955427472 
-0.5131503342360626 
0.3420232599691302 
-0.8008349175033815 
-0.5961201478131055 
0.166547314709703 
0.09488383535849756 
0.1710559887038557 
0 
0 
-0.008566838145026187 
0.7795402093882249 
0 
0.01937060077197203 
-0.2072522405760708 
0.01291152274548438 
0 
-0.4411205401702175 
0.1792802818718609 
0 
0.07777937067759889 
0.8291645848646206 
0.1988732669589763 
-0.408292120172865 
0.245434734830967 
0 
0.0891895228240606 
-0.04405724323318005 
-0.5111179007434486 
0 
-0.2735640985437072 
0.1970997385065587 
0.1319335628773019 
0.1519123214529361 
0.07276161940683692 
0.4075135651705013 
-0.08420819671462686 
-0.01062139229194225 
0.2490162235449075 
0.7568919184121983 
0 
-0.03659822144508112 
0 
0.08130409565667404 
0.1496240069424907 
0.08576150128627465 
-0.4643225315975565 
-0.7489455347404308 
-0.4676901577328461 
0.2252513219741626 
0.4416443833404543 
0.02979064288706823 
0.00032780210066128 
-0.07097994716100872 
0.2424477968051368 
-0.2658383684257352 
0 
-0.2166002540822797 
0.5494045762016385 
0.14937414369432 
0.135782611571929 
0 
-0.001890731963111832 
0.4902218583067909 
-0.4636662738049127 
0.1848111365158361 
0.05357078486364067 
-0.1226950691403129 
-0.4006662779562632 
0.2530758726432153 
0.4143479005642272 
0 
0.4618447370981758 
0 
0 
0.07788987285857471 
0.3488091822903392 
-0.4631196823203318 
0.4081926497065445 
0.2949399879403554 
-0.6955743049101388 
0.2440970688888968 
0.6301189848260839 
0.0489593964604551 
-0.004125570017295925 
-1.192659486091727 
-0.1719325343724742 
-0.6525190219994917 
0.02830963615096161 
-0.3052067591557951 
0.06012710972459337 
0.9621995975049711 
-0.1834314927776097 
0.01523069688936876 
0.8075679585552963 
0.07556727354119283 
-0.02094637132397223 
-0.2669794756908201 
0.02538311044158625 
0.07871017797005228 
-0.5295930106684745 
-0.07472138262394833 
-0.1064825045233847 
-0.5472011988893483 
0.4199675601562134 
0.5408924142018279 
0 
0.2296267856986131 
0.3397635468441915 
0.08791268776129936 
0.03660753897052296 
0.07873076500351285 
-0.009415316774929272 
0.2955508638551776 
0.0598400920781015 
0.1267697581292535 
0.3971639586505999 
0 
0.3806163218360603 
1.788933584601082e-18 
0.0628662470365401 
0.8785626891802095 
-0.1527227213224778 
0.4633826879680193 
0.3900411961178581 
-0.02121081891174965 
0 
0.3236970595187678 
0.03289934792262805 
0.1194619004428868 
-0.0496257801369346 
0.1221825841215432 
-0.08446562651127418 
-0.06536951881923551 
2.534661750450462 
-0.1987809327346978 
0.005868338605721312 
0.2687254069720367 
0.04002046956050896 
0.2930554032244902 
0.01098711872289148 
0.9697620396744381 
-0.3505143546338447 
0.2922904751013999 
0.1268950465375624 
0.2446176333530307 
0.09701253982100777 
-0.4650599329628621 
-0.02837869889350477 
0.01471532181701862 
-0.2020593580341511 
0.5558580677450043 
0.2080630563047359 
-1.088111560052536 
0.6410771456018135 
0.04979034786379766 
0.0225354427405133 
-0.4182543070378127 
0.654332316108481 
-0.2416014243081402 
0.2569955245184242 
0.1199557738379056 
-0.04451455995173766 
0.2157946035077433 
-0.09014198075518026 
-0.6092422458200989 
0.14275698491275 
-0.02270673233343099 
0.8043747201096004 
0.4912174220496965 
0.03978400317516376 
0.2051752582952502 
0.4751288750856676 
0.01631245042523147 
0.005737197290368088 
0.4630367630946245 
0.04989360059804326 
0.3321868297384648 
0.6637209612334581 
0.1702084698860907 
0.02539230950705021 
0.2233516505283486 
0.1246617987635888 
-0.2052732129246327 
-1.301042606982605e-18 
0.08839576054228669 
-0.4403546033444362 
-0.1479728101798144 
0 
0.4319451088873488 
0.3145650424445777 
-0.3909917393236605 
0.192657571708976 
0.4655646774637373 
0 
0.4586462905765208 
-0.2105283458867626 
0.01017505074945041 
-0.007439441026999221 
0.03109301787796592 
0.05504307493347687 
-0.6788329635608589 
0.009118357072222862 
0 
0.06760546535283264 
0.1447428721002542 
-0.5895983044466522 
0.0154064163759596 
-0.01792041866548234 
0.1030862344435809 
0.531582857973193 
-0.04602752247602983 
-0.05958790776599224 
0.03020036681283973 
0.0006665596647884975 
0.8190667717665477 
0.228006612318969 
-0.09133363421843428 
0.1187171612040593 
-0.5819417421586101 
-0.00291165548462305 
0.1048888949525377 
-0.1789876677804196 
0.3206069973530181 
-0.1473434370877293 
0.6933091777244751 
-0.1798372173859769 
0.06061846291628248 
0 
0.0496449627385078 
-1.218932200820268 
-0.08079360277120108 
-0.06799248030409613 
-0.318879418479095 
0.1324528699057716 
-0.4101569909744202 
0.2236117301112047 
0.06704708420942679 
-0.001968146702208871 
0.4434066893565342 
0.3890421808168439 
0 
-0.2559515653367688 
0.1086758421100038 
0.175350630839423 
-0.1570945737004137 
0.01990912186095472 
-0.03478638911094361 
-0.2269278352782354 
0 
0 
0.8242319961804609 
-0.003192981526712247 
-1.476450839422073 
0.05806202934386841 
-0.1838399848051744 
-0.09736830667324978 
-0.1276590475600626 
-0.4126436866661576 
-0.2398632367749511 
0 
-0.0002204870977417151 
0.03403013134991419 
0 
0.1235937748853591 
-0.5933080145742491 
0.3717563499706559 
0.08799766191647405 
1.066289591009966 
0.1418938993384924 
0 
0.128704469592192 
-0.02472767471207271 
-0.5492504223120014 
0.07965216456595925 
0.03830591648534606 
0.5374159798618169 
-0.1183763246984117 
0.1864860100672109 
-0.02619598729888128 
0.1776025603831314 
-0.3235014199554127 
-0.2111304455811535 
3.252606517456513e-19 
0.2921691523961291 
0.1223808828109442 
0.02807749645840617 
0.7737431620224763 
0 
0 
0.2895948733556896 
0.07860894069344707 
0.6665431195463153 
-0.309304753153841 
-0.7306457917466959 
0.1722678410284801 
0 
0.3849910259896705 
0.409065163624068 
0 
-0.5308481836218809 
0.05491059448288446 
-0.1842291537954168 
-0.07551134370806187 
0.02162129112041373 
-0.5685715204661956 
-0.5989180015645336 
-0.01524047167262415 
0.06635834874683139 
0.07262696658710403 
0.2249719534544844 
0.05144073598653598 
0.7250668451438477 
0.02799190607272253 
0.1308158771437048 
0.02066243799957657 
0.6831011543896178 
0.000152222143464707 
0.2102069431906952 
-0.02769817941464186 
-0.5030425470020718 
0.1146100175327709 
0.001765742903099182 
0.02706680273082805 
0.6603431335264655 
0 
0.1527450407547162 
1.401066602217808 
0.3416361803606165 
0.709409667468074 
0.3315599732850705 
0.4066723151500778 
-0.38997588589177 
0.4428326675954902 
-0.07312222652841065 
-0.1819760715437224 
-0.2243828375593151 
-0.001426533029937979 
-0.006566405959570989 
0 
0.08349210477654034 
0 
0.7032023512012318 
0.4953260252689625 
-0.3102549992626576 
0.3866328793129739 
0.5207267022827052 
-0.4071491284229665 
0.2278167218323326 
0.02812923151541178 
0 
-1.25233297721327 
-0.367250439846482 
6.776263578034403e-19 
0 
0.3143888513350686 
0.0467426896604379 
0.04432270779084193 
-0.00262957723559455 
0.2438037566234453 
0.1526493464661637 
0.01450102007127664 
0.09076996728535931 
0.0006760895826250861 
0.4719763395747212 
-0.2662666526305744 
0.09911751852920477 
-0.8876953661969206 
-0.2959493691018525 
0.02745715972541128 
-0.2890103743636547 
-0.06562522958297995 
0.01304599401208192 
0.1752998439172726 
-0.1784328668994198 
0.2844859948149625 
0.2124218221082483 
0.01079011484178148 
0.6082259572917773 
0.2530596406747529 
-0.584775650614237 
0.5373946221284861 
0.1649492707589753 
0.02779181651691771 
-1.064955340422393 
0 
0.3279344267529348 
0.09543162117791577 
1.024646930384976 
-0.1321250394405949 
0.02432866935575013 
1.214101860139893 
0 
0.9659178437849926 
0.1989390756402253 
0.8322920991691598 
0.167843624411371 
-0.002061256926543078 
0.3878948064333905 
-0.0157642642120817 
0.2648752869009929 
-6.505213034913027e-19 
0.01159466547187189 
0.07147532501989978 
-1.192622389734055e-18 
0.02880071846895071 
-0.3939458305402142 
-0.2590387405480025 
0.1115008178085922 
0.4573050148348573 
0.342695917646619 
0.1064960335007447 
-0.09295719204133465 
0.0007103892139992867 
0.0329184789806822 
-0.1417480185067821 
6.618070220939761e-05 
-0.172909059813172 
0.00145730454730178 
-0.959478994063897 
-0.03688342532596023 
-0.5577082095833487 
0.1002762784831907 
0.3400137213176855 
-0.5114313350418057 
0.5659805974357928 
-0.1440612044351133 
0.4666189720396652 
-0.05384093394957053 
0 
0.04615285237014758 
-0.4675960921294531 
0.05248207794556099 
0 
0.2579118601173746 
0.2102022279732961 
0.7632507440871162 
0.07039102654811398 
-0.3748326099132397 
-0.004770952647084483 
-0.5071379866858379 
0.303780889870838 
0.687390847813776 
-0.2611414462148005 
0 
0.1042557426075901 
-0.01174097890857655 
0.02640029084786706 
0.01050275898844769 
-0.4198127931412473 
-0.2734118227492264 
0.0585036135759671 
-0.07301130022009029 
-0.3758215387711544 
-0.008093862117571878 
0.2495529021202758 
-0.5547527866147121 
-0.01955791648585862 
0.1621456718388467 
0.5119364015693074 
0.03929872180219284 
-0.2760796518256762 
-0.285524091485131 
-0.08928793326272906 
0.5876491917100938 
0.1612850525637576 
0.09391847930929646 
0.4312193924135586 
0.2057562759891799 
-0.01114340247566602 
-0.5496629340824898 
0 
0.05654329566010555 
0.3463396087614259 
0.05414700919369875 
0.5140673039151618 
0.1386987328830304 
0.01974289528922142 
-0.1094585001165954 
0 
0.06633002808482533 
0.1566161053265032 
-0.5658656340792824 
0 
-0.1410919806568134 
0.008895731988125254 
-0.05126007653478998 
0 
0.05481218550626733 
-1.136364865251643 
0.2132640267778998 
0 
-0.002256458662011059 
0.0924669080950917 
-0.6357099172121692 
0.06528099450468364 
0.4782161849491954 
1.163793755556166 
0.07786714486594261 
0.3279910834020155 
1.158250273168539 
0.04456143544906112 
0.02067021479252344 
-0.08463160637350792 
0.3373883031615126 
0.5513864538163105 
0.02091335763231977 
0.457238233604111 
-0.05385042295722878 
0.2120568062741142 
0.02478214763489841 
0.2943864270790277 
0.238025246223363 
0.01102522451126889 
-0.07251499950080528 
0.08028661294620874 
0.6401660109208622 
-0.459758907642443 
0.0381349439763979 
-0.05056091399409962 
0.1690136028020188 
-0.1730361294679272 
0.62119781129437 
0.7777397149511029 
0.06414181397704702 
-0.353078535518468 
0.05048861581636511 
0.7034092337065609 
-0.2902627196590946 
0 
0.09026711935226592 
0 
0.235426825549641 
0.06518402344224314 
0.03726129339917537 
-0.04889649263855279 
0 
0 
0.0522139289913644 
0.04574295820222529 
0.5092569473368542 
0.05403098106222255 
0.05181455016649731 
-0.2696521225913501 
0.02689538568870974 
-0.2407847606794524 
0.3198240535532261 
-0.05425305524312816 
-0.2514201275030238 
0.4952517338507632 
-0.4637476165325794 
0.02035772476943798 
0.05519383867398371 
0.2782393431983813 
0.04500311734126663 
0.0005041200875060933 
-0.5380430594866715 
-0.467146312503435 
-0.07047299925521322 
0.1715729452695087 
-0.1818520034386579 
-1.599198204416119e-18 
0.2786272976528509 
0.006742192536041822 
0 
0.9845335012429769 
-0.1678124243769886 
-0.4055644325460261 
-0.1600251926424393 
-0.2584169019093188 
-0.1384921172868313 
0.1664938928660437 
0.2653884629864375 
0.006153558552755391 
-0.03979418260798795 
0 
0.03460926810445785 
0.1136120033656811 
-0.009165759494248433 
0.003281164221148533 
-0.1070804754738206 
0.1530613108079255 
0.5572863946045782 
0 
-0.2282096132937509 
0.2547610705673671 
0.5810860839169535 
-0.5900045861688815 
-0.00230229776267751 
-0.2460931596793 
0.1505265756815098 
-0.01879897040531115 
-0.5699618829661764 
-1.860918140443375 
0.0376839898586278 
0.06399664673116293 
0 
-0.1062720380666236 
-0.04266740327984417 
0.03214407339028855 
0.6752575721083994 
-0.5654765675643947 
-0.02799312683494517 
0.128692528087975 
0.2669708906093724 
0 
-0.1796788883205671 
0 
0.7614968459558322 
0.2284552891678241 
-0.1213349964252807 
-0.1013809326242487 
0.1709209447672887 
0.08629026521482616 
0.323136516176496 
0 
0.01937500312262569 
0.5736725464939861 
-0.04607326303505686 
-0.5181052873108256 
0 
0.5001673835732686 
0.07909981918161646 
0.5162525874110006 
0.001249658580005812 
0.01554347601176835 
0.4031709324651272 
0.006843125564991752 
-0.02082259178641257 
0 
-0.1348986297984536 
-0.05935568842459197 
0.4223719465501206 
-0.2553855119791601 
-0.002508853659015016 
-0.1734734137366694 
0.04758155714950101 
-0.202515258870847 
0.08374268036867193 
0.2883220385720215 
0.3366891804344063 
-0.4065144318144154 
0.128351551138198 
0 
-0.513057171015849 
-0.0007635443643450075 
-0.02988407550472352 
-0.04890157794433823 
-0.07358169159214643 
0.01229810816705434 
0.06374681821611394 
0.4371104630003999 
-0.09649255578373128 
0.08454536635460111 
-0.4386762413959217 
-0.4103918484436616 
-0.02207463328564199 
-0.3865295663296924 
0.05084409842755625 
0.7618313930196891 
0.6700431580245086 
0.1351930106977706 
0.04296445637015147 
0.09712184444267435 
0.4530892758134299 
-0.1243821634223938 
0.008771846807415577 
0.3114106582353564 
-0.7422015569590686 
0.7565830633941951 
0.2500128486253094 
-0.1812614624966359 
0.1590661890621669 
4.336808689942018e-19 
-0.4870495138268097 
-0.225573590853191 
0.105139403797504 
-0.03764990879883096 
0.4248355258235633 
0.01130755612366504 
0.05736913482237251 
-0.507001257371949 
0.09572824497627899 
-0.1256674166000773 
0.2172869581915379 
0.4175368557203146 
0.1229927175214908 
0 
-0.02071475139411043 
-0.2207744146399757 
-0.421508229262348 
-0.1806007656357856 
0.2110942274938055 
0.6439913515552818 
-0.7355082128255918 
-0.1721806017781736 
0.01498114570938844 
0 
-0.2365791853012684 
0.307297280468683 
1.568711048939937 
-0.09110970536348553 
0.2938657249737669 
0.4329197071053329 
0.03521376897889122 
-0.7105552933281356 
0.014364175998255 
0.02472643741944324 
0 
-0.7091298319132768 
-0.09336885681296418 
0.192015260558963 
0 
1.058972701679032 
-4.336808689942018e-19 
0 
0 
0.1247708504214906 
0.1436902035012876 
-0.05792750890499034 
-0.01261206867818885 
1.093275330090241 
0.4853764892879215 
-0.1780855741108923 
-0.09751293332099531 
0.03132340505636329 
0.1644877856472336 
-0.4974695952663024 
-0.0584898830299564 
0.5560638550017091 
0.09814037283541188 
0.005395763514926339 
0 
0.171207055269237 
0.03292060994315069 
0.1909586254376796 
-0.4156827280575484 
0.06079048094454816 
0.4892747385778533 
-0.7124790717972291 
0.007687667443663931 
-0.07652314473261049 
0.2397215720194849 
0.6071770361846233 
0.468973773384361 
0 
0.02896246189452851 
-0.109184481760542 
-0.2671193492701632 
0 
0.2211105915609915 
-0.09704846007407453 
0.1401668224451671 
-0.5667295530786406 
0 
-0.9912027418021189 
0.2393531874857391 
0.2137208322015994 
0.1001299226427743 
0.001604586145935403 
-0.00244940733620612 
0.1903666150662187 
0 
-0.1808939514294692 
-0.1108984953561423 
-0.3309719010274292 
0.1132724892193877 
0 
-4.336808689942018e-18 
0.0312585283283932 
0.0790633477785667 
-0.8726915480213409 
-0.8981565356637581 
0.2090373579923349 
-0.07095927491930275 
0.2842056296870927 
-0.08204979320468866 
0.01544546999476097 
0.02265402786926505 
-0.1887485898913363 
0.6036661370502927 
0.3986254562507279 
0.01970581100291314 
-0.05492348030468984 
0.2892111003105042 
0.05793517021518425 
-0.006155908459217829 
0.1494688567485481 
-0.07239316161263841 
-0.4441278260461906 
0.004540452898508416 
0.04635731126411453 
0.7887310700074517 
0.01855729362999787 
0 
0.01622250930799821 
0 
-0.04837236699700671 
0.4097481340526772 
0.6478472587780936 
0 
0.02850864243590401 
0.04156873474162695 
0 
0.01296049455633001 
0.186387272974418 
0 
0 
0.4380283310261305 
0.6523206989629464 
-0.4362735651972213 
0.1799463636316983 
-0.3103941661711823 
0.3071722615902736 
0.1722554453692565 
1.183907243290174 
0.005539527857291142 
0 
-0.5352207521015069 
0.03703236572212309 
1.234367990201805 
0.2960962454794399 
0.563570675622039 
0.02242469103833174 
0.04434605990600477 
0.3764008455679674 
0.1086843621722486 
0 
0 
0.02931652182021062 
-0.2338664412445693 
-0.5980554159386112 
0.1919917309865071 
0.03330713255991573 
-0.04900995697371093 
0.2897623348485976 
-0.2259847304994125 
0 
-0.001082551206406277 
0.02221830802766735 
0.02058611815717526 
0.04705195619374408 
0.0173530456591465 
0.1834836025976492 
0.1429585403053608 
0.09626609054744434 
0.314955515742098 
-0.005009157595821491 
-0.6221988761756999 
0 
-0.3495782568776712 
0.1496182936583602 
0.03984407917692385 
-0.5487368654265466 
0 
-1.041324056527571 
0.03354047911144536 
0.3025512521164203 
-0.2011979548514315 
0.2876836782032804 
0.1659899404487102 
0.616638999289511 
0.3148187243033005 
-0.02059232110675266 
0.1815165816414878 
0.326267127944182 
-0.9715301901419692 
0 
0.03760852213811479 
0.08521956010398653 
0.04527339066100548 
0.2685240298928394 
-0.02676159892228916 
0.1139906669519854 
-0.5504601133681077 
0.3450446763391888 
0.3228014065606827 
0.003908512458626103 
0.02974140220047735 
0.3752819946937372 
0.05273218928438402 
0.04740868205511457 
-0.09281393198343456 
0.003749821357205261 
0.1771549464651274 
-0.3729999924732835 
0.3223775301752242 
0.0147065175609454 
0.02354083358399853 
0.3873650391200137 
-0.04870780765807791 
0 
-0.06729148673450552 
-0.3187223750670706 
0.02471253106140203 
0.006894855226534417 
0.2897483051359178 
0.006881508526107361 
0.0215320545639939 
0.001382338255107307 
-0.0133333605094414 
0.01580334912871199 
0 
0.3798592732163371 
0.2332205421030528 
0.0561421871716928 
0.2487986372160119 
0.4270822217835188 
-0.3000871539349032 
0.09477545977874782 
0.2997139617924806 
-0.04019661082273877 
0 
0 
0.06681227466434365 
1.734723475976807e-18 
-1.261657857118975 
0.6769266874677509 
0.3455085256131678 
-0.623689092408365 
0.1524406518190711 
0.7794244272569317 
0 
0.2745181953692 
0.3019317236685843 
0 
-0.04614957893049048 
-0.012876092374092 
0.148763348608989 
0.2785027002661459 
0.01175806029708961 
0.03469353250761253 
0.1112673576853659 
0.2867650135334091 
0.175296410661547 
0.01424687967721385 
-0.07151986224072016 
-4.336808689942018e-19 
-0.02688715918965299 
0.01487798815943629 
0.2264455384765138 
0.08357871676534288 
0.4397711365527084 
-0.5961604186756776 
-0.4037866629128745 
0 
0.8474281921413364 
-0.001549436565835847 
0.1304616672355937 
-0.09744629385180568 
0.9642047090735366 
0.1579672755763685 
-0.1681759241435232 
0.6769424017476653 
-0.01281072728463959 
-0.137755516285434 
0 
0 
-0.112324990468537 
-1.632863481653044 
-0.3743265085002741 
0.0360221191151559 
0.5365502445527163 
0 
0.2058248047536962 
0.07876574362169582 
0.2684075425225937 
0 
0.6006653186665806 
0.02609575135106857 
0.01433192628196226 
0.1918596982707568 
-0.3159146464705482 
-0.4858422311535637 
0 
-0.2874033798958346 
0.03085450535132581 
0.2046324357797374 
0.4167976987030976 
-0.2220608631075472 
0.03504704798124569 
-1.734723475976807e-18 
0.1366580665794332 
0.2384814763593017 
0.04209312189401775 
-0.2624154592323026 
0.1015653284631807 
0.5904058324410696 
0.01410306613674854 
0.0272539805355121 
0.08327125052904097 
0.2660701580155823 
-0.141818128260125 
0.02005916171094656 
-0.04371977553171499 
-0.403032610511623 
0.1019210443289358 
-0.009010041179784045 
0.7681945895830075 
0.06210742397971707 
0.4356565827757401 
0.1907440045181414 
-0.6033608436842508 
-0.01672544215558123 
-0.6576051102852466 
0.3117799378318682 
0.06758413854188997 
0 
-0.03472740656704806 
0.3083979457131311 
0.22095667957385 
0.334849416473706 
0.01410310279174323 
0.8413791161282316 
-0.1109801294857295 
-0.01008165825795553 
-0.6789471029925351 
0.1499449049201501 
1.084401156521609 
0.04413555298266713 
-0.07336022617041844 
0.1481926635170362 
0 
0.08034012878394575 
0.08873446505091859 
0.4054483446218238 
-0.2117551241960038 
-0.3339288499219322 
0 
0.0093306368388704 
0.01764107159318732 
0 
0.0373776991926704 
0.1733115806538652 
-0.01135339768657576 
0.1368600839316159 
-0.01519783582465749 
-0.1988761701720065 
0.4714030837449173 
0.1952593855453553 
0.2921488402473739 
0 
-0.900872603425696 
-0.02406059042658195 
-0.04605004073513561 
0.1172750930419685 
-0.03072839686076492 
0.1006422151040594 
-0.001981135663008317 
-0.2831804278940102 
0.394331404584047 
0.02981469019287627 
0.02989283816281342 
0.2003345374941612 
-0.06473827517088838 
-0.05318460462540467 
0.07860646753859885 
0.1655863738414259 
0.01860023646682853 
-0.3611201321191864 
0 
-0.4226209901572375 
-0.2362689383817536 
0.3767834507238647 
0.05655578515753645 
0.05182187439137235 
-2.168404344971009e-19 
0 
-4.336808689942018e-19 
0.3672787119401597 
-0.07874116901983895 
0.5408088432277232 
0.343414372834319 
0.5475516707106701 
-0.03306909666553302 
0.8342556329101058 
-0.496158023197119 
0.003927337405601276 
-0.8798219589675693 
-0.3143387184165546 
0.005581735812539052 
0.1047249710543075 
0.02555961506229997 
-0.3003956814515868 
-0.9491801488564356 
0.1150759404444137 
-0.1550331213818421 
-0.04131430473883738 
0.2612529039232853 
0.1750926883363981 
-0.1944351427489242 
0.03707659416446002 
0 
-0.9206988298366534 
-0.04773825474993403 
-0.3803093659456813 
-0.2849729831437373 
0.2119657343828035 
-0.03967659229403494 
0.08657825228980019 
0 
-0.03511481686975985 
-0.2860186476836006 
0.0413461307895849 
0.5255299172081143 
0.1514459324075626 
-0.04632412415716435 
0.02898393320223713 
0 
-0.4065274473039547 
-0.09739393616929708 
0.04153124683751518 
-0.01140910800596525 
-0.5282285552268103 
0.03483587422232444 
-0.1706869324249006 
-0.0343849810351978 
0.1075194569293173 
0 
0.8493054825066787 
0 
0.1516661714663599 
1.121035318095243 
0.07788272043398653 
-0.5035430388602326 
0.1488536539010351 
0.01715043706750541 
-0.1339435595248203 
-0.4523089172949334 
-2.646747527811001 
-0.1327493307498855 
0.658956230607308 
0.07406847558805335 
-0.2424004367290188 
0.002700406331153647 
1.680566597556371 
-0.205720250125798 
0.05883355673821917 
0.002717488595732898 
0.1290004106210934 
0.007442205501043476 
0.03525591157624498 
0.09488738560177165 
-0.350172202541873 
0.6438983452672312 
0.08245578027386057 
0.03505919077142519 
-0.2820190492913367 
0 
0.009788357496910509 
0.2525584428499709 
0.03825759810480215 
0.09858259347657577 
-1.897353801849633e-18 
-0.5290437772973171 
0.6765436892582199 
0 
0.2455448759801649 
0.2079296310361168 
0.1009641206648544 
-0.1954705014870697 
0.1219608598032554 
0.04236900011691189 
-0.5520739987316909 
-0.09153475281592327 
0.01538908519867367 
0 
-0.1722901205667277 
0 
-0.173623140994971 
0.0464996213912081 
0.1505486375497494 
-0.6843900890576339 
0.8217316632481128 
0 
-0.100165408672316 
0 
0.0275189234334691 
0.03903342605126144 
-0.01329546347116927 
-0.5972203591984946 
0.1680469230292518 
-0.3804030250200541 
0.4978795109007539 
0 
0.01584814943679073 
0.01895148550328056 
-0.06794845014184681 
-0.02737626724512345 
0.1774227519124557 
-0.01076301105649342 
-0.3060132681280428 
0.3375448833967697 
-0.1951053603403561 
0 
0.001766429063035102 
0.2920961791102819 
-0.4035133083557016 
0.3604855640979834 
0.2316283053162115 
0.004007647410187982 
0.5503160582210521 
0.6924962473574025 
0.2334123797820211 
0 
0.003004769345210808 
0.002320090930580491 
0.3861883600615842 
-0.2744960534183626 
-0.6203220636833224 
0.1265191916124598 
-0.1753432153119444 
-0.2020855460771249 
0.1640481665488212 
0.1589778224243243 
0.08132836569183863 
-0.2057961253869931 
0.1875263889152134 
0.1000098147748602 
0.1048155314942756 
0 
0.1865130516700985 
0.8991289280517442 
-0.01702511240921938 
0.03092929814355074 
-0.07950444161748779 
-0.2456223690512295 
0.009568856845069265 
0.09012662471549494 
-0.132020683477369 
0.09380926402223418 
0.1888570507591665 
0.02084990179902528 
0.4028323554464966 
0 
0 
0.08680252988204309 
-0.02987513274955801 
-0.006879581679927798 
-0.1297539839345744 
0.264587029489193 
0.4114765254204349 
0.04392550893529514 
0.05041403881807188 
0.07856557348206494 
0 
-0.2261825728372136 
0 
0.4298419806545124 
0.2749438028565079 
-0.2749016200258898 
-0.5538644733607635 
0.08534838130524272 
-0.01333552084321743 
0.07554939213869516 
0.2339007962091635 
0.04991290495965767 
0.02021430545023058 
0 
0.02580103997563026 
0 
0 
-0.193291147693557 
0.2201870268169318 
0.8510131203024007 
-0.08303958634208587 
-0.3426225234089327 
0.002636697260456549 
0 
-0.04035425021957929 
-0.04737356061883963 
0.02269388965106419 
5.204170427930421e-18 
0.03509794507484316 
-0.09256734991107465 
0.1165146873940656 
0 
-0.1943279138397115 
0.4642092128537401 
-0.06392441452313097 
0.2049265617922765 
-0.05149137937005738 
0.009225509605122037 
0.2440783294678273 
-0.02323057574990815 
-0.04844068840669287 
0.2190820178133461 
0.04425507188703114 
0.3644082987241207 
-0.02781560424169451 
0.01425544146178694 
0.1733388157080679 
0.06079065210628165 
0.8351441347035458 
0.1853182590981536 
0 
-0.2076041414990176 
0.2420894779338028 
0 
0.09307536119263661 
-0.1093460249580502 
0 
0.5896253542153862 
1.084202172485504e-19 
0.0603572813105506 
-0.8068200607608234 
-0.05181184764677583 
0.05579884392461289 
0.06136650543716079 
-0.5310582113309059 
-0.2645935354984577 
-0.8800961469428482 
-0.04668865840980346 
0.006213973504503445 
-0.1306272534294395 
-0.09476493415558933 
0 
0.2218145672820417 
0.01337657810530292 
0.02853399480049484 
0.06297486287384688 
-0.02633533880803523 
-0.06722587212553062 
-0.1808944847775786 
0.04413985333895638 
0 
0.6516125501772223 
0.4258127630630387 
0 
0.005509968053360048 
0.07803192118455494 
0.7930470422519469 
0.0281984939060856 
0.1777890251425309 
-0.04585019565769239 
0.1297108897056108 
1.076593843193613 
0.6626602677373095 
0.02134995625893883 
0.06194531540637041 
-0.04937051528934625 
0.8353078525627908 
0.01525810171148385 
0.1680334757835991 
-0.01742886654922451 
-0.009892469930925586 
0.3905089392754534 
-0.03320330862669354 
0.02770781030042585 
0.4660368089443541 
-0.1038626947274394 
-0.0927321724548839 
1.099524432755194 
-0.3219597476619988 
0.09798890541147248 
-0.3663054313994427 
0 
-0.5371885296208398 
0.2526684254615439 
1.150372936835812 
0.02812954888757499 
0.01779126689080338 
-1.230540021785758 
0.0254034937510798 
0.007759909695026493 
0.5265746353438013 
0.07892439862843535 
-0.2779634075596985 
0.00119082931819793 
0.01727238592622872 
0.4239197149787058 
-0.3676381336417567 
0 
0.6723938841596074 
-0.154426297091236 
0.02091336914037383 
0 
0.3366834434013242 
0.7509313608715309 
0.1800555740677757 
0.4802039192381461 
-0.258304115139072 
0 
0.008819535323941275 
-0.008038587204061896 
0.01784527879070929 
0.06276609350675941 
0.6073597812307078 
-0.0420529213986658 
0.4752487218358664 
0 
0 
0 
0 
0 
0 
-0.7100197276934638 
0.007014002068531775 
0.8572147701072805 
-0.3950817713631798 
0.304922940047494 
-2.710505431213761e-19 
-0.2756961240029749 
0.001708848586254765 
0.02102049279194227 
0.00113940516085152 
-0.3070895680872885 
0.7032035993188106 
-0.06789081735441213 
0.02076529203091333 
8.673617379884035e-19 
-0.004950407187883531 
0.09000645620966757 
-0.1813583211211467 
0.0109200637149194 
-0.1768727750921424 
0.3345004228889067 
0 
0.2234352757179195 
-0.08330082230081537 
-0.1681426862934176 
0.298691484879258 
0.1136878196937411 
-0.7199273729841598 
-5.421010862427522e-20 
0 
-0.9639043246750346 
-0.02115006615697967 
-0.257484341335267 
-0.420811607847049 
0.01138196241759814 
0.0937722499584991 
-0.5009670296284602 
0.1363967142631583 
0.2695662933900168 
0 
0.03685375509293352 
0.2530486009848457 
0.08523030031357319 
0.1703326885148921 
0 
8.673617379884035e-19 
-0.04409374524103229 
0.001778737294856098 
0.02453728304892436 
0.429989368449388 
-0.06622159139677847 
-0.01509006872604614 
0.7390391057205833 
0.007502503914679831 
0.06543435502510356 
0.0648926545042432 
-0.3854242559358105 
0.7769671197364476 
0.05120560976383027 
-0.4209474592039217 
0.08421381363455184 
0.3968753515116347 
-0.1061316995115697 
8.673617379884035e-19 
0 
0.004139494722385353 
-0.0944549664186661 
-0.5063957140094073 
0.562175006146533 
0.09668438034852629 
0.05235275065885496 
0.3825709855619774 
-0.005774343041462945 
-0.875438563902302 
0.2144959459313118 
-1.434900863949158 
-0.3232520978946781 
-0.1033237605590825 
-0.2906338006358266 
0.1403133661958567 
-0.05199697577279828 
0.6798572740110234 
-0.06949389845117826 
0.03529566382355394 
-0.6577768845599995 
0.005901649385036 
0.05053356954812066 
0 
-0.4108362558955783 
-0.05005463666241745 
0.0296560921567634 
0 
-0.1211044885288647 
0 
0.09422884987098867 
0.01087504734975205 
0.5741591976296837 
-0.6396463806909585 
-0.5786663327037739 
-0.001224742788071478 
0.003082985083341543 
0.04897441704334285 
0.05324160715006986 
-0.1173294777448903 
-0.7709066757450046 
0.0152737132359342 
0.1028311156192923 
-0.05258952195885397 
0.8232870850765325 
-0.2089599595990431 
0.6526589316519932 
0.009469078694496513 
0.2546041789807771 
0 
0.1168995409311968 
0.4755391846302635 
0.3464917528573538 
0.3357633514498772 
0.3961625932046601 
0.2174813445391719 
-0.01824341203741808 
0.1182756168152454 
0 
-0.01964574762971269 
0.3591732929634917 
0.1576030553888956 
-0.0798223560490041 
0.5784756696808363 
0.387373416797094 
0.02624000665493636 
0.3855723752820807 
0.2815263100921813 
0.8777842013278749 
0.3560364341480218 
0.03148464780747731 
0.06525892831453207 
0.01919438983727284 
0.1439950943248769 
0.01635755188996386 
0.3243402452139658 
-0.1066022243742881 
0.05956261705399381 
0.2465813970986234 
0.009013392361961057 
-0.2432183206200156 
-0.2880545918125409 
-0.08786354072313514 
0.02048320252558457 
0.5408959924486552 
0.332324589565285 
0 
0.1394655301991306 
-0.007963262047460073 
0 
-0.3747686411205267 
0.1666220961617506 
0.219137782218349 
0 
-1.000741658136871 
0.003188762099036628 
0.4046361083664766 
-0.3713361070714162 
-0.0222021348380888 
-0.004055389165574425 
0.008663296761904266 
0.1004566236719113 
0.008024278165842842 
0.0002048958477006538 
0 
0.007835515629283607 
0.02832241996051908 
-0.34111967869508 
0.1180573626385566 
0.08304534972057935 
0 
-1.022916783461689 
-0.4490316482269458 
0.09605590373231179 
-0.4733914700705139 
0 
0.04039915841111764 
-0.1739009543040587 
-0.434373106540716 
0.05776487368282834 
0.1989883532543313 
-0.2029298009410854 
-0.5635313699273246 
0.07305726329262506 
0.5487350196071415 
-0.7744550885194974 
0.3348022801361631 
0.3952099467872009 
0 
0.3340831482873177 
0.9997858255382062 
0 
0.1149835240448869 
0.07507645999353514 
0.006961284465450356 
0.2416956302959099 
0.5445557120262164 
0.00282152560728621 
0.2260843768293096 
-0.2797896846265946 
0.1698043264026229 
-0.007047408653367689 
-0.1644331158023336 
-5.421010862427522e-20 
0.01740964830357603 
0.02052936257341951 
0.1894820355280023 
0.003424367852997162 
0.02744628333593233 
-0.07418373723106154 
0 
-0.02484264017251898 
0 
-0.269321056217055 
0 
0.06235038934035214 
0 
0.003318129610824996 
0.008900819647312121 
0.05685354478974052 
-0.07041617560014377 
0.009191473806229498 
0.07285573935006369 
0.01520383293831648 
0.1569036061513676 
0.4656760630930128 
0.6915855806635642 
0.6032544895121528 
-0.1105034906619436 
0.3519552630470089 
0 
0.1016187469994052 
-0.2729254953149401 
0.07464855673591454 
0.06844055758008624 
0.1048307383540191 
-0.4493669332862453 
-0.3467729421955379 
0.009360990912826038 
0.2364936966086616 
-0.02804620627691311 
0.2780664113372388 
-0.2036616184408536 
0.1952672287530822 
0.07480536522779693 
-0.5137625582494136 
-0.3344570061880305 
0.1681133740618632 
-0.6047535601569348 
-0.1535670223874974 
0.3790753046693591 
-0.04361828378766886 
0.09407582075344374 
0.07748960200088245 
-0.006228642748500378 
-0.005553794761396596 
0 
0.137751182524631 
0.003606561455778753 
-0.03564944725900543 
0.001297351804638923 
0.2799818846861792 
0.02454923955580913 
-0.1228206385172794 
0.220332761635792 
0 
0 
0.00302912078097948 
0.02597494013404329 
0.1445124803130922 
-0.08847811611913323 
0.03140962607392622 
0.4288510445124989 
0.02001856076570581 
0.1214371182094202 
-0.006725900166846216 
0.03804543045604988 
0 
0.3358772330806425 
0.006573979786527019 
0.0150810154639097 
0.09058467374582793 
0.8295124078062102 
0.2394764883511769 
-0.05723361610320251 
0.1615373692479554 
0.3556353947989909 
-0.02797434399413334 
0.2126715536549989 
0.04933911420879816 
-0.4790606314223996 
-1.116629397654928 
-0.01633970892314125 
0.153743632658037 
-0.1218594002373197 
0.3380742427079123 
-0.1215004447827562 
0.3959406855239849 
0.03410395291121293 
0.3735083474263721 
0.4891901737624893 
-0.4012696468359033 
0.1864253649598279 
0.3573554765683978 
0.5138153787414016 
0.1383127172355615 
0.1192292086446901 
-1.084202172485504e-19 
-0.1582723834877771 
0.01211403948817541 
0.07956568175197218 
0 
0.01069867902931916 
-0.8324754956303424 
0.3386200684594161 
-0.4950897622892113 
0 
0.007773625181834692 
-0.01195973757576424 
-0.1077402853341809 
0.2715268596016628 
0.2606758776283266 
0.03838283072493259 
-0.3765951101272923 
-5.421010862427522e-20 
0 
-0.2189615924732039 
0.04130579084194661 
-0.1228809819050903 
-0.1026011818080626 
-0.07554173475861772 
-0.4649462402884151 
0.04233778813708119 
-0.03812489511950448 
0.004232340733732258 
0.008720275649829958 
0 
-0.2297419180455927 
-0.02629277079515294 
-0.09878776578064058 
-0.1698693274196688 
0.2519588278748337 
0.1842679446310352 
0.1555338121569034 
0.3350779826391825 
0.1829664567324319 
0.3380823881976188 
0.05440906060185938 
0.1109709066536723 
0 
-0.04531701792866528 
0 
-0.0460260389157667 
-0.7980433597903203 
0.004952526327497513 
-0.003935820828387909 
0.006541639254533364 
-0.4158812677816585 
0.00624805947034389 
-0.4299627237629733 
-0.08214143011230857 
0.03628114036795269 
-0.4299627237629733 
0 
-0.1121764843825583 
0.2689514375548711 
0 
-0.01210533890522427 
0.4732609337798557 
0.08807774754378125 
0.1686730628103879 
-0.02474958365569936 
0.1932684020994562 
-0.253451420022082 
-0.3096769229346084 
0.1045903266063744 
0.0009931719101914211 
0 
0.7024403574885908 
0.2245746665049198 
0 
0 
0.2024638267203241 
-0.4094156255539565 
-0.1262106888504546 
-0.4838594862715903 
0.1836736996925503 
0.2336987073314919 
0.06209664307018877 
-0.005662644909976156 
-0.1747872923766062 
-0.06600072287146011 
-0.016213797621909 
1.411206951844011 
-0.2497517260758434 
0.001855622622505696 
-0.2021580684370488 
0.2019106984661908 
-0.2450648540811432 
-0.008886510238313255 
0.001514207926303494 
0 
-0.01388024283252407 
0.03161286852758268 
0 
0.7815206108637202 
-0.2865622665914668 
0.0536310416062408 
0.5095510755159885 
0.2395773887679281 
-0.3700021350421033 
0.6034641543382123 
0.5994581082368065 
0.2517337841418394 
0.01638289299027609 
1.301042606982605e-18 
0 
-0.2704626159367422 
-0.1127543768513074 
-0.2414086822101502 
-0.2781988034707765 
0.04126152296155843 
0.7135463132065496 
0.01020682873953699 
-0.06646629662337171 
-0.1972573347105432 
0.01777748056132832 
0.3678669946465248 
0.01539193488922225 
0.3001496848261099 
0.6709122838518083 
0 
-0.1093350236422739 
0.03932991541067164 
-0.4802089398200182 
0.06701562282664837 
-0.1754436070705788 
-0.06483166094760474 
0.007263388524187142 
0.02867707769889075 
-0.01956061397665669 
0.2771141622891717 
0 
0 
0.01884411098263713 
-0.02363247644482362 
-0.312764996689346 
-0.04726473870619236 
-0.03225600680950588 
-0.01763824203272818 
0.1031500728933149 
0.6173937011679578 
-0.9774669131719721 
-0.5196047680574832 
-0.0351111244999369 
0 
0.01664938035549168 
0.005493863809764 
0.2247133674975308 
-0.1232737415347548 
0.2515847802766381 
0.0315356099829942 
0 
0.02086895712862531 
0.07116034624935977 
4.336808689942018e-19 
-0.002703773763191925 
0.1408575077173751 
0.04579024870143275 
0.8213183977297135 
-0.1171059785048661 
0.08591700467356701 
0.2896069030641979 
-0.2528505008568196 
0.08243321559215097 
0.3769185978413302 
0.02358145901156273 
-0.06088334650020714 
-0.147445837696156 
-0.02038144953200942 
-0.1652221369960893 
0.2234390102588821 
0.04992762820539195 
0.03350733377069059 
0.00482264967330043 
0 
0.006279207190224069 
-0.02678672300871077 
0.7650190565089167 
-0.2941575477662604 
0.03026673692874962 
-3.252606517456513e-19 
-0.07527851055966314 
0 
0.009492541779759266 
0 
-0.05460411201454211 
0.08506472832420724 
0 
0.07714554024550933 
0.110874428936866 
0.04669982126661513 
0 
-0.03139657557422731 
0.008465221497209656 
-0.1232572150655365 
0.2391919200619546 
0 
0 
0.04160563921880493 
0.1341393295522629 
-0.2493463996778324 
-0.1164865308445324 
0.1589200272168253 
-0.2691067526808234 
0.1618211612981025 
0.1131254647775676 
-0.1991003916520884 
0.4091830210987041 
0 
-0.0776218721323353 
-0.7471589605861773 
-0.2963328364891822 
0.3878667349542335 
0.1040927740394886 
0.007529557803927318 
-0.09588228452664437 
0 
-0.4074375366480485 
0.00154769270889015 
0.7621241135214396 
0.05128260279161879 
0.1334229320509792 
0.8906187148152424 
0.04540598507815342 
0 
0.1676912749011552 
-0.1464917391206323 
0 
-1.301042606982605e-18 
0 
-0.3313612978328604 
-0.02530805109372642 
0.01699066155963551 
0.03533242415982989 
0.002267775273221619 
0.07318431796659131 
-0.1085073143962197 
0.006459748189797915 
0.2175115903958281 
-0.4535716523619474 
0 
0.4489134229493589 
0 
-0.002200399200507065 
0.8774587912485599 
-1.734723475976807e-18 
0 
0 
0.0469193420313127 
0.02121818808922915 
0.1685084007747047 
-0.08592728579095905 
0.09344391578581925 
0.06698757706925899 
-0.003820995796800188 
0 
0.004505292194786031 
0.02036965135753998 
0.6067416604493551 
0 
0 
0.2545584998851547 
0 
-0.03610239031629438 
0.5496545282613005 
-0.2075647564647704 
0 
-0.3394561826184889 
0.07736826843397449 
-0.1116773072179381 
-0.9623992653137482 
0.05833958415766551 
0.3204370183065926 
0.3846620390402339 
-0.1613311509554511 
-0.2323602687423734 
-0.3532642058714831 
0.09408847217738657 
0 
0.0438919481785212 
-0.4944459121038796 
0.3089388031350346 
-0.2852515649302802 
-0.01610612574235855 
0.01448026341748086 
0 
-0.04248069348021566 
-0.1309014593068765 
0.173873718777175 
-0.07539086188740797 
0.1945252453624279 
-0.08870188621482966 
0.3274616267980839 
0.2847488498874376 
-0.153046876146213 
0.7472594541565516 
0.01596277039600096 
0.2098026416490709 
0 
-0.09106877403683311 
-0.01941077944465369 
-0.07164668853394159 
-0.131278265304231 
-0.4349620032509178 
-0.05035711301568278 
-0.03743047889363551 
0.6469293111013936 
-0.0184323263960081 
-0.05568675808068481 
-0.4604480984362057 
-0.07246496563340295 
-0.6963809467190507 
-0.04027515596437194 
-0.6090843735154661 
0 
0.03490976579525396 
0.8667866820733839 
0 
0.01684206121230994 
0.0706826322452707 
0.402879015277864 
0 
0.1058254269578794 
0.6342509476025183 
0.08800155409165883 
0 
0 
0.1518570643167552 
0.5918821903533975 
0.134691256657875 
0.252655955726273 
0.0105975435723731 
0 
0.3613185882154183 
0.02201437873540149 
-0.0502334547933297 
-0.005967003641840898 
0 
-0.01172879336772706 
0.241504179684445 
0.01789400374320718 
0 
-0.2741190778811947 
0.1292896666827041 
0.08248822426697303 
-0.06941981201253604 
0.0468346164205166 
-1.052089378102759 
-0.1395826142887291 
-0.3287785984475364 
0 
0 
-0.01356435837932804 
0 
-0.7574717389981297 
0.2991980517951071 
0.001788638752432754 
0.6791306370753585 
-1.158396070866689 
0.1042604545570621 
-0.07815762556511945 
0.4751238274370948 
-0.2845678349491502 
0.01674839011047891 
0.005130812517810919 
0.8770590363742401 
-0.04281863630601859 
0.01676964851473788 
0.01164158884255818 
0.2585908288413128 
0.05992701846575576 
-0.05542118258521499 
0 
-0.5133989323143424 
0.04968242231346915 
1.143558909748576 
0 
-0.08905862176036732 
0.01524357745837101 
4.336808689942018e-19 
0.2241900859820592 
0.1884516130121811 
0.2686718428175953 
0.2367633751653958 
0.4292326262479835 
0.2991582655845304 
0 
0.2936677553473931 
0.01171072707072541 
0 
0.05443841611588759 
-0.08677871335059663 
-1.018630658961443 
-0.001818596842620402 
0.09011571309012231 
0 
0.09964321154621364 
0 
0.09364463150607022 
0.4225132774439987 
-0.2208930125678017 
0.10362998807961 
0.2708079236674195 
0.001832406210496451 
-0.1714579983250162 
0.01974946896475139 
0.1334076064563365 
0.7354332003686761 
0.01462318313378199 
-2.68535516109667 
0.1900497191114711 
-0.1135326699794307 
0.1536638442936554 
0.4860247416114667 
-0.07361484230642004 
0.6431426690570413 
0.004558405221402658 
-0.04422055265630621 
0.02264014202383139 
0.9528012636969689 
0.1100690688623315 
0.3879536642294484 
0.2990037608304743 
0.1832959256553669 
-0.2792851061157444 
0 
0.02543871343842835 
0.05740614106736755 
0.001411254741285343 
0.02218432831645786 
-0.3165969505666041 
-0.01191973457184576 
0.0003282746505677815 
0.2155101222565001 
0.02925144538171102 
-0.1925188999903179 
-0.0354493317330259 
0.4223837413365666 
0.2177762039060078 
0.02590026892219816 
-0.7420648579807385 
0 
-0.9250783605081031 
0.03388974995913151 
0.224612741925575 
0.05518819474346389 
0 
0.6509028366866751 
0 
-0.05301295969753263 
-0.3311748182398886 
0.09296851858983246 
-0.1136458131625339 
0.09176020882126086 
0.04995191370354297 
0 
0.3272145499428193 
-0.07215403427401024 
-0.1150426343944895 
0.06350790793150805 
-0.5129487600679116 
0 
-1.734723475976807e-18 
0.07845576179161513 
0.0009202116994440114 
0.0007473840562959677 
0.007883662615186596 
0.07395197436053451 
-0.3527108353776267 
0.3053189064691366 
0.0009365800987748624 
0.6109671783705239 
0.9237760163096375 
-0.3600074650659133 
0.08976111203829636 
0.3504035074852738 
0 
0.1540557114080408 
-0.3853290749649849 
-0.122288520459235 
0 
0.1086570799881167 
0.02037131576400552 
0.3476347183270517 
-0.2201383379321318 
-0.1622315722574171 
0.2560611762346223 
0.3538220875016624 
0.1133113419960443 
-0.5325278718248547 
0 
0.2331761963698258 
0.02549624425972161 
0 
0 
-0.002671448455904501 
0.6929652870901597 
0 
0 
0.01519224142340509 
0 
0.06275293454379433 
-1.054861430223749 
0.0148767370686923 
0.3144540577000925 
-0.1272703092261218 
-0.5789762581011564 
-0.07355608865678259 
0.2674914564329091 
0.1968363685274631 
-0.4718240050038684 
0.356748312998911 
0 
0.09127280969403084 
0 
-0.02348605153606841 
-0.4669948488179348 
0.5156775713472747 
0.05211477946563439 
-0.9010304387858119 
0 
0.07212737316447582 
0.005539630479555342 
0.4395130437849289 
0.002690729328177535 
-0.1257099577278159 
0.1344894999937272 
0.09924810163718834 
-0.004002756653466501 
0.0155500277452388 
0.2087551174965204 
-2.171399916132503 
-0.01236887725009581 
0.03058528667426528 
0 
0.3627928553303519 
-0.3013543434851422 
-0.02916806568423998 
0.0525842893797212 
-0.1104174419571537 
0.005409266022206803 
0.1667790992546443 
0.08170515368556071 
0.04774123526178192 
-0.1004738336261383 
-0.008308161549512843 
0.8658588725191245 
0.03345048842780946 
-0.01673545737739146 
0.01890994650432146 
0.6350804548493634 
0.9024188302233805 
-0.006889116262472539 
0.01878699920164708 
-0.002571239472765548 
0.6645902743567405 
-0.1927574739636546 
-0.03804020599999657 
0.003758399000770892 
0.2946496264267984 
0.008878499656929929 
0 
-0.2346405502988121 
0 
0.000354879647779629 
-0.8257685993449602 
-0.2589095604162272 
-0.12401996095497 
0.5678474605752635 
-0.7047539728688075 
0 
-0.0003144656378441381 
-0.07761556103642588 
-0.008093296500183972 
0.02043656167001714 
0.00118408925359508 
0 
-0.02568377888420323 
-5.421010862427522e-20 
0.01302916182696408 
-0.6416835520541029 
-0.2611885238612277 
0.1168286822336443 
-0.1513297995578506 
0 
0 
0.0493416362865165 
-0.2222659021007141 
0.1403463898325347 
-0.3668094410859579 
0.2775615193436471 
0 
0.1453239377439218 
-0.180403405032217 
-0.500365758316715 
-0.1868803405199479 
0.2014931474285566 
0.05535110646807764 
0.1153143097878517 
0.4121804137377287 
-0.02277064748723388 
0 
0.05613852533752493 
0.005644713292082506 
-0.05414064888947005 
0 
0.1379902542506296 
0.6628111598977219 
-0.005934066029592987 
-0.3637878426301025 
0.09196955949215448 
0.1489087929851565 
0.20887743181882 
-0.01969268789698815 
-0.01463547139880729 
0 
0.09130434331663044 
-0.2452783611252474 
0.02620718930454147 
0.1100817586753951 
0 
0.1415443446190736 
-2.471784702312032 
0.5644577396869064 
-0.03965499110543962 
-0.1456619406659322 
0.02826788611902626 
-0.1229428803725169 
0 
-0.9984659521341945 
-0.59519576993654 
0.7928765951137556 
0.6666023789856708 
0 
-8.673617379884035e-19 
0.03438376434762948 
0.6514512221937544 
0.1216505674242005 
0.5700385013476427 
0.01450951949389676 
-0.001872134526073014 
0.02429676992860342 
-0.05821729902268479 
-0.01148921358333819 
0.0632691483906644 
-0.410333051494655 
-0.2651283629514248 
0.05372367451074303 
0.0005892885347467918 
0 
-0.03104486818816557 
0 
-0.08185148905675134 
0.01009660726720405 
0.3575968222589992 
0.3774363597647901 
0 
0 
-0.09860068346771486 
-0.1354919164190886 
0 
0.3279238319899455 
-0.0747307585997571 
0.0429574178408055 
-0.4010558011887473 
0 
-0.1499298882309904 
0.005161213166075195 
-0.5597664418769646 
0 
-0.8344371719897171 
-0.01316031040622666 
-0.0109967179601005 
0.2938293897023725 
0 
-0.01002808808897854 
-0.09572257809262122 
0.0371077026108368 
0.1286343104493452 
0.09469921504499842 
0.2643863551365178 
-0.1784078460200534 
-0.5214786217468558 
0.5051796106260512 
0 
-0.552244598966974 
-0.3383941832623784 
0.1075152377125451 
0.1105460389244703 
-1.490777987167569e-19 
0 
0 
-0.02757009437410447 
-0.003756941872914122 
0.266629374413081 
0.04155960349331859 
0 
-0.1063669709375881 
0.1875390260378239 
0 
0.3565873401452831 
0.02084963763376877 
0 
0.6019068821887316 
-0.00718356592985642 
0.06492278374745275 
0.09565844961977583 
0 
0.001841476497500279 
-0.1170689106832884 
0.06897254367971564 
0 
0.001618540783568411 
0.5288331680439018 
0.1865454495845071 
0.01268873874053892 
0.5740602651186273 
0.0856043186008999 
0 
-0.1128633378721048 
0.2642115288166604 
0.03759695330721064 
0.0615395088312615 
0.04142335883893802 
0.05106527596139351 
0.7838829643920981 
0 
-0.005570714129908508 
0.110999460162747 
0.05919306483744427 
0.260423181656919 
0.8333044022277772 
0.2560920704124112 
0.07753710989162022 
-0.1007070864078475 
0 
0.5067023271239347 
0.09734284390335125 
0 
0 
0.2424189104930177 
0.3998879105057219 
0.3218259329392639 
-0.3682036129243255 
-0.0003467397983419583 
0 
0.1058764660364392 
0.5639518514090492 
0 
0 
0.4957999760380939 
-0.4135195283431891 
0 
0.4546532385073501 
-0.03452646899634574 
0.4940824316383894 
0.002639733793477269 
0.332030415015791 
-0.6636962630004524 
-0.1374306144680486 
-0.06677452021558591 
0.04367097975610992 
0.05024679864902144 
0.08788530554646604 
0 
0.4232530230454496 
0.2470827640261402 
0 
0.7328359369378133 
0 
0.1337463286961766 
0.1064779396865533 
0 
0.02613888553391707 
0 
-0.02949305580158443 
0.001801107148665101 
-0.1067871720908244 
0.3452438773701342 
0.01771380227415206 
0.7938705997713265 
0.292269024143671 
0.09456226100807469 
0.04965629610627028 
0.9879800955179825 
0.03273257317713035 
-0.1015907665740022 
-0.05406211890473785 
0.0006246870675662762 
0 
0.1232830228396133 
0.2581051265912875 
0.04234293650379467 
0 
0.02898028452648699 
0.7070533525897554 
0 
0 
0 
0.6412525062786738 
0.5908511865423063 
-0.1396120565699603 
0 
0.001235109187251741 
-2.168404344971009e-19 
0.1757379761093938 
-0.3077917430044825 
0.04683506136826113 
0.04886226762985035 
0.2639532733771269 
0.003328926123239105 
0.0298014829871364 
0.1961268872152196 
0.01453825271695139 
0.0687276435615074 
0 
0 
0 
0.006132714630107819 
0.8668506783303673 
0.005510018755697033 
0.1334016499777097 
0.1546363207872879 
-0.0541742669680366 
0.1287714062514565 
-0.1897574726210309 
0.0270248513864737 
-0.1884529476430482 
0 
0.1395526460257187 
-0.1509751943206967 
0.1623963956057279 
0 
-0.1393159689701736 
0.4038764014438153 
0.2892612878995621 
0.04241900789203134 
0 
-0.00464754696307454 
0.3005276634930564 
0.02135473511426069 
-0.1066827619789307 
0.0645661265403325 
0.4398246085945363 
0.08961887361630894 
0 
0 
-0.04053719102907846 
-0.0181119054520745 
-0.1121775156269112 
-0.2213161855053797 
0.03568796083460046 
0 
-0.1026090804411872 
0.130847742428125 
-0.6314254753279849 
0.08329467644455887 
0.04460378970547699 
0 
0 
0.0007517957872456725 
0 
-0.2268432843688864 
0.2542990080813919 
-0.08016671369561239 
0.026072838387004 
0.2079172331289499 
0.001941408844965744 
-0.03032657788261748 
0.04251848370271538 
0.265526701671097 
0.04411320759101176 
-0.2848792059945633 
-0.07092667887621026 
0 
0 
0.01794266735688215 
0 
-0.2976505187304723 
0.04197155353711639 
0 
-0.07325840982186653 
-0.2599690345674145 
0.007987466849864216 
-0.1197483201306947 
-1.050876205572372 
-0.3972012371892416 
-0.1678439496561254 
-0.2121912815283235 
0.2479043425593971 
0.2229558248717279 
0 
0 
-0.6232736794419308 
0 
0.1038565400463334 
0.04771979381633572 
0.07147108607354394 
-3.252606517456513e-19 
-0.9401733342543543 
0.07934895203741303 
0.01856066326630937 
0.007671012788128339 
-0.06992557163432087 
0 
0.03749883529876929 
0.2764218321817008 
0 
0.007378953916238208 
1.067432387952379 
-0.4052056731388261 
0.069016916897387 
0 
0 
-0.3901183376493338 
0.9044857611358007 
