solver_type L2R_L2LOSS_SVC_DUAL
nr_class 2
label 1 -1
nr_feature 5000
bias -1
w
0.9492476343703431 
0.2817137090299162 
0.810094606591062 
0.5022462919076754 
0.1600475159508526 
-0.7657269520791717 
-0.09863916815336 
0.8431843524606717 
0.5924666705355675 
0.1818597966047243 
0.08401684768748773 
-0.6746375039578028 
0.55431244025852 
0.09545517436190631 
0.2310492579169364 
-0.954446893235587 
-0.05295413964626666 
-0.8569527243104208 
0.6546395156566327 
0.1957804722894006 
-0.3454921348126111 
0.9304151479831684 
0.05067446617798298 
-1.746573373729582 
6.505213034913027e-19 
-0.03109973551287508 
2.631518696260329 
0.8078969834491981 
-0.163948873861744 
0.02332009029074668 
-0.9031868777903578 
-0.008388968637039234 
-0.7123814334993011 
-0.7144805248811265 
-0.5555096585884159 
-0.4163002746695137 
-0.2882723773594582 
0.118901550515227 
0.2941503764319761 
-0.4282368867486627 
0 
0.8034333192145954 
0.04604797820833282 
0.1814378361314221 
0.2744629430897109 
0.1547371231594053 
0.1182113589657453 
-0.8982050750640579 
0.1176054846776683 
-0.4825520965328858 
-0.3153666226486653 
-0.1956682612421329 
0.1184309350116539 
0.001511546542030126 
0.04638698027092768 
0.01706780309345445 
-0.0518822163334995 
-0.9825424750327827 
0.177231252813182 
-0.2283080525741052 
0.1077791318462381 
-0.2142149324664802 
0.05229465455208705 
0.05111174459075596 
-0.2124000117778147 
0.05967354467835782 
0.1979349767216751 
-0.1644989744272699 
-1.14211562643741 
0.3982718418805289 
0.5950975805375207 
0.8502972481381954 
0.886868627320815 
-0.2253347788447704 
-2.428353985907072 
-0.08525460890819381 
-0.3425476316112021 
-0.2320302762150613 
0.04579076276289736 
0.09178463476881578 
-0.04364515497921656 
0.3294832695570772 
0.2365418721281828 
-0.1913556457435191 
-0.5393362484580925 
0.3312237197571528 
-0.02329823094256152 
-0.4820111172079987 
0.2897485961816692 
-0.08464319840682832 
0.03199977383070202 
1.036274287995764 
0.007705218154011207 
-0.44548624132204 
-0.4654733695908237 
-0.1133405528169873 
-0.4176132873647834 
-1.205389534014426 
-0.8606887701028111 
-0.1457138792109297 
0.02099940183068743 
-0.08825779224208204 
-0.3985688731062852 
-0.2078302936213289 
0.2285007699619259 
0.2316277722723543 
-0.07528716955710671 
0.02087221020057366 
-0.003449678988612277 
-0.6311854491728404 
-0.08470178501185766 
-0.04964752636829853 
0.1004598898425776 
0.2296598841432964 
-0.09726446574532871 
-0.4202697201536232 
-0.9299955496874938 
0.1255262210034236 
0.3774658609395012 
-0.05994362230682587 
0.3977056909938699 
-0.5750901279572237 
-0.04479025687601344 
0.1246296161108783 
0.4380839697571362 
-1.245168698267537 
-0.05915811671512414 
-0.8690959746104142 
-0.06628666518538227 
-0.06713803911953461 
0.09078037232531164 
-0.004646840313315517 
-0.8766014698713291 
-0.6285227332382389 
-0.244139024332524 
-0.33510821153821 
0.3422807838785917 
0.3248335063805018 
0.004271837885179887 
-0.07319311023653027 
-0.09215342268850217 
-1.099014277578537 
-0.07758839052512527 
-0.4028154346547672 
-0.1449792119215138 
-0.4779054420179109 
0.02479842470045627 
-0.05733256048790337 
-0.6669197609974077 
-0.05407221540442323 
-0.1507511958705007 
0.09006654672219093 
-0.4916835205416114 
0.06500846890452865 
0.07062138630772505 
0.2995388637503048 
0 
0.05991871802256027 
-0.008372923194392663 
0 
-0.3888035639587426 
-0.9820448982211599 
-0.2182436334534057 
0.4012128060111833 
-0.7090557184577114 
0.05603148598276043 
0.6540617666813836 
0 
0.5338744947967391 
0.2038469798459346 
0.1063263627845585 
0.1785521682562726 
-0.006942903418171264 
-0.4034016820881699 
-0.01449253996043066 
-0.7993707154891156 
0.2185479639422714 
-0.3543773264818978 
-0.2058127299297963 
-0.7984742842449337 
0.01310048547947559 
0.5710352181840508 
0.1596959027920022 
0.03287166608491156 
-0.2526337956562185 
0.0005750564542469865 
0.156231356308436 
-0.2946187182863252 
-1.615493423932256 
-0.2142677945975607 
-0.7993330317439917 
0.06083130821754611 
-0.4557284811191212 
0.06295006346338761 
-0.02457382004533266 
0.0924809263689126 
-0.3099777125009821 
-0.9243693816229994 
0.2234302820763973 
0.6255448783630116 
-0.1096374457143658 
-0.08322914183919682 
-0.09052366305958151 
-0.1699425475960616 
0 
0.1718496474753697 
0.03148009541712728 
-0.1405306597894288 
0.04033716242385736 
-1.619561482194097 
-0.5962805864246351 
0.1508023557169657 
0.6596639221135759 
0.1312268272233774 
0.06643670839566332 
0.004261958273808778 
-0.4244346871462074 
0.1404516760990232 
-0.006265411792944481 
-0.1789687027402226 
-1.132410080353684 
-0.2556456293393492 
-0.04612133171214076 
0.03920879648400885 
0 
0.1395317831654064 
-0.4943338155203921 
-1.233963493990088 
-0.2932129336472772 
-0.3843911821441584 
0.07566773538940265 
0.2641863246452401 
-0.5303038390381843 
1.704919795442628 
-0.1607076838464957 
-0.2344372903913142 
0.2180969890245824 
0.1386443547261278 
-0.1233502051877398 
0.04883044507267991 
-0.1537503152533483 
-0.02057642667131515 
0.1306745385582367 
-0.245635590168518 
-0.01964327228728254 
-0.05435761249277711 
-0.002754827478908069 
-0.7012373575081777 
-0.7521801093296008 
-0.4783069393056001 
-0.8997399872553704 
0.1302823927842781 
0.2044207234920468 
-0.5152971331219079 
-0.1726263665077858 
-0.0326534406710659 
0.08720015339996817 
0.1351702869687378 
-0.581173177373133 
-0.0358955697570464 
0.2043887071649438 
-0.007054623335318711 
0.4038574715388854 
-0.1218239151921425 
-0.3575115497946217 
-0.02400027712911221 
-0.01294689411805964 
-0.3014612701464747 
0.01973789533090484 
0.03770374745920133 
-0.7926041562281114 
-0.1201629822117442 
0.3846606040827962 
-0.01557320061930286 
0.313648748492913 
-0.01965924262462014 
0.05189169732479468 
0.2077216357334956 
-0.336093635958706 
0.4597077331674075 
-0.04378007488876483 
0.005316539308843169 
-0.06502114988357925 
-0.8042945589169671 
-0.03333453077784902 
-0.4116637045946785 
-0.1959887320396557 
0.1688882331618908 
-0.01075096410494406 
0.3631888964232153 
0.7951062036927713 
0.3206438558524018 
-0.3619968230157801 
0.5830190879831608 
0.09233796713984119 
0.1687838472644239 
-0.07354643678427113 
0 
0.0234356779007641 
0.139565994595169 
-0.0288219019574158 
-0.5807539350278547 
-0.03120695707767651 
0.2579475319744056 
-2.168404344971009e-19 
-0.1494797558211216 
-0.003640364162813714 
0.01193137259647094 
-0.08832285176514607 
0.05634370645850725 
0 
-0.3975649781359491 
0.1908803908265059 
-1.466350080279693 
-0.1554623175007096 
1.669978760953263 
-0.1161165513316147 
0.4962958047036038 
-0.1616005859445449 
0.01326145644165495 
-0.4852226032738174 
0.01692596652267788 
-0.3403968577201761 
-0.05305388839602816 
-0.0110644728525549 
-0.9143906199493552 
-0.0399461198357056 
-0.2856702915801514 
0.6009032244108647 
0.4671122749973683 
0.5870215083937085 
-0.1611982371730061 
-0.6691488037323375 
0.2670818965880222 
-0.1101395587199989 
0.07609551162127126 
-0.997680657207245 
0.1638989352572934 
-0.5167829762138517 
0.5075489075029089 
-0.07355667984547276 
-0.2396843471765147 
0.07985387034021423 
-0.01219231175832168 
-0.1664105331083921 
-0.4802664869268402 
0.007379718485073747 
-0.08441257176068517 
0.02390334270530661 
-0.008991331185235147 
-0.2112333401128495 
-0.2980540312264891 
-0.003811186683381342 
0.1120735334950092 
-0.456407311283665 
0.03918363390616245 
-0.5408315008899426 
0.6825369455842252 
0.01120344901142739 
0.007890853960377432 
0.007684667720725523 
-0.3894611660200237 
0.6594893053623715 
1.220862625280374 
0.7037417347514694 
-0.5638452844495377 
-1.084202172485504e-19 
-0.3850130014015495 
1.183320715854159 
-0.03758935615571774 
-0.8989764010964809 
-0.2304197554896942 
-0.2863904993409673 
0 
-0.2720717173770754 
-0.001511129694724903 
0.37057440354743 
-0.4412801073004035 
0.1261233439299322 
-0.1030193497169208 
0.1811446281876908 
-0.0791936306210911 
-0.01192024934747169 
-0.03848756679012608 
-0.7716488891149194 
-0.17855515640759 
-0.3268871697838275 
0.3385679791325328 
-0.6058951450531491 
-0.1769463398047439 
0.1280330288890124 
0 
0.1963392868050501 
-0.3629786547266965 
-0.8979786829077447 
-0.7531629047055769 
0.1232981927524901 
0.03056055814064777 
-0.7396334150012153 
0.106038603993276 
-0.2426793407335057 
-0.5732429492830403 
-0.6822455469013813 
-0.06276137311172668 
0.08329823650791778 
-0.5193506963333832 
-0.03164416154660227 
-0.1687539444406105 
-0.3286582894102322 
0.1426316083718787 
-0.01081181918335694 
-0.3728265139842941 
-0.06328743582373933 
0.5401605839607739 
-0.4054685807900701 
-0.177150699425241 
0.05101752787012731 
0.03501859804960311 
-0.1548172137701121 
0.1988931005581343 
-0.3913269381474914 
-0.5585556549027832 
-0.1116979937155737 
-0.1644046474859741 
-0.2106781281885143 
-0.2707396374412089 
-0.1541746624289514 
-0.01857337897479748 
0.7464488293915885 
0.2333852542052056 
0.2071156309019443 
0.1874043025019376 
-0.9325609136113989 
-0.6046035007133254 
0.0137995155219884 
0.8730716951043728 
0.4243040749349887 
-0.006943868724740544 
0.2140441107809757 
-0.05231919917298224 
-0.1805169819243797 
0.1589388799392296 
0.03720826097052476 
0.2735637463768776 
0.3400211266361851 
-0.7556673997797151 
-0.0007527625078562908 
-0.1774340929586933 
-0.4177918058058896 
-0.5204394103638134 
-0.5465350750094208 
-0.4554050396884495 
-0.6581439435677016 
-0.5314976696733718 
0.1992653858348713 
-0.07196364411663263 
-0.09816662997372007 
1.618014541612307 
-0.1149200929609678 
-0.2767800038176396 
0.2010659541270055 
-0.2706411950809017 
0.1282076398614824 
-0.1182113223903621 
-0.01895940554033984 
-0.1066581066070583 
0.05336448613040057 
-0.2011351787848064 
-0.8415043743766957 
0.008934507689993583 
0.01735328422791301 
0 
0.2675968580743291 
-0.6384753258366556 
-0.3206985380633877 
-0.01684741065281373 
0.2488881946663135 
-0.5142497125222624 
0.1183543694460849 
0.2037083396677657 
-0.5746626414281931 
1.121250916057571 
0.3210528086839312 
-0.2797732647608684 
0.009597891579600004 
0.02506007535316086 
0.06472873284930628 
-0.03826576050714517 
-0.7296440975290517 
-0.6349357979307981 
-0.1371201428625931 
-0.331612181575609 
-0.4651370401799415 
-0.04646210225265068 
-0.1984856413122443 
-0.1211566965197549 
-0.2008781587393148 
0.1432372379875561 
-0.5714828611560542 
0.6694474502476768 
-0.1891082907619032 
1.430441208078337 
0.2833090213628136 
-0.02710222723269879 
-0.1908085425402557 
-0.01073496673633161 
0.1838613552556446 
-0.336464323503915 
0.09920219916538738 
-0.1637952787135752 
-0.0344696828751787 
0.1930536503728814 
0.04289541201029288 
0.00957367490322977 
-0.3604718731911104 
0.1341022199503563 
-0.2486804028051401 
-0.1225880194446216 
-0.1020383370744877 
0.01105570377053046 
1.033520504459347 
0.05997462780454454 
0 
0.07175417825830166 
0.1385894204922096 
0.0230047921905394 
-0.4857134898255216 
-0.306770364544764 
-0.01026679531014772 
-0.3238671456465334 
0 
0.06164228875593948 
-0.5239108084176056 
-0.1902216091998082 
-0.08464242692609827 
0.1554637365643244 
0.1634215986766441 
-0.3171968299437979 
0.01035502143448725 
0.1637948722408918 
0.1158802775755667 
0.0320086647465146 
-0.2791474440982507 
0.0002139916518463165 
0.3286194426555801 
-0.005689938899188065 
0.04825357089759851 
0.04652634575842256 
-0.7333647873218445 
-0.004381696414496412 
0.8504092039875543 
-0.6631766378675706 
0.050672471643975 
-0.002367902584240884 
0.01724291644691144 
0.04510546609537161 
-0.3382496045763889 
-0.1844519436217555 
0 
0.1559902460203647 
-0.02634645090985547 
-0.6502246049584072 
1.158434214103849 
0.009339016685308973 
0.8926060599559913 
-0.01668816449601018 
-0.006707319356810012 
-0.3692853509227645 
0.04343119905203554 
-0.002937267735344501 
-0.4987715890989917 
0.002610730111952088 
-0.210174261105477 
0.002509578111208564 
-0.03210989026308489 
-0.05731857144567896 
-0.006962021101346898 
0.6378114106238636 
-0.4115282439925445 
-0.03259489032683786 
0.2688886500522907 
-0.4847412364729349 
-0.9103753869923048 
-0.4615764068667184 
-0.09396915300861684 
-0.4438969697247832 
0.07884744064208835 
-0.03129616411296197 
-0.02247650753628214 
-0.4940922550853395 
-0.006096489195646298 
-0.09803312857992103 
0 
-0.06382405803943306 
-0.1508256176394524 
0.005882616181034938 
-0.4676357278072659 
-0.2671609310516939 
-0.1204193817989358 
-0.01377335419113357 
-0.04859520588937329 
-0.5731376234349239 
-0.02049992478564605 
0 
0.4520392655714304 
-0.05619752318230433 
0.5503245427374772 
0 
-0.7161684444857589 
-0.5263928396122957 
-0.1276899002150471 
-0.1997960696435692 
-0.01201171293804449 
0.09686634738559276 
-0.2790251084308638 
-0.04331517910047684 
-0.005579809976903345 
0.02215045278516155 
-0.6016250348923639 
-0.08710119950172554 
-0.006215071568075755 
-0.4530869357308927 
-0.1432369555651684 
-0.3368816186561736 
0.1075070854535208 
0.4837440043864495 
0.09580619327842976 
-1.084202172485504e-18 
1.847456814932667 
0.2437515498590931 
-0.09577138034970099 
0.1926392470238189 
-0.06281308715047346 
0.4081834278555111 
-0.2493633891777279 
-0.4301993780008802 
0.02484602350240887 
-0.0685103440703224 
-0.2400297379526672 
0.8197598339210099 
-0.5855575866477403 
0.9514320597946143 
-0.001872257535571051 
-0.1314766301095388 
-0.0004638606831710641 
-0.1409825915545961 
0 
0.1703082337936994 
-0.03047674594378139 
0.01382544308441466 
-0.2492493786946407 
-0.1010710335378293 
0 
-0.263202937914415 
-0.2714374015975161 
-0.4140292627843586 
0.09730774038410574 
-0.09980526962129069 
0 
-0.6464591277751234 
0.2793691197432872 
0.1994999862955114 
-0.3517315177695914 
-0.2220972071512381 
-0.01292981404531233 
-0.01289705843907837 
-0.4818562933606242 
-0.02878180513165833 
0.1049320134101177 
0 
0 
-0.09827203915140922 
-0.3791318705856899 
0.06682892408085013 
-0.9248392394053733 
-0.1979098745357637 
-0.3692693651649528 
0.2922251274097093 
-0.07026265073748415 
-0.2144797048758149 
-0.3613075225404222 
-0.6949216876779872 
-0.3956548272980976 
0.2364896174900071 
-0.01490870179936864 
0.9655172985906247 
-0.03880067323798745 
0 
-0.009323690863707828 
0.05056377739238832 
-0.3381216871092272 
0.5566787970773369 
-0.5142000400703618 
-0.01224185027190619 
-0.332255876225942 
-0.08220118008066801 
-0.5172716485423771 
0.3013275882001942 
0 
0.5746375715632505 
0.1200959091353056 
0.1139310546738073 
-0.4552600693659157 
-0.02527661944078397 
0.6558973448072508 
-0.3151977352916909 
-0.03328455398818823 
0.2630666817885981 
0.01791985692560048 
0.03553853274685689 
-0.0796751639696904 
0.09800852257892111 
0.8753733077881432 
0.04350158557733796 
0.3393829856583655 
0.1087979969555722 
-0.437731356719761 
-0.5224666550149696 
-0.1054024758700973 
-0.5330456421914144 
-0.01079650574315983 
-1.134023208691526 
-0.04231173523504046 
0.03635322976293819 
-0.08405099253466133 
-0.4202226740277183 
-1.13543374077793 
0.05809496295746667 
0.5842272249882865 
0.3675762799040022 
-0.004311318423987052 
0.05054821644435307 
-0.0802845669847666 
0.06924431959418627 
-0.5961804709323063 
0.3516757818902503 
0.044090846423331 
0.3211860922762342 
0.3112644107868689 
0.4538007469063157 
0.203895507477527 
0.2239541395758471 
-0.1152112998149376 
-0.006389323067011976 
0.006699468935893138 
-0.06932070167521197 
-0.00374673481863564 
0.0989325611335575 
0.3133911160622375 
-0.3838562931129831 
-0.5064748963717215 
-0.08040436169803229 
-0.08545520741374715 
-0.4326962235288775 
0.01585053442252978 
-0.7716658330463854 
-0.2100611232788046 
0.1641003121008063 
-0.4188004686796702 
-0.2562434244639948 
-0.2621237295925519 
0.7205180509134947 
0.4840093586133253 
-0.8093630588149966 
0 
-0.4664127780922434 
0.07917896400300348 
-0.002964162230640886 
0.003718429483321558 
-0.4925830057913623 
0 
-0.0434351752521665 
0.3089335777203887 
-0.1815811375151406 
-0.2642325231052767 
-0.1459853357286845 
-0.1954019905473781 
-0.04140703201318535 
0.3944010482787926 
0.2689421585227874 
-0.4659720895917601 
0.1780626489085412 
-0.01231481223833714 
-0.0667016051076523 
-0.08449354781034218 
0.2317852572461436 
-0.06984462610496608 
-0.1832631292380575 
0 
0.08482835028916187 
0 
-0.03377223017794263 
0.9954142594435135 
-0.008891177361376524 
-0.158548474072863 
0.229087202661107 
-0.006783736212334759 
-0.1554397776863087 
0.1481239073084724 
0.08804247272921237 
0.5197562787856623 
0.7873022647677783 
0 
0.05459184574586155 
-0.2103075471198139 
0 
0.4984810408297789 
0.3858015884019126 
-0.7398924583148598 
-0.1598675278172634 
4.336808689942018e-19 
-0.2255096803597747 
0.3152942407205505 
-0.0002536582791821991 
-0.3193226872587689 
0 
0.05307991684176881 
0.01975193340109686 
-0.1001631254124369 
-0.2652453581376103 
-0.4147541751740446 
-0.2391119778831303 
0.02011018309859926 
0 
-0.565087170737288 
0.4937700321294644 
0 
-0.1877647947234674 
0.03076817077739014 
-0.1030443742416626 
-0.03786466223974864 
-0.1459674364478984 
-0.07491292394738183 
0.09813931965332769 
-0.09766079973976301 
-0.1440743022819048 
0.09203547687231266 
-0.6183603027152826 
1.071239915372791 
0.009879517115084216 
0.005402053017936146 
0.3548745942439995 
-0.4603336483587321 
-0.13700502657933 
-0.253464371975959 
0.01822991171014873 
0.239960560619282 
0.01374265037821177 
-0.1559437506443936 
-0.02167461965348444 
-0.2470528366994992 
0.001212946899419657 
0.2327613910241585 
-0.3455594305438067 
0.05919996521587941 
-0.5823883656497598 
0.0305759523657468 
-0.4508656603974824 
-0.003992630531039253 
0.1770145582150999 
-0.5300001833459657 
-0.5220771141285833 
0.09569654339661215 
0.03978030670733788 
-0.145003424594106 
-0.01237692707757417 
0.08386488064746671 
-0.0804198588935085 
-0.08861353844019892 
-0.0008761538955905144 
1.289923927994861 
-0.05549640642228944 
-0.02545834193499306 
-0.3265490286114829 
0 
-0.01800932697630166 
-0.06256905451041252 
-0.5035000448749133 
1.807271502568027 
0.070525376956952 
-0.007239786520160605 
-0.1663438860374867 
0.2666004035338499 
-0.02993537270355951 
-0.4452754214995531 
-0.3204543894820955 
-0.4937971421480699 
-0.08401132978248742 
-0.3296416183270009 
-0.06343322914986836 
-0.250810972646851 
-0.1333908437603187 
-0.4865357964640425 
-0.03043994227564744 
-0.1684525870132542 
-0.3738071795955587 
0.05209536033209389 
0.1297451900931174 
-0.7792258979394973 
0 
-0.1125538730321728 
0.4079547820624257 
-0.07767926850464944 
-0.7699198596430094 
-0.1055522669280423 
0.4497142321922023 
-0.3079233430455505 
0.1557912262343469 
0.4540018257103567 
-0.1792972351711666 
0.03700923461392115 
-0.2906188325320389 
0.01370808293854551 
0 
-0.1142446951489203 
-0.543415691651862 
-0.2249688143972678 
-0.01936692844944687 
-0.007767112425587776 
0.1009513455074489 
-0.0202756680785726 
-0.02724153327982548 
0.03518798267690293 
0 
-0.2208695162941818 
0.1294538182760676 
-0.05762147008088254 
0.02301200400337966 
-0.02214946729160069 
-0.06345514941052555 
-0.1587418855330882 
0.05568684326454279 
-0.5429386441591556 
-0.6109868568036599 
0 
-0.3746100703177469 
0.1379911734489407 
0.9660862414292251 
0.01644871971337777 
-0.5378110039477323 
0.07416013295327006 
-0.004316963960864122 
-0.1804220015232847 
-0.124332847333983 
-0.4949060594557841 
-0.0005272671039239852 
0.5104575589352001 
-0.3806789405750175 
0.01242739991260419 
-0.2827201693214096 
0.4970417696859918 
-0.03712617650009759 
0 
-0.09769196256877384 
0.09308288294430478 
-0.3620578341449265 
-0.05527147698693356 
0.3161464094390697 
0 
-0.1556467917016437 
-0.09062943830688995 
-0.07668483353904387 
0.1602309978639043 
-0.04604404133114809 
0.03011599989677841 
-0.06730195984467813 
0 
0.241698254594057 
0.7924530871172328 
0.02367710409623013 
-0.05061917836775086 
0.3512321282100961 
0.05405017245338595 
-0.4533965249976268 
0.2516150382525539 
-0.02308688966157011 
0.364809413366609 
0 
-0.01869546310167619 
-0.6560324684868923 
-0.2559628499935898 
0.02957735700081497 
-0.04645829332739711 
-0.2603285604744656 
0.002580681182460959 
-0.3444237554710732 
-0.01191731687558522 
0.2241422475337757 
-0.4343029107176555 
0.7554158957665226 
-0.145304085568546 
-0.1701039698596052 
0.1554719167044597 
-0.06132246975251893 
-0.03984918352740544 
0.3878418029166565 
-0.03866819657936285 
-0.4377317697063533 
0.2002799928201928 
-0.04239664480662182 
0 
-0.3119960321258033 
-0.4881826898593108 
-1.166632443307991 
0.07845212198938273 
-0.03060342979130834 
-0.009130204819258466 
0.01381593922516277 
0.4755717528305419 
-0.4805285465276325 
0.02183800272052305 
-0.2577547302542116 
0.04426607116372923 
0.06394335542136689 
0.06295119893771765 
0.004238229296112168 
0.1009575421419944 
0.05186050757215388 
0 
-0.2001034511544565 
-0.2892874618567466 
0.02059103740920476 
-0.435446279032901 
-0.02773627541750592 
-0.2497427020105686 
-0.1425435731630089 
0.3461952002443792 
-0.1689847557951199 
-0.005338154358885139 
0 
0.3687742142344669 
0.03660377952841009 
-0.01808054851040191 
-0.09283408183799975 
-0.2123686237993771 
0 
-0.3806848220791889 
-0.2780007784403084 
-0.157967995640245 
0.0414166861739669 
-0.0954467091483607 
-0.3947580434200824 
-0.02502146360625831 
-0.5284692998235545 
0.1205614451342294 
0.01985442950771317 
-0.0502139842679727 
-0.136415978968263 
0.3405685233212296 
-0.01318645734638851 
-0.003362886763051343 
0.2451221518035978 
0.1485498149045623 
-0.06459315456355029 
-0.7381825677679962 
-0.5207846486743285 
-0.6919009917048298 
-0.9777977972009267 
-0.0119824283686543 
0.04295580131003209 
-0.0218535545826221 
0.1056951655398401 
0.2318073669378023 
-0.03679446058892517 
0.08498577463297495 
-0.03604982401384153 
0.7513567148005081 
-0.1037413217169205 
-0.4183334991777423 
0.0160884502266406 
0.001805521257606544 
0 
-0.068903949635904 
0.3400075875048347 
-0.06322215844770672 
-0.9927986228291545 
0.5770236638792172 
-0.3478548786317335 
-0.4833100203258906 
-0.4394579078433691 
0.1826276652414358 
-0.3287132821059728 
-0.4543123371815651 
-0.06127072796016771 
-0.006555187008985295 
-0.01396863969132819 
-0.02207120529808883 
0.219640490394163 
-0.1031446874371847 
-0.4272727923218081 
0.4879069623142439 
-0.0009250265842905451 
-0.1041450549655298 
-0.01824047015065275 
0.1593506146893526 
-0.2844038040852322 
-0.1551059781387658 
0.5407504931876219 
-0.07889424822550078 
-0.02584555533985797 
-0.6749271464443423 
0.009565975145767125 
1.252329273396497 
-0.04366787113750938 
0 
-0.07500735362027577 
-0.001234572324733664 
0.1852803542286158 
0.08220385185368102 
-0.0425743183006897 
0.930472323946827 
0.2546813433030199 
0.4778851384146979 
0.0835768537709291 
0.2038677168759188 
-0.2645979867921421 
-0.192260170492434 
-0.3886809681028761 
0.03105749934180562 
-0.4863758564262994 
-0.2783083616117268 
-0.6660167967531062 
-0.4218422237592325 
-0.3217493708810127 
0 
-0.4922606016745572 
0.01101576703056909 
0.02978657303559339 
-0.3705071200152159 
0.02064863220274747 
-0.4281420061180173 
-1.734723475976807e-18 
-0.04392330400378287 
-0.1332643060977191 
0.04224101121808549 
0 
-0.3812569034315578 
-0.1964250210197289 
0.3845702369301088 
0.03431754341462014 
0.0339528477018559 
-0.0450466567907694 
0.03473457284275328 
0 
0.008214897868435192 
-0.03148796954439153 
-0.08854694989124404 
-0.369333167333739 
-0.1358365782685368 
-0.01096014174367723 
-0.5892470018379026 
-0.1250731836852881 
-0.2344987773453798 
1.622483401590904 
-0.08564822286197976 
-0.2254986309449503 
-1.090269609466252 
0.1867609006126628 
0.05892149880233835 
-0.006067649541909385 
-0.2390892110595651 
-0.6001307397614688 
0.3401725535505158 
-0.2914536376906202 
-0.06982513624597113 
0.02165818601325895 
0.04944507713933523 
-0.05564516833622658 
0 
-0.1696137633110729 
-0.4982299678880049 
0.05215910265199667 
-2.168404344971009e-19 
-0.2279461374115585 
1.084202172485504e-19 
-0.5202730106710253 
0 
-0.05709575574442841 
-0.4532185282672288 
0.1988787028951103 
0.1441785055621556 
0.1624933977419377 
-0.2809451179189758 
0.6402170943375626 
-0.7387898625440867 
-0.03535368313499379 
0.06209357555178039 
0.1991214104097774 
0 
-0.2696443709143458 
0 
-0.1689454509093145 
-0.09285903531671236 
0.1428365365680276 
-0.4822834313835428 
-0.3802794133331342 
-0.0005528471779158259 
0.1879227901670943 
-0.1389119739160594 
0.1637644465940855 
-0.0360531512599914 
-0.3731272171626622 
0.05893160801858099 
-0.2557902759666809 
-0.3455068577098516 
0.4045073926934268 
-0.03747093631816838 
-0.05026767643769092 
-0.3650419936772321 
0.04108158515075519 
-0.7134346860443941 
0.8978726902760268 
0.1746297735179102 
0.07276731297268717 
-0.2190036157982891 
-0.5980628112168639 
0 
-0.1837233477638988 
0.6514169217541037 
0.08578096035512162 
0.03568197417478838 
-0.09123100227334295 
-0.1078256201009026 
0 
-0.3096961299476494 
0.420228629558438 
-0.2072033883704672 
0.1882490260564537 
0.1278114007070163 
0.03424372632762054 
-0.3393517607100098 
0.1537734164525923 
-0.6511441162899929 
-0.06725717346060336 
0.252696521322629 
0.1297383269476395 
-0.1385449012253114 
0.03958308248747811 
-0.09513434789327073 
-0.4051405228447074 
-0.219112718789154 
0.00189980486973607 
-0.1074588059817751 
0.6820054996681347 
-0.2455388059548963 
0 
0.03424129780430205 
0.1068050697809792 
-0.267850558094075 
-0.04976316454168624 
0.06196748070763959 
-0.5732812884736298 
-0.3587511632005717 
-0.195924613495083 
-0.08786172090182827 
0 
-0.533966829296081 
-0.02395949485407722 
-0.006047014979481943 
-0.5493733090299103 
-0.0394361263196283 
-0.3239025898005748 
-0.06440697205428532 
-0.03619727186645849 
-0.007202759321164239 
-0.3840679623465011 
-1.052373065361645 
0.2505317471549485 
0.05133027413056847 
-0.1236361845187026 
-0.1344612516424922 
-0.4112078393145345 
0.06746625484789032 
-0.4039540815741199 
0.08533718715426421 
0.03020800198189963 
-0.8526850102014445 
0.03100030150521463 
0 
0.0431251586657812 
0.1274444308913224 
0.1213869429919173 
0 
-0.04189215880353095 
-0.4448974691885235 
-0.1797818874988443 
0.07070362299392795 
-0.198702003933867 
0.2163956627503405 
0 
-0.1719947585437135 
0.05348097739339138 
-0.3682517979133178 
0.1780033207007966 
-0.1550250815354724 
0.07946446184752284 
0.122708212025953 
0.09324371345610452 
0.2744427414431568 
0.0666113329827478 
0 
-0.435641827752814 
-0.3858772373998203 
0 
0.1985263279526722 
0.08138636245510879 
-6.505213034913027e-19 
0.4300691008059752 
-0.6548522136941888 
-0.1122241160367894 
-0.1874998150683218 
-0.2785318393270192 
0.09363725780288208 
-0.006660159307633886 
0.3035474479915442 
0 
-0.7103900306066852 
0.03843923457213221 
-0.1096664639731869 
-0.9842818369052792 
0.03961732741625668 
-0.2430717562706359 
-0.005946483062046295 
0.007343482005966081 
0.06423224039165826 
-0.01787772932290449 
-0.005353887726467301 
0.2105847392421102 
0.01218386139717927 
0.3535042311377528 
0.5305595960775552 
0.4113370268550804 
0 
0 
-0.3004902302662882 
-0.4010638491828305 
-0.01225376409034244 
-0.04145086489656883 
0.02874244938354992 
-0.3865701879438351 
-0.1022693105511026 
-0.002707943306572387 
0.01399162417918844 
0 
-0.01896494081282647 
-0.3378373674934914 
0.09368590479988358 
0 
-0.1083012618938947 
-0.06168007592497222 
-0.1431938356426504 
-0.0235488933943802 
-0.4753317688181947 
-0.4336476214472277 
0.02346471976690107 
-0.6748141333014084 
1.192185242782336 
-0.3481325255740247 
-0.8249467852357278 
0.007134877083311737 
-0.7090159032336361 
0.2739142942037 
1.37716749947065 
-0.3996210836524156 
-0.007624501832277765 
-0.473596745570084 
-0.06674433325835703 
0 
-0.01426924745930179 
-0.07087716930295386 
-1.022455928412007 
0 
-0.09340291184481288 
-0.4202116534013838 
0 
-0.01479108366345153 
-0.03961028121093219 
-0.3748458503890486 
0.03389434193970202 
0.01727210467965266 
-0.2848802811836494 
0 
-0.1978983792329789 
-0.2393881347903375 
-0.3851820746672808 
0 
-0.1030370601758091 
0.08888938863842222 
-0.3852315547522126 
-0.1416886179801466 
0.619532596083328 
-0.4724983569832507 
0 
-0.4371239082983476 
-0.1297570328414082 
0.01728144621233255 
-0.2441023284275698 
0.07136809867807943 
-0.2067378584599629 
-0.003139405475707648 
0.0404780737951856 
-0.5988031221604178 
0.02135393691962074 
0.04286762015282497 
-0.1828970472635705 
-0.5235748297486169 
0 
-0.1279875619520408 
-0.1654121897514445 
0.09843955242542322 
0.040073310334871 
-0.08872762227791547 
0.2202212180504108 
0.0517014316693309 
0.2953404923657232 
0.5685772998724494 
-0.4941229371880671 
0.1066184035861017 
-0.4127444418248606 
-0.2918933035925929 
0 
-0.009525142480638417 
-0.3439150910423019 
-0.07370313917152742 
0.07262672786698141 
0.1425347114996259 
0.4943944062076822 
-0.2476237005819224 
-0.06347417203200088 
1.033891420180804 
-0.03018456402059975 
0.05547518140876905 
-0.4991409101648673 
-2.602085213965211e-18 
-0.03102919575436272 
-0.0011944692941864 
0.1354952948707524 
0.01340667982082388 
-0.3995976921936367 
-0.004659157087507155 
-0.08379953419669679 
-0.06566670194995276 
0.2231446899335375 
-0.06536195501827735 
-0.7384278135974895 
0 
-0.2871866337554451 
-1.350471140566719 
-0.1482136563319463 
-0.06436001966276891 
-0.37793963851117 
0.05979263702680585 
-0.1634585926533427 
-0.09730746296910819 
-0.03343664667761458 
0.07514482813001093 
-0.03723351731955124 
0 
-0.5129774172187287 
-0.1720606095019019 
-0.07667866112865164 
0 
0.09787357408748915 
-0.336651270391089 
0.4880204233473166 
-0.474201224230659 
-0.06811095354527515 
-0.3666342917719408 
-0.1148493038403859 
0.03765469209264723 
0.02180017852437143 
-0.003696659323827768 
0 
-0.01404926431476141 
-0.1941263045697476 
0.1436877935354434 
0 
-0.155403204777364 
0.329553163468875 
0 
0.07091523669496327 
0.4399596001180807 
-0.1307872293153461 
-0.00399850944321064 
-0.3478229685402647 
0.481287131997137 
-0.1443747493565687 
-0.2082664896148554 
-0.278082877570545 
-0.01482927612628614 
-0.00475170212555452 
-0.1353170833047628 
-0.06036940557750333 
0.189756675157007 
-0.138566831322117 
-0.01430560515045584 
0.4818004371629795 
0 
-0.1018378473661631 
-0.1908598308331622 
0.00644950029397506 
-0.4370734378210475 
-0.01388563055125836 
0 
0.07880862789554764 
-0.08247460472026295 
0 
-0.02636695683350119 
-0.1526536796303181 
-0.4883306949904876 
-0.6047866667200505 
0.06426001999047996 
0.01755842898558508 
-0.2191008031131946 
-0.3872374840063328 
0.007472196930099838 
-0.2371030997849437 
-0.4803107464033599 
0 
0.005619454837433371 
0.3307154126680595 
0.6795030255491672 
0.2351301314629509 
-0.01889842448630686 
0.08848885502052936 
0.1926322229684727 
-0.02259862863666947 
-0.3141510431549098 
-0.02214049289306748 
0.229714740420765 
-0.3332127484568389 
0 
-0.3666448548054537 
0.7459271039175961 
0.04595165373749702 
0.13683175821378 
0.2178649057562991 
0 
-0.0004682683129264333 
0.4460928572301793 
0.04975824292989543 
-0.2383402892773266 
0 
0.4892745432388077 
0.03348337881947196 
0.1461014359893286 
-0.3538585961561871 
0 
0 
-0.09589798174044308 
-0.5413944210984247 
-0.8108455715602274 
-0.0002264050930431389 
-0.05421713090974158 
0.1327782695036482 
1.021418835640966 
0.09314776404482702 
-0.03389134981985364 
0.07986201770225039 
-0.4066687765369577 
-0.01721412512631385 
-0.3181853018197256 
0.626127610480994 
0 
0.0527514123652405 
0 
-0.1803276817177829 
-0.2830973298308201 
-1.004845325274427 
-0.4026489650765983 
-0.089329781954767 
0 
-0.01745753847706663 
-0.0891110010018742 
0.3115320578686873 
0 
-0.3517478784164869 
-0.001225533410196816 
-0.3211453401389468 
-0.1577809803972628 
-0.5500274160520617 
-0.5677696621407599 
-0.007232239994766333 
0.08985325686375678 
-0.3958608203343601 
-0.3210087912013442 
-0.0008879342178129516 
-0.5585063638786049 
-0.6975991417752458 
-0.5511084032070267 
0 
-0.4162986417771217 
-0.08435958290617218 
0.07974539371341144 
0.01428222851250877 
0.6387263173847615 
0.05333787005177636 
0.6233322654625941 
0.0816626491096013 
-1.097936399732529 
-0.1171963564313408 
0.06833480961251527 
-0.5615969872355562 
0.252092883088265 
0 
-0.1760152866574745 
0.1405265507647784 
0.1906911654194871 
0.2087956077450645 
0.0313586936400608 
0.0396759743476954 
0.06123527144202497 
0 
-0.3703501081546272 
0 
-0.2467398705541979 
-0.02787472298669334 
0.5043198129081348 
0.5861240940405551 
-0.265358985864125 
-0.1077791598649069 
0.03717981718529314 
0.7054120156509044 
-0.06635366593171067 
-0.1675505241518744 
-0.3182817313439371 
-0.5184660441194233 
-0.08153541087059779 
0 
-0.3332036676490173 
-0.003151999308765305 
-0.2396843806072312 
-0.2520522608097164 
0.01011591399873606 
0.319249467722357 
-0.2423639925908142 
-0.299234241776109 
-0.1963043697691628 
-0.064041977218545 
0.2176983814227975 
0.1826913281743118 
-0.03955035155611335 
0.4663306801840135 
0.04198655774987502 
-0.3617790107841268 
-0.09109600775202048 
-1.022424052544186 
0.332253689226208 
-0.530943247493327 
-0.2108867093227491 
-0.02703656401528422 
-0.471771611940508 
-0.06573837397216475 
-0.3457451522495846 
-0.2186034539887996 
-1.146564783894547 
-0.1122485469588796 
0.005122331402748577 
-0.7734748702097962 
-0.0365745063214204 
0.03157663235361833 
-0.3705741413523073 
-0.4656307817792929 
-0.167225378319974 
0 
0.3953024024023412 
0.0357784822967528 
0.1065027348380431 
0 
-0.3435496493414644 
0.002346382603009148 
-0.03972966449391228 
0 
-0.3290753695278162 
0.06470881979020941 
-0.2897270771920068 
0.8126665790639434 
0.01901492510582441 
0.003580930853910178 
-0.3981026645001871 
-0.1023413769387123 
0.1741001984548249 
0.4512854573480327 
0.7260893535454942 
-0.2477365138003538 
0.2581182294273663 
-0.03700371605838407 
-0.5497836479036758 
-0.4214771413842359 
0.03565700462513269 
0 
-0.07257485888087215 
0.04580277753181489 
-0.01788377221680664 
-0.1551885821582714 
-0.219517792683104 
0.1116954011789771 
-0.02192992771362727 
-0.09850374364416782 
0.1629264041489304 
0.0001757013951572432 
0.02721226511339086 
-0.3239463311271336 
0 
-0.3281036328821457 
-1.225279786024634 
-0.03564443529336093 
-6.505213034913027e-19 
0 
0 
-0.05438618436769292 
0.1046315466110914 
-0.1143061050474707 
0 
-0.01308126399442316 
-0.170869627063685 
0.021350300876071 
0.05932881384474768 
0 
-0.2878367250911533 
-0.07010807753882513 
-0.2510381505327894 
-0.02064829881426513 
0 
0.1619304395322549 
0.6926761217560112 
-0.1575767573230661 
-0.0189420854189124 
-0.0571718756982976 
0.04625386080948725 
-0.04524079429247837 
0.09869966261968524 
-0.3400256104889146 
-0.3413916163970474 
-0.4016813784585616 
-0.188882017464209 
0 
-0.002425991442696642 
0.1233816372566817 
0.5146782277674606 
-0.2329075051815863 
-0.1059281861309013 
-0.05955927312624287 
-0.1685217461398337 
0.1922260298869701 
-0.1174042689189622 
-0.2136772354673735 
-0.1533027719948696 
-0.05223340006881533 
0 
-0.6275234581186511 
-0.3693490907082455 
0.1764346280935792 
-0.1690385106635832 
-0.3174515018070081 
0 
0 
-0.01342852093086963 
-0.5048691659642264 
-0.2322980810861669 
0.1984684171723266 
-0.1282514229788931 
-0.4599524529640759 
0.6995024214862171 
0.4449190347585497 
0 
-0.008139664654773046 
-0.0312579350808442 
-0.3824640632611241 
-0.158848487796808 
-0.1521772989946583 
0.5917271016298542 
-0.8155902781497483 
-0.1947057195221963 
0.0260161559067459 
0 
0.1914287728119169 
-0.2333629861380186 
0.3509223337496438 
0.0288753498755039 
-0.4449991908309196 
0 
-0.567449292992709 
0.3276773865746789 
0.1581895233675799 
-0.08268099778528511 
0 
0.7119136120233531 
-0.1072009659274305 
-0.6996661151241995 
-0.3216646060705545 
0 
0.09853983168345243 
0.4350382351408247 
0 
-0.1592133912479246 
-0.09753631603098949 
-0.2837802101668959 
-0.02396357214167025 
-0.02673709815577852 
0.1713233108239821 
0 
0.009724598077063837 
0.07958735360691434 
-0.0001585611162860706 
-0.2171793031442723 
0 
0 
-0.589758775555606 
0.8521602130544073 
-0.2519668908024915 
-0.4484519083177086 
-0.3733244934146045 
-0.006354535221579589 
0 
-0.5931731333623506 
-0.1738350113723328 
0.1725008221980232 
0 
0 
0.1251009248780351 
0.634208641476754 
-0.007671752967624048 
-0.1814615452225897 
-0.1361951654357698 
-0.2254811236698034 
-0.3834378905843571 
-0.08799185532456866 
-0.06821671780533325 
0 
-0.000470094210806676 
0.2944757990839251 
-0.003461460566329198 
-0.02193387807606984 
-0.3020045595181282 
0 
0.08502380919746502 
0 
-0.08631750474290471 
-0.2789025450562481 
-0.1442229566538051 
0.02500328417077765 
-0.009561660663928622 
0.1765820186517651 
-0.41614871263501 
0.4752392905767056 
0.008546881981593452 
1.153451471727157 
0.04723717755079215 
0 
-0.001803789168634379 
-0.0412656399267731 
-0.9752534233147626 
-0.09036276840246663 
-0.01662058421096334 
0.1385320998607725 
-0.1060846396889348 
0.2037358985884099 
-0.3904379722549118 
-0.2475963538482792 
0.0602032538725629 
-0.4173045793999352 
0.1144842173838853 
-0.3304099586331779 
-0.06289497019454934 
0 
-0.2076917105735511 
0.00959209182287726 
0 
0.2153114564515152 
0.09748804243101535 
0 
0.04882400278099665 
0.00611198459754814 
0.2553307711323989 
0.2475163624650984 
0.955119719571443 
-0.1449365912451783 
0.06399284734962357 
-0.5509413595478255 
0 
0.2583891541047249 
-0.3753498542974649 
1.079165483743055 
0 
0.03597804691141748 
-0.5080692222444034 
0.6127469994496085 
-0.2283582522068907 
-0.2470430119766342 
-2.168404344971009e-19 
0.01328193024421252 
-0.2123294127644808 
0.09331770422650645 
0.01377438160375946 
0 
0 
0 
-0.02602249666803303 
0 
-0.2340243090284649 
-0.5879118196929189 
-0.5091630203598534 
0 
0.07934057838937961 
-0.01069411008361517 
0.03365227034096599 
0.002317732751044738 
-0.5002543692494931 
-0.7947901653394985 
0.1333535901461628 
-0.774755693046045 
-0.001207749404405633 
0.1969652783748001 
-0.1886209407661395 
0.01534726851424987 
-0.3373453573259194 
0 
-0.1462306764257235 
-0.1538589844640786 
-1.734723475976807e-18 
-0.4475182004373208 
0.360963806700845 
0 
-0.1426535255206206 
0 
0 
-0.3542301125004587 
-0.3450693815262001 
0 
0 
-0.0469023855987196 
0.1565534594416275 
-0.2898977223627935 
0.5049265060364041 
-0.4564210268953471 
-0.3862956490417047 
0 
-0.6522170193926239 
-0.006957038649341014 
-0.5737280890728232 
-0.6694025223694745 
0.02775756312066324 
0.02024095854971389 
0.0148605226746958 
-0.003074072928781249 
-0.01768239660820737 
0.003167864613838042 
-0.6095993605236627 
-0.0005931922801132486 
-0.06672520543751954 
0 
-0.05820258627822384 
1.004711463748718 
0.3105141205263122 
-0.2588895232528257 
0.142817222225747 
-0.01525473544412753 
0.1937699301138815 
0.03099837409157288 
-0.01609276407951405 
-0.01780779063582321 
0.004060121756771943 
0.2414637296553035 
0.1468486094183071 
-0.1872771727161007 
-0.01271994791106513 
1.626303258728257e-19 
0.0467274159038969 
-0.6729615856505821 
-0.4056581489892943 
0.483709839294344 
-0.02625951251305688 
0.2347304454302809 
0.1046625669411155 
-0.008050257055455288 
0.04187628362547909 
0.008561176039259698 
0 
-0.01938158081425227 
0.1186756459764737 
-0.2245571289017134 
-0.3500694705222189 
0.006820218279334995 
-0.1910056866497484 
-1.336693228556583 
0.07848215506461627 
-0.03329977672719024 
0.1040931450027626 
0.3168670693768715 
0 
0.7102749566993735 
0.006446225998421966 
-0.06086407184774634 
0 
0 
0.6730090939827812 
-0.1794865769142061 
-0.0001678339543317189 
-0.2484111390589173 
0.3817747021004093 
-0.001758758696699972 
-0.255635111911053 
-0.008656676406381663 
-0.000873827104531568 
-0.07001193967631479 
-0.5948673962704084 
-0.01300364294774317 
-0.09563319267067835 
0.2162165407404752 
-0.08418803438219641 
0 
0 
0 
0.03800063726844054 
-0.4059581193447919 
0 
0 
-0.585004423344497 
0 
0.05229039337232341 
-1.355252715606881e-20 
0 
0 
-0.01181013578485727 
0.5771380426530156 
-0.1023977835629154 
0.1774282526974605 
0.3736056201527675 
-0.1866638703111008 
-0.5750627396577692 
0 
-2.168404344971009e-19 
0.005414809448137582 
-0.02099097322565436 
0 
0 
0.003780350755682384 
-0.2970835241708372 
0 
-0.8445165212997074 
0.01137486757877562 
-0.07604508329549674 
-0.2169005841214771 
0.1441383262253481 
0 
0.01492951583204687 
-1.224785103440179 
0.09298526826869351 
0.03192728049933669 
-0.5319077171532032 
-0.5659993555976358 
-0.529885063254631 
0.2505835090749756 
0.2681379438835045 
0.05102387248333413 
-0.2459341083925387 
-0.1655762369805185 
0.1887005817101918 
-0.24100635569287 
-0.2898107374849491 
-0.06571378388981285 
0.3862590554297572 
0.1132229828131554 
-0.3386309156349565 
0 
0 
-1.201894916991538 
-0.2525602551369254 
-0.4144362203133706 
-0.2774363478917244 
-0.1011860261429314 
-0.3239402274288486 
-0.0134111961544068 
0 
1.043973460884953 
0.1735163743714027 
-0.4766968714522221 
-0.2771151779566612 
0.072154037255531 
-0.1939141642971211 
-0.5259365255496394 
-0.1224912759368966 
-0.1202472043752364 
0.6478054940699488 
0 
0.1331068903834204 
-0.2834078132305397 
-0.4219659696643602 
0.3182631502255142 
-0.006243203512727105 
0.1455919360357092 
-2.168404344971009e-19 
-0.6864433241221579 
-0.002850362334044558 
-0.8449658511008865 
0.07280738641720788 
-0.3569266430995764 
-0.4003699190545823 
-0.4160741338794309 
0 
-0.01831714640757131 
0.2960121795583982 
-0.08143446506490321 
0 
0.002565754575209372 
-0.4044279892993528 
0.02546028985113946 
0 
-0.007914708488088939 
0.313704922805826 
-0.7388293099625798 
-0.326437932260515 
0.05898911712131569 
-0.7665753441898928 
-0.2473314044798796 
0 
-0.06439954063158466 
-0.0143529932625009 
0 
0.0352609555432409 
0.5951276359179026 
0.08815687685882909 
-0.2114660217966884 
0.952877393460373 
0.06544627767918658 
0.1222040371741682 
0.03884496481066105 
-0.2828584892194291 
0.3629074973003159 
-0.5572521243235954 
-0.3021499586930628 
0.1132292357510503 
1.236390121031357 
-0.001680485509768749 
0.2211138027629572 
0.613398262079634 
-0.05894234421267321 
0.01233345523020377 
-0.0590445802636996 
0 
-0.3754280610328473 
0.01335123584382782 
-0.07246041168188286 
-0.3024501753544701 
0 
-0.08344695002260834 
0 
0.1405694924565294 
0 
0.530062738402012 
0.1603702825346125 
-0.3871808246651296 
0.004926081129917486 
-0.155490197650764 
-0.3361092384392277 
0.08256993082888116 
0.1134588766329457 
4.336808689942018e-19 
0 
0.08807546270795692 
-0.09716878755273806 
-0.1364132348302965 
-0.0396081366905339 
0 
0 
-0.07744564566407384 
-0.2086636078913083 
0.007526538270989624 
-0.1114563722247639 
0 
0 
0.009044419717405393 
0.2126337612297001 
0 
0 
0.02880331717740481 
0.004081284692273741 
-0.01712412518655381 
-0.3600132600614482 
-0.2414130261601778 
-0.2321579144872543 
0.05885338746454859 
-0.50816411908299 
-0.00430404628502889 
-0.0254718885689467 
-0.03220149631047926 
0.2120784302046858 
0.07327843045583574 
0 
-0.1791937767187656 
-0.05064159667596977 
-0.3982712251612958 
0.1289798198423531 
-0.1315754716968578 
1.422922668842151 
-0.3420609946461652 
-0.08648465190285338 
-0.136000368860119 
-0.4472540972993474 
-0.1214400897696371 
-0.001871886245842788 
-0.4233110026523546 
-0.2058430903056525 
0.3252633942676114 
0.05634701631797299 
0.1528011024711597 
0.1931604289549032 
-0.04661610039048841 
-0.6851160987106639 
0.2026914702230696 
-0.04650142228221574 
-0.3509105267670093 
0.7989983709970273 
0 
-0.2607422514442022 
0.0596610260399143 
0.00485217345620539 
-0.2692719554756546 
-0.05884775282529005 
-0.009612223152522047 
0.0207008121029525 
-3.469446951953614e-18 
0.08275930440763711 
0.05864119989796156 
0 
0.0435190175456719 
-0.3042037950005498 
0 
-0.3870465059209413 
0 
0.06101556370170394 
0 
0 
0.0001638219810308706 
-0.009608610803394849 
0.09941816464300161 
-0.2416371138989872 
0 
0 
0.1356336873366538 
-0.1574136831070341 
-0.06588658034032861 
-0.2052964120273243 
-0.04864546081650485 
1.072418087131188 
0 
0.07564679580040637 
0.01386917761241291 
0.03571750327765315 
0.113040744063264 
-0.02139255056701844 
0.166730170341292 
-0.06481859793334482 
-0.2453547423635995 
0.03367408043732916 
-0.08088389134017634 
0.2293684973767654 
-0.01396163883718792 
-0.06414331073715872 
-0.3753174308359518 
0.17837254194568 
-0.1261422537753297 
0.05481552790029925 
-0.01259304577751444 
-0.5986974376283127 
0 
-0.4346213235100518 
0 
0.4002046607814629 
-0.1092668925634304 
-0.6564397210092978 
0.03318500425247916 
-0.009343435430337221 
-0.01166929761705504 
-0.3821151010312536 
0 
-0.05279351851428893 
-0.0677007343355531 
-0.01509140977069286 
-0.07712238650611591 
-0.3783823400085737 
-0.2717592885991069 
-0.01300100894518634 
0.02145462728188592 
-0.3268162175893931 
0 
-0.1080813581448672 
-0.1562999861254339 
-0.2331488768967653 
0.04861554643158589 
-0.1451145787974575 
-0.0341279421599013 
0 
-0.1532635117642343 
-0.003673151726808318 
0.3650517040492453 
-0.002514761172356804 
-0.05455053722893898 
3.63207727782644e-18 
0 
0 
-0.3157174813228237 
0.02674899911144087 
-0.007124126951741658 
-0.3094999576286915 
0.06493476513413352 
-0.01506606988741943 
-0.1190247616801438 
0 
-0.07353571550071455 
0.006180619942719356 
-0.6336896885180057 
-0.0007656961481597214 
-0.1747486328006931 
0 
-0.02199107673091838 
-0.4958624437454104 
-0.02100791658481436 
0.6889924880276806 
0.002121786048119495 
-0.5776012473395179 
-0.1200826351782163 
0.005408095245641792 
-0.2632698783734705 
0 
0.1540168754241635 
-0.004522762750456325 
-0.2646725285286785 
-0.0681753408830713 
-0.3361053250861791 
-0.004266349094229868 
-0.1367307615836317 
0 
-0.5059743059607781 
0.3330192332666968 
-0.06992263398375882 
-0.2710505308670643 
0 
-0.04487725466782176 
0 
0.03417130721144929 
-0.005214093777707261 
-0.1923865851273546 
0.006001207929320977 
0.02333846358293698 
-0.02988190204461078 
-0.327465752220985 
-0.01435150481118757 
0.01811840015505866 
0 
0 
-0.06264363182841576 
-0.2620936148334047 
0 
0.178263313707594 
-0.0002504975864217051 
0 
0.003318887959467191 
-0.2575405178621114 
0 
-0.04179712698920408 
1.188716555554872 
0.3337319172577885 
0.6418757232165963 
0.00726791559960234 
0.02145890413898324 
-0.1801957604896305 
0 
-0.06440964357247422 
0 
0 
0.2065689827729685 
-0.1870549375374482 
-0.002872989487143927 
0 
-0.7680140950024993 
-9.75781955236954e-19 
0.4210920474640241 
0.1367013341205764 
-0.5665276791771835 
-0.1190066043938109 
-0.004084153304025447 
0.09809333431140349 
0.1554661362717195 
0 
0.1489274400254298 
-0.01702759670778182 
1.137658485901953 
0 
0.0590788527546623 
-0.2937733231159157 
0 
-0.07889980737904953 
-1.024673995053848 
0.08772778398544685 
-0.02961227274338721 
0.4062175197335005 
2.168404344971009e-19 
0 
-0.7725345145480359 
-0.4066700716849301 
0 
-0.3123305472947099 
0.01998592024427916 
-0.04554332544970093 
-0.4188567611385304 
0.02245051997422456 
-0.1498012060060808 
-0.1909053064907075 
0 
-0.1842115713737208 
0.05851073839464951 
0 
-0.07143052235912789 
0 
0.03962512279722886 
0.2454845903507802 
-0.1804113679120632 
-0.310621234273379 
0.5084684013324 
0.1929440899314056 
0.3728929822300456 
0.06824746422481212 
-0.03732777210457633 
-0.6395475560204417 
-0.4568288521499405 
-0.2410266332174598 
-0.1174838770396813 
0.02751899630416975 
3.469446951953614e-18 
0.3528316557546572 
-0.1007874364077754 
0.01024235552478963 
0 
0 
0.2310176186004188 
-0.216760404067328 
-0.04670547582453655 
0.02564372087049491 
-0.6005616755462213 
0.003290996250795002 
0.01725406570544333 
-0.2255952144965765 
0 
-0.002376270832097846 
0 
-0.2463155007285619 
0.0112301757133827 
0.03102023217882163 
-0.01109888609305017 
0.003563627594437334 
0.6449561105311076 
-0.04436503745430311 
-0.4640054709322731 
0.6109480463393537 
-0.005357082070687172 
-0.4186401433418399 
-0.1252663983414804 
-0.009282320431277614 
0.126236405314042 
-0.01633071558310121 
0.139325664047794 
0.0244828391456059 
-0.8001559149683453 
-0.7051231667095227 
0.04529745942390503 
-0.004772039912234199 
0.4073713519065665 
0.1132501426519987 
0.09027740129516146 
-0.1016537901831289 
-0.009136367246967163 
-0.59465983075313 
0 
-0.8092977373538227 
-0.1271066271943899 
-0.3656534630917068 
-0.3317427887653111 
-0.01942945143088588 
0.0604709475862102 
-0.7612565181014498 
0 
0.1001883903804705 
-0.2467260398802466 
0 
-0.2806698979338021 
-0.4245453734955233 
0.0864215966818335 
-0.1110829129728644 
0 
0.08055634207240556 
0.3212988604019716 
0 
-0.02169812203343963 
-0.4330499904914548 
-0.1714880559375153 
0 
0.3036372789716302 
0.4755690067847549 
-0.5989721741709052 
0 
0.1396971181157647 
0.01897441190735949 
0.03040118157834326 
0.3342702213951355 
0.7044734703920821 
0.07210419610601566 
-0.3918197082031286 
-0.00963101480499662 
0.04529415521596855 
-0.244812183213801 
-0.09662076437110909 
-0.6079910854647602 
-0.09446245843465093 
0.1623671870094138 
0 
-0.2760451724947423 
-0.2807451316899943 
-0.003632574892764089 
-0.6444193867103605 
0.0008434994504228582 
0.1536987203750551 
0.02885147788944485 
-0.1665479491376705 
0.01037320852262164 
-0.2655067498125183 
-0.3146067682497973 
0.02215935440663028 
0 
0.03000629417624147 
-0.04807347748917637 
-0.4093241355643654 
-0.4866244966486919 
-0.249368736929354 
0 
-0.3266563244889786 
0 
-0.06940519391061246 
-0.007576146767023613 
0.08783679595911678 
-0.200920643299171 
0.5053137899006338 
0.9346855464428293 
-0.008063986730074857 
-0.104348148671929 
-0.3753255181962882 
0 
-0.1265012752387643 
0.5155982074863509 
-0.1335918662057744 
-0.1951551000184597 
0.0576213487750054 
0.08196888225714655 
-0.1357922353931464 
0.006052603449906321 
0.2517645969573755 
0.43573079709313 
-0.3837243110049323 
-0.3688446423401015 
-0.3371187032289176 
0 
0.08882556263601549 
-0.009837034085167349 
0.1079220206712157 
0.6322746412004683 
-0.222992450686542 
0 
0.04229547085717945 
-0.4630029415992134 
0 
0 
-0.004212456870407309 
-0.006086826657248746 
0.5609613490357733 
-0.2103365681768617 
0.0008527753712009627 
0.6046607480574095 
0.02084474476332994 
-0.2173567126703678 
0.2669999508201915 
-0.3820976780128411 
0 
-0.09807527220878987 
0 
0 
0.07639644583444447 
0 
0 
-0.04229252849160111 
0.07114187628350445 
-0.01107029673585621 
-0.2836810478332245 
0 
0 
-0.1063328447928078 
-1.301042606982605e-18 
0 
-0.002539879316752669 
0.1730888321822585 
0.1336114663510922 
0 
-0.2495293821856391 
-0.002776878993363871 
-0.2166118477417726 
0.1687415468842054 
-0.2551097559955343 
0.106878347045384 
0.1434265876715031 
0.04406029904066786 
0.09058792397725884 
0 
-0.7662944213460516 
0.2939816136417474 
0 
0.04969879049306686 
-0.2159963511385747 
0.01879727258364157 
-0.0008864421616656753 
-0.195201169425989 
0 
0.08357821939472125 
0 
0 
0 
0 
-0.180000515842623 
0.2378000072264932 
-0.233802962491323 
0 
-0.159266688383979 
0.3672818773266355 
-0.1791458310407701 
0 
-0.04809205728989054 
-0.2927508322408593 
0 
0.02480394395812196 
-0.04114376388088747 
0.02443576259390991 
0.03280501609885552 
-0.4526918310965097 
-0.1281700810123932 
0 
-0.147216114976968 
-0.02262657160737314 
0.06716796856462728 
0.08480406353242669 
-0.05350774828500059 
-1.001223803742981 
0.004968867092123457 
-0.616038861880584 
0.2143524667117081 
0.03138475782302869 
-0.1413889891815536 
-0.08275706101528248 
-3.252606517456513e-19 
-0.1768073905486351 
-0.333780235787404 
0 
-0.03346762045694225 
0 
0 
-0.1650582114289362 
-0.2702340249756048 
0.1870593281630582 
-0.09193743647181325 
-0.2577688370930144 
-0.06950624706241967 
-0.4807758045304772 
-0.115455811126767 
-0.3685410165632788 
-0.3831933922018619 
-0.2870754273541039 
0.001899024591017704 
-0.02702931888321074 
0 
0.1802536625649856 
0.256284926491942 
-0.1590814444476599 
-0.006794237226430339 
0.01883918517510096 
-0.04071610127817268 
0 
-0.03974581997863398 
-0.2069727685930193 
0.05066586330222041 
-0.001766490772874426 
0 
0 
-0.106547371768813 
-0.5498945008894152 
-0.3203330284729301 
-0.1607129694901814 
-0.2957731739811623 
-0.002791659705375765 
-0.02686247864188562 
0 
0 
-0.0425334021062388 
-0.2680455058983408 
0.03473425169133564 
1.169638986489784 
-0.1466239575463947 
0 
0.2676868240629428 
0.1182477687811556 
-0.009151314466792114 
-0.1513245448711298 
-0.2566407471658306 
2.602085213965211e-18 
-0.01332922556058723 
0 
-0.02568508794225472 
0 
0.8558451507906825 
-0.5215431821161267 
0.03769231184298634 
0 
-0.423597719612253 
-0.03881927350551453 
0.03760971418725439 
-0.1575122140658604 
0.008269965802726894 
-0.4372359148560532 
-0.4553647122529645 
0 
0 
-0.1972178082041947 
0 
0.1004294024286536 
-0.5680932858706992 
-0.3491045627402128 
0.5117625589793904 
0 
-0.02143253296949324 
0 
-0.1259649333972601 
0.08629079478681698 
0 
-0.3767025399048582 
0.05459815640593473 
-0.11274267701597 
-0.5141446473523308 
0.03802964152986162 
-0.3848709565480625 
-0.2531933478209302 
-1.127010835329678 
-0.5668251775169664 
0.09233419081891171 
-0.001007442060659487 
0.08078991138131482 
0.2914366948881387 
-0.8148103376825718 
0.02329035035945057 
-0.01721982384488115 
-0.2145758811499766 
-0.08048646025056101 
0 
-0.2892339437756299 
-0.6054366928414542 
-0.02422395820417606 
0.03076290763764259 
-0.07222258561036071 
0.1422366027127059 
0 
0.01156036076746616 
0.8887702851298672 
0 
0.674549724313018 
0 
-0.2821806475732507 
0.4839549698487696 
-0.5462615127157358 
0 
0 
-0.001382946231620513 
-0.03595466715084563 
0.01160271759850001 
-0.4697034428047921 
0.04045229708421882 
0 
0.002213250202852017 
-0.4671773326211043 
-0.05559501251590758 
-0.003044997241317552 
0 
-0.0006782958094817639 
-0.2473700900031719 
0 
0.4794447112779688 
0.05068122217643312 
-0.5232625527043195 
0.1401014734224474 
-0.1952894864564264 
-0.1052797004539177 
-0.338696005211146 
-0.5562452506383089 
-0.007269681822391324 
-0.4008190677243843 
0.06894913942164195 
-0.6125991934341898 
0 
0.05730063665444188 
-0.334381045140726 
-0.285769977186367 
-0.04849115715817785 
-0.1313928241075701 
-0.3436985732609447 
0.005116470060124468 
-0.08916117901683711 
-0.3150590864504549 
0 
-0.3170527426255449 
0 
-0.4731708767781573 
-0.07910952228007138 
0 
-0.2783832625356675 
0 
0 
-1.064183618474617 
-0.1064792061928256 
0.3613931901363115 
0.01260273617935905 
-0.04487811008986223 
0 
-0.3619337891102202 
-0.0673830623464995 
0.04713671323091555 
0 
-0.04292675870718638 
0.00592002834079404 
-0.02914279402904994 
-0.3727032944487492 
-0.2966682735143131 
0.2129378023930426 
-0.06799961204078291 
0.003748267080217802 
-0.02375041749715062 
0.005812713045764523 
0.3548622786575498 
0 
-0.4487580252581589 
0 
0.02425085321381906 
-0.3007575581668981 
0.06004205896622622 
-0.3279682477240536 
-0.1023107943946959 
-0.002632163542617789 
0.003864775021867817 
-0.1069383054203468 
0.04481150054292041 
1.401998474577114 
-0.2912491710995598 
-0.001509102702545728 
-0.06524673017569123 
0 
-0.01420075607862242 
0 
-0.2560463853502472 
-0.3460059618942781 
-0.2959534317431738 
-0.3954689719196445 
0 
-0.2716534257678239 
0.007408216654812552 
-0.02236096386361568 
0.001548647118501245 
0.3497512526322533 
0.004872051523650729 
0.04457831062241746 
-0.2236132930378757 
-0.02593057944211686 
0.2250384828768462 
-0.439888918835968 
-0.3030348633167811 
-0.007049372057704999 
0 
0.1742756469844204 
-0.3272466824646165 
-0.0369541237326672 
0.06729432915713013 
-0.02960792513852002 
0 
-0.4422837912608906 
-0.1262869120767727 
-0.269233044897467 
-0.190305458137514 
0.02907135120148248 
0 
-0.1258242932479476 
-0.04385048081413587 
-0.06095976628963942 
0.2009341856768795 
-0.594624462227566 
0.01308236865096113 
0.1618467204255505 
0 
0 
0 
0 
-0.7269979093730728 
0 
0.9649418437612292 
-0.03879866726905107 
-0.08333466376678358 
0.003389491574462445 
0 
0 
0.0187745442635229 
0.09329993437742236 
0.2512565276542457 
-0.6974156057576835 
0.09533275876577203 
-0.2626059921299733 
-0.08699005027101024 
0.09227696192779251 
0.3358958568110169 
0.04143814703533565 
-0.05786906803222575 
1.15942634895565 
1.109662274786865 
0.02662517405918319 
-0.03790726111799741 
0.5729958738007608 
0.06520084629649829 
0.01053418195508635 
-0.4664732151464139 
-0.705803230788605 
1.517883041479706e-18 
-0.0687234734711672 
-0.3723051053281656 
0 
-0.4370557868620997 
0 
0 
0.02219122968696229 
0.02361518503162811 
-0.01895895640989867 
-0.01851412785297372 
-0.01913118074348648 
-0.03203883938196015 
0.7482317050026672 
-0.1517687041937662 
0 
0.08521230537221744 
0 
0.12153665287078 
0.008532749732185615 
4.336808689942018e-19 
0 
0 
0.02140997472705613 
-0.4491627934783847 
-0.04015611703177617 
-0.2504695051146366 
-0.02336385054240415 
-0.04314676797923346 
-0.003493590095471733 
0 
-0.00244866786492359 
-0.4509046573775669 
0 
-0.2036748502329132 
-0.171931915396151 
-0.5459864868164123 
-0.3021546973411137 
-0.1534125192018831 
0 
-0.06552542646431628 
0.03450895388582842 
0.08514828084482474 
0 
-1.301042606982605e-18 
-0.08673752793790983 
0.09234007832113912 
0 
-0.005962471825711036 
0 
0.2350601811892429 
0.009621089002306099 
-0.229655341717649 
-0.04781698496116939 
0.02152767315998256 
0.008800367359613389 
0.002192153923093949 
0 
0 
-0.7147767719323364 
-0.4422477128166992 
-0.01359018649177683 
-3.035766082959412e-18 
-0.1647018107606416 
-0.01660054155765105 
0.005454377246315392 
0 
-0.4084507305302068 
-0.09091992065510426 
-0.07434918133059773 
-0.01996564216733873 
0 
0.4370936869244972 
-0.5123452082412288 
-0.05392582971184817 
-0.02495609618802301 
-0.03270132766376149 
-0.002653051718206091 
0 
-0.001533443096057522 
-0.006890156333501133 
1.198037029858983 
-0.3868468228459879 
-0.1340985496421833 
0.8721093300699365 
0 
-0.07622985817095461 
-0.2897254587114902 
0 
-0.2637004752258303 
0 
-0.0005871137356161165 
0 
-0.09221392894404137 
-9.328006942291834e-05 
0.5270498139777172 
-0.2250381852772981 
-0.1364691200376811 
-0.08220507685939565 
-0.4136581018631146 
0.02552174047496957 
0.04503631614279675 
0 
-0.01285723532662737 
-0.001310698993099007 
0 
0.1461064203114501 
-0.2248348898227457 
-2.927345865710862e-18 
-0.07235590468060436 
-0.6647299389218274 
0 
-0.0149503989815761 
-0.0118783550277885 
0 
0 
-0.209780700638852 
-0.01052238679862994 
0 
-0.0113417826447418 
-1.442577453991446 
0 
0.1628214318730722 
-0.6224368630138465 
0.05760285214685149 
0.02127561498362151 
0.05468599097253708 
-0.07254528852634576 
-0.01278842095062294 
-0.2975612223157197 
0.4816848806372133 
-0.0798045082466399 
0.004798573826326138 
-0.1440975583835691 
-0.212982912153279 
0.07762409132332103 
-0.434325237145022 
-0.004765267145104586 
0.01123194981999833 
0 
0.1648061570726613 
-0.1791836857111407 
3.469446951953614e-18 
-0.2405803202641794 
-0.06164495431475328 
-0.05926012042094683 
0.009483251538475058 
-0.599600700225124 
0.2134559033390583 
0 
-0.0509984953034393 
-0.1757479717705951 
-0.05329450622026214 
0 
-0.02217948134660046 
-0.05328646463088058 
0 
0 
0 
-0.4207233678737494 
0.610068232804459 
-0.1807928329737694 
-1.098228504850441 
-0.4572124562282246 
-0.03720335247164203 
0.4515533890458402 
0.1847742538751168 
0 
-0.04954973418707208 
-0.2708252114878612 
0.09022519682084122 
-0.07581316152429275 
0.1600873916460112 
0.03837392193390163 
0 
-0.5139130091829468 
0.2623647734369977 
-0.2354722766351117 
-0.3343161569292364 
0 
0 
-0.1252282523822123 
0.1900559399879876 
-0.02251293206445723 
0 
-2.818925648462312e-18 
-0.2462820124984796 
0 
-3.844845084036977e-05 
0.09463242382843849 
1.084202172485504e-19 
-0.007867411674664287 
0.1198034146856129 
-0.9356598969976462 
0 
-0.1940933120837555 
-0.3588437629430713 
0 
-0.1894054923020244 
0.1102305298236703 
0.1306865184194022 
0.1779393144153316 
-0.1204816505173363 
-0.2945266437641808 
0 
-0.08354664041279666 
0.05976921653740412 
0.3526473640486474 
0.4906130799108552 
-0.005631703770848141 
0 
0 
-0.03456184064261353 
-0.1926352438437453 
-0.3929444284337589 
-0.03204677260428785 
0.02776211445921736 
-0.06250162454813073 
-0.3788347731190116 
-0.3866891001810835 
0 
0.6782406710465448 
-0.6979722574419683 
-0.1918606465498968 
0 
0 
-0.002936704830208848 
-0.2361640574475978 
0 
0.2943654908776547 
0.005153027737342979 
-0.04443702749207542 
-0.08285888229328192 
-0.01551834114947298 
1.453746076093159 
0.2746551683359843 
0.4923500382602634 
0 
0 
-0.02155886759722005 
0.2531890973700529 
-0.5211079245962458 
0.199425432910872 
-0.01940736406865384 
0.03880453511140923 
0 
0 
-0.017553776849342 
-0.01934315708309315 
0 
0 
0.1990320993357498 
-0.5818032108167196 
-0.06478384627146344 
-0.4748715174088559 
-0.03845590902623271 
-0.08958299971231962 
0 
-0.04852867089116932 
-0.002932049550470143 
-0.211892695257513 
0.2567587299228953 
0 
0 
-0.2019491384356961 
1.038628086316826 
-0.03502333165792305 
-0.004598664309440845 
-0.02238646068601499 
-0.001175860698993154 
0 
0.01675883488091248 
-0.5338152647072304 
-0.2935838601728302 
0 
0.1397339214287882 
0 
-0.06221274575062682 
-0.008693974738701558 
0 
-0.3855775929560059 
0.01508311781172083 
0.2926572968876669 
0.4645769486757455 
0 
-0.7529559062404966 
0.1849256597289772 
0.0575440333687602 
-0.3808579993697006 
0 
-0.6387029385359687 
2.077478832677412 
-0.1868434731280988 
-0.251135448562781 
0.1941722019399134 
-0.08156414638829247 
0 
-0.5773846417149899 
0.0001816182990085332 
-0.1688947907856153 
-0.1224975296056648 
0 
-0.01230120832741847 
0.02699870453517907 
0.1843822667919463 
0 
-0.167806836847392 
-0.4574525072624439 
-0.4744640704833619 
0 
0.1415342237868427 
0.04516011363707851 
-0.1030483365903255 
0.0479053327635191 
0 
0.03836375856091746 
-0.06410932828759572 
0.0320172608338305 
-0.6018753042211398 
-1.246058461195217 
0.07159952602560112 
-0.09554871920299195 
0.2142923481493483 
0.1872782519267966 
-0.3063891382382754 
0.1437399726880179 
-0.04422421692812886 
-0.1519269082343681 
-0.330003431020515 
-0.006241811187663743 
-0.001454267248055607 
0.03405642703512168 
0.01395828140158128 
0 
0.4205459231964466 
-0.09745351918504086 
-0.3261412891578133 
0 
-0.02008125108035087 
0 
-0.2207979632121849 
0.02112658237294508 
0 
-0.4620684785878491 
0 
-0.6031418127739675 
-0.4702369882710151 
0.2576276832342187 
-0.3453817598667513 
-0.4662880933335708 
0.09989661436565186 
0.002991343846168052 
0.04466275815045071 
0.05059712632068192 
0 
0.5800163073990727 
-0.3280631126766003 
-0.01422767604353179 
-0.181269216546548 
-0.2645343645033909 
-0.07572840768705984 
-0.4355392550187974 
0.00528759085266917 
0 
1.39951744942448 
-0.03285031591060136 
-0.05767577322040651 
0 
-0.0678787017987913 
0 
-0.02392948715705153 
-0.05598171994040602 
0 
-0.6011895770318293 
-0.1029859448450693 
0.9677228956976589 
-0.198438762581324 
-0.06297656817308375 
-0.03571729898969053 
0 
-0.1132259593895157 
0.1497371726152315 
0.1457259649220351 
0.002186192856019514 
-0.2265537936620005 
0.1054515142127495 
-0.2064460336146917 
0 
0.08126466722510162 
-0.06972738741196072 
0.03235018944676928 
-0.3922783796421081 
-0.009459708918159709 
-0.2309734938514626 
0.04247788783391773 
-0.05676388861728753 
-0.1649408302057863 
0.02270973147743258 
0 
-0.04132171910267647 
-0.5911944797837809 
-0.1406513801905522 
-0.04692617953476224 
0 
0.03561228711565002 
0 
0.05277808633030413 
0 
-0.4828528767969161 
0 
-1.353897462891274e-17 
0.03421671762563725 
0.7456308704827171 
0.7486795204325808 
-0.2235624538765646 
-0.5139479131822637 
0 
-0.1525485508741745 
0.2877027269369297 
-0.08665774811798604 
-0.01019027576450856 
-0.1554419104438164 
0 
-0.04214583649447399 
0.05363449623507689 
0.03622242435407035 
0.01207904618621987 
-0.2575895804876915 
-0.06169720493446706 
-0.02943716557468372 
0.8626217175719043 
0 
0.1454084040270257 
0.02537226320864652 
-0.1801263966960277 
0 
-0.2106454495989427 
-0.2414181455785524 
-0.7075266866673289 
-0.04809857002173444 
0.08747157034162281 
-0.08806807044912836 
-0.3576899870963285 
0.1697878228223421 
-0.08291304729068014 
-0.1126343765934163 
-0.02974257635000553 
0.03728850713537547 
0.5687662895843819 
0 
0 
0.2850972920445621 
-0.08722146718546515 
-0.2150072494909425 
0 
-0.08090506060215806 
0.00633450065323773 
-0.1579916436845396 
0.3021488321862698 
0.246069167901978 
-0.001726769896539499 
-0.1088276444435287 
-0.08557433144283176 
-1.151653417926845 
0 
0 
-0.8458267478362348 
-0.07096549158614517 
0.01172409950440577 
-0.007963087306249832 
0 
0.002728909926529713 
-0.1055886456017521 
0 
0 
0.1914455111721588 
-0.04249070600220736 
-0.4912814937249576 
0.3242714174618063 
0.1517421010116859 
-0.4784618678206483 
-0.01005905645070806 
-0.006443669498296483 
0 
-0.6183941920126704 
0.07334267849715799 
0.08506878548504121 
-0.009326211469293563 
-0.03095474672674898 
-0.03966513813605883 
0 
-0.2181097781354716 
0.1009093927555342 
-0.05465383919056197 
0 
-0.2989193768462811 
0.2344704679728293 
-0.04528102278505251 
0.01605936215422611 
-0.1562806354712699 
0.09563172518156868 
-0.2110619712024013 
-0.01471529676834206 
0.1518005969457022 
0 
-0.06805694586073287 
-0.336931813608765 
0.0004442778773674319 
-0.01709727166831382 
0 
0 
0.1015816263646471 
-0.2114160598416236 
-0.163094902677591 
-0.02619122733830406 
-0.01187549947487951 
-0.1498039972865335 
0.3486115400435515 
-0.1770990329366913 
0 
-0.3445912993862762 
-0.3991619048562874 
0.00475433849889509 
-7.806255641895632e-18 
0 
-0.2774304021825923 
0 
-0.4451793509049439 
-0.2896577170983421 
8.673617379884035e-19 
0.03703868669742608 
-0.5778144245205938 
-0.00665418055550763 
0.03673059217918648 
0.1265424451965576 
0.436530469227973 
-0.3178102970191965 
-0.3664466679900013 
0.1230619169819659 
-0.0006119866137892431 
1.169260670622098 
-0.01722848640879092 
0 
0.1157194636081305 
-0.2258157430004786 
0 
0.05330688701436806 
-0.225264274548656 
-0.1487002227751307 
-0.003578128706618062 
0.02261628912700729 
-0.1589232278505695 
-0.004460375346949051 
-0.02596038058929884 
-0.2272420997126062 
-0.1375006057828835 
-0.009532126574651884 
0 
0.251214954158507 
0.005714966191876775 
0 
-0.08157595622683031 
0 
0.05232075573185639 
-0.0654558731897681 
0.3834776001700924 
0.09344604361830221 
0.01148742783385803 
0.2264900750828889 
-0.003792742702746108 
-0.8408338530665392 
-0.3664423759880029 
-0.118105552321801 
-0.5217935366633126 
0.003868500597032508 
-0.05455574048433241 
-0.01271542457076691 
-0.000344995016590237 
-0.3538853376635678 
-0.0255213014251218 
-0.007740270127103771 
0.1017214514507405 
0 
0 
-0.02913989202793201 
-0.30945966538724 
0 
-0.1253701278939653 
0.004356932560112312 
-0.3582732388252204 
0 
0.642920304465693 
-0.01283319679982956 
-0.008025816139815241 
0.2458037030264237 
0 
0.6308958357429963 
0.3949336546822759 
0.1307585792313626 
0 
-0.05526689971309153 
0.05849038191899281 
0.01800858095032943 
0 
-0.2640038697464251 
-0.03728054924410469 
-0.3380495722647099 
-0.1385362903760984 
0 
-0.2184151002933588 
0 
-0.04528944611000486 
0.000735707979018227 
-0.321104321305915 
0.2144477372918543 
-0.005571056805748372 
0 
-0.2319877472349417 
-0.1358282804704094 
0.0181438516658758 
0 
0.3747754065432581 
-0.2308224668162526 
0.04712693845323673 
-0.08158568237084089 
-0.1935016842580577 
0 
0.004022271323487417 
0.04184869693479543 
0.2123671547134731 
-0.1711202272719972 
-0.08765989031776773 
-0.3055327886161583 
-0.1749635446033546 
0.05685001670737087 
-0.5153028603977816 
0.009405640044817398 
0 
0.256830351334743 
0.3689973795871317 
0.128360781769174 
-0.06962809447750971 
0.1886732714463605 
-0.006026395584902711 
-0.3835018307335909 
-0.08754659322943711 
0 
0.1147591029705224 
-0.03576913697632748 
0.2523444778121035 
-0.6107911956629758 
-0.2740823533819708 
0.255497108823655 
-0.09376921549200419 
0.3324577466339194 
1.298660449496903 
0 
-0.350505887759763 
-0.06511941755257042 
-0.036408348957837 
-0.01551814518944973 
0.00542787099828477 
0 
0 
-0.02560493911232819 
-0.01563918776798309 
-0.2376098396810584 
0.1178921233956237 
0.08059021199790697 
0 
0 
0 
-0.2133087480580898 
0 
3.001037732121986e-18 
-0.8972292732548932 
0.7184532535537724 
0 
-0.1607109266383391 
-0.3820675859505471 
-0.01244992109887805 
-0.59792985895154 
-0.05740157803494747 
-0.04821534058014979 
0.2215681284000549 
0.01929355656101808 
0 
-0.05467304354271073 
-0.3196411947286774 
-0.263385683865498 
-0.05790321033077116 
0.1173327254884447 
-0.08001447048820232 
-0.03684854294376728 
-0.03940711758996329 
0.009387979484544924 
-0.3654726749118957 
0.0006414451250445482 
0.01656000256074536 
0.002107136308694196 
0 
0 
-0.01197311336818941 
0.01103720203312553 
-0.1766996899599727 
0.2755146307716403 
-0.2054093561680498 
1.047910509581011 
-0.4807008677908368 
0.412593449980692 
-0.7621070635088113 
0.2066307488362761 
0.03489159706337001 
0.008890267360497439 
-0.5750380154150116 
0.006629841852521436 
0.1534798142685937 
0.1263264758848726 
0 
1.442316958736827 
-0.04143163252476492 
0 
-0.1052914534507244 
-0.305671712079136 
0.01869790158620522 
0.002271347518706202 
0 
0.05730600656260885 
-0.01525675519227782 
-0.002592174915604824 
0.04175388771400616 
-0.1659276730102371 
-0.3489001019367213 
0.01456190704464628 
-0.06689870445473847 
-0.08540004139678158 
0 
-0.02138047352664435 
0.9855886008953454 
-0.3315053578090759 
0 
-0.2759910265772784 
-0.2304921016613431 
0 
0.25958687537756 
0.07251088096741966 
1.163663260781526 
-0.02216192726787754 
-0.10171286171552 
0 
0 
-0.06635880481431053 
-0.1114110901531846 
-0.03556371969729627 
-0.2028861837995166 
0 
0.08003187510404533 
-0.1893032844167909 
-0.04476132736306361 
0.4507934585429875 
0.5388928306386703 
0.05204971106338965 
-0.06901937958711046 
-0.1259746999178067 
-0.004343661680660215 
-0.3809556246293646 
0 
0 
-0.04842735161608379 
0.1755784981342549 
0 
0 
-0.2877513356020753 
-0.4832834004509569 
6.776263578034403e-20 
-0.3136345558641085 
-0.09401607927075015 
-0.2235234296399922 
-0.3174770585883883 
-0.07425577983806764 
-0.1738646986563569 
-0.02193787106554251 
0.7636350328295669 
-0.2954964827165111 
0 
0.01464630666238391 
-0.05851673079356428 
0.05275197547372347 
0.193410823568691 
-0.01071997416278016 
-1.084202172485504e-18 
-0.3143553440699209 
0.2763069002708821 
-0.3850868212421724 
-0.2336393151967219 
-0.4921474967693811 
-0.1213263717754065 
0.1050152708046365 
0 
-0.1931976340859519 
-0.004214235513612407 
-0.01740216374482242 
0.02724335891331621 
0.05138563365023045 
-0.2786920645485399 
0.06496698747482869 
-0.02758847423115389 
-0.5052843707583776 
-0.1447399624683014 
-0.2923194481848536 
0.0614598280900515 
0.01080264939315895 
-0.4405781473518252 
-0.05185251535483971 
0.9798723624360726 
-0.3479515674841634 
0.02344569294662569 
0 
0 
-0.5038738495253112 
-0.0758706388779464 
0.06885035818851692 
0 
0.003423351793966906 
0.008212720537497416 
0 
0.009428388465143531 
-0.1466329476200162 
0.2852539083079723 
0.003937852227882417 
-0.08126392842327061 
-0.0727249939713308 
0 
0 
0 
0 
0 
0 
-0.1035848284074138 
0 
-0.1781058051236006 
0.07489891322146437 
-0.5832222091150202 
0 
-0.09771994896448136 
-0.2003888316871838 
0 
0 
0.3010692773700481 
0 
0.02611263889219237 
-0.04867847450464462 
0 
0.03269336550262636 
-0.1744119059707496 
-0.005031374266286725 
-0.005039227140645754 
0 
-0.4471664610202582 
-0.1021809134100987 
-0.1157476306523102 
0.01274169705033053 
-0.0426007742695069 
-0.01348856739196355 
-0.0001619070965711468 
-0.6571668757658669 
0 
2.25043136599612 
-0.4829220432184376 
-0.0435315044985723 
0.1415331434157178 
-0.3907583718901771 
0 
0 
-1.047061697514612 
0.004370617496986072 
-0.1952211477127608 
0 
0 
-0.02359312119736855 
0.3191250349797292 
0 
0.3056333218515132 
0.4115698745498986 
0 
-0.003725197561450996 
-0.08135959344828445 
-0.5953121193692248 
-0.1093456953532065 
-0.07482936688063799 
0.008092749894726269 
0.4594476400265181 
0 
0 
0.1434992168400665 
0 
-0.02932603324558121 
0.3959054655923371 
-0.1398707990470655 
-0.6220293217342727 
0.04656845629833004 
0.1006958188093101 
0.134641619699985 
-0.008523085239224293 
-0.03136680197508958 
0.3295470630419865 
0 
0 
1.200970308005817 
-0.4618978476849367 
-0.4448157283039604 
0.1233464122101161 
0.1055121903065985 
0.02529071757568396 
-0.4980145801168459 
-0.2663707702130446 
0.08080043938593037 
0.03548219417791188 
0 
-0.5305013706138844 
0.2877060841902636 
0 
-0.07626586135547947 
-0.1129998339927704 
-0.2006097600519229 
0 
-0.4004703567909317 
-0.3843845134617267 
0.1567017288124816 
0 
-0.3217185114259992 
0 
-0.2808193438391212 
-0.04382928352186521 
-0.05582169336951927 
-0.312509374668643 
-0.01232257314476997 
0.01189860771174112 
0.01315679162835058 
-0.2599228085267031 
0.009558578672620933 
0.6249920115924822 
-0.006906921938507283 
0.004824396858784305 
0.171891426459514 
0 
0.8041443264720628 
-0.1719810175870261 
-0.06388250238339491 
0 
0.032070127729592 
0 
-0.3012517438826284 
-0.01707757265392888 
0.05202623019482635 
0.2234982321522749 
0 
0 
0 
0 
0.03506823505361574 
0 
-0.07729400303312801 
-0.258710102717485 
-0.1132084536117171 
0 
0.02319454212394139 
0.005628740529348565 
0.1314879710048735 
0.018819923789981 
-0.048856408266374 
-0.03096127053588326 
-0.0154850980700963 
0 
0.1531842835144264 
0.5222712498097167 
-0.05587217215624297 
0.00500590851021777 
0.06930330962167446 
0.02029503220979494 
0.06175736621387126 
0.06866777460361943 
-0.1306991376757207 
2.168404344971009e-18 
-0.2552031397415063 
0.02710225822381312 
-0.03474497833686491 
-0.119534186016929 
-0.300685361984963 
-0.0006841508189795679 
0 
0 
0 
-0.09320400940764534 
0 
0 
-0.02194145512382834 
0 
-0.1689347345560416 
-0.008533944499261283 
0 
-0.582924014738977 
0 
-0.1048575375593474 
-0.04253883868463797 
0 
0 
0 
0 
-0.05848269664956122 
0.1379586831274882 
-0.2983665037336851 
0 
0.3017766527675823 
-0.3141127230544451 
0.1696858399477769 
-0.0432797056664437 
0 
-0.2708686036923723 
0.05373274102532649 
-0.07910543803618468 
0.2957419512891921 
-0.02771178458042767 
-0.09940363114987166 
-0.6053879053501475 
0.04964787431145064 
-0.2524316043527939 
-0.3800730414218657 
-0.1451858282022047 
0.09588763359880749 
0 
0 
-0.05227056975957698 
0 
0.08452051555653421 
-0.0226809784147737 
-0.2772793359383797 
-0.3961307928759941 
-0.3249953825454784 
0.01260954320139103 
0.84835860622821 
-0.004960924512863229 
-0.278828663481717 
0 
-0.5159264457459823 
0 
0 
0 
0.03018010890368444 
0 
-0.1227270926079675 
0 
1.19154050322084 
0 
0.03488674867662381 
0.1892921442116019 
0 
-0.2312222762879766 
-0.03868138096575988 
0.2011156634478696 
0 
0 
0.007415970920117204 
-0.02126993527852718 
0.04250427827194343 
-0.006252614844010689 
-0.5867822242152164 
-0.817095856129375 
-0.175688769935987 
-0.0551289876218802 
-0.7007233507170254 
-0.5271947861709753 
0 
-0.04388791904671038 
-0.04581279220894503 
0 
0.08353568117293655 
0.02490640271456611 
0 
-0.6033839169284555 
0.6644428079428571 
-0.237516791723039 
-0.7420135869846862 
0.07511027507982167 
0.4462711163097323 
-0.06722259672363054 
0.1400792748044355 
-0.02913750222334615 
-0.00667456944291136 
0.01734060019655964 
0 
-0.1855754486592699 
0.0135546631299819 
0.03607380251565247 
-0.0644264851016963 
0.2654472168115841 
0.006460920010759133 
0 
0 
-0.3586448900751895 
0 
-0.00811287870958799 
-0.03352736602911747 
-0.3292658616027589 
0.04117116818802495 
-0.28444283092102 
0 
0.03109650186126615 
0.2830906888953656 
0 
0 
0.004977847539363655 
-0.1957831854293693 
-0.1269530623466032 
0 
-0.0117356385281706 
0.3395362406531118 
-0.01369184081204942 
-0.03273854724515544 
0 
0.6378946501228755 
-0.09339556411554702 
0 
0.03579507785049503 
-0.4446921716363179 
0 
0 
0 
-0.1284528798301018 
0 
0.0435190475574982 
-0.002542397035637866 
-0.03394373047656691 
-0.3136288923334967 
-0.2207822941819149 
0 
-0.2414287693009035 
0.004110633700928763 
0.4664141197462743 
0.4119635635081069 
0.01095759001223101 
0.2346040581448151 
-0.1983345090679461 
-0.1789877518365211 
-0.2525076900929619 
3.469446951953614e-18 
-1.026756465142817 
-0.100063614452461 
-0.3338020010456232 
0.02087463220589528 
-0.1629783665927525 
0.006088999015247229 
-0.2717432544705851 
0 
0.008341427857651075 
-0.1942024895971663 
-0.2384451045097535 
-0.4942389823366674 
-0.2812455430531826 
-0.4417271131865728 
0 
0.1324047051073686 
-0.2333059653591188 
0.4829961056596157 
0 
-0.1262976545727421 
0.9859886866937779 
0 
-0.3301819044443313 
-0.2079327020208973 
0.1230933021729738 
-0.002513455490439414 
0.1447365780264437 
-0.683728388440932 
0 
-0.1169506004873971 
0.3463228621649631 
0.02048747935696572 
0 
-0.02367142331502552 
-0.2455632328338319 
-0.3736822231212177 
0.04860557370594219 
0.1103493059154013 
-0.2737370753454552 
-0.09732766821968568 
-0.01331197981840569 
0.01231344860104712 
-0.7971136317370571 
-0.04769107028230837 
0 
0 
-0.08175859482601464 
0 
-0.06611045605452642 
-0.008617014792064608 
0.0463153602624332 
-0.003652188011137461 
-0.04081881059811822 
-0.006425388883432903 
0.06975577109057296 
0.2345507278309304 
5.1080665272515e-05 
-0.002591386533295866 
0.2715531479153956 
0 
-0.0177995024985896 
-0.0351181373703509 
0.564651625072392 
0.08841161270117559 
-0.09564060059144633 
-0.4463877822329639 
-0.1399575622609027 
-0.1784176519004152 
0.02486852341308332 
0 
0.01080549746083841 
-0.01880236552253259 
-0.6422563050104987 
-0.6975037779933353 
0.07016939275019052 
0.05230099469004867 
0 
0.4815440363276026 
0 
-0.2520492942114841 
-0.1103170405487705 
-0.442292934198594 
0.4816814602966864 
-0.3718659081620322 
0.03974067486237274 
-0.07656727570080916 
0.1320358634080624 
-0.2172671389922572 
0.004089942653698859 
0 
0.02818857116120075 
0 
0.4661067591044236 
-0.5254003797522978 
-0.09807397313075637 
0 
0.02819504112233348 
-0.1423380272564211 
-0.07766460558991685 
-0.01749503691777822 
-0.03290693232164452 
5.421010862427522e-20 
0.223491717395531 
0.010883501240838 
0 
0.01543014791298681 
0 
-0.2505312307201997 
0.06769631434083692 
-0.257417835790524 
0 
0.02838480247132557 
0.02475772674727305 
-0.01535612916965518 
-1.169036853061094 
-0.01190160628095836 
-0.06842657175644003 
0 
0.05885197803353052 
0.1491596338151889 
0.01233350151533258 
-0.02708533794802149 
0 
-0.09923003669237361 
-0.110776229379561 
-0.1126841952403644 
-0.08466271607157211 
0.04584518815339505 
0 
0 
-0.4513734998738306 
0 
0 
0.009522667889781605 
0.01081912478018183 
0.004834903912457904 
-0.3996365884720571 
-0.018593537212009 
0 
0 
0 
0.01604724447747541 
-0.05977450728323303 
-0.4087157398518063 
0.2675253203676475 
0 
0.005081564506540692 
0 
0.0782131842859542 
0.2705945315194267 
0.07506810108678418 
-0.0143826604289548 
0.003268489971461748 
0 
0.06518141780493136 
0.09805641936142638 
-0.2170317073093218 
0.01895438423128752 
0.5061630305294722 
0 
0 
0.2493766094217882 
0 
0.2040002265842738 
-0.5433988564258697 
-0.01941106194387613 
0.02959527181818835 
0.04092555081681931 
-0.115911597545907 
0.1936849251420488 
0 
-0.05981950808585133 
0.004535387487360493 
0.4059475007767539 
-0.1450648741066968 
0 
-0.06032597637844037 
0.06892972335861615 
-0.09931108903625563 
0.01303831163676721 
0.0706932721483256 
0.01184898940720406 
-0.4727786691553458 
-0.05225143192537809 
-0.5652520752743897 
-3.252606517456513e-19 
-0.2609541826665263 
0 
0 
1.275151961841899 
0.6776218790051413 
0.07760252076517257 
0.02420271714688454 
-0.2392187393007102 
0 
0.09898979314000407 
0 
0 
0 
0 
0 
0.001940834440709125 
0 
-0.001650235594019344 
0.2776529139912851 
0 
0 
-0.05029832910607799 
0.01071502347797609 
0.03871291381651854 
0.2040147054251858 
-0.01531279629170531 
-0.1606501727035238 
-0.02407340642003955 
-0.06804028128921244 
0 
0.01194853651994518 
-0.1299885945444745 
0 
0.0116860112627725 
0.3762223527171653 
-0.06883882162900523 
0.1890937244529621 
0 
-0.2389946062080157 
0.0261711310637809 
0 
-0.002505740838139018 
0.1232339789754927 
-0.2989788554125227 
0.1472179027662056 
0 
0.435638053983586 
-0.126653134714884 
0.2884897385131269 
-0.06505465360475875 
0 
0.07993668037464347 
0 
-0.05103511622624766 
0 
0.0009392729285006339 
0.08703881559451671 
0.05834287033733564 
-0.2084867971061927 
0.567824455509255 
-0.1210742238615987 
0.1067917703453135 
-0.08691160287746293 
-0.02678522437729144 
0 
-0.1585985524189583 
0 
0.03399869877857501 
0 
0 
0.235809723187684 
0.01989968222302943 
0.2008279831046468 
-0.5227308227975586 
0.04247110609166135 
-0.08887887976810853 
0 
-0.2263088953760496 
0 
-0.02760340906846829 
0 
0 
0.2216507982583371 
-0.005946157770391067 
-0.03829516321426754 
-0.5225483224905004 
0.1676140471541921 
-0.001554230841613126 
-0.1829469676244932 
-0.0763227963556011 
-0.004219821497514881 
-0.01346150252912245 
0 
0.1785602795660156 
-0.4932735103058453 
-0.3083530616376477 
0.01888194363564673 
-0.1843138845509749 
0.03352270789242377 
0 
0.08018024746741632 
0.2672808989684945 
0.2376792097937883 
-0.3216557386401671 
0 
0 
0 
0.2200445579265559 
0.01178490499738727 
-0.1269614748579602 
-0.1071328736372622 
-0.07497445412769256 
0.5584522742417312 
0 
0 
0.008797203470420852 
0 
0.01504375284005805 
-0.1241345497557909 
0 
-0.7709592627713988 
-0.07437968524877847 
-0.01494520362723815 
-0.1070263510337515 
-0.4978458819214935 
-0.02719727824498465 
0.07569681707585636 
0.01633705155540817 
0 
-0.07250470904916473 
-0.1026222574585775 
0.5355697231101998 
-0.1732651257873298 
0.05331913848829495 
-0.3979481713599713 
0 
0.03630658249973625 
-0.5886796284462938 
0 
2.534587021076153 
0.06746020706597446 
-0.520427216221217 
0 
-0.02299538557324247 
-0.01055827903307668 
0.09094344052379344 
-0.005474566091665025 
-0.06646358677669935 
-0.003253331663632652 
-0.04159165971836225 
0.3039440494915027 
-0.3722006507863553 
0 
-0.3010862583052575 
-0.7689892995297271 
0 
-0.004635789148517203 
0 
8.131516293641283e-19 
0 
0 
0.03801907664043596 
0 
0.1862822477016965 
-0.06977451413064011 
-0.4150519367126037 
-0.07427042098844555 
-0.1816542472675486 
-0.1064741103053048 
0.009961482788045636 
-0.412268649978241 
0 
0 
-0.3969882782958043 
0 
-0.05123283412503214 
-0.2147926284510623 
-0.01100044688246416 
-0.2056630730174512 
-0.01021306440079833 
0 
0.008242142913410704 
-0.2821214307613282 
-0.9121046604734218 
-0.06476757268153854 
0.03855459544079803 
0 
0.1004715162039064 
-0.1540139602405037 
0 
-0.00104832275895801 
0.0315865564488819 
0 
0.1603290912341487 
-0.003353909337507154 
0 
-0.02755904415587373 
-0.007070530088724317 
0.02065793589085939 
0.01843670719636595 
0.9358015817319595 
-0.2738166883755728 
-0.1806176208741387 
-0.04084830194277973 
-0.1297349518166131 
-0.08944920926469697 
-0.09601115642735007 
0 
-0.09766711449683604 
-0.002107559268219525 
-0.1346187840170798 
-0.1368153844898665 
0 
-0.07917333296956555 
0 
0.02927762273042562 
0 
0 
0 
-0.01141271538139338 
-0.3038718757746827 
-0.01007398373617076 
0.3544802385279749 
0.04328822494089387 
0.2024522635099075 
0 
0 
-0.02486645036996293 
0.663994907694222 
0.04879233491908959 
0 
0 
-0.1316226250587247 
0.4726632997519347 
-0.5239791123678502 
0.03075927673743562 
-0.2469662480815762 
-0.0006673836323688958 
0.1225805350867714 
0.04557525637566925 
-0.403437671704683 
-0.1097161688647307 
0.01494113272587442 
0 
0 
0.03194113710476099 
0 
0.03618994326118656 
0 
0.02040488118089495 
0.01948304968135435 
0.01347208004661039 
-0.1999703777618382 
-0.0164476994884993 
0.2143422838283061 
0.08382440900431767 
-0.03384580582435866 
-0.07174669437625414 
-0.3034985070643288 
-0.003677704480690685 
0.1859287329343158 
0.3353826000413933 
-0.003103183174921658 
0.05190951286047136 
0 
-0.5870714908403305 
0.5903081999603413 
0.1156825113366316 
0.2272246767664142 
-0.00298374590060363 
-0.03206360525675588 
0.1436629851269594 
0.3717736077297289 
0 
-0.1094573168967611 
0 
0 
0.4129260831374741 
-0.1694009040637796 
-0.02650243324728774 
0 
0.0297563252455992 
-0.01926761822461089 
0.000423330385107782 
0.01300683171608782 
0.01197654586237414 
0.01812517471857405 
0.1573741137082499 
0 
-0.0108216499409892 
0.4408887363596863 
0 
-0.1162792093404126 
-0.3601715240500279 
-0.1767659053879637 
-0.4994487652404472 
-0.02414141065218917 
0 
-0.01478334766858743 
-0.002027945203157701 
-0.09560688504094778 
0.6387619588062492 
-0.07889054319085426 
0 
-0.1396871479553558 
-0.1153638757415304 
-0.012246455046598 
-0.1059999369438455 
0.1447870235587586 
0.01566159068674561 
-0.08430675352987932 
0 
0 
0.0362717884834448 
0 
0 
0 
0.01243797839170484 
0.3289792696032153 
0 
0.01985992993075444 
0 
0.1190619311525163 
-0.4871125448739198 
-0.1531290363609939 
0 
-0.219290924118441 
-0.5543417899285913 
0.09002020304058918 
0.05169961241667638 
0.01137413037908765 
-0.08281470534410126 
0.02087084674023568 
0 
0.09270344377450451 
-0.2853866225875621 
-0.02038467351411348 
0.8948383341337801 
-0.5272691255655541 
0 
-0.0471666956615188 
-0.0006832197686920421 
0 
-2.032879073410321e-20 
0.1198214878735202 
0.2424225272371157 
-0.2417550639462295 
0.232918693201873 
0.2216192588578057 
0.007837491732654186 
-0.3809756987955533 
0 
-0.03160346427912389 
-0.2892718956860535 
-0.3632590099540707 
0 
-0.1420474203767731 
0.04811899496153513 
-0.2917760897773315 
0.3846046244727985 
-0.06914163831254484 
-0.006204658250128388 
0.04153382268919294 
0 
0 
0 
0.1196823470721689 
-0.004574902948634605 
-0.06415192951247589 
-0.1557994122239942 
-0.03799233824064489 
0 
0.04149083057974911 
-0.04969210055532 
0 
-0.2998946625976986 
-0.06945717075795418 
-0.6709074183856591 
-0.4760937994262616 
0 
0.1100048317035841 
-0.3185535152480483 
0.000528707518561334 
-0.01164000878722528 
-0.1503419183315126 
-0.01591304070592987 
-0.09330859136404134 
-0.01428091439856934 
0.02346969964434772 
-0.163335155068003 
-0.4039415415813912 
-0.04976694535089264 
-0.01558750970371544 
-0.4433842830168928 
-0.05192411512499129 
0.03934994110341392 
0 
0.1229334723280412 
-0.04571094461754723 
0.1515331851787431 
-0.04574240870186926 
-0.3013076633598104 
-0.07095827070206773 
0 
-0.3297411204162602 
0 
0 
0.0001384243693454353 
-0.1178368367477002 
0.8526083970319095 
0 
-0.2801802254249834 
0.5388964274398318 
-0.1129089473375709 
-0.01710710239385814 
0.08731343746532463 
-0.09949910115347542 
-0.1303265746218859 
0.09116082540379732 
0.3485591915598527 
-0.3869500366249776 
-0.04916554217204428 
0 
0 
-0.06315563863933324 
0 
0 
0.2074829198135962 
0.1251446347549306 
-0.02839762274836208 
-0.01397868163668801 
0.001537920161273033 
0.4159205782537398 
-0.09611192253654806 
-0.06232497038997407 
0 
0 
0 
0 
0 
0 
0.05956315689839402 
-0.05104219010730662 
-0.04974868242143871 
-0.6595665445348865 
-0.1843817356516331 
-0.002085233710278629 
-0.07914214564157315 
-0.3496934368193475 
0 
-0.0129282543992695 
-0.1798159977631176 
0.1752516433336315 
-0.02935488415955015 
1.551895965289582 
-8.673617379884035e-19 
0 
0.1555867046060637 
-0.6642058047414913 
-0.03725267807338144 
-0.4715967748220732 
-0.1040614666128154 
-0.07320411684166955 
0 
-0.06021222638395778 
-0.1372236268398031 
-0.03690191836915515 
0.05326733667807528 
0.1157922206477796 
-0.219817458529811 
-0.02976186608590262 
0.168238188934523 
0 
-0.2862347035597629 
-0.06089525118334468 
0.2327901120462626 
-0.1037557906308011 
0 
0.07752048225190675 
0 
-0.09430031899386994 
0 
0.08348441582838952 
-0.3034548999126919 
-1.084202172485504e-19 
0.1851554941736595 
0 
-0.2754912563031322 
0 
0.0455990345440233 
-0.007490364781328179 
-0.07819723007660725 
0 
-0.3039197778305133 
-0.6650276818210767 
0 
0.04698625937500762 
-0.3233169962918874 
0.02895686097887598 
-4.336808689942018e-19 
0.07698889630253651 
0 
0 
-0.03504092876815663 
-0.7049935141740244 
0 
0 
0.1563968515794907 
-0.04039367181927758 
-0.08238545930333196 
0 
0 
0 
-0.2366315582563437 
-0.301361560111573 
0.1109825331986158 
-0.08662906647020621 
0 
-0.2901592718305584 
0.1096952987789228 
0 
0 
0 
0.1047046456295865 
-0.003246272025319946 
-0.02568086268213882 
-0.3746510380300936 
0 
0 
0 
0.01124885252044776 
0.331779099150396 
0 
0.2527950867405473 
0.6930663741380143 
0 
0.02394437490874391 
-0.4843301585668685 
-0.2709242616762278 
0.05026008611263243 
-0.2210507243120254 
-0.1563920626012209 
0.01240527183407099 
0.04111312849002699 
0 
0 
-0.3890507278769171 
0 
-0.02472289013398058 
-0.09421005404006012 
0 
-0.738455083654271 
-0.1167575902228937 
0 
0.5301968602793455 
0.1447046732222167 
0 
-0.02408429500259181 
0.1939098871539899 
0.02534334291129963 
0 
-1.734723475976807e-18 
-0.00159541421036548 
0.03992979226348045 
0 
-0.345518391262742 
0 
-0.01852748724851307 
-0.6949827323442993 
-0.05206912301749583 
0 
-0.190449208931311 
0.2347441301946107 
0 
-0.09070303683124932 
-0.09656466377555553 
0 
0.8410419027830822 
-0.004579598857389555 
-0.2465758064850475 
0 
-0.1629050502447429 
0.04798866893110176 
0 
0 
0.1772724165813849 
0 
-0.2042836410197909 
0 
0 
0 
0.211886548068438 
0.3125443985355259 
0.3375308633993221 
0.03589616859027929 
0 
-0.01821978415701709 
-0.01868355961967089 
0.3806956273288389 
-0.1691321714367046 
-0.0008861264388485751 
-0.0984277659507523 
0.007111339285741152 
0.005517875027724011 
0 
-0.2523423015132338 
0.05239947595564619 
0.232415325750235 
-0.4129021784089396 
0.3272257795288283 
0 
-0.01488259339518537 
-0.1083684098079643 
-0.01161396098143568 
0 
0.09043377721262039 
-0.5671192435378021 
-0.0736810780996533 
0.6772911406642629 
0 
0.5349231054949033 
0.7542023980785699 
-0.09433031987367496 
-0.0007283736135321593 
-0.05492780751802705 
0 
-0.3574852640335567 
-0.5561422322151006 
-0.5595147005621924 
0.102118071030814 
-0.2675519457632152 
0.009188898893729439 
0.205954128725604 
-0.05984234878737905 
0.202604350949625 
0.01346039268866586 
0.01025987408704217 
0 
0 
0 
-0.4003315581613798 
0 
-0.3269243930920332 
-0.2086486031228683 
0.006841344783647182 
-0.2136050055841614 
0 
-0.07532194549298758 
-0.1585928414605248 
0 
-0.3234148118972622 
0.3256155779438465 
0.155444032614857 
-0.1154497556026254 
-0.06887434713719832 
0 
-0.1676168378851831 
-0.07748931388687001 
0.1234355810701193 
0 
0 
0 
0.006576745146377518 
0.08233724699012075 
-0.3854824472279693 
-0.2176862013770005 
0 
0 
-0.2059252160727282 
0 
-0.2332440367109524 
0.1360071070437042 
-0.3153885409112151 
0 
0 
0 
-0.01099801086929421 
-0.1528780432564275 
0 
0 
0 
2.036235858032585 
0 
-0.2348314785337449 
-0.03550717425809431 
0.05264652045247746 
0 
-0.000627849168885204 
0 
-0.02470484629600656 
-0.4185729829979803 
0 
-0.007965545521496057 
-0.6095993906593481 
-0.1125626360718416 
0 
0.05288535065491706 
0.003205265127659348 
-8.673617379884035e-19 
0.08419737775597985 
0 
0 
-0.09501604661280465 
-0.01092727930303525 
0.07839812166486308 
0.1054855665572943 
-0.08288524560350098 
-0.1147982474255301 
-0.01371952860812057 
-0.6375649366636564 
-0.6653364662545193 
-0.3281387126032861 
0 
3.469446951953614e-18 
-0.03166219464839219 
0.002213157840830919 
0 
-0.009247811463411292 
-0.5382351015440366 
0 
-0.2291015366266275 
0.06804954024757205 
2.38524477946811e-18 
0 
0.004818156274100843 
0 
0 
0.1877785783394839 
-0.1471780306672727 
0.08042714621575005 
0.04074955041873917 
-0.2888688774534294 
0.07861585168520736 
0 
0 
-0.6636106980537954 
-0.1614237436205664 
