solver_type L2R_L2LOSS_SVC_DUAL
nr_class 2
label 1 -1
nr_feature 5000
bias -1
w
0.01347473339638939 
0.1675403434161005 
1.111739393946112 
0.6444542826408034 
-0.03379930111017355 
0.1384884376153156 
-0.02568488080437557 
3.689625771947555 
0.02756336092348599 
0.2745419529046672 
-0.7127483182404474 
0.3470892940077432 
0.04003879826523744 
-0.01409304370064451 
-0.4197199059996053 
-0.5377296946643726 
-0.04926970955030448 
1.270645625875255 
1.654216152808792 
-0.2868596871174392 
0.9945590531340506 
0.4139592504330168 
-0.00393457348721762 
-0.03723718521102408 
0.133927663064585 
0.01338837527269839 
-0.02483225442320372 
0.04404479782387841 
-0.202743575391369 
-0.1783419347033176 
0.2229357086102765 
0.1263903654897511 
1.444890673593959 
-0.2633545963084661 
-0.6725318734157818 
0.2300581304011278 
0.3752388790492628 
0.5558878725592729 
0.4035974415807805 
0.1816830473601075 
0.2904478473100774 
0.004333667330251509 
0.1905787608890707 
0.155918210085469 
0.0311183138889934 
0.1664526434262206 
0.4261593377764642 
0.3680746239217768 
0.0100351372252902 
0.9824707533303054 
0.0653575265740042 
1.586386970833306 
0.2987000981419145 
0.1901794425085172 
0.6858800375062024 
-0.4651732129310872 
-0.2146614921782569 
-0.5074411929777417 
0.2688624070710305 
-0.08735015966476856 
0.5221522982093442 
0.08251109975725988 
0.3177882794124264 
0.08523927897544102 
-1.082105160094334 
0.6510768354313259 
0.1606820701074488 
1.459365728734305 
-0.57749756798091 
0.2242300427468661 
0.2664965913415532 
0.1932265268221726 
0.1795535806777274 
0.09787384797891149 
-1.103872065726828 
-0.1715877025066716 
-1.046920380308201 
-0.3445381966774726 
0.5311979626619349 
-0.03863433015945689 
-0.06774128082690474 
-0.5287184719848809 
-0.007484809093156001 
1.494729975283651 
-0.5530489339756514 
-0.003942965360906443 
0.4114430382077947 
-0.4600240143312313 
-0.1972732118797184 
-0.2499381616197245 
-0.04683164005625577 
0.1154741084217998 
-0.1018227364271267 
-0.3559043718245204 
-0.4539495619010545 
0.02465723140668447 
0.3267845320172615 
1.186665670108729 
-0.2748351863456732 
0.779908398819365 
0.1601892033810646 
0.1728686488587615 
0.124259568236916 
-0.2003017103951833 
0.2254727256938029 
0.1081394308679084 
-0.316207847923578 
-0.004901231875273159 
0.2676981172896586 
0.1202969961350346 
0.2253254753055534 
-0.2046178634748417 
0.3982537325470743 
0.4710254539773188 
-0.3896563295357783 
-0.08043720457288064 
0.4487304469959491 
0.02085375245599533 
0.7424628177359273 
0.3535105899072993 
0.2936233271566119 
0.8545167584684825 
0.111410459588422 
0.1033280507554533 
0.312413748155224 
0.2918970943901797 
0.001906820899032682 
0.614826265145769 
-0.09154110887973167 
-0.2879789600994463 
-0.08803641038412996 
-0.01978230146065704 
-0.5728324253844395 
0.006102423566764092 
-0.6940791239387377 
-0.1245738286294293 
0.3120885292505403 
1.511972389767664 
-0.01405801199179309 
0.09660275663567339 
0.01012681615483754 
0.0312265210128106 
0.005941467914440226 
0.1517197345279535 
-0.567163076522786 
0.3750593400263592 
-0.1188732457730072 
0.05789077216472426 
0.1438213992538671 
-0.01827301877182475 
0.08259066253554873 
0.1603195365824225 
-0.9679475872691449 
0.580858179145858 
0.01320395515344243 
-0.1097345492365088 
0.05333830151736974 
0.6294492057320327 
-0.56451140100001 
0.1937819990159689 
-0.2774648376587816 
0.9015254377610821 
0.01950775207506064 
-0.07965406407912172 
-0.374660186244445 
0.3861914925620368 
0.209482589233103 
0.0529374255550953 
0.4383468633255871 
-0.1335601852913469 
1.527992092209125 
-0.2333478816628509 
-0.05742409430733195 
-0.1661898894110647 
0.0766829612536464 
-0.01004317273373812 
0.5439191207064531 
0.2523822673253044 
0.3174079541551649 
0.41381988476884 
0.02642939878551283 
0.2793218462052595 
0.512934937689652 
-0.01320695775189935 
-0.2963622627754101 
0.01382821091918234 
-0.9188923503803429 
-0.4433716376891049 
-0.2980826229224678 
0.3147127633053147 
0.3367791691591673 
1.211531549271898 
0.4394328739196524 
0.04150554918527126 
0.002634688228714414 
-0.04668329743086013 
0.03153087231760571 
0.6117020453134508 
-0.3195031083717447 
0.1456825229249632 
-0.01474715845961807 
0.1001061326946877 
-0.0622907805728963 
0.04540981141037872 
0.09267840476633074 
-0.2578700861350335 
-0.04762801970514968 
-0.3903378198450316 
-0.03258912740047051 
-0.8389475729401035 
0.004511802612466674 
1.972591058841182 
-0.2568269087750945 
-0.05822404043781603 
0.6283571368180859 
0.07605663244762884 
0.8907652333369093 
0.004625698485991907 
-0.02083977188361226 
0.1883950766403627 
0.07154850471197119 
0.7579636966577269 
0.02061774074935432 
0.05865392735814171 
0.2765868640729694 
0.7968066866228359 
0.4301169667662459 
0.5269466027352173 
0.07898362947877016 
0.08330044034652229 
0.1170201172566231 
0.2269187314523098 
-0.2484780509394942 
0.3252204545859484 
-0.8768669728514356 
-0.3519395477909653 
0.1837084336779171 
0.563069799440912 
0.4517039285430381 
-0.09860755268821664 
0.1446443106488322 
0.1450517498132514 
-0.009847228201611428 
-0.2539976145747013 
0.2135858269304872 
0.2890621233100295 
0.26344685895341 
-0.04876997891602625 
0.220004990831899 
-0.4388679447462898 
0.3169882116426175 
-0.1101508203063864 
0.6721259918659294 
-1.360765880774795 
-0.2125967407771753 
0.2398813724306786 
-0.1136101571870581 
-0.8987748648713043 
0.4154946153682887 
-0.1823917364321868 
0.1564137342570643 
-0.06668285830442966 
0.04439937753078989 
0.1606258975384648 
-0.3198242219280239 
-0.3863006199255274 
0.6508946937866006 
0.356106637284953 
0.2757346669646413 
-0.08232573237787315 
-0.1040318655837582 
-0.1408944988181277 
0.3919083463034336 
0.01153385711200516 
0.2271454980257699 
-0.06622363437255573 
-0.2496668129627132 
-0.5742536721781478 
-0.2951011436007889 
-0.06701497034389241 
0.4887459957072361 
0.1898915049367624 
-0.00704741278092239 
-0.03669293285210045 
-0.01736385466580427 
0.6705768844086977 
0.0783797517263192 
0.4909729211183136 
-0.02457159610120061 
0.1129376385915366 
-0.361099781041542 
0.1291213320440915 
0.1650156528109099 
-0.06417389712652166 
0.7901447813209729 
0.5511127981075998 
0.08902036077220345 
0.5385806660327598 
0.8227393726303146 
0.01614435257531597 
0.7493538626229019 
0.7495542578847226 
0.1008989210592565 
0.4135081023550018 
0.1475391996694867 
0.1770956108361822 
0.04129457188866932 
-0.2242249873655942 
-0.3521997653545043 
-0.0069114713447882 
0.03833499337693048 
0.09026388070830862 
0.5558400793570377 
-0.684961146518689 
-0.09622002000335017 
0.07877701124255719 
-0.9708755052862695 
-0.2327756906200804 
-0.2954143186459278 
-0.5386711001355874 
-0.3075996304221432 
-0.1123734198098904 
0.190592812404865 
0.2469681504900934 
0.1186199709132106 
0.8455371823516374 
0.1715957112431778 
1.15870809023643 
0.4819407704958826 
0.0219925475930345 
0.168043280344243 
0.003696498864652853 
0.6846016753719901 
0.3958075840353322 
0.2458421927893031 
0.04298725831876687 
0.6709310578653059 
0.3327390089979443 
-0.3980601710120957 
-0.1185363963284435 
0.1103051209679881 
-0.6919683797908014 
-0.0546103292831756 
-0.4681118142499997 
-0.4751540599601958 
-0.004554874120049363 
-0.0638602210100393 
0.1741210556146963 
-0.02415661233616502 
-0.1927093842282382 
0.293616709480422 
-0.01251847252548672 
-0.04025083318956771 
0.08109162695789146 
0.1964019802775233 
-0.08282454084568477 
-0.103006078819252 
0.4597992338573649 
0.002571890841664099 
0.1782150877461236 
-0.1893204176266349 
-0.3447917271304106 
0.2662825997223967 
0.09692127496352158 
0.5580553014332623 
-0.4439102920340758 
-0.002254868290663134 
-0.6386998104455447 
0.1437489898367984 
-0.1983805722975405 
-0.3886947544703517 
0.2623527097252752 
0.4295899298619927 
-0.228409748385548 
0.230385014893772 
-0.12859322820739 
-0.2222972423897313 
0.1871128048842496 
0.1974787386186078 
0.156646952704965 
0.1968518179383669 
0.06685369310896719 
-0.6472422215104132 
-0.1142505679968034 
-0.9445956894994441 
0.03369443207658168 
0.3411519184731844 
0.7121968690401166 
0.1364681602697549 
0.4227494218124765 
0.2941186429845787 
0.03125959583249004 
0.1444549327983198 
0.6100875360898997 
0.3711752242513031 
0.5600172890346801 
0.7908835531298178 
0.01510200100857662 
-0.306599822642011 
0.06939283790029277 
-0.01552653243571055 
1.245505658117634 
0.2268957548952079 
-0.2197176916729787 
0.4758009638200976 
0.9241879396000386 
0.03227730557671844 
0.5668824512051087 
0.2251100323943946 
-0.1478548903629612 
0.8708267536500226 
-0.5028978549713835 
2.297952571741568 
0.2229226868686029 
0.02976163464190908 
0.1736904536735607 
-0.1978912070662555 
0.3124636996251283 
0.3815256478379736 
0.08287455712010783 
-0.003131350583742667 
0.03454103487794432 
0.2002918528083037 
0.4765392909457946 
0.0502143112240995 
-0.198392072933286 
-0.7463060659857674 
0.01464411453649645 
0.6125533466758103 
0.2013123605293276 
-0.1482877160519597 
-0.5022893822763164 
-0.5130490378427558 
0.433262868257667 
0.1256628181044553 
0.1700790298325216 
0.7439157651552881 
0.01960541165099139 
0.08473627605506727 
0.03930022484791865 
-0.1912831282159143 
0.3355257657338677 
-0.4150044666692942 
-0.03115223514430893 
-0.08812581568349481 
-0.4428566015710211 
-0.1623357872459635 
0.2468327832867162 
0.8256783731130918 
0.07187730722766099 
0.3203947043854092 
-0.0117327962401498 
0.1586522990882394 
0.4953448312352881 
-0.7082496618546389 
0.01703232883777582 
-0.2579340341651042 
0.3760716583620434 
0.6702140051395067 
-0.5009929157684234 
0.2122872845537387 
0.01095210344707998 
-0.07419556052055845 
0.4899598489493612 
-0.4013334614495968 
-0.3920655203559402 
0.1342597187439945 
0.1694242947417572 
0.2613533891795042 
-0.1995452245993261 
-0.1374302603597752 
1.608527083948404 
0.1412393559174444 
0.08439040595755044 
-0.3536013191108269 
-0.02075845740830015 
0.1592629143043018 
0.07690325297706778 
0.2465518409741471 
0.01112430546468835 
-0.1458494978428127 
0.3148461728885201 
0.3773893177696287 
-0.07547731885484416 
-0.03110141934557346 
0.5674361159453342 
0.005488933571487165 
0.09234432824878368 
-0.1832709028262241 
0.2370763462938757 
0.6850640187740488 
-1.086130093811858 
0.1685362944955908 
0.05746645990158978 
0.03732893369591452 
-0.1618636203194236 
-0.219582910694714 
-0.1871767504779917 
-0.007756253326106807 
0.2774352456871861 
0.392363730765183 
0.009511732363899695 
-0.008802573040372359 
0.2037581147891909 
-0.3161808333561536 
0.07368923866545198 
-0.2527745213350568 
1.339318015313649 
0.05561911195857512 
-0.1826983092283739 
0.193045069968435 
0.4430429112283198 
-0.6384290340282309 
-0.198766709003999 
0.2493844515478287 
0.07904361817826491 
-0.516824973623623 
-0.3417567296221816 
0.3910679597792792 
0.03765492903901618 
1.316425138666144 
0.04344586646117265 
-0.0235208211416176 
0.0318007300832921 
-0.8451730841337901 
-0.2047503402123478 
0.1047214493013713 
0.03810663604637428 
0.02406743807795314 
0.763853070018727 
0.01554682960737471 
0.2849995170569063 
0.03017903336860511 
-0.2054473762742874 
0.3864876173332408 
1.344480057406266 
0.1915575922520838 
-0.1182664028108367 
0.2227789088167569 
-0.3321321122820632 
-0.219295821332211 
0.6054609661002556 
-0.02897661142801789 
0.1442775647065587 
-0.1350566048199866 
0.1860633257553065 
-0.01272314577597412 
0.3529137746635345 
-1.258114268873778 
-0.01103307511465214 
-1.252172219705971 
0.9109434967476623 
1.204071334943198 
0.05328978565367287 
-0.2822738844397005 
-0.02455145616754215 
0.2047181397841858 
0.6412601942625046 
-0.0678906289403496 
0.08805748072361624 
0.05897420645560395 
0.6636585633929044 
0.08737454387620729 
0.7384900697175473 
-0.9009390505206668 
-0.3806152818260114 
-0.05823891943846184 
0.2323513449393907 
0.07501666161786395 
0.04807512497315718 
0.63575099942534 
0 
1.219144490811631 
-0.01695174125355058 
0.3904614492331527 
0.3851130545854605 
-0.1277862850593886 
0.1429204019610055 
0.3198830829835425 
0.03860544658034975 
0.08050229685390252 
0.2388252725042532 
0.909886688639429 
-0.3119811007114037 
0.2203028566427913 
1.072045293335485 
0.1145151519423694 
0.1386084242037741 
0.0003180146663608663 
-0.00653201640372884 
0.006573600462613202 
0.2553710089093117 
0.08249518779319452 
-0.3286919269695546 
0.8833685761111073 
0.09265272561359156 
0.7342493856199889 
0.4806054476656884 
-0.2288678523013845 
-0.03316296832565787 
-0.06034596001025625 
0.3167589353329648 
0.2490867966920764 
0.1248191618936112 
0.04935571928782953 
-0.3931345828848588 
0.129650170556868 
-0.05329561795980322 
-0.3117151143717729 
-0.08261592233989684 
0.468705961555073 
0.1586834112762477 
-0.002507925308595416 
0.1429477206356715 
0.1271097434609083 
-1.309841800333173 
0.005495226919191123 
0.1818259801139267 
0.05520347376078454 
0.6563971849388929 
-0.1235183697879878 
0.03119117196502312 
0.143965622384733 
0.197776448419524 
0.008316513126784778 
0.3674030089817327 
-0.08832391445709332 
-0.02797753855657803 
0.5082220667110292 
0.4282239857607674 
0.08800604326567037 
-0.6609768986851827 
0.3363129405026771 
0.0001731478392905795 
0.4399212316521551 
0.1575748054034604 
0.3503730220893144 
0.05224732681092092 
0.5766563220329743 
0.6224310349296205 
0.3225963561558386 
0.238972137184574 
0.4694657563836655 
0.4445315129456908 
0.2504154699470371 
0.4308924489064493 
0.9358347555922149 
0.04491173062556148 
0.9022331550193579 
0.2009145765200585 
0.4723390713171383 
0.2942829662324523 
0.04951251228617683 
0.1537100580642898 
0.735629211709344 
-0.4930724623191965 
-0.03172827782415615 
-0.07933309219432248 
0.02867104593419471 
-0.274995967988944 
0.2959196609178327 
0.140739514419053 
-0.6205190308326931 
-0.2554739055234351 
0.01702913403764654 
0.4855125316346724 
0.2018097483116005 
0 
0.3418344164284469 
-0.217403911962704 
0.3001315381623001 
0.03547321605853231 
0.05896496927421148 
0.09301714948487717 
0.6339269339510548 
0.06599819683917653 
-0.2451162516507581 
0.03973557124347381 
0.1179949848932193 
-0.01812808524441719 
0.4378688982267204 
0.1568498695023485 
0.0860596037324152 
0.251380880773089 
-0.05410555929232234 
0.9103008027478362 
-0.1172139436507147 
0.0788773351140228 
-0.04962902840913199 
0.08866591075359649 
-0.1798040517971661 
0.1882706105213928 
-1.250273180319863 
1.309116686478245 
0.5611158102987255 
-0.2216433464241162 
0.3416056981413166 
0.1451419796314281 
-0.01200808129384051 
0.1989105428814351 
0.5887460502158506 
0.6153615424644384 
0.2421065481846527 
1.246599897900645 
0.4292154068335539 
0.1155625134160806 
-0.02423921138373828 
-0.1412601300192722 
-0.1423655890973446 
0.0240257146077309 
0.05950566580263284 
0.04301060007318586 
0.0533764969131918 
0.5010554350172292 
-0.3911523527855885 
-0.06112541713328604 
0.4404561156112802 
-0.1092667595704605 
0.1730220379163105 
0.4550655950391898 
0.1046811722787519 
-0.2632712651238352 
0.1692426353786795 
-2.927345865710862e-18 
0.09384252597112885 
-0.2902548646684977 
0.05875751472694886 
0.9710817077693619 
0.4024309638922811 
0.1751408220826999 
0.170660731164263 
-0.06331936094942575 
0.2512844742831497 
-0.07423001642199073 
0.05481026887842231 
0.1873886533223415 
0.1681032297153441 
0.3893511298546229 
0.3005005287680321 
-0.1827119928648327 
0.3839915489233959 
0.2989810146487952 
0.1849674973492451 
-0.1546956195300296 
0.04594942916395403 
-0.4976445032542496 
0.548152323509043 
-0.09215666192220599 
0.1436999019009794 
0.2227449129434452 
0.6466124705217332 
-0.07497137195644443 
-0.2715792317117476 
-0.5070362376885075 
-0.4987938221600816 
-0.2827208296959313 
-0.1809673132284286 
-0.1224358882837707 
-0.0157827718437492 
0.1608099800455662 
0.2932510102954237 
-0.5081007824106077 
0.5678452750996981 
-1.423254311626178 
0 
-0.5475393031043899 
-0.1116931658639328 
-0.08887374141401398 
0.1450082331697324 
-0.32259214307326 
0.04379193380958252 
0.1783666785704073 
0.562648505371254 
0.1453264375745149 
-0.3161776988039958 
-0.01749953775223608 
0.3218679575640744 
-0.1939364589618408 
-0.3555575616944912 
0.02964727381749906 
0.1840780456614513 
0.3336321031928895 
0.643773783412253 
0.1935448453003668 
0.332442859556613 
0.2866353715374095 
0.02036631946990427 
0.3932598851557961 
0.2995185822491218 
0.5560640099524831 
0.5978945858247225 
0 
-0.162934341199616 
0.07953563152963919 
-0.2587971657942913 
0.9055137749573519 
0.4812754641512638 
-0.2338299757938129 
0.01795857689824264 
0.4079590595034808 
-0.2752208808679996 
0.3087981397244451 
-0.008807874936403186 
0.1502236191716504 
0.02749834291797339 
-0.08016279912868499 
0.1096836967255873 
1.0999615755196 
0.1329610146194915 
0.02531443709761734 
0.09146685790524903 
0.918340678640585 
0.663265272193764 
-0.06552143480091036 
0 
0.05180970926038864 
0.2450852813388307 
0.1514704221433406 
0.02920240184965533 
0.005645835193165232 
0.01701099867000223 
0.6007410130086346 
0.1919143258248231 
-0.1999535901683471 
0.2316491138977733 
0.443994944675922 
0.02907921235245992 
-0.1895219194623849 
-0.01330669845419235 
0.5749167341006977 
-0.03846785542050281 
0.583533674840044 
0.09495031613613999 
0.1076270046645334 
0.3254828945086255 
0.442390785608756 
-0.4108085613749243 
-0.1409931850800745 
-0.4019061899133197 
0.1037277267267736 
0.3601602357421839 
0.01224538610323201 
-0.2844424806863337 
-0.1175183184459376 
0.2038565211606498 
0.4635690351899199 
-0.0240502084668519 
0.1611236810647737 
0.9980032237786377 
-0.3239479803521964 
0.1967366311192399 
0.03198615088176963 
0.02032665089281196 
0.4137936310859383 
-0.003983942706404627 
0.2501010645120506 
0.8946131627338625 
0.2406403240363932 
0.0184315250904532 
0.2208160061453795 
0.08055903571842193 
-0.3920406044204435 
0.1139898075246573 
-0.4550758342903741 
1.022182337601133 
0.3667165332132296 
0.2154031093780181 
-0.1901681991459609 
0.02534015868374748 
-0.003490953836959804 
0.944748189180892 
0 
-1.295494600813292 
0.3381863712929668 
0.02987541767050247 
-0.0342052355306077 
-0.3343546333446885 
-0.260551820223844 
0.3768357140859309 
-0.617366862904863 
0.749982689528276 
0.2472109678553144 
0.06497571616500107 
0.6829497022897871 
0.235370509892604 
-0.0758976989338484 
0.39113583462325 
0.1060691710920497 
-0.8854751731756946 
-0.330431577239387 
-0.02021410714779189 
-0.110186446363169 
-0.3761384148840313 
0.0647651155900974 
0.6076456529010381 
0.3414197812124006 
0.2145255790399939 
0.1454420522029134 
1.080396319204697 
0.01186930897519804 
0.2871827879726802 
-0.3536648087896139 
-0.995581636769329 
0.6094155425524641 
-0.725642763495042 
-0.2487644791646273 
-0.1680525837519965 
0.4819413945908843 
-0.266021353890085 
0.2934070874667567 
0.03661173278413288 
0.1725808204452192 
0 
1.726098811656456 
0.4584130869553568 
-0.1474926688194015 
0.2394890402763318 
0.06281599708296269 
0.8243038365729962 
0.3145057833984911 
-0.2011160423233292 
-0.1075494663627769 
-0.1234703745084494 
0.1605790073775694 
-0.3860912718932679 
-0.2577112864012192 
-0.05787921556572562 
0.005008823516119359 
0.02570543496682529 
-0.2341318099448496 
0.05711755311623082 
0.06447903519374944 
0.3352814865855684 
0.7087878811624704 
-0.2476723337111899 
0.007995843649551576 
0.2049054414950894 
-0.05313307333987481 
0.01138943442033002 
-0.3890120221881198 
0.5888614817776816 
0.0109813298469666 
0.1158879801137755 
0.07912954870882973 
-0.3803180995941594 
0.3556476007223073 
0.02193717344898774 
0.3111415782178648 
0.2280837652792755 
0.223678919537897 
-0.3815799187380039 
0.3041330746426376 
0.1030129713563884 
0.4437846817274326 
0.2575621780400117 
0.2388143389039835 
-0.1545402859784632 
-0.03755024345676189 
-2.168404344971009e-19 
-0.7169513331030449 
-0.04612923808452226 
0.0005737901340238443 
-0.3061852334700013 
-0.004925527024330193 
0.004615676971257582 
0.2819605062062316 
0.05211204110389749 
0.1433926417608386 
0.3293967423361827 
0.00838926596648012 
-0.04593967175979675 
0.1729993774514375 
0.09795726766220834 
0.01778507657077992 
0.196869779788912 
0.07183133313271091 
0.03715757120667404 
-0.03305765313621414 
0.2483209850972802 
-0.469419243453738 
0.2733068892775202 
0.01268600379715982 
0.06100749286303248 
0.1526396838872627 
0.04535645162139731 
0.232497865185513 
0.01343130453903127 
0.0112168930603458 
0.4467167624504412 
0.05923036918110811 
0.1869140587451156 
0.1048858103093706 
-0.3045305132021551 
-0.2074534560269541 
0 
-0.2498354839010091 
-0.07862762227013592 
0.6005784622221154 
-0.08369817692659551 
0.04798260169837117 
0.1848337689305296 
-0.2483124175011976 
0.2402658578787032 
0.8355435362627214 
0.4528415978235313 
0.05766458966219962 
0.1955109752026694 
0.7811041142696387 
0.8943176374087068 
0.4483772473251461 
0.2217647252971297 
0.4764299928581479 
0.3232967102931716 
0.1059302901647672 
0.0884721620684808 
0.003766095374063898 
0.1102904722251102 
0.1718157566649426 
0.1331365357322616 
0.09760281013419546 
-0.3078131688237069 
0.09645194298907545 
0.1349949312874493 
0.2289196213236127 
-0.022384480667068 
0.2330003236670647 
0.2953454396800755 
0.1329951635090973 
-0.2698052696961827 
0 
0.2520974995106926 
-0.05925355139453046 
0.1806015842314415 
1.657874441863898 
0.05077458148441896 
0 
0.4102889810698968 
-0.07907410228112748 
0.1225874577063006 
0.02895238325972903 
0.6115003540151676 
0.09658509783868612 
0.6816519494017751 
0.2688893070373695 
0.3592473143861704 
-0.3943610792982782 
1.024152376786267 
-1.452707882278813 
-0.2080229689160599 
0.05740976188552795 
0.003612134971809028 
-0.3247929686319083 
-0.006996415108625239 
-0.3074119677438382 
-0.3824348293209929 
-0.197647393127106 
-1.293187687512632 
-0.163559973151354 
0.005593034333086538 
0.02164292507513183 
0.0007927597062169845 
-0.7056868216969573 
0.1217286302501997 
0.01704762536463088 
0.1521541331447457 
0.2629048837176912 
0.6237920806989087 
0 
0.3641673656144938 
0.2856188441170056 
0.1246022775281494 
0.08505015407352425 
-0.1536652686214391 
0.3184045874865564 
0.09072380588014892 
-0.3075669315351874 
0.0516674756349472 
0.57791390455517 
0.07517617398002184 
0.313103773025175 
0.04864617044134879 
0.2186504847960695 
0.66710578526029 
0.4328234210004819 
-0.3813320385910051 
0.05466873055686595 
-0.1940921080904605 
0.01197656068758493 
0.004292575742318665 
-0.3666779643563139 
0.2735327566004606 
0 
0.05164517085840788 
0.0563232644395635 
0.3612166757730279 
0.3178642205785825 
-0.03680293499676138 
0.1330363895796894 
-0.07602623271165714 
0.07201827525853904 
-0.02613791667046226 
0.03720940025520812 
0.360172648670051 
0.1571208131615766 
0.4504577683060283 
0.4211507810775166 
0.01272971460119552 
0.07785095350776239 
-0.1720213562773087 
0.01788245124878265 
1.054062820130414 
0.1418148539067436 
0.1371798422051546 
0.3322848905532016 
0.1173710125736078 
0.693503676086861 
0.02033622967778904 
0.5912436128986859 
0.1816721404879808 
0.06336412542413142 
0.05067024377276665 
0.380901857917865 
0.5490236329082453 
-0.8769720489160338 
0 
0.1637720697022474 
0.1244805184725999 
-0.02729495126655406 
-0.02445498286058699 
-0.0909939790866745 
0.4277723553788189 
0.3132100431023521 
0.2721926250645852 
0.002790658286122465 
-0.1276186080810347 
-0.0306136237259263 
0.3046668934919003 
0.3461877994691022 
0.100385205592474 
0.009578948186261397 
0.4111249013663313 
0.5241594565648121 
-0.1838073931370728 
0.0005010230783043586 
0.2058440983216039 
0.1510539930938188 
0.09683150749597298 
-0.008189269219296363 
-0.5039674759012615 
-0.02750649693864056 
0.2853973909116684 
0.02827086520830133 
0.3937362182292929 
0.1929216515831376 
0.0873110575395232 
-0.3217478460862144 
-0.1316286092660211 
0.2385842802813065 
0.07567480329690911 
-0.06085188978405548 
0.2235593724628961 
-0.06504262808629095 
0.1444497077601478 
0.4162389271182533 
-0.01651882094449605 
0.02305868526087444 
0.03915266612288475 
0.1491038269119207 
0.3758077915656971 
-0.08322039014575384 
0.1040429775704637 
0.9826471106844228 
-0.07571068503505904 
0.08346806782148232 
-0.07488224200709059 
0.4435205216184121 
-0.02971873587027232 
0.05257369071241557 
0.1829336039382245 
0.09427764454549339 
0.1048560600835969 
0.2732431669916568 
0.6042233429264411 
0.06553011094835888 
0.6452977517718064 
0.2211367735267171 
0.4718776062187822 
0.4646190243986149 
-0.05414397966029252 
0.1526674091833583 
0.1156667618205064 
0.3071650000615767 
0.7184190675986171 
0.4557954863297976 
-0.2782507312077256 
0.3947739600235149 
-0.09356278649706538 
0.4952700490137643 
0.04095382145331784 
0.06983941354666572 
0 
0.3591114843495634 
-0.1458476384730033 
0.01388696081439377 
0.1961811220917675 
0.1879033402906161 
-0.01374663385010861 
-0.0574957974113207 
-0.3600206326022548 
0.1072151859102948 
-0.0979290713087108 
0.3833214953432084 
-0.2968183537001471 
0.02005520741986993 
-1.327365406282642 
-1.32507829557685 
0 
0.08543133103788103 
0.1640137521190418 
0.3894621192794006 
-0.03107530413685666 
-0.3286917204298783 
-0.1066086099885131 
0.5513697854388788 
-0.1715860428372789 
0.1245071916498155 
0.01352394068629861 
0.1381850637930482 
-0.01181100459177758 
0.06701755315150115 
0.132717226909851 
0.05546269172867535 
-0.4342913441127129 
4.021894211699787e-05 
0.08190468614503134 
0.6262050202996655 
-0.04135891035414437 
0.6304753275422446 
0.1214093290094052 
-0.2645296599346099 
-0.6265671315523995 
0.08017418856511925 
0.1503355315089014 
0.3302800625167778 
-0.2024794791224609 
-0.1399933210265035 
-0.002514982700391059 
0.2887198203772043 
0.6628023655198854 
-0.04363873805912095 
0.3579781597767848 
0.09380075385356831 
0.5874390263296593 
-0.7931205778016568 
-0.002499667286219813 
0.1695107907923732 
-0.3068169318456002 
-0.04207964027436961 
-0.04321174699138797 
-0.3707612256376331 
0.06041893234030551 
0.09333256292363472 
0.3113033715591739 
0.3086516389678784 
-0.004751889792932796 
0.2066978869443473 
0.02946755608874953 
-0.02767569137696585 
0.1112938788262052 
1.317510606003934 
-0.4881318161817378 
-0.5026330873921253 
0.1434974541183663 
0.02317186846899327 
0.1880274774965973 
0 
0.03486655988901725 
-0.1652521885913364 
-0.3343471226002381 
0.05270056469467168 
-0.1149117021385342 
0.4381159707754948 
0.001933896466036346 
0 
0.07180891941371778 
0.6548582216555088 
0.05741380242899844 
0.344945147983117 
0.313786829694089 
0.001111150945384522 
0.3717302541242564 
0.04495242973756112 
0.3281368610310184 
-0.1062557885979398 
0.09675942410406564 
0.08034683598796248 
0.3392202558277289 
0.07834162114771091 
0.559764153741549 
0.03816816952246263 
0 
-0.04190982599932563 
-0.4767131953389848 
0.1118265906941944 
0.2080008539304891 
0.3045692172190278 
-0.08284198632323912 
0.03011773349685917 
0.03133344553264513 
0.09443338463797978 
-0.5238323381591122 
0.06722964647941117 
0.1196385423950041 
-0.1065400781490547 
0.2182555688971866 
0.042430846806841 
0.01101631280983016 
0.03809839979376927 
0.06001936078066172 
-0.04786062618951778 
-0.02913243129758826 
0.375144571967309 
-0.06515730373856228 
0.1620272251465602 
-0.0749011379824763 
0 
0 
-0.4909837883118039 
0.117153159175781 
0.1073653759146923 
-0.05942543303122563 
0.1952052125165539 
-0.02270585312273963 
0 
0.3349170979280646 
0.04675351931558581 
-0.1269113885181722 
0.1297557949536669 
0.2512013815975661 
-0.5076171712145453 
0.2122212008292502 
-0.6845708899042139 
0.08399944588100412 
0.1002435541352994 
0.06714646491803154 
-0.6206146880497286 
0.09807275353229508 
0.2182638091409004 
0.4736720692518032 
0.04692088457949819 
0.4264365539303304 
0.583972061855518 
-3.192761572201285 
-0.2076510891517925 
-0.009741943012600909 
0.1196302363213963 
0.1996072861468996 
-0.4667332078048118 
0.08366383026296026 
0.1286624595289163 
0.2936147571060602 
0.09848651847278705 
0.3200210766189883 
0.506378270814114 
0.04065990899285303 
-0.4527269131440905 
0.03798621331378516 
-0.002951948841714744 
0.01002515512873762 
0.04681256840130319 
-0.4935988439590756 
0.002030586747381824 
-0.05586019780449093 
0.03510612772557711 
-0.178048133946533 
0.4235030074798169 
0.2277213281273951 
-0.01433710030721079 
0.07068007770571549 
0.2716015469969089 
-0.05649034944561026 
0.0007974059349230844 
0.1287527008578557 
0.4811868262593062 
-0.1608012223928796 
-0.03557868908101702 
-0.1755800688081657 
-0.0169168956891554 
0.3402921673858723 
-0.4184204770148205 
0.5453945378219054 
0.2531346528698164 
0.04730779687966114 
-0.09740814986512986 
0.4660289880240821 
-0.009527771582130124 
-0.06672989286314229 
-0.0499554362663409 
-0.01637119515441371 
-0.2545844171799804 
0.06545968809121909 
0.1620208237518345 
0.6001162158042159 
0.01657619154309996 
0.2896240707599725 
-0.3368285552579108 
0 
0.4168162507379048 
0.169548377964007 
0.2155344187595962 
0.2880245143759367 
0.02600292570004069 
-0.6271858747848742 
0.1058096555293351 
-0.1000110452906176 
-0.2125056270585197 
0.1496965373844114 
-0.1681957600120857 
0.1409043532563548 
0.1223086711920367 
0.006419433355987091 
0.02721945998098352 
0.1027627246580336 
0.1293009944102189 
0.0203078892584751 
0.3339944022481869 
0.6074564332973793 
0.7415762811202337 
-0.2736138247984439 
-0.08403410834594228 
0.33169343678973 
-0.2156824558656091 
-0.132403302887708 
-0.06587292063337997 
-0.137850730423212 
0.225660243165166 
-0.04637550387150218 
-0.08549769282767306 
0.1366675958196619 
0.05899200804794971 
0.3626442277534098 
0.3392884462944796 
0.0345952534767688 
0.2241993081003668 
-0.8401013569210238 
0.008038096247832778 
-0.2944781464748661 
-0.9162758584271939 
0.4656976867054099 
-0.9570714709583783 
0.5296060170467247 
0.3537866880034517 
0.3232076758062103 
-0.7773406943921223 
-0.03296681307748409 
-0.3531534140722978 
0.2041819392604137 
0.1534935511402329 
0.091306795213261 
0.3258443152812834 
0.2400224128675792 
-0.06230033303508917 
-0.03560415635975155 
-1.127922972715496 
0.2576928924898836 
-0.01583478502701566 
-0.03278397663293558 
0.07808911924526378 
0.4577090652205114 
0.05069473801774348 
0.1063555693021127 
-0.0886427765094031 
0.0554490279217402 
0.005975653062670373 
0.1937174980618692 
-0.3203576592265081 
0 
0.08987728648482671 
0.2825663488674265 
0 
-0.005963863007020601 
0.1240866664256932 
-0.6830879775589763 
0.02311798930483582 
-0.04420563339378439 
-0.1403178642660204 
-0.01649708569364378 
-0.1093570930839839 
0.1397344466856016 
0.02940136427514083 
0.2044501790936106 
-0.2946805383149777 
0.2336631793857362 
0.04049301167942981 
0.09492637854273046 
-0.0227524184000977 
0.2821995310485461 
0.08839564521270886 
0.3560632348201764 
-0.232478100833348 
0.02598686311655161 
0 
0.006108009439247304 
0.04932843435675734 
-0.001621119658807601 
-0.09063177851815046 
0.5504103579455453 
-0.1928400939816443 
-0.2602161298918586 
0.2697159462361556 
0.1617034412689765 
0.135197971459441 
0.2453251815887136 
0.6615537451044835 
0.2832908105547361 
0.008412395146990929 
-1.453395774535929 
0.01190436971652086 
0 
0.01559852228854531 
0.4054367519992265 
0.2021798519724665 
0.3834925020615889 
-0.009491559147307834 
0.1136110081527789 
0.3311464299201721 
1.65027509328961 
-0.2297838671878093 
-0.2476309222044442 
0.1147594952381745 
0.0743956218910756 
-0.01841825448779626 
0.02909183081841404 
0.02827562873735368 
0.1527195742956832 
0.166739680143702 
-4.743384504624082e-20 
0.2614168578815608 
-0.05344852029129014 
-0.02880775922486699 
-0.1837811846128937 
-0.3268151333208539 
-0.05082891570069538 
0.2812248960282189 
0.1840088416875394 
0.2270307204857611 
0.2797385566865764 
0.176303379307019 
0.02089894852750344 
0.1194178482873269 
0.003619126828148852 
0.2395442285177491 
0.04716327259310565 
0.1228660725353976 
0.0499632463426658 
0.1788308318308795 
0.1137550073409454 
0.2005814726056279 
0.2621774985166861 
-0.254335006512825 
0.4001460474867433 
0.2224927934017021 
-0.07472511066724453 
0 
-0.1315556911773506 
-0.07036182997260551 
-0.0254369504129668 
-0.03132975292315646 
0.1507444949092876 
0.2742669384296713 
-0.1152036966661468 
0.01996244929236195 
0.0002232783014714555 
0.3288614918150259 
-0.8619943824335834 
0.1008921036504146 
-0.3324706011118837 
0.4770989518573411 
0.226199570091641 
-0.1986316490798499 
0.06932215404427379 
-0.2178507920716172 
0.4698529518945335 
0.04260926048326408 
-0.0359288676114717 
0.08564017044052405 
0.2213690854749507 
0.8295865811076162 
0.05400915123197027 
0.15335750820394 
0.02525844855596051 
0.02052752936212187 
0.1176192850949796 
0.01667615617429105 
-0.1461598852818465 
0.001334588279282902 
0.2144096045339123 
0.3020934747626652 
0.5552440719164229 
-0.09631616039679461 
-0.1740287994362393 
0.1834313189833929 
-0.1812197614538806 
0.07490007077153008 
-0.02014110084221195 
0.1638466011325727 
0.08250645549809704 
0.4468618277307181 
0.06958242617515425 
-0.02667941041411948 
0 
0.3557613560605307 
0.0249510474959285 
-0.7032465877621218 
-0.1032159969896518 
0.3212053145106339 
0.5711260112368586 
0.2577811316235266 
0.153507104616757 
0 
-0.003198515194775474 
0.1793299802916108 
-0.02186821201497664 
0.003834749513169744 
0.4518066609162521 
0.1767156342225368 
-0.1870233697184033 
0.395764911896124 
0 
-0.364223429034239 
0.196311159426509 
-0.09251133209856655 
-0.06128472062336902 
0.1520694679885072 
0.05669945742214752 
-0.3870591301803476 
0.08514766355911159 
-0.08596971497932507 
-0.3545182187831386 
0.2386368629305346 
0.1833429023481299 
0.02021573436483219 
0.420070838276132 
-0.06343535173840928 
-0.1190028897004217 
0.194002368019517 
-0.4248559013891741 
0.09398360808143683 
-0.4255851365585773 
0.6870732905421755 
0.06512895226459682 
0 
0.5231262431918374 
-0.3810296611765855 
0.3897770673906542 
-0.2833602505873621 
-0.05652473423490906 
0 
0.09421067836334131 
0.01377259346960156 
0.2109901441122695 
0.1419883060145191 
0.5219641380440645 
-0.1059313057898568 
0.1377426608296763 
0.08231597927662365 
0.3733197858167964 
0.06560295641838693 
0.007399586309891067 
0 
0.231554446147681 
0.06780855667394038 
0.02453218919583417 
0.01526809869526338 
-0.3254403136577729 
0.676611624959538 
0.0400657722379279 
0.1999385031231256 
-0.07779466618298876 
0.831701997900973 
-0.1371175686181086 
0.03403515232327541 
-0.5046560208444236 
0.1532771121636533 
-0.6789167897228322 
0.009577054349576506 
-0.05212774735966917 
-0.8111869848988935 
0 
0.2713787741701332 
0.07417048623898327 
-0.2046960643094069 
-0.1802953789476322 
0.0341324512070895 
0.3311400637273305 
0 
0.08325265606582936 
0.9809253679802616 
0.5267703853615191 
0.01410135852825285 
0.0242268157858046 
0.6558068733339801 
0.1175408449092191 
-0.01104104575432182 
-0.05488594771002953 
-0.3222634678693242 
-0.04209313162602626 
0.02815798621582844 
0.1798880319849923 
-0.01255985832292559 
-0.002385659611625077 
0.2488042402197687 
0.3416266531189959 
0.2251859407061879 
0.009915461314201067 
0.9677439076868208 
0 
-0.3497217569841846 
-0.04889247289247314 
-0.03636055103985818 
0.1721481448953852 
0.3653968143113966 
0.07799009091774906 
0.001513844638664892 
-0.3514875809299252 
0.04525499276289011 
-0.2024554272863527 
0 
0.4653599236533036 
-0.2046149567452554 
-0.07326796236759092 
0.02825624888600222 
0.4419706035468678 
0.8643677450190804 
0.1341163087470945 
0.09065387159367251 
0.389783261322374 
0 
-0.06647699452715282 
0.03963479317763665 
0.2245096264453549 
-0.01449727875618355 
-0.2357321526330338 
-0.3813751711755059 
-0.002277736437458774 
0.3551579375778942 
0.2126779293338409 
-0.1585273862975654 
0.1641246590396136 
-0.01179063878580219 
0.08466455213633214 
0.03843148640689492 
0.09637877616833043 
-0.162674360411594 
0.3713225306373068 
0.01419536901025422 
-0.03692750285475749 
0.7462737811351295 
-0.1081421452418881 
0.383466197284037 
0.4618001567966093 
0.02506471114746233 
0.01877260636729969 
0.1037410215971274 
0.1040332738962372 
0 
0.04179661055914156 
0.1188363313753166 
-0.08074064287981356 
0.07499107380745747 
0.7202933008939575 
0.2028162017985438 
-1.104386932769573 
-0.3797119545194878 
0.2020610517882982 
-0.05445802034282681 
0.2051196354493604 
0.02115009491846026 
-0.2381341998521524 
0.1648850399001244 
0 
0 
0.664604277022671 
0.4945821773430847 
0.1165957783313199 
0.1363096105973381 
-0.04592506531562286 
-0.9906540491701035 
0.1548434031670971 
0.5941561081391193 
-0.01494564611627403 
0.7018360550559707 
1.168810889215917 
0.465108575804641 
0 
-0.0242799417997472 
0.1112889697684471 
-0.07168135585977564 
0 
0.6081224412875288 
0.2048106937107324 
0 
-0.1889234134720123 
-0.2880615245538272 
0.1750995985975062 
0.1367504193161861 
0.1403918032845236 
0.000906181893348221 
0.1710901330642901 
-0.103858374669176 
0.09800296752444022 
0.6495662425766463 
0.3034917393192235 
0.03134418498891386 
0.01217698337651318 
0.3051845034640198 
-0.3233046055771565 
-0.09424382014004204 
0 
-0.09958704403589994 
0.3607284772418292 
0.1199899960684513 
-0.04910529720873313 
0.3110396348853328 
0.2335772170540241 
-0.1068647458970223 
-0.2204493063633946 
0.08678418487259558 
0.6609392839680963 
0.0170060363318623 
0.1256940731794537 
1.204741950757172 
-0.0306687264147156 
0.1753075041425227 
0.5586071050434978 
-0.4250963643615759 
0.01354871746368595 
0.3705585094645099 
0.0021306425694173 
0.02280727981702187 
0.0963919528369809 
0.2013240148080891 
0.1919871237909745 
0.3642741817985125 
-0.06383043208737582 
0.3044886216892868 
0.02790953076194442 
0.02880232697369565 
-0.01501124566164528 
0.003304161237990273 
0.06946524614811175 
0.4049948127453851 
0.2238678196692806 
0.0495602128891026 
0.4892464821743895 
0.2340639331614232 
-0.08973880746648878 
0.03798855634899023 
2.267841223514553 
0.08342385309176642 
0.0467288843754155 
0.1664314071531972 
0.06116261805936835 
0.930846945236065 
0.1242923091671297 
-0.06768878724577976 
0.0962817624672349 
0.03623822863713382 
0 
-0.0525620109662801 
0.4230275350306161 
0 
0.51210295405571 
0.5764548073632405 
0.06447747081463041 
0.06204518742334077 
0.366733785255524 
0.01697509175156215 
-0.05393356994797807 
-0.1401556348959737 
-0.03678395721365186 
0.005759688002114027 
-0.6841271271879166 
0.2882040085158614 
0.02203639443578682 
0.08346534230952761 
-0.08491697284674361 
0.2344765094711392 
-0.7061531610790119 
0.709722893571672 
-0.06821100905151757 
0.09642978641890876 
0.1621601765783582 
0.1336518343992004 
0.003222496833093453 
-0.3350935328136153 
0 
0 
0.003584263764557474 
0.5634518622098357 
0.2295002069292194 
0.3249004037279886 
0.09421730994577422 
0.7250937276354101 
0.03636070034622047 
-0.007114386832167344 
0.004088228023035442 
0.1392807102201931 
0.4322630246742551 
0.08597251798297889 
0.1989123076957303 
0.0126772685279815 
-0.0009604713662379777 
0.4128568461412764 
0.1077574398613031 
0.04034259968309033 
-0.1198588508267155 
0.2289210269475259 
0.126718738243177 
0.2481467990779614 
0.01056127194573017 
0 
-0.02207109872537626 
0.0932845408169254 
0.09215645706002284 
0 
0.3565656876331706 
0.3559985654190943 
0.6686363293136546 
-0.03685763881883722 
-0.09202314499366432 
0.02691571504046883 
0.4796362007670141 
0.08496252368024436 
0.1016371420427207 
0.123350773376564 
-0.5225132883660367 
-0.02139338892784668 
-0.2049010139061287 
-0.04664410222600435 
0.8091787813617194 
-0.4607165759476293 
-0.1170789814465162 
0.202420363851798 
0.008881650124698298 
-0.04850222867975998 
0.05632809394048127 
0.02202635432312445 
0.4753698733315604 
-0.1820204929215212 
0.2364672997789213 
0 
0.2649573361233773 
0.03094958933088193 
0.04100250030705423 
0.3104996411608234 
0.2510756153650032 
-0.4186455876607108 
0.2603638148949676 
0.5078224953162035 
-0.184945384446735 
0.1111859122356122 
0.3576201408235971 
0.1163892156163091 
0.3114608351554702 
-0.04840145121179635 
0.08859318873107011 
-0.07424519108171977 
0.3314740356417293 
0.3625111994231148 
-0.1956900999678554 
0.04960728455081022 
-1.048008586122295 
-0.0739923195647192 
0.1502171117363133 
0.01629803649588014 
-0.1964999343150335 
0.4127369652457235 
0 
0.1117319958303169 
0.2014871257826936 
-0.2851688244216355 
0.513955603869227 
0.456086024511076 
-0.354493786453127 
-0.05999409617488372 
0.2031470646939292 
0.1176136540518244 
-0.02030748711229095 
0.1803510372285547 
-0.002345404372777419 
0.1076346267543462 
0.01707478615610241 
-0.1555313577607612 
0.02692037869467104 
0.01061616630286436 
0.07485593494680966 
-0.618683926336786 
0.9535604005182584 
0.2979925268489179 
0.3913575050556693 
0.3332744140681824 
0.1305920977688918 
0.05171443170868902 
-0.04240303711562027 
-0.2437303229558154 
0.03175223728422134 
0.3847836197067512 
0.4084811618560933 
0.1282568046402671 
-0.4389519150231847 
0.01089294967818101 
0 
0.04132863736533129 
2.168404344971009e-18 
-0.4848345137881238 
0.2041606340633691 
0 
0.3846462734524712 
0.00101763406506904 
0.2566672491544046 
-0.02206248226715848 
0.2442240146181756 
-0.002611077548875598 
0.1540400780072437 
-0.0173865265352686 
0.1807174581614183 
-0.09510782669834245 
0.03201535019168689 
0.1229335558564046 
0.0989100757641386 
0.01051131926728944 
0.2016088009888726 
0.114890151188703 
0.01723617018393651 
-3.252606517456513e-19 
0 
0 
0.5517289453804459 
0.6262631913912289 
1.022199760744003 
0.2134234751230563 
0.07129829021211019 
0.1107298640939042 
0.08947814105178804 
-0.003141747833473129 
0 
0.2383291866965283 
0 
-0.1274350089472265 
-0.07305834924944174 
0.2517474580246061 
0.03464626230773348 
-0.1633776068503603 
0.3908543628159094 
0.2384119496814682 
0.5948221158692287 
0.07227956519023514 
0.06109043807878754 
0.05779335045208715 
0.2971223325623359 
0.5058167911871748 
0.2043211509206066 
0.06029282909452796 
0 
-0.01968517605028668 
0.2812507152549512 
-0.8455421847827078 
0.2657151492987424 
0.09387236843025389 
0.5540756364701327 
-0.2190670363318614 
0.2786723979625919 
0.4794284630523302 
0.0002929490596582756 
0 
0.3395918809426682 
0.07299633475074097 
-0.1720807119330384 
0.09100835970524521 
-0.525104475405215 
0.1493819689576778 
-0.07490935572700852 
-0.07998412795998232 
0.0800325069861256 
-0.01115335551810954 
0.4010548331218471 
0.3676156079541467 
-0.1484199942234323 
0.1895894269644758 
0.04566195224929139 
0.08956744525572646 
-0.06821688559043719 
0.4654879578104503 
1.017773977547069 
-0.08820959298100317 
1.024457727784465 
-0.03432147232770298 
0.59491485958365 
0.08432700353630403 
0 
0.06786608441471445 
0.4265680957070894 
0.967953311651372 
0 
0.001205618129946546 
-0.5734306905485834 
0.3133722815485662 
0 
0 
-0.05867464656010372 
0.09206260061826527 
-0.04478967850686163 
0.4048594905798762 
-0.2055541630384158 
0.3159719949663244 
0 
-0.2750171895790751 
0.03298098506115411 
0.0002637609063905916 
0.1734886572161707 
0 
0.3622688913381041 
0.2459736632024948 
-0.04695865893582066 
-0.1435445512960869 
0.03398098725731925 
0.384873627061996 
-0.4644570879387968 
0.04695128242515864 
0.1996219112564701 
0.07944066956298641 
-0.0612868305673322 
0.2730486924199385 
0.3976739433366263 
0.2065276777850531 
0.2835001411767601 
-0.01050775356301046 
0.06243619900038794 
0.1389824237374148 
0.6481879855927107 
0.0123627028084129 
-0.2528805446508582 
0.2802831894712105 
-0.1129869624602794 
-0.008169306788917714 
0.09349616191500032 
0 
0.1698921224621897 
0.00817780426091403 
-0.0658683913974541 
0.5317483020306293 
-0.006541733728341471 
0.06660512762686428 
0.06322932832995788 
0.8887477038711413 
0.5180710842167902 
0.09746444579021109 
-1.734723475976807e-18 
0.2251454996980291 
0.512303842458781 
0.1227683665339109 
-0.007890792148443918 
-0.01272550891210999 
0.6194936733561098 
0.04814023106522449 
0.2002716726484255 
0.2342109216903762 
0 
-0.0004702107874496791 
-0.3041337436468304 
0 
0.008269083112507297 
0.2384203967208463 
1.965116437629977e-19 
-0.1068729330276936 
0.004303109793071386 
0.08862080125999439 
0.02519964554916884 
-0.02231228757233408 
0.6460782128184038 
0.4645988359624342 
0.4582520180053197 
-0.0115200214435515 
0.0359101678055919 
0.0007516787179804663 
0.1982113407876106 
0.01689612141964859 
-0.01134523776854447 
0.03223121855171605 
0.1659940060356152 
0.3791990127206005 
0.05800320253080592 
0.4168851614632833 
0.5022246347863935 
1.21134805331026 
-0.2100160444809964 
-0.02839957845656764 
0.3945665984786354 
0.8672702006884976 
0.4703024091799223 
0.08896809099695031 
-0.5492062332335771 
-0.08458691003414542 
-0.02315191365345902 
0.04855345327975702 
0.1605003509840249 
0.1426408694575619 
0.3569523352668842 
0.6537314330231252 
-0.0489808018886171 
0.1822670908936517 
-0.07348230193067794 
-0.2265865540365702 
0 
-0.3145221951417618 
0.315802952180066 
0.004770128578481136 
0.05458106529624609 
-0.009433488409165861 
-0.02577559743171789 
-0.108019610642676 
0.05510204209126088 
0.01650510544509142 
0.1318645860196272 
0.02851405899143368 
0.1891786739416578 
0.3731884961961364 
0.000811329725417438 
-0.1511265721086748 
-0.05691895203555657 
-0.0009149082148033831 
0 
-0.1424915894005283 
-0.07011800245025519 
0.1594260794192182 
0.01285931668248378 
0.07738538889895523 
0.7492664082685321 
0 
0.09118602979386756 
0.4080565191800145 
0 
0.02916069728685977 
0.2259373098089041 
0.09986047975975912 
0.04188582310898419 
-0.08705414638728175 
0 
0.07189785537411164 
0.7584941836690654 
0 
0.04338017047536618 
0.1883743470301145 
0.2560424164968734 
0.05806893774806349 
0.3218452445947341 
0.06408702193595731 
0.3820960433778061 
0.364484880462446 
-0.5608048181867281 
-0.2440199273815137 
0.003708901489075827 
0.4238009594058815 
-0.0104252475785234 
0.3483394240532697 
0 
0.08723467985126873 
0.002013500716863408 
0.3841688438763206 
0.2667266975896379 
0.06302249267675614 
-0.2652876316201094 
0 
0 
0.8903904651206483 
0.00560740442527463 
-0.1103605914889878 
0.05160770167323617 
-0.1932913732065081 
0.01267280551340915 
0.1934458142378286 
-0.2469017121703548 
0.0005856802701861296 
0.05510813412666113 
-0.2390487954652639 
0.03558109149062454 
0.1768692553385783 
0.1778529419933874 
0.3069265351083678 
0.3150780585219531 
-0.02214321306560585 
0.05445759857455147 
-0.0696319349647887 
0.0731971192256796 
0.08825062227084617 
0.1356427873307907 
0.6647721069879265 
0.01708811939920427 
0.2210294490080233 
0 
0 
0 
0.7081148855229359 
0.2271679550858235 
0.2234553582711025 
0.1200933305614909 
0.01297126442363318 
1.143052185237335 
0.5103579064170507 
0.2403785833171609 
0.188415452592829 
-0.06504690217558635 
0 
-0.1296375896882461 
0.002170902567686821 
0.09586423639557808 
-0.1221272995203164 
0.1468073670927602 
-0.1467549563860821 
0.08060047210728476 
0.4275013182968589 
0.02067783647265758 
0.05684492149925514 
-0.3224958693383271 
0.1964342141523368 
0.0005776214652925306 
0 
-0.05654798228283722 
-0.5616418519486227 
0.1558838075905091 
0.009089522658428146 
0.0426960161914571 
0.1098402147511935 
-0.008739713229941739 
0.1632167217112389 
0.1859830797607712 
-0.1892929059830132 
0 
-0.1834948419600256 
0.07096143833418687 
0.2141707180579666 
0.07877389558671702 
0.113866456671159 
0.3831265921078709 
0.01373581226937939 
-0.001067933148625774 
0.9692413363495597 
-0.0007541788882161562 
-0.05752851482403897 
0 
-0.02293223978995405 
0.6888859118403063 
-0.04273818302416678 
0.003254405594184176 
0.2931509949252983 
0.04007538480061642 
0.041140505253752 
-0.03713241046305521 
0.1636762499557443 
0.008545410632279425 
0.006498603576779208 
-0.02346589229918893 
0 
0.1274629323292699 
0.02397121121614935 
0.1640127902822814 
-0.2793730302808945 
0 
0.0932779904092024 
0.1502096279404495 
0.01565893618044335 
0.001299281923875351 
-0.4314778528734913 
0.1104532145202134 
0.2517692448078995 
0.2899538470765413 
-0.08743238238794081 
0.3596087882634656 
0.1160159445437683 
-0.252467732729307 
-0.01196058001375714 
0 
0.02620187920033889 
0.03869837967077456 
0 
0.1214070974138794 
0.01973537507936044 
0.1544834384603503 
0 
0.102239198200177 
0.06837201952205302 
0 
-0.06560529341965961 
-0.005870246560485565 
-0.07504437805844746 
-0.5945080576208523 
0.03365530959237156 
0 
-0.06375545186523977 
0 
0.3949357150814356 
-0.04951682906744911 
0.007912117054221884 
0.08892406172310373 
-0.1475799607355646 
-0.002333320931575612 
0.1589360863389484 
0.3633091992363252 
0.1772790266740497 
0 
0.2946470028292403 
0.3878072989063356 
1.734723475976807e-18 
0.002335767027309297 
0 
0.08684279937611383 
0.1396694595889622 
0.1073118789173013 
0.1142775924658933 
-0.3854968948549832 
-0.1076963462216124 
0.1867830305473163 
0.01340948307717463 
-0.1598296730450523 
0.0140533447319957 
0.05907312829022697 
0.5409979880855169 
-0.07123163192851691 
0 
-0.04277782800810764 
0.1049538266157822 
0.1594781195511182 
-0.02995558115949545 
-0.01936662192562285 
0.0005628559465673527 
0.3589115665567393 
-0.05376471119281752 
0.04120014005581797 
0.02482108065823764 
0.04971525277158621 
0.03113989020912169 
0.0253908863503729 
0.04293865776903827 
0 
-0.4896478571396366 
0 
-0.05149140901097971 
0.07546826417755303 
0.1722856876505081 
-0.09095277269868732 
0.3060209494412391 
0.09120027311039947 
0.01455166183366202 
0.0328485589634237 
0.5889785718092293 
0.005055546381268846 
0.1401665462394673 
-0.0841668254747711 
-0.02401858434289238 
0.1830853558974447 
0.03756235789714332 
0.280413910745905 
0.0617671684360487 
0.9973371049341427 
0.3731612754572521 
0.009037093402687182 
0.3043429795590537 
0.04536153872798433 
-0.3614844099527182 
-0.005844273410568744 
0.2285625225773456 
-0.03605561178272045 
-0.08930842125646007 
0 
-0.07778805531951935 
0.07097419095560362 
0.2048069971358633 
0.3452582759170179 
0 
0.1146643477808154 
0.6070000595832309 
0 
0.07612610911739294 
-1.132334114885283 
0.0008409089361626948 
0.5453935211768548 
-1.544988095791844e-18 
-0.1259852985136056 
-0.02295412689113368 
0 
0.4865132478793637 
0 
-0.005205007939911078 
0.5596221281674379 
-0.0702111464217014 
0.1631646598899814 
0.3603865063829841 
-0.1059433266227212 
0 
0.4343411210317099 
0.1345492416047385 
0.05244527147004496 
0.07644932174330331 
0.1772343197405294 
0.6851340988007804 
-0.0633417321327862 
1.639606617276589 
-0.6543059371577759 
0.0005213019849113831 
0.2703459720610145 
0.02635497153560682 
0.263150297944869 
0.0964153100852044 
0.5835428490408662 
0.1433382393137583 
0 
0.07697558809518169 
0.9165298964248413 
0.07639838791326324 
-0.3295788077959056 
0.01879806132955129 
0.07702295235728802 
-0.01591427028070888 
0.5544253708376231 
0.07116620450234486 
0.2098515619756368 
0.1207573594455742 
0.04604505102521961 
0.1695261461985747 
-0.0132541007618069 
0.1713275939836887 
0.008476858076304439 
-0.04810171855724896 
0.03267872618653151 
0 
-0.2508831166664757 
0.08633602256935581 
-0.08954099928224976 
-0.1706571316349945 
0.6999848691436245 
0.02824586895599969 
0.1108636708069398 
0.05403259617203473 
0.05951981851524012 
0.2607469706683723 
-0.2888115953253513 
0.0028318228072728 
0.4756564940655028 
0.02620410810506475 
-0.3288725036159889 
-0.08659840904380646 
0.3370300561431534 
-0.035110872812301 
-0.1082234292125087 
0.01196476565966536 
-0.0461698186822027 
-0.01482559679195173 
0.112891077590036 
-0.02775733264201597 
-0.1959451507958675 
0 
0.1331936365815947 
0.2309474432375777 
0.1119727443226245 
0.4804085750068263 
0.9493291192096526 
0 
0.295276913345593 
0.2705909163644443 
0.0376871008124661 
0 
0.004443056420430552 
0.003318064794653008 
-0.1279282215497455 
-0.1197690126675637 
0 
-0.08717256560522944 
0.2798173087895964 
-0.2021105969538517 
0.2877816472563531 
-0.102374764917752 
0.04932225097458499 
0.2862170005163721 
0 
-0.1351808512801279 
0 
-4.065758146820642e-20 
0.4477527959105966 
0.1864940763300391 
-0.007825119174551752 
-0.1375818695529288 
-0.4215492087933911 
0.1670547297175891 
0.03953860527067507 
0.02293145990902961 
0.09712556449523702 
0.001150328788163316 
0.3095267797727867 
0.07293323438046767 
-0.06718088069093975 
0 
0.1358418450424648 
0.003490465810123323 
-0.1363341272663041 
-0.0299171277087094 
0.08569908935379809 
0.2585080607847194 
-0.4897936733739289 
0.1223616719649046 
0.1079717086380487 
0.0009485504846318758 
0.2993197157629351 
0.7017582361154269 
0 
0.05378839998828033 
0.08450685730699747 
-0.0770687200814469 
-0.01717906158403885 
0.08168287694237293 
0 
0.2589048525138589 
0 
0 
0.3440365112694481 
0.01236921376753299 
0.09406221596435019 
0.2007873820441125 
0.127786292016291 
1.084202172485504e-18 
0.1592525836163129 
0.2385225365844215 
-0.05764906948501514 
-2.168404344971009e-19 
0.1087177137709673 
0.03879528377372189 
-0.02365395829309221 
0.03249766012216986 
0.08690999314613021 
0.09441788374709149 
0.1890469209344661 
0.2130299230016352 
0.05903307033636311 
0 
0.2162753317071294 
-0.03529912993420129 
-0.001261967337025509 
0.1133561307392477 
-0.2261283441762741 
-0.9689602565575548 
0.04933359901687641 
0.02728328272111548 
0.2377243761336449 
0.1844261577771474 
0.08736140755473802 
-0.4123417276633082 
-0.007107528798918577 
0.1254129546551108 
0.05011687612154551 
0.01511395159274174 
0.1821045463060549 
0 
1.301042606982605e-18 
0.01810230462031584 
-0.1118422735126363 
0.1897105108715812 
-0.3320760426768051 
0.005054534435663794 
0.1191635515669923 
0 
0.2437222826411614 
0.6198567754586785 
-0.04008668525975142 
-0.9962953152030742 
0.155098832367206 
0.003816093651109607 
0.01715467185013539 
0.02564343697656626 
-0.012442123163697 
0.6093604977548125 
-0.0779567878280305 
-0.09081872978211732 
-0.0588200246031195 
0.1937002114565985 
0.07820461642082474 
0.6189818821012604 
0.00495564592259445 
0.01152609110968577 
-0.04961527281072418 
0.4548329807358347 
6.505213034913027e-19 
-0.3519349738153013 
-0.1136249828604281 
0.2516101475456731 
0.004794184231240374 
-0.00238837887115247 
0.01482667215690696 
0.07845435467502505 
0 
-0.002173911328885081 
0.167359909777734 
0.2273713541394299 
0.3629521872366405 
-0.02208624803165675 
0.1278765970434717 
-0.06581207413641912 
0.3042991857431241 
0.006027182797364537 
0.06897290058095064 
-0.1294162102156545 
-0.006966951864319774 
0.001724405362051074 
0 
0.06968812237842015 
0 
0.4956850492515673 
0.1111645402744523 
0.09797130321080035 
0.0242297880137589 
0.6361220327530832 
-0.1088113576430671 
-0.03334468811394811 
-0.5107569811215202 
0 
0.1120132089900639 
-0.09379899736930564 
5.204170427930421e-18 
0 
0.4118217976978685 
0.02919166921943778 
-0.05008625006958609 
0 
0.1046148696242791 
-0.3080177980417356 
0.05650005534968334 
-0.3208126365684459 
0.005638249277315079 
0.3813332820114272 
0.02391775395129262 
0.002521923021761087 
-0.09983712178729891 
-0.002412814963789138 
0.5945671052752168 
-0.1051005182854278 
0.03137711683941085 
-0.01535384167182726 
-0.2374609817103649 
-0.2645828667181386 
0.2021603966515039 
0.4992639961608172 
0.01406703502033986 
0.5502940180954281 
0.1822297601906566 
-0.4359660987018756 
0.2798707086872105 
0.03440861489042896 
0.09972030101025148 
0 
0 
-0.5548311241032058 
0.01191564473669534 
1.000443041270166 
-0.01849514726982203 
0.116434474824686 
0.3616913022221491 
0 
0.6408441135438052 
0.02335499859915329 
0.3577728696151581 
0.1619845732803228 
0 
1.006824098201844 
0.00219358167598203 
-0.1413243679407437 
0.007607044089089485 
0.01841710195095041 
0 
0 
0.1379551555503901 
0.4098005735958921 
-0.08129704605101067 
0.345964878075833 
0.4059471766019134 
0.08431173751226843 
0.1744882636070776 
-0.005145464888441081 
0.007559940233390473 
-0.01116419500357268 
-0.01246000574551912 
0.0440981141069542 
0.02211610368593806 
0 
-0.8596762455332067 
-0.3145832713935778 
-0.3550534800995011 
0.01237719832779817 
-0.1863317305137588 
0.1997504890754961 
0.1551033513842909 
0.1134652411252153 
0.02864340852875547 
0.3989087749879556 
0 
0.006121108222571159 
-0.9619015776495823 
0.3950346879807957 
0 
-0.09949702065555392 
-0.02750537636616959 
0.1270605681102197 
0.02292604004739925 
-0.5470784613984275 
-0.05166578512405638 
-0.1806886501689732 
0.7902124122632276 
0.1469560122322737 
0.1141754103307384 
0 
-0.2138135787140894 
0.0004110235868339 
0.01050985312273944 
-0.01691944792948731 
-0.07444361040888046 
-0.257736517920246 
0.1793643760637054 
0 
0.04901166416874513 
-0.203950988261079 
0.004950944119888106 
0.3895319813508513 
0 
0.1458847939677526 
0.3402829324643616 
-0.1253390492063078 
-0.3044812544758425 
0.01282272871017396 
-0.6278613829926272 
0.230196532888461 
0.255208663094984 
0.005712157126631431 
0.3064183631920981 
-0.211394223099337 
0.03642048948737902 
0.4099658927922492 
0 
0.09287818290689698 
0.4407030896690944 
0.0485612808228693 
0.2023510577460585 
-0.2315125191368123 
0.04565505150585185 
0.03761828903023913 
-0.01019722451932237 
-0.1702997610726586 
0.3234759321636481 
0.08026059945334364 
-0.05705373118917799 
-0.03297073693292736 
0 
-0.07535678002494239 
0 
0.0458543193594385 
-0.2813103957341525 
0.008863606380964409 
-0.04147774969930491 
0 
0.04393714318415652 
0.06140113233974342 
0.0796514214576504 
0.1212913197664941 
0.3635072661557449 
0.06877359003899711 
0.3937575467597135 
0.4446704040083053 
-0.006598745499019165 
0.02382789192894922 
-0.6373472393348285 
0.3250865905263253 
0.1848859821853805 
0.0260382821107854 
0.1024207817408879 
-0.1548906629293155 
0.0646526613301112 
0.02247404197332607 
0.2788256233776846 
0.1733906392714388 
0.3902258770389614 
0.01575242369385094 
-0.1008749733435081 
0.2805054619165999 
-0.01114361130056651 
0.00872833296444317 
-0.5862935606628804 
0.01287998410933434 
0.0005947466506121319 
0.07300966500177181 
0.1331468893231739 
0.005305744535225835 
0.04650096494979287 
0.06239884825569188 
0.4840894428444675 
-0.7006779646860213 
7.589415207398531e-19 
0.3079703567347188 
-0.02956239241590808 
0.3541663255376796 
0.2935861137821159 
-0.1559393045710554 
-0.02916608204916587 
0 
0 
0.05907359705310093 
0.0334547230744032 
0.1563285705848627 
-0.05092652020577062 
0.06368927361984353 
-0.0863898930208527 
0.2962217431238696 
0.1559642004614654 
0.05567216526058191 
-0.03138369272535991 
-0.05945387803031672 
0.531769014987296 
0.124080739900688 
-0.0003095290729838072 
0.1336203597409322 
0.8013429487125778 
0.01618645603222383 
0.004521411317099071 
-0.484501116132644 
-0.07492507230903363 
0 
-0.01851355324573154 
0.2108180172301019 
0 
0.2253518158372588 
0.01884196140660762 
0 
0.08713160017982549 
-0.02736217446550911 
0.04106783908604995 
-0.01954105960758193 
0.1962536238532295 
0.05131567602972677 
-0.02792546727401786 
0.2812432645824509 
0.01472598289759104 
-0.09634588255895085 
-0.0398243141926376 
0.6396839454316683 
0.0926902673582229 
0.003333025884214081 
-0.03208765841724657 
-0.0466738552582957 
0.09753184227888791 
0.1143952006830707 
-0.2099303391341921 
0.2361030203066566 
0.04750328465002633 
-0.06876272405285956 
0.0342065520953455 
0.1238035152381787 
-0.03838781916722636 
0.902806088586963 
-0.04416006253575974 
-0.1321110937114336 
0 
0.7920278127315132 
0.005144945787328284 
0 
-0.1424643737962741 
0 
0.06209043588597021 
0.2987361285649537 
0.1328983340898102 
-0.06119040464560123 
0.06241427640980228 
0.3908184581507645 
0 
0.3744651150138102 
0 
0.1770547524063091 
-0.1572496225167651 
0.07990717445628515 
0.130541883998388 
0.1861634261804067 
-0.005999095917500115 
-0.1429468155949221 
0 
0.01441586144207848 
0.3611318358870184 
0.02610076774266539 
0.02156501389147109 
0 
-0.08372105464611794 
0.01590089275775018 
0.4178915729338937 
-0.02404399566108571 
0.5219490937815635 
-0.04918334149639082 
0.0482399373229623 
0.0008613962030885656 
0 
0.1670193211707765 
0 
0.363589542165646 
-0.2330258211774107 
0.1619364064516875 
-0.008787469549255593 
0.02039337103181081 
-0.08009669469354652 
0.2465849399327719 
0.4104602761466408 
0.718215594137628 
0.2807577242167353 
0.1208206256684736 
0 
0 
-0.06647407525735798 
0.00515833450459683 
-0.02678517316136697 
-0.03983372576618978 
0 
0.01018493534119102 
0.3330261204157043 
-0.05440299585601465 
0.1088241997620451 
0.2729884552126899 
0.3173177242948215 
-0.06334857506489333 
-0.5036600634595403 
0.0717547288451318 
0.4601010331348532 
0.3530147140249564 
0.2305715376222772 
-0.1161409854270706 
0.06403622434742103 
0.3204792431021933 
0.00507255775732065 
-0.05297545204847528 
0.1914744025262573 
-0.7315118127970042 
0.4201306956426459 
-0.2732442049963194 
0.05228945895089449 
0.1951006280381672 
0.03135467780550573 
0.03172849066636341 
0.1795062650921632 
0.06514864754570356 
0.006752162549092213 
-0.3981988222625544 
0.03016798432848607 
0.02352253215915333 
0.6085163316466426 
0.07952368861065395 
-0.03606267726887805 
0.9324895299098565 
0.04105815098567194 
0.1109875902382526 
-0.4238976210085001 
0.05206638968476154 
-0.1469488314133503 
-0.333289259802972 
0.3245632544509431 
0.1183155549191253 
0.4655970143520737 
-0.1203669005502425 
0.007348163484057948 
0.00380170872264342 
0 
-0.09630475153800196 
-0.5062628574629325 
0.9017482474853199 
-0.08162678458265218 
0.08021826212339084 
0.07484001960663064 
0.5623134460416919 
-0.09740100604702427 
0.00852614136564441 
0.05385823210487108 
0 
0.01225709551968683 
-0.3221464240422232 
0.01130846445345376 
0 
0.4001098066520294 
0.0822155810255018 
0.003379459612146033 
0 
0.3406531091831124 
0.2252640516817867 
0.0520951148694939 
-0.04353670981873857 
0.9184423472322956 
0.2581442875882859 
-0.1106570541199603 
-0.3893674426756173 
0.005378318671451727 
0.1226728294303007 
0.2742439708555277 
-0.2929085416295893 
0.255123327068305 
0.132764080509947 
0.06623087661933874 
0 
0.3508005394950989 
0.01388478671500278 
0.3891293490545304 
-0.2322927922047946 
0.005574834537669712 
0.4802138920113931 
-0.6299047196151614 
0 
0.01485155801751866 
0.2547623472729945 
0.02788996993371637 
0.1195875656744576 
0 
0.06185525275566061 
0.0242348487484987 
-0.01361736112992142 
0.01749048585645972 
0.04406837582762943 
-0.05084938189536271 
0.1403985813645783 
0.07322365108058486 
0 
0.04191673270930602 
0.295805728916731 
0.1086469500648752 
0.02913499639416261 
-0.09481023924356152 
-0.1120420502187048 
0.0413886861904291 
-0.003120133392579337 
-0.4756773124832659 
-0.6187610334872446 
-0.06444322881968897 
-0.02640052197111875 
0 
-0.0143467666771013 
0.05061630755410948 
0.2472899825173805 
-0.1214136820085467 
-0.0547234493750435 
0.01769995813107367 
0.02213759254659179 
0.1336616626415563 
0.1697000356335014 
-0.5287414960744516 
0.04995781837076694 
-0.1067472966095759 
0.441584695779651 
0.1694051822678396 
0.006784526618369373 
0 
0.001687653849941774 
-0.08427809499711664 
-0.01988382792979011 
0.3138208951836804 
0.01129053010581632 
-0.2143339103245445 
-0.1241989639142379 
-0.02960084031224001 
0.7815084218902032 
0.05093116968621286 
-0.01536193275030066 
0.002737362087868717 
-0.004313294931936142 
0.03042955259477071 
0.6538820016149002 
0.2774269512386189 
-0.01760180332290738 
-0.0008350980648972243 
-0.101335860710925 
0.002357970256205873 
0.1680328569905883 
0.1118734840445379 
-0.03460332720324907 
-0.1207384848471269 
0.2563763087830784 
0.40568305725937 
0.3120224832487075 
0.2538475496698935 
0.07491622641888274 
0.2652427896348664 
0.06314144785369477 
0.4173591333469371 
0.01333221526776489 
0 
-0.1617392653530129 
0.05425677512143787 
1.147314464583666 
0.01130339540676133 
0.1137569735764769 
0 
0.02601569849707545 
0.5664933326066786 
-0.3162300928779224 
0 
-0.00804537276495527 
0 
0.06444249285535399 
-0.05297291039677565 
0.2455333227798974 
0.02644446552466941 
0 
0.01127460117539977 
-0.2046454822504601 
0 
0 
0.01063638481866722 
0.05823624792693294 
0.1665033642239728 
0.003248665736634786 
0.3435560784300651 
0.01908358683343944 
-0.08480385551171532 
1.303557599596564 
-0.01330807608321432 
-0.3179970602309992 
0.003418233960864118 
0.6197070354886824 
0.1401357292473184 
0.05594126191911663 
-0.2592931255126531 
-0.01626262322093214 
-0.003984418882673917 
0.0268216324633057 
0.2189266350313537 
-0.1183436476393997 
0.01709019278500478 
0.1189702115250146 
0.1614347047327676 
0.2262672608677219 
0.01826070222280012 
0.1445373328629586 
0.6035208695198322 
0.2336624723694821 
0 
0.02558086149498128 
-0.01477653460392271 
0.04623054963011593 
0.242256347004664 
-0.008036430451589121 
0.02180217137007907 
0 
0.1555437033175104 
-0.3218296882100845 
-0.7760436973420245 
0.01563701469428189 
0.03533799157729577 
-0.1486555473196699 
0.03057990037584156 
0.1827764773800061 
0.0008218130351460113 
0.2866191539256733 
-0.1811488446308997 
0.3218621280119616 
0.0103337182130515 
0 
0.251611187877627 
0 
0 
-0.1936074213806436 
0.040348573624443 
0.08771216027953503 
0.009262732535092914 
0.3095612312022283 
0.0223204248449475 
0.2313387986356214 
0.07138959600101859 
-0.01735121117233399 
0 
0 
0.3464359811471502 
0.1165625419373955 
-0.01035616548877396 
-0.01780901594718688 
0.1540492111154708 
-0.1266659634087108 
0.1349982052364523 
0.03360033974932908 
-0.03537851790035448 
0 
0 
-0.04604446127585468 
0.05652523523131275 
-0.08420254083914677 
0.4572532153497108 
0.3299714932366482 
0.1170686106387064 
0.0493287723219392 
0.5197036482937525 
0 
0.2519297243118067 
0.2515828944318932 
0 
0.3049740103059846 
0 
-0.1282495454757306 
0.03444560516680604 
8.673617379884035e-19 
-0.04189108295173577 
0.003700033117015731 
0.5984003630657364 
0.06165091805477343 
-0.131105346498928 
0.2745367551558034 
0 
-0.08588733350592771 
0.02424913721957939 
0.2210669848972766 
0.005952614030502569 
0.0856925395140178 
-0.3562747697272591 
0.0495591697754904 
0 
0.01036955148513958 
0.01857750648266114 
-0.2895706662516623 
0.05814554968602026 
-0.4627534376555481 
0.04160105291611417 
-0.5588120938265975 
0.04058821453571604 
0.01745615869698586 
-0.1178265038630692 
2.354751593366955e-19 
-0.03760136637693512 
-0.02305879737970335 
0 
0.1657232650451224 
-0.07074121441076694 
0.4474577011571287 
0 
0.01039847775160936 
0.2157633875058402 
0.1185124790681024 
-0.01075829981259222 
0.4112319886184977 
0.2554743845960504 
0.095210380198164 
0.2131089243703066 
-0.3479765677665008 
0.175698225891065 
0 
-0.07599182604001238 
0.04247294438449779 
-0.03361683337830599 
0.02723852395667567 
-4.336808689942018e-19 
0.1087397616010167 
0.03503119621502986 
0.0983331885346914 
0.102983229475871 
0.0002815080857008969 
-0.1089926864146603 
0.04886640793454287 
0.3348180888620478 
0.0258255065609157 
0.06057797340315121 
0.04436991800300678 
0.04813309683470046 
0.08164215068744549 
0.02218824553875116 
-0.3869589837399848 
-0.3856715374864955 
-0.0160004477114904 
0 
0.5667704830455259 
0.03515372072172134 
0.2838563133383618 
0.04229834956755502 
0.1989600895723209 
0.2000526849480866 
-0.01443525810404322 
0.4087857139791537 
0 
0.03645791439693444 
0 
-0.04436055604868151 
-0.01232414321501116 
0.1009681290681076 
0.007080560949806396 
0.1784272800927596 
0.01649546430210128 
-0.01801545616876263 
0.5201413698913783 
0.06658243608783504 
0.3714792978016149 
0.08525973396478147 
-0.06554568782311244 
0.02865299786865529 
0 
0 
0.08570036364807908 
0.2275571950572329 
-0.249664406234972 
-0.0577631956501435 
-0.0640722181774873 
0.02566886283158391 
0.04399301926259623 
0 
0.002249738472120855 
0.1492984939638814 
0.03209574982396655 
0.01292968699134707 
-0.002605865922929898 
-0.08951291929768836 
-0.2703967092013718 
-0.008513101362822512 
0.06793970012802478 
0 
-0.9954092547778582 
-0.03726359074494949 
-0.2383634550113955 
0.004038076202420818 
0.000517542149405953 
-0.1717352494267648 
0 
-0.752481194007789 
0.6509846129629921 
0.01941044614769143 
0.09094348992008829 
0.3048986370741686 
0 
0.002211065459804174 
0.03753803030289516 
0.01401753688182797 
-0.01532695222637598 
0.1353697494179301 
0 
0.00296821141676823 
-0.4722389803323855 
0.2917871454057869 
0.0176804349875253 
0.0385322211684754 
0 
0 
0.003092298618371947 
0.1494204798935269 
-0.06378945770367424 
-0.4376098841391686 
-0.006328397124867385 
0.004033151638188875 
0.1021566246009637 
0.1027338685102078 
0.009187597963568293 
0 
-0.162282840389098 
0.1642639677918591 
0 
-0.1316440747356235 
0 
-0.115152497388045 
-0.37423174495772 
0.3426767133202875 
0.07415942164371718 
-0.5725310309785613 
0.06499932432592527 
0.5641964550077181 
0 
0.05680580685558601 
-0.01734869459480493 
-0.1655236347335175 
0.1305283746750692 
-0.3505951867256121 
0.1116358749615739 
0.5627094501987354 
0.231759684678232 
0.0009824831957955702 
0 
0.08791209700324061 
-0.4049860866445275 
0.05133032709659656 
0.4382552626155777 
-0.6179991189434776 
0.09195856265769863 
0.206744418046594 
0.01341720056773519 
0.03354694436521569 
0.04994631556486044 
-0.0506692645841091 
-0.5596396041595185 
0.4017998460596406 
0.02461052099851606 
-0.1310805777427586 
0.01008206112811251 
0.07396802707955095 
0 
0.6018332107229154 
0 
0.1384976206911593 
0.2328306503854091 
0.05497478123667069 
0.1567180120329532 
-0.09185358690580034 
0.06714162944013338 
-0.07558285880132401 
-0.08084788248811592 
0.01478328647186451 
0.1542547664840541 
0.4832289728678633 
0.06192428481765217 
-0.1656069497780902 
0.02727919634590599 
0.9901106196979235 
0.023330013781553 
-0.0659343818997313 
-0.03922557773788487 
0.1333526448868556 
0.006992458167284203 
-0.01534016289325086 
0.07813088488010703 
0.1339445733306088 
0.3882309543780074 
0.08924723934750274 
0.1034391139684431 
-0.0087642744673405 
0.008962102543171662 
0.003191708521376915 
0.5536804589530908 
0 
0.1884761607068888 
0.3271609761883501 
0.0482107375380384 
0.02927897295954898 
0.01705892773787756 
0.116606123177819 
0.1174649590727161 
-0.02794562819227807 
-0.1573963597566515 
0.1155859638260003 
-0.4815328698595009 
0.1275573974552298 
-0.2354838794060605 
-0.085246940683297 
0 
0.008213814277121412 
0 
0.03090708012031393 
0.02946087593073037 
0.1718926353112991 
0.07749161245635798 
0.2395249554404279 
0 
0.09128616074492796 
0.006857764954634202 
0.001295953700827625 
0.0364917082397766 
-0.01516993024080581 
-0.2156106274058744 
-2.710505431213761e-20 
-0.01809650120432674 
0.1070850805676468 
0 
0.009504866484510719 
0.009414215260588339 
0.4187497456961688 
0.1289772407879661 
0.1983626308754566 
0.2641336247099967 
0.005741382894364866 
0.152512777567636 
-0.1125183808179789 
0 
-0.004093559188127607 
-0.1169337948370499 
-0.1082463118554952 
0.5734680967858526 
0.3009615018761622 
0.003508210626895263 
0.0828618153631174 
0.8600196447608178 
-0.2723225559176254 
0 
0.005989979692252599 
-0.02942394695908887 
-0.1243422855320511 
-0.07630084711270919 
0 
0.4736960844549932 
0.029276839607151 
0.09293586544663063 
0.2993370320994257 
0.1877335976142941 
0.6963652561330979 
-0.06317988645479018 
0.2874189225923551 
0.03498545127688882 
0.007437118533833412 
-4.336808689942018e-19 
0.1576194339533452 
0.4574718502184332 
0.02343971476192968 
-0.1971796045611689 
-0.08031025462840267 
-0.2007309217249417 
0.009053876463271729 
0.1107911231155579 
0.05268636301565523 
0.03365969842492945 
0.2494283632748484 
0.02422089209521665 
0.03573052267552697 
0.01437687864237793 
0 
0.01873983744833559 
0.1318135194511219 
0 
0.1201601481604015 
0.1388801529269079 
0.1492527909682067 
0.0650345624102255 
0.04383965571341241 
-0.0601661863881926 
0 
-0.09752007164398628 
0.04372124284036662 
-0.3730098469354606 
-0.2221328650427775 
-0.108449805362418 
0 
0.09840279887597936 
-0.01196874870439087 
-0.2996740456104468 
0.07818406309013697 
0.06003719632228478 
0.01497398602234003 
0 
0 
0 
0 
-0.3137189634007024 
0.2898561162679332 
0.4486589985224156 
-0.03517229220030381 
-0.1997685442249884 
-0.01482072148667775 
-0.00702560224337566 
0.3776955265107704 
-0.01884177007714192 
-5.204170427930421e-18 
0.09123523809703103 
0.06838827522088486 
-0.2504433261667101 
0.09505122211397471 
0 
0.2234360556963274 
0.1396527636934399 
0 
-0.008159084869720367 
-0.0007350494836876694 
0.01528669305175778 
0.1513631488553055 
0 
0.2760992885155778 
0.07596148991907226 
0.1436226294059889 
0.9456761446892169 
0.1386057287099068 
0.108969605373327 
0.04061504765573666 
0.1456993660729219 
1.161432111382533 
0.2357171146663428 
-0.02911356504517418 
-0.1100672015279424 
0.1206663511246274 
0 
0.131574469772612 
0.07005163318668484 
-0.01695651812313388 
0.6025938099701709 
0 
0.1476992018295619 
0.140458174844165 
0.2683665450324951 
0.009386751651080378 
0.2190029110263824 
0.2219238881819646 
-0.06715069871625828 
0.01269414848200257 
0.2138332211992784 
0.004762976454946959 
0.1853985666343436 
0.002174460726319275 
0.0001388307902634895 
0.08669219361946937 
-0.07191854352653336 
-0.00479513306807373 
-0.003658348067319879 
0.05178981244176583 
0.01743831720347637 
-0.1925422552027563 
0.0008881779809119233 
0.008357219717764024 
0.03896674347473997 
0.205839595049078 
0 
0.001236502809321968 
0.0529734223575613 
-0.08935188644858083 
0.135108439017953 
-0.3486178241539096 
0.004006227372420476 
0.1237443614659322 
0.3941185393947546 
0.4416244386766753 
-0.2385798706264349 
0.002738251486529224 
-0.2211922946060133 
0.4087941541509179 
0.006200202685584376 
0.2218979896280403 
-0.03934597879328915 
-0.01510808237772105 
0.108178530431664 
-0.03455791130037001 
0.007771507418233284 
0.5206154108940868 
-0.05539956890609977 
0.2207392636388123 
0.02037012785033404 
0.2530357092537263 
0.08976824406046727 
0.2281366993778488 
0 
0.01070536568634666 
-0.01578302849352677 
0.5471509972289693 
0.01057675402612005 
0.04409290545702526 
0.01497792228966008 
0.005379302727287877 
0.003790000715902962 
-0.345573210163391 
-0.556041948998345 
-0.2578237091918857 
-0.005768864571155712 
0.06151374947706107 
0.2741193035682578 
0.04896775660869104 
3.794707603699266e-19 
-0.1130080756884684 
0.03082609124156458 
-0.06073596628017022 
0 
0.3258563969528278 
0.5390481401269874 
0.01031624450417729 
0.5248412078073138 
-0.1095301626327675 
-0.1004773780766358 
0.0003544307972143316 
0 
0.03177839904650104 
0.07531403429439477 
0.005726363292798135 
0.01912746151652919 
0.3491616338547457 
0 
0 
0 
0 
0 
0 
-0.03817234977994066 
0 
0.2252689017301782 
-0.3759468349105083 
0.5010434189219571 
-0.006648147420603549 
0.01612289135124548 
0.09217481856058478 
0 
-0.02859393468723633 
-0.07999155190914436 
0.1890970485520961 
-0.3997254297711796 
0.01928795647571984 
0 
-0.2237275269665674 
-0.01130759839044853 
0.02580388773615518 
0.02377492178394594 
0 
0.1310950241085682 
-0.004063392639266437 
0.009567660747442936 
-0.0307550490094044 
0.03696239961012314 
0.3006584772264793 
0.2293333804873642 
-0.4529613070814316 
-0.06708498716748126 
-0.01117566061465498 
-0.01973166093932031 
-0.008494095212816313 
0.02342550100485671 
-0.1519151932438511 
0.01483862463711372 
0.0610335898600473 
0.1097684738973498 
0.161009640434937 
0.289627986378412 
0 
0.006815654687627793 
0.1991331322808777 
0.1450481636430243 
0.06359856810623922 
0 
0.009909203657181504 
-0.08618834853426285 
0.0001223710108982664 
-0.03416696295517436 
-0.05214831948970852 
0.02829355531140021 
-0.1341286757734464 
0.8267128122398396 
0.05791421692642518 
0.147258430823426 
0.02411941109358149 
0.257143119339221 
0.01302168779361973 
0.01492187291612143 
0.1380304447028501 
-0.2612592378293923 
-0.294632887159495 
0.01135888270368977 
0 
-0.1003260832900219 
-0.006683620587022588 
0.05604941911763679 
-0.06989469250079321 
0.5094540842977812 
0.03687716086765237 
-0.03868801902293432 
0.5176212176300795 
0.1253274070218685 
0.1229749458087953 
0.05743161171393991 
0.03138024264228124 
-0.3016217369274983 
-0.2789731815653355 
-0.007532051079711432 
0.119032684100645 
0 
0.7056766789107752 
0.07053540190401847 
-0.01752063501290718 
0.273725416604135 
-6.505213034913027e-19 
0.2070633477200131 
0 
-0.5859083694737564 
0.3062947428365982 
0.0363293343672834 
0 
-1.457265550408407 
8.673617379884035e-19 
0.01986011215890505 
0.04810958565833565 
0.2368207191102909 
0.2158185369306303 
-0.008215070600843477 
0.01536342199789178 
-0.08831969444128403 
0.02526545809777241 
0.02106832337923288 
0 
0.2984393518363141 
0.02260231035920057 
0.1457026859139639 
0 
0.1427459150906377 
0.06462720579674845 
0.1223567326368986 
0 
0.3182244368990796 
0 
0.09628763958591535 
0.02017693932138095 
0.2249757629663766 
0.3254256947482599 
0.2595127072193333 
0.1951981728283676 
0.006653063360105954 
0.05217130889435137 
0.04917598782115105 
-0.001599319750610967 
0.2467801290163819 
0.2856395131212948 
-0.1131351023430928 
0.2798864779279268 
0.1608713960299411 
0.001767482729797445 
0.03251903476283774 
0.2118090124754429 
0.2703624338318841 
0.16787872260679 
-0.2312341277197936 
0.03181406135968685 
-0.4744389759508919 
0.1259114392500092 
-0.0008599679855019641 
0.1225395192331201 
0.3135273657815031 
0.2055640855783515 
0.3147482708656787 
0.01485905465510474 
0.1281244169350808 
-0.00108223520398639 
0.0625431593919971 
0.01153357966591118 
0.4518270766653363 
0.05171925026526466 
0 
0.01958581153181808 
0.01568322195216907 
0 
-0.02730583713871458 
0.2192289538219445 
0.1537397219667756 
0 
0.1764955141155032 
0 
0.1568348000162967 
0 
0.006593374055667866 
0.01980524950673846 
0 
0.1117751779025298 
0.02244039641482311 
0 
0 
0.004139395563960407 
-0.06948758949595295 
0.007569011464969979 
0.04231192146055422 
0.01386360895404505 
0 
0.1708351399442282 
0.1689200148151265 
0.1953887228847742 
-0.02661707160146359 
0 
0.0503040545293531 
0.117246039222013 
0.01938898567186275 
0.0288391415210797 
0.025136543125145 
-0.007493967957763221 
0.3122272462420805 
-0.01329654872308959 
0.08025230426547858 
0.01728895281720731 
0.2523210874126707 
0.5053407321502512 
0 
0.05649958803723675 
0.8158737060070987 
-0.019385767567783 
0.05915433937888118 
0.03006010408916713 
0.1921810474267107 
-0.07099020711395317 
0.1105396515938061 
0.01892303517209265 
0.05025692546605233 
-0.0421205939668117 
0.07778565845818092 
0 
0.03743643613452029 
0 
-0.1979517026983213 
0.02644665262492872 
0.353908790453056 
-0.05477757987891117 
0.03545229871212573 
0.008001131199924251 
0 
0 
-0.139457266704939 
0.1413280933426052 
-0.02217660333370029 
0.0727281655421682 
0 
0.01030946350452274 
0 
0 
0 
0.07579853220988199 
0.04995448154200194 
-0.0508081505307612 
0.1887104834143296 
0.04641810872267672 
0.5424524805024746 
0.005032592017550503 
0.1150528499571076 
0.1117795554535743 
-0.02271138417215466 
-0.1005686687159892 
0.3808749292977442 
0.03572878102663188 
0.1656319605304686 
0.05345083603662628 
0 
0.003204152722094321 
1.301042606982605e-18 
0.1300321033616446 
-0.1659623991736818 
0.3023176621345134 
-0.08214010962212953 
0.0152660693356439 
0.09482333442185747 
-0.1525137669956368 
-0.01058481139052879 
0.11419592950883 
0 
-0.01909704314203546 
0.1377415219674379 
0.06435174286888258 
-0.03336880954936827 
0.05042103672683895 
0.06764273774030026 
0 
0 
-1.103965552321094 
0.006601447489062941 
-0.0672674212177032 
0.01350781396199572 
0.07077701326680352 
0.104975538284125 
-0.1751733268522626 
0.05567743957535411 
0.01528034758326608 
-0.003049907639947427 
0 
0.1319155983387246 
-0.5629909309182547 
0.07439888170124825 
0.2968868181339787 
0.003481231269728721 
0.04554362273403308 
0.1888477942384683 
-0.0251837075090857 
-0.04347928427072664 
-0.0102563051409232 
-0.4432026340695202 
0.003407094453577102 
0.02173254003237889 
-0.1567094114113549 
0.6990336650575278 
0.6316023179595077 
0 
0.07227592953673176 
0.3226353979234221 
0.008304015454327475 
0.2312350597050662 
0.1367618338602657 
0 
-0.1684038394370095 
0.256532694627962 
0.1047754694468345 
0.3405856048366359 
0.1641152721605182 
0.009463361969285797 
0.1366801277057299 
0.05331119490084924 
0.2488901853032644 
0.3385083316906213 
-0.3004530899272789 
0.402323730995289 
0.450614877064942 
-0.4786351532769478 
-0.1521470968698107 
-0.1934994512206508 
0.0008204833819369785 
0.03364069724694393 
0.009536525486974489 
-0.1315122071978786 
0 
0.02672782491899076 
-0.03411627394917813 
0.647459564141291 
-0.1665595625028949 
0 
-0.05250878313280095 
-0.02208882555591153 
0.002614951227111554 
-0.2224345325506014 
0.8963006342429056 
0.007300635269617931 
-0.1029867013264072 
0.1273710793306408 
0 
0.2246025324502046 
-0.1814617392427892 
0.4127194893613186 
-0.008716158149351219 
0.1228632405038541 
-0.2252693418967758 
0.01197569175962349 
-0.0190078455925275 
0.3178710453823495 
0.00844413591050322 
0 
0.01961612957146303 
0.2731017057371633 
-0.1005011999971147 
-0.08492583237625051 
-0.3644087867549002 
0.1431175305423343 
0.3692724058214999 
-0.002188770229702899 
0.1153971673178476 
0.8967536014988607 
0.7099597355726681 
0 
0 
-0.1838232986399137 
-3.469446951953614e-18 
-0.05296096514596212 
0.003057143076071307 
1.084202172485504e-19 
0.02408115209972096 
0.05454326088605001 
-0.4583511822477446 
0.007439969451760222 
0.06657964029991388 
0.04488851834793522 
0.01727289218945361 
0.06657964029991388 
0 
0.2494592240824409 
-0.1830241365670288 
-0.1371899722534688 
-0.1196797531014635 
0.2600923873862582 
0.02487662471628125 
0.2502813180881834 
0 
0.07902286615222899 
0 
-0.06771162144491348 
0.2773031559391207 
-0.03862699011495246 
0 
0.4123998282609468 
0.3768259531702161 
0 
0 
0.05119650040302453 
0.2945546226767586 
0.150859238192467 
-0.09821137076632545 
0.23891045782928 
0.01916849614485166 
0.08784387840641088 
0.05221679423368957 
-1.301042606982605e-18 
0.02276799046027398 
0.005937256648537732 
0.9049492188760926 
-0.3163749137410746 
0.002492892957663635 
-0.5395211962560194 
0.0997201045667362 
-0.09442439374798961 
-0.04667340836344017 
0.002639181936538697 
0 
0.1900708373628376 
-0.002879277631818811 
0.02260782246006645 
0.2011790767599354 
0.154416514105154 
0.06153888159524854 
0.5829117476191179 
0.1226392595397567 
-0.05693233676520368 
0.1773620883610326 
0.5375534884115871 
-0.1306611939532964 
0.01026663938849894 
0 
0.001318496058837013 
-0.1131807808511029 
0.07675762776962022 
0.07325199644027959 
-0.03879132930730288 
0.03313184663619693 
0.475499307516822 
0.03376047821218119 
2.168404344971009e-19 
-0.06350204942453369 
0.1222177464953119 
0.2711826570502978 
0.2108034323735568 
0.1094732959731361 
0.2400436742494249 
0.008025575064939179 
-0.03586984752000134 
0.03050378289445587 
-0.3294509832092423 
0.05526716379057081 
0 
-0.08518564729617129 
-0.01876969037937826 
0.001416866644150079 
0.1001439086793984 
0.4434656838891006 
0 
0 
0.003939462312181301 
-0.1705902701697326 
0.06392177771608674 
-0.01079366644389993 
-0.003894533133388315 
0 
0.07341619252284749 
0.2093770882859476 
-0.06645081359010216 
-0.05868481109234683 
0.002333951067227774 
0 
0.06133255920598429 
-0.3558624204555185 
-0.06303737441702431 
-0.1701302443891929 
0.05672138940891267 
0.05289058017659466 
0 
-0.04683391896273573 
0.08339626165648001 
0.02365177909226722 
0.008494561134375937 
0.04928259598711482 
0.1507341249151817 
0.1835094844839877 
-0.0434605606640826 
0.08009082137658929 
0.6283814547007117 
-0.1226428028273359 
0.0120720954586203 
0.1359236470385839 
-0.1498850501774635 
-0.06014311251439768 
-0.06774651175188466 
0.006292481869311961 
-0.00336709083811136 
0.3340573299599466 
0.1398093260708087 
0.01211045052371924 
0.2446878489352261 
0 
-0.001635234460895901 
0.02057782709086449 
0.3685002344074882 
-0.1041762442384437 
0 
0 
-0.05225582108597892 
0 
0 
0 
0.02349507991954029 
0.02281714782329877 
0 
0 
0.09783555464058294 
0.03865747326936971 
0 
-0.1911458607074334 
0.0008617101082217596 
0.05750873179546036 
0.09012739395245133 
0 
0 
0.01118805405331701 
0.1184009739594578 
0.2213959568186267 
-0.2824514950989008 
0.3095294404230047 
-0.03273105452707133 
-0.04485323046108941 
0.386192658132088 
0.01206830806684925 
-0.267550625214866 
0 
-0.2005217730336856 
-0.6081722764931238 
-0.06953300189996614 
0.3421923423825304 
0.01813227348726877 
0.02342407080826002 
0.06809569465949743 
0.09500239769914108 
-0.07299457780895778 
0.01395891958685671 
0.1938859015265715 
-0.003509399599465601 
-0.1444221216632647 
0.6531636980460798 
0.1026221067175594 
0 
-0.5961955767625881 
-0.108629577928336 
0 
0.1215265621035043 
0 
0.2373368574663633 
0.02481075581529556 
-0.02046954545062987 
0.01044136055930007 
0 
0.008544660846535235 
-0.001149501263816693 
0.2089417653499328 
-0.1109631133821383 
-0.1031502281481705 
0 
0.01168598785666552 
0 
0 
0.139475041151799 
0.01126748365991253 
0.004601730585061784 
0.01789902840377754 
0.02416024697275114 
0.2560986462203657 
-0.05437272810436931 
0.01583190736179169 
-0.3427066038453087 
0.04247753129950092 
0.1131565633698029 
0 
0.005795890394145381 
0.002474278576770827 
0.3324605170921076 
0 
0 
0.114652055755168 
0 
0.05408917884058396 
0.4707334042878163 
-0.01302925324214807 
0.0003085540936164389 
-0.09441170811964959 
0.1184247626730273 
1.301042606982605e-18 
-0.1172372386070668 
0 
0.1942965819560444 
-0.3151021555424573 
0 
0.09469527330536481 
-0.02018249943165707 
0.01133913902959441 
0 
0.0503976092070292 
0.03694074561960557 
0.6774785010102371 
0.0006544805258799108 
0.01478131888287217 
0.01339192388067252 
-0.009702770920964223 
0.02586559611899482 
-0.01898467997306187 
0.05794742641064737 
0.006956883497884105 
-0.007810007465979174 
0.0285158463513205 
0.353506997616472 
0.06173384461878807 
0.0377887298344872 
0.1876997085481492 
0.06322058885037712 
0.2685985783068618 
0 
-1.287048514398936 
-0.02334904320948693 
0.1759694286283864 
-0.03308044179470798 
-0.3133250728748451 
0 
0.01330587369873434 
0.1369111276155559 
0.07892588988766489 
-0.1355036868734478 
-0.5955462483462221 
0.1249867972979585 
-0.09027795469268732 
0.01289268881408769 
0.06038932843881421 
0 
0.1642359323405431 
0.5657270431203784 
0 
0.01233393996553635 
0.01645629032553427 
0.3383550888685117 
0 
0.1080327671135664 
0.4171549110580295 
-0.07297840879096298 
0.05459257125428301 
0.008405554332144703 
0.03936006591965878 
0.2133113068641967 
0.06653815000794093 
0.1330933552666134 
-0.007989153659782387 
0 
0.371437457397245 
8.673617379884035e-19 
0.2146904986801851 
0 
0 
0 
0.005754663164015841 
0.001803610018273052 
0 
-0.2374272666666803 
-0.3566262322362898 
-0.2666193775860064 
-0.1367573256137772 
0.03741040703840696 
-0.08918582807810758 
0.09377117197151381 
0.1174043808209814 
-8.131516293641283e-20 
0 
0.02086041081762607 
0 
-0.3242012890686643 
0.2808455916311549 
-0.004040733648255845 
0.3447734685817445 
0.001040797449841307 
0.08316401994180994 
0.00194595900260231 
0.1456151066358178 
0.009165160279107227 
0.09630682795133602 
0.01191088313882696 
0.3994196735270477 
0.1368182284469629 
0 
0 
0.08423484215895269 
4.933119884809045e-18 
0 
0 
0.01445137454428251 
2.168404344971009e-19 
0.9044696019839827 
0 
-0.150445328701949 
0.01738766023813952 
0.006286221164998449 
-0.6183919826605657 
0.1221249747086854 
0.1056465371924754 
0.006164749238359639 
-0.1232045411961702 
0.2879417003873347 
0 
0.02964287266630231 
-0.01807915519943923 
-0.02392167275385175 
0.07802397379574498 
0.138263407798172 
-0.009895003090944127 
0 
0.03753194885658361 
0 
0.04458294233810601 
0 
0.272887888259599 
0.4000862573720749 
-0.2458277879215925 
0.03977590857183559 
0.01982261813786366 
0.001350756694559075 
0.004188936848682976 
0.0509033625003488 
-0.04168566621824526 
0.1792427133395958 
0.01406793706966257 
-0.02888277232660465 
0.05271112644699102 
-0.3058132715613436 
-0.02475837569832427 
0.337297685888636 
0.06837576751335928 
0.1979425257520951 
-0.02341651883107598 
0.01793099517520016 
0.002523350664457574 
0.6602206642968138 
0.02389668238063327 
0.4217102891787179 
0.2360890408486488 
0.1813482790814762 
-0.4564679100750371 
0 
0.04957053798670778 
0.1051224582162636 
-0.0967035044461112 
0 
0.3150577473355571 
-0.1536149401014981 
-0.01062432145663917 
0.4041060336985489 
0.01469456093258645 
0.002033947406763127 
0.0426692356087862 
0.01881687173865361 
0.08765542262474103 
0.01399421270397294 
-0.1880754264286909 
0 
-0.1582534041452787 
0.01393804086778208 
0.2158926567078406 
0.03022650914248957 
0 
0.5099439502288405 
0 
0 
0.01309814726005309 
0.05890641047023729 
0.005134253181138164 
0.02894344505677484 
0.02618333242753724 
0 
0.4325042747575388 
-0.4512110552209065 
0.01442961054503699 
0.04909804724743007 
-0.05263837885761678 
0.01079519998079914 
-0.09484574662460477 
-0.01032273690895747 
0.01137033034854948 
-0.07591056098626547 
0.01058734119660054 
0.353399936449449 
-0.2181314783166284 
0.2232794646713602 
0.0062437792532511 
0.09150100209840165 
0.5880667670493593 
0.002035588530250807 
-0.01439197423727788 
0.3765050527935337 
0 
0.07495802891687021 
-0.01723013044027194 
0.003993392584843851 
-0.03234312072440253 
0.3910083388884493 
0.0282603618599487 
0.3304917831151567 
0.2970071649552766 
-0.00837945131270631 
0.05797384865146345 
0.1887756066391605 
-0.04016854165275541 
-0.03205897620114515 
0 
0.02033211651762283 
0.04968264403997999 
0 
0 
0 
0.3377856411987116 
-0.0669952774020868 
0.001340446619186478 
0.02483257902290011 
0 
-0.1035078097829961 
-0.3557361283653896 
0.0563006351621794 
0.2984912029477355 
0.1738226900257409 
0.4341181223347367 
0.003147610650405328 
0.1105302548848432 
0.1992342221751351 
0 
0.282683737572596 
0 
0.1101762392830939 
0 
-0.04426731985834766 
0.08183890505499475 
-0.06089845300264948 
0.01163417154189557 
-0.01896879955733029 
0 
0 
-0.08323030665406213 
0.2553552071896474 
0.02077625761445745 
0.1149858770048828 
0.05584275254103613 
0.06699690296674433 
-0.06602969126327364 
-0.07190359480362597 
0.1555942415585511 
-0.05776420001329302 
-0.8410586200510072 
0.06616304200445758 
0.1858790630741049 
0.3813528873306993 
0.22562420298739 
-0.3004825173497017 
0.02100972079731078 
0 
0.04653617266805515 
0.151268870381103 
0.0299386561314072 
0.007665693301624726 
0 
0.2008591205384601 
0.4727260121337673 
0.03257722181415196 
0.3908328865939818 
-0.04414318024718626 
0.5440764117298024 
0.9056862293159174 
-0.04811085198178553 
9.75781955236954e-19 
-0.1570015334494827 
0.1454522018506728 
0.3446778187483305 
-0.109218312388161 
0.005049133529348873 
0.09914532668974266 
0.01081855462331269 
0 
-0.01003440721892688 
0 
0.1018845232242782 
0.01858612552699841 
-0.1816282338176697 
-0.1028968705601683 
0.5122692635518383 
0.03907667102136902 
-0.08763927471624469 
-0.0220028872610155 
0.0002920679433116076 
0.07967968768988461 
0.02502872197222567 
0.001952805181769168 
0 
-0.3149744265202513 
0.02477872804324062 
0.03121299294177712 
0.0006176181388543671 
-0.003735688325515317 
0.02753272000721857 
-0.1241703441192913 
0 
0 
0.2884878761200136 
-0.03385115293627728 
-0.2052441777781306 
0.01506072272861956 
0.2148197035628933 
-0.03953742375294114 
0.4451522027605016 
0.01296233836677435 
-0.2887899106991886 
-0.1606103413498373 
-0.01110739319460539 
0.02684589966799621 
0.1544969886833398 
0.04779567391343 
0.1411387080841369 
0 
0.07822200110836695 
-0.003665919038823684 
0.004603910944346226 
-0.03312104014467885 
0.02939211078507292 
-0.1848903297552213 
0 
0.02408248072655062 
-0.01142068041510512 
0.1164523871767073 
0.8507300078547012 
0.01702668369012169 
-0.02452763441937262 
0 
0.1035008830686171 
0.00780029898359016 
0.006105862904736466 
0.1515293023169077 
0 
0.1000992904392593 
-0.2181037746213169 
0.5401734108488568 
0.05808240366880747 
0.2496573566362356 
0.004391334778143473 
-0.07575248158969042 
0 
-0.03883797099090156 
-0.07894591377386702 
0.03337262298761342 
0.1851088653996159 
0.03081254820847296 
0.004326071744862884 
0 
0.02433085092148474 
-0.2411886556099437 
0.1673622839873054 
-0.008757250219513811 
-0.09102955029980622 
0.05485697062824763 
-0.04290951497894979 
0.06823061685522588 
0.04430376730620576 
0.01751257502820923 
0.00920558555824815 
0.1694265006365596 
-0.06492716643160727 
0 
0.1360149392828051 
0 
-0.2990816293262202 
0.08498337312579003 
0.1039322588013317 
0.04713697782805696 
0 
0.03138712668396953 
-0.01342880589435741 
0 
0.04727322923030123 
-0.03933088516822045 
-0.04446343103844161 
0.4577907402656182 
0.2114416531973531 
-0.01823542470129763 
-0.04501794495294997 
0.03576980769185228 
0.3682605760275875 
0 
0.008802195178060031 
0 
0.033024822534586 
0.9763824974418764 
0 
-2.168404344971009e-19 
0.01737255303455929 
0.01222670363661269 
-0.6886945433225876 
-0.1830420672391016 
0.01015186312648736 
0 
0.05380249595521579 
0.3586080781856992 
0 
0 
-0.1291905392579038 
0.1619174665076896 
-0.2010376862225405 
-2.168404344971009e-19 
0 
0.0006078092826866551 
-0.106293146314706 
-0.01997970757278083 
-0.0604718697459442 
-0.07572022494262957 
-0.01637935034553562 
0.1146454840334775 
0.2415596508868335 
0 
0.1828639851183274 
0.09504246414140755 
0 
0.2376616705610135 
-0.2100527902624381 
0.09308790642223211 
0.0200103301832386 
-0.02565277108370264 
0 
0.001542066510027819 
0.2152002781693532 
0 
0.08697371325565764 
0.5040608076828511 
0.103690515273363 
-0.1311536623114407 
0.2785376772170121 
0.05974504888074452 
0.001799149924219359 
0.005269418880557829 
0.0711718261903752 
0.2952494614630929 
0.08905448091249331 
0.04503211618212381 
0.1516357916041019 
0.5428133466018672 
0 
0 
0.1603992594527423 
0.01045472534140574 
-0.9247780360848867 
0.1471750587460031 
0.3051355782972158 
0.03541058613303496 
-0.001858328579436135 
0 
0.5591781507130498 
-0.08530032107810695 
0 
0 
0.1457497865067686 
0.3042224537959973 
0.04208560511878295 
0 
-0.04665462152814427 
0 
0.01992289777327557 
0.2717255507943757 
0 
0 
0.1677277267489698 
-0.1201159484604179 
0 
0.6557627644586727 
0.060427698962504 
0.16045136017085 
0.006131330955490311 
-0.09382962416286422 
0.1012976836987444 
0.001044387910896994 
-0.1932447284016216 
0.05695020108915828 
0.01150079535165202 
0.01639576633843855 
-0.03305342987051216 
0.4405185495697351 
0.6711127958174357 
0 
0.1582893413931713 
0 
0.01051840997616641 
0.07916276307164649 
0 
0.03063603740857828 
0 
0.02016183118954379 
-1.490777987167569e-18 
0.1496213697254213 
0.4763076298936429 
-0.08011685078913729 
1.107983523214126 
0.2202566708971723 
0.1007283761653334 
-0.02401957754458542 
0.4192034571991136 
0.01488798909779545 
0.0006071019218711891 
-0.2383398184000023 
0.004667182561463685 
0 
0.03515555878920541 
-0.03781592704385486 
0.2192654059815018 
-0.01435364715475295 
0.05091138809644709 
0.5832437765467144 
0 
0 
0 
0.3546701178620223 
0.2829636944219119 
0.4200603370851075 
0 
0.1672757341009304 
0 
0.09142417309475495 
-0.1303702906944693 
0.06961594530739723 
0.02849310417385834 
0.1828123184571648 
-0.06572197485771179 
0.1545413506130967 
0 
0.2980425688912501 
0.001232154908212894 
0 
0 
-0.03474486255651719 
0.01021900647446166 
0.06240879896544212 
0.0004797741488295078 
0.07311131770451029 
0.2511311053213212 
-0.05511367602511296 
0.1239183358300759 
0 
0.03452383674193976 
-0.4207304487236515 
-0.1865481631589612 
-0.03530273410050956 
0.1054207631469087 
0.004102258479698882 
-0.7315190630291197 
-0.4168275985439492 
0.2739228507241424 
-0.3112724411554458 
0.07805472374045401 
0 
0 
0.2130820765334258 
0 
0.01965272988260738 
0.03117595811138323 
0.07399557066091651 
0.05738410381797943 
0 
0 
0.279692774710238 
0 
0.250237447683093 
-0.141629046637727 
0.2370463179298627 
0 
-0.04244418549845383 
0.07400735461762484 
0.1473618366731029 
0.2876359775420641 
0.001354852235244574 
0 
0 
0 
0 
0.1376396095799136 
0.09083693938490126 
0.05323185942533072 
0 
0.2354605514707217 
0.002739789063910422 
0.1636677327036024 
0.00289828093719179 
0.2420977853174313 
0.03283063105685852 
-0.08557271438471932 
0.0908009945335993 
0 
0 
0.01614367214814826 
0 
-0.4378140137487519 
0.05242675307001508 
0.000350942331689203 
0.06783650441078838 
-0.1946017100548714 
0.01540754110421567 
-0.03815827893263062 
0.1764694520326633 
0.2163502664915291 
0.287636309299422 
0.001856700298090865 
-0.1747752797457907 
0.1590247263608096 
0 
0 
0.01242896780759904 
0 
0.08770416256651395 
-0.03114799925536457 
-0.02082006488189608 
-0.2096145170034308 
0.02178936052711126 
0.01645551276651946 
0.02780588809477097 
0 
0.04068811131239899 
0 
0.05865397613486623 
0.0449938475023643 
0 
0 
0.1978402069819435 
-0.1923897042341861 
0.1312622065976523 
0 
0 
0.4874612082920452 
0.1767468030730131 
