solver_type L2R_L2LOSS_SVC_DUAL
nr_class 2
label 1 -1
nr_feature 5000
bias -1
w
-0.005018375197920718 
-0.3780155109941203 
-0.3467931175220948 
-0.5774110795624418 
-1.317199979775995 
-2.144341093069761 
-0.4850300127094424 
-0.01343763365894005 
0.08809435285210704 
-0.2127069602012734 
0.02400472089745295 
-0.1775107663862679 
0.125185160548692 
-0.286748896938879 
-0.2300068695251936 
-1.031573039774367 
-0.3368627904836304 
-1.124342921735598 
-0.007273036180563734 
-2.448132123869311 
0.7932622984661776 
0.02548703135420072 
-0.2803117869373004 
-0.4418521772866865 
-0.08117097509716445 
-0.1795642565044037 
0.3033405556220983 
-0.6623927535682337 
-0.08885525825157925 
-0.1761457171742348 
0.3820550392825053 
-0.03565270032113255 
0.9256753079868115 
0.4240816602107115 
0.5690748203500016 
0.5196531081804537 
-0.7203957402337586 
-0.1732714496371652 
-0.3062077326972613 
-0.2070325091077088 
0 
-0.07939047549667287 
-0.8766675028150522 
-0.1274715851256269 
-0.7228071916111172 
-0.1028711240965554 
-0.04064313132395603 
-0.3868759790958227 
-0.6006495090234983 
1.646407431016156 
-0.06100746660301098 
0.07707116544207841 
0.264338323646743 
-0.3430910335151224 
1.440199505053983 
0.1162463840609505 
-1.343342599123924 
-2.511877504124402 
-0.0944990374707701 
-1.210502871192974 
0.4467524685000391 
0.5493450825715328 
-0.7168769880881599 
-0.001508614496100325 
0.1779780051963908 
-0.3020711052344809 
-0.06661107414387085 
0.6140105509567447 
-0.4329530206113417 
-0.1677186811492286 
-0.6316242041352393 
-0.2880924290511636 
-0.8711430508369477 
0.6669734012871682 
-0.6591845752561857 
-0.08048540930186693 
-1.500652323513657 
0.1015970978973714 
0.006289634945704952 
-0.1347062278184289 
-0.7657053488079844 
-2.374387501236103 
-0.2766198153940055 
0.1211507750756101 
-0.4735097954128803 
-0.1117589716217522 
0.8945118338621199 
0.1081709099454764 
-0.5248437592301421 
0.1417543913752505 
-0.3800181440534128 
-2.169741387876574 
-0.1003410661151488 
-0.01318975304695212 
0.0007701024326243807 
-0.2311126803248278 
-0.7083007823111839 
-0.4436960312235455 
-0.3209114678960719 
0.03953507177352522 
-0.00591678170349774 
-0.3186899700697776 
-0.5353290306015628 
-0.1923153863403735 
-0.4529547080981307 
-0.7071052288208286 
-0.2234759109672508 
-0.2728311144152427 
-0.03638445067012021 
-0.6265568809463528 
-0.4452736099964821 
-0.1754181340896218 
-0.03943489790654324 
-0.06921477383567863 
-0.009683199997760579 
0.3148796176858969 
-0.7923916724985027 
-0.04734737676017358 
1.3116457825763 
-0.1180388122589554 
-0.3142704161423982 
-0.8877113789685811 
0.3305742848092463 
-0.2847627175241155 
0.3185311573605139 
0.167673439936513 
-0.1636713664516868 
-0.8831572498306222 
-0.03959777082780392 
-0.1526884397996541 
-0.1701843082403959 
-0.1686230432857725 
-0.007599800205991079 
-0.3510567536979948 
-1.422119520123981 
-0.09767408406758815 
-0.3497711548113214 
0.9870166002966292 
0.09765062365964568 
-0.4323817965622317 
-0.05803635749656463 
-0.4265047737252579 
-0.6097442161128951 
-0.4627575501778182 
0.2404340407557489 
-0.3117183378431269 
-0.09860819862413221 
-0.1886611394185214 
0.5301140355426273 
-0.1072798876780264 
0.4886318462307124 
-0.09218402472142695 
0.9963003343244159 
0.7223829821718681 
0.06236933336587401 
-0.4746840537592326 
-0.005251744114893883 
0.9405301094184623 
-0.4320885799349657 
0 
0.3150677789404073 
0.181329139586239 
-0.744747456708219 
-1.450929158917714 
-0.04882084271317505 
-0.09775171146853429 
-0.3866880946394089 
0 
-0.1476713569062041 
0.1087602999379586 
-0.06813356900532884 
-0.1795056092185825 
-0.3921745630104355 
0.3666273460831992 
-0.02432668207940565 
-0.9397848507673432 
0.6938071707778052 
0.1654687124240339 
-0.01856018349148012 
-0.6029860053035194 
-0.1109896359284411 
0.4420979173342917 
-0.0490693717651009 
-0.0238731336963489 
-0.04123652786590355 
-0.02600427748833767 
-1.486654442812394 
-0.4693576153133516 
-0.3252101987521496 
-0.4029222180365156 
0.1932522044974825 
2.30998048010688 
-0.3131475129387897 
-0.03106095151776019 
-0.4050427602525441 
-0.7370272982886342 
-0.228973512329549 
-0.3175600962297058 
-1.456241298175195 
-0.0448168499610209 
-0.006996416446314661 
-0.3022068329277722 
-0.008643622866927755 
0.08294368529876753 
-0.001733901383143996 
-1.22762017445452 
0.00550041449883143 
-0.08478581024659154 
-0.09062263568066366 
-0.2570729286565982 
-0.5039313937044719 
0.4876742997107453 
0.05215765619029886 
0.1169652156680245 
0.4489731677619116 
-0.02579249191102804 
1.781249357767337 
-0.0688438683749792 
-0.04615612722527047 
-0.9436211228375616 
-0.9760252922432638 
0.1009882920094191 
-0.4419870366381087 
0.02833047235451097 
0 
0.2797932205523044 
0.08419089584027506 
-0.4731556846693027 
-0.01405814816577911 
-0.1263541432904862 
-0.0240191533747255 
-0.7115106372622706 
0.2232617618986163 
0.6295679196588967 
-0.2634642610701498 
-0.5047223412677014 
-0.06785172644077567 
0.6816165985450992 
-0.2938114083552462 
-0.06537895462478306 
-0.03280602548172046 
0.08540489475115315 
-0.09286454372082979 
-0.2530118626173414 
-0.322798242384557 
-0.1887729082260274 
0.1705366905276543 
-0.2441975705378964 
0.4824346107364716 
-0.3395938732939773 
0.1818896631302078 
-0.5651834319097392 
0.2139342530963937 
-0.1266479684124309 
0.240019443014817 
-0.1239205822716613 
-0.04710364248187742 
-0.9341952666773972 
-1.118643127614182 
-0.08990167027585513 
-0.0648008266811633 
-0.06554160561320253 
-0.2158249234390078 
-0.0009117041322741974 
-0.006739863110820456 
-0.3510123581877266 
-0.2860849605910907 
-0.01917368137992758 
-0.3617814875279298 
-0.03567478082217283 
0.1634778379379647 
0.02371924313806062 
0.0003148053478095928 
0 
-0.06166517595422341 
-0.09683651396411226 
0.06741995851838888 
-0.02368959388991857 
-0.2210293712042071 
-0.06376518004026407 
-0.8720326742605494 
0 
-0.0412915729799758 
-0.02500106454172574 
0.02035587683344743 
0.4709371428043078 
-0.3165035229977126 
-0.05556972706247516 
-0.02953773341938762 
-0.03336699852645793 
1.524576051853822 
-0.759456092206626 
0.03866672938383391 
-0.02130426610512547 
-0.0161938811204602 
-0.07902522119987769 
0.03659303928040186 
0 
0.04550324612388322 
-0.4302982663447291 
0.003605381966383222 
-0.04556274566677117 
-0.01431300207215076 
0.4749250475458264 
0 
0.05160523949316473 
-0.03667595549773375 
-0.1440131992617094 
-0.1640951887290477 
-0.4679610373138242 
0 
-0.01603078125235623 
0.06403591889114077 
-2.14632970367371 
0.03135179610285372 
0.281745020425954 
-0.09650366560583631 
-0.2330028411084554 
-1.357459311597802 
-0.1622859630878421 
1.196526396433118 
-0.2614521096095065 
0.5906848858158993 
0.35638544171645 
0.01015388304925438 
0.6897654752623011 
0.2005260474798294 
2.090919413077985 
-0.03649839906336934 
0.2901858673973148 
-0.3723424544635047 
-0.6355397098999251 
0.6229655001829927 
0.3057254657292838 
0.09536778192131763 
0.1443672596837593 
0.009378214150052725 
0.2300699047901664 
-0.4426289986185455 
-2.14029290997281 
-0.06306655532467312 
-0.9642204229338166 
-0.149372834885363 
-0.1578909224418045 
-0.2581822812305894 
0.1478180069473416 
-0.2410874754590088 
0.3393359338290675 
0.01134265813976495 
-0.8075376939932836 
-0.4776064669596686 
-0.2472076040003922 
-0.09068804505083236 
-0.0592066914150359 
0.2259177756500659 
-0.02123916304790344 
0.3858247540817186 
-0.6806229783005727 
-0.003183181228480168 
-0.07154991581551559 
-0.1232531850679345 
-0.4753790603723411 
-0.3652871014399964 
0.5872463585994521 
0.00589444877005994 
0.0413744136414345 
-0.06976555789731451 
-0.01823705165791687 
-0.3273551311733179 
-0.01702016076846069 
-0.09111697778345516 
0.2052023643361254 
-0.03893198946762488 
-0.0006553675830211649 
-0.4447973160608205 
-0.191937638999003 
1.086524349012216 
-0.05989724197776383 
0.4018184038972667 
0.3137414551109545 
-0.5822689058280345 
0.1772729153876465 
0.05570330393342288 
0.1032355186123025 
-1.383852138610172 
0.2201681948134369 
-0.1065765032884165 
0.1379565199920255 
-0.1187595516553343 
0.3416443259285809 
-0.5251855899753091 
0 
-0.2085031165172989 
0.004087197614717535 
1.197929057376423 
0.5681452217565627 
0.3452857196161805 
-0.0005721031973016824 
-0.1387484682303403 
0.08613473137149531 
-0.1074046994570076 
-0.1637076244996082 
-0.201111590652048 
-0.3175739390342576 
-0.5738422152488842 
-1.180660943505571 
0.1076142004004896 
-0.6360733722336529 
-0.1750280989704706 
-0.1500284262859021 
0.04596110093714637 
0.011281579720237 
1.20514696294699 
0.01049246144017258 
-0.8548902547794199 
0.6517357161684526 
-0.1013048560485436 
-0.1045046106601918 
0.117782243994396 
-1.484489331538503 
0.09245007637316761 
-0.8447110116033237 
-0.003659120784221057 
2.30323924977143 
-0.4866533688061343 
-0.1708853677909587 
0.1571066248392118 
0.02483328830003272 
1.751931708931343 
0.5961291924268816 
-0.02594552568654665 
0.0652296111986374 
0.9276238498488442 
-0.5389640060908781 
-0.5013948481325251 
-0.02137408886359247 
0.922280602077783 
-0.04429063916013631 
-0.08948099455409679 
1.022628403428117 
-0.1919955927674506 
0.3303245239032597 
0.9737903398358069 
-0.5441070002462316 
0.3573344890511898 
0.2334709958317892 
-0.2558357642802491 
-0.03810063500477812 
1.409302651774641 
0.2409955635157487 
2.476426177729146 
0.05894348090010196 
-0.1535152011265835 
0.3549363303452218 
0.8908071366277058 
-0.01937960241641338 
0.03190798784593703 
0.1033087580597313 
0.05845418115311037 
0.2769432753651307 
-0.1477350409946926 
-0.3737101872948762 
0.0100099209082939 
0.6723751636194674 
0.0882954878307308 
-0.5847021061322811 
-9.220127137498281e-05 
-0.03354882570897779 
0.0006757349346013354 
-0.1321376424701833 
0.238111012965526 
0 
0.08377756152080257 
0.3268728625888058 
-0.3859374486199871 
0.1668916308221445 
0.01376301889123353 
0.7447866981187042 
0.005336803070482454 
-0.3475429698589342 
0.01886858765327372 
3.069506802229014 
0.9289401068143927 
-0.1233791942976787 
-0.07231442325487594 
0.321873138182912 
0.09796173558958561 
-0.0664925696750456 
0.1349216013476859 
-0.3476147065229683 
0.9096659727964473 
-0.1016371991826556 
-0.5976753709672468 
-0.08264639138365115 
-0.2111370481843565 
-0.2336775298161563 
2.022249681261252 
-0.4319905035712852 
0.5289407359372937 
0.1136854912178663 
0.4410175710112313 
0.08624540956029979 
-0.03534369072694167 
0.1931981565565793 
-0.2084912180464118 
-0.02331795607106426 
0.3124341829654066 
-0.03603805647711318 
-0.04086392503457704 
-0.3506232860230056 
-0.0682214685070365 
0.07716193614680025 
-0.01172095605766294 
-0.5312305513956255 
0.2591673582018083 
0.1661804206800802 
-0.4313804388944537 
0.2496703567949265 
0.4824942192641133 
0.3315490847960784 
-0.1623880568369465 
-0.05419020898688397 
-0.002146061988571744 
-0.003373367808555849 
0.04200287828114203 
0.09717123093091368 
-0.1519282231059454 
0.2202744631089315 
-0.130651039428014 
0.7187902244626143 
-0.001547720917419202 
0.02396604031998535 
-0.1257708295348209 
-0.2185377650443354 
-0.5016365309428109 
0.1243681245370861 
-0.01394465969010407 
0.09488826867155102 
-0.3415835165177207 
-1.055668101492268 
0.05772773964704146 
0.7165944913720417 
-0.0837726572210598 
0.025455907040045 
0.1056218493098134 
-0.04637614612748478 
-0.02167911524774262 
-0.04479924577588187 
-1.089661009597542 
0.2345398179116587 
0.1294961608598532 
-0.5382289011408551 
0.8760567543786129 
-0.04094561109356259 
-0.0122018056745533 
0.05001646041539428 
0.9276116363722605 
2.013334016455366 
0.02577927309919384 
1.382109572368764 
0.06568418735249927 
-0.410532214737272 
0.01134635561021198 
0.4601205757461594 
-0.1126411938480605 
-0.1408887435026054 
-0.3268794193663653 
-0.5514604877334619 
0.05663502111566802 
0.04838824578120298 
-0.1602464172940934 
0 
0.9550389989400668 
-0.01259415520944227 
0.009250462507178455 
0 
0.6887570233016262 
0.01122667931087499 
-0.4067186127942066 
-0.01128187517505479 
0.047409822147559 
0.3224290975306144 
0.773103324146927 
-0.7762050483206662 
0.07543039692676251 
0.191409496767715 
0.1136681402207889 
0.01697154500258033 
-0.02545125839164365 
-0.1846204014389506 
-0.005856666534066845 
0.01921903617770584 
0 
0.21342430342355 
0.5108988535484531 
-0.4824520818569155 
-3.635100440944217 
-0.9305192297862884 
-1.381051569970165 
-0.129190348490732 
-0.0483697310917435 
-0.1935422464334494 
0.1324629106928112 
0.08646858076642742 
0.02644933483392382 
0.07094196095131189 
0.3375289690960946 
-0.02937830489700896 
0.0914447591129067 
0.3078671937530018 
0.402230554986298 
-0.1956525908630722 
-0.05236797167816958 
0.08442704517626909 
0.3365391671664673 
-0.5110097292442661 
-0.01247283841065174 
-0.06132299063745074 
0.9128542377122451 
-0.356959476368954 
-0.3690882537660193 
0.1446096514432724 
-0.1312660073964703 
-0.160259191292134 
-0.001453701054899123 
0.2643023166815068 
0.4211033347205229 
-0.1002484967425333 
1.974582507857948 
0.02941345146473883 
-0.2848237158840936 
-0.1941707078707915 
-0.719144193619025 
0.0152849386855947 
-1.213782374561791 
-0.1149479345566835 
-0.7439303616726028 
0.7184644198706096 
0.4041797387531252 
-1.25217592917627 
-0.05668544924003974 
0.5140991452573079 
0.1745162739575697 
-0.3778458059628114 
-0.07939942828741024 
0.6288888746848513 
-0.150003527843743 
0.01571878294184149 
2.210497349194487 
0 
-0.05229415591773218 
0.1326991841856082 
0 
0.4890995959719726 
0.4145612084240199 
-0.005367682919849869 
-0.02798444137202818 
0.004096549843427071 
0.00366954362058202 
0.06286701822973972 
-0.2401890726458586 
0.6122477191313829 
0.11609879338171 
0.02036597848047011 
0.1600821300979937 
-0.2956894737157394 
-0.4530364062925308 
0 
0.2515741447748595 
-0.01622129359668539 
0 
0.1159970712172386 
0.6426603939658806 
0.2635082474936189 
0.1341209953421633 
0.2856918834659783 
-0.1088768513242991 
-0.09442015264372443 
-0.06742883931460146 
0.8024330570518671 
0.06925238943839668 
0.1839050004613917 
-0.437263813842273 
0.4965796535080665 
-0.01118699087786451 
0.1036254101361765 
-0.06397090147009374 
-0.005785171063157266 
-0.01718839682743625 
0.02197816400313048 
-0.1379362508908724 
0.02908009330885255 
-0.4993162068151262 
0.4170938955537251 
-0.5549685865820772 
0.0325438291872405 
0.2212236074168904 
0.3912608648885256 
-0.02204191222958398 
-0.05044985385434628 
0.04889218670957175 
-0.121809663812798 
-0.02491810421343019 
0.3061451757714503 
0.07721019394336592 
0.04273318626552738 
0 
-0.4174520423421993 
-0.01829807083154797 
-0.08813038793503838 
0.003382168365583533 
-0.299022632206465 
-0.9432318385498112 
0.5683144385535288 
-0.1235352036246816 
-0.1329588487184341 
0.1358459458332155 
0.3358011124980873 
-0.2997590145983275 
-0.1302292625578204 
-0.2764791004333072 
-0.6147582506503426 
0.3091255215134076 
-0.004593362020559562 
0.04926347450655869 
-0.7705493605688043 
0.4117320327671509 
0.03576010804391835 
0.04060815936951978 
0.08238820308944489 
0.6396837059859606 
0.008104664087683467 
0.1367570610268605 
-0.04892642199525604 
-0.112398142474188 
-0.4961695817359819 
-0.01720462973672146 
0.1109233162797442 
0.008329796957406531 
-0.9887302762975416 
-0.4361474442111233 
0.1582291515002187 
0.06916980254941654 
-0.5743958813641412 
-0.5761825279771401 
-0.04092489476394583 
0.008086256625377462 
0.3616369945253332 
0.05680682080819856 
0.2803922047046902 
-0.4937210460489024 
-0.4660660239597471 
-0.03732356433358655 
0.2705650822890058 
0.0479138626444401 
-0.4337837119714495 
0.5570671288125409 
0.1468831974791286 
-0.678430479914867 
-0.8201944004936813 
-0.4220708194309043 
-1.067252117041981 
0.2821077624850232 
0.1087611066048695 
-0.05181556262053816 
0.04365207338115984 
-0.1378888793494809 
0.01373304160579124 
0.01096783286317704 
-0.4357079320966556 
-0.04596660346489616 
0.6359586523217509 
-0.6589006729881873 
0.04201715184984074 
-0.06312623989137027 
-1.115065183118616 
-0.3599955337987037 
-0.0004491480134808414 
-0.4965851431140567 
0.007939001876883857 
-0.867245210698935 
0.2323294639432655 
0.9838743876148399 
-0.07523784526399448 
-0.03394988784941265 
1.489902096405499 
0.4459247838391567 
-0.06799519350730418 
-0.1658079969897176 
0.2231266665310727 
0 
-0.1721601757341051 
-0.03577943591660815 
0.02920378708222951 
0.1851818384959715 
3.076826524397404 
0 
0.1402576983188654 
0.05529970995519958 
-0.168817486935284 
-0.5538071300006239 
0.1093938803970656 
-0.003187414102829385 
-0.004696166579567101 
-1.287775406470398 
-0.07016954437273124 
-0.09630952338350306 
0.4573466995809428 
0.07247446109745724 
0.206916051648069 
-0.01504208384552117 
-0.2828273609912532 
0.9473758653071782 
0.003318841501239503 
-0.01885002533901079 
0 
0.009427858859894276 
-0.3511402523524369 
-0.02591540810117004 
-0.007433659776844176 
-0.03105816480541563 
0.05953389569199699 
0 
-0.01568496159114421 
-0.7859788080011947 
-0.532963341557917 
-0.07360196607477383 
-0.0732066140997375 
0.1589811185420772 
-0.05133690973411616 
0 
-0.3023215947840138 
-0.0153027305056567 
-0.1004318218311035 
-0.3088615910826352 
-0.115015619156426 
-0.002052366317585074 
-0.9430582488608218 
1.840241887953318 
-0.1051002880062378 
-0.758552566904394 
-0.2176706344740225 
-0.9128547043034999 
0.01961608972396724 
-1.417191981375282 
0.2151305888598279 
-0.009298200760141626 
0.108070486453649 
0.7810700296307409 
-0.5595124937172694 
0.07036192253686807 
-0.001477408059064761 
0.05217936237135651 
0.7229453078804993 
-0.01322894002123798 
-0.1544208600988678 
-0.009476671987048411 
0.1179649924511472 
-0.0194417849141711 
-0.2309135217452597 
-0.3572091718553171 
0.5481176755655237 
0.2852404153020189 
3.903461850396297 
0.6952990110673783 
-0.00431204116615359 
-0.05876147702394409 
-0.6536664438306523 
-0.08116624416251682 
-0.003421654355899831 
0.01724747009118397 
-0.02372034841061158 
-0.5980656234963625 
0.1547259182174516 
-0.02547156197982067 
0.5092714703614675 
-0.2636579724498349 
-0.2841063062705134 
0.4402053944106107 
-1.197104085110149 
0 
0.771508291663893 
0.4281247497777691 
2.633633699553879 
-0.6624077858606551 
-0.9333117596485887 
0.6872129042256059 
0.03099427857173578 
-1.075214704833324 
-0.0056195689112048 
0 
0.04988523135833776 
-0.9800958697900164 
0.09209302439594651 
-0.00401946952582502 
0.1395381462161594 
-0.01134186707475163 
-0.02863169064919545 
0.199123796927437 
0 
-0.1194795634513918 
-0.2564150880021148 
-0.3178401488219665 
-0.331202673578729 
0.2876301512651693 
0.08095377774352452 
0.05641924479413398 
0.738556838323432 
-0.2765590317577533 
-0.006524883493470079 
-0.03207425965820095 
0.02725422682011705 
-0.0007670434260295417 
0 
2.66285196561506 
-0.3735915915801091 
0.1442305566461415 
-0.08478266956491157 
0.5293761110819902 
-0.0262374117354654 
-0.21014965623801 
-0.03924556265817451 
-0.001113610960747495 
-0.1182336582727927 
-0.5656648455388258 
-0.1466674158531057 
-0.4449514307082931 
-0.03100641178381228 
0.01218435475939829 
-0.359722175077454 
0.04680941534332735 
-0.05214529856152762 
0.5406072589788242 
-0.1069658985499337 
-0.003586578818359385 
-0.5115075934794852 
0.1326028152341781 
-3.521659128281101 
0.07232043301650999 
0.01359250552917328 
0.2078307202507471 
-0.03982635835219749 
0.2201134424353252 
0.5428488492848669 
-1.08975161176216 
2.121099356206295 
-0.1084918492886216 
-0.3012091663244928 
-0.1063524046166865 
0.2766965863022662 
0.4702783524519817 
0.03506136453686774 
-0.002976435064359332 
-0.02689407259156665 
0.1163720001911995 
0.1220131269012502 
-0.005797536640514781 
0.1768872987776009 
0 
0.2468070242817387 
-0.07369954303803766 
-0.04520583358578022 
-0.7232153315381762 
-0.08099116163242615 
-0.006854985434744738 
0.1082955042022662 
0 
0.1557319704700393 
-0.08253681537463606 
-0.4669406018438444 
0.03978410862266701 
0.006058342457311197 
-0.06113865462867903 
0.5417544517899656 
-0.07907448230830461 
0.3804373326368042 
0.0604862096910234 
-0.01008815915364488 
-0.4600201899209687 
-1.144887005658858 
-0.1250114460664022 
0.0761736780306484 
0.1432132627047183 
0.0466087486230877 
0.005105385408224698 
-0.4609293822088022 
-0.1706104259374024 
0.01538328846254225 
0.2031340870512791 
0.1059422133289542 
0.1382893435412139 
0.132928962801193 
0.0738524718686773 
-0.1097051053714676 
0 
0.6187292071089796 
-0.05310129900729234 
2.077620627209136 
-0.05204535331293443 
0.3610012003694284 
-0.007427389886177512 
0.7059045930745881 
0.08196324268906227 
1.007653513479324 
0.02880658267541129 
-0.1064064332302737 
-0.1421079192133617 
0.2276178621223233 
0.1256747137650273 
-0.4866580023736496 
0 
-0.2826254772192983 
-0.154167437250464 
0.004451505858707846 
0.001075146914173049 
-0.06057265056608239 
-0.09459299129616731 
-0.4320139561351851 
-0.05368890025993149 
0.4084567510153541 
-0.04433300015631 
-0.1562218541242094 
0.7958825478842316 
0.3641503554459304 
0.3105038562376304 
0.2879879734074741 
0.174450828712789 
-0.02925876927367051 
-0.1535506622774624 
-0.01163770590248926 
0.006140040085796987 
-0.0465176023540607 
0.4932771008353723 
-0.2916588049872531 
0.1234819811766197 
-0.02678363871072508 
-0.06296264358298596 
0.7941471985512628 
0.09393802558387002 
0.0142460966899888 
-0.1529627300839095 
0.1088002592118238 
2.696112868953912 
-0.05010755902071264 
-0.05617544194134842 
0.1219868701367061 
-0.02860493961723424 
-0.07710028787623044 
0.6306720460290867 
-0.07512438276921214 
-0.003078132182876585 
0.0145248125444091 
-1.052654365259181 
-0.3225834769140133 
-0.541091057448856 
0.02372391714538268 
-0.8190207592998064 
-0.3670870047064356 
0.925840349229372 
0.0379364522126605 
0 
0.1887425086339451 
0.671311998967931 
0.0724709035011759 
0.04597359139640027 
-0.05975051399543994 
-2.086235018100004 
-0.02137234718176691 
-0.8004225594680212 
0.4512349296080644 
-0.03679962079873294 
-0.02696872421622087 
-0.2375364410104138 
0.08620513381332295 
-1.217901460738729 
-0.1979075228234219 
-0.5246762361857567 
1.34535492689687 
-0.7646616484360733 
0.3079610245971401 
-0.01077750545216233 
0.1864148820260724 
1.167885419866864 
0.2973102208936729 
0.7586491455987041 
-0.003531724415567242 
0.03025843477034745 
0 
0.01047580744235469 
-0.3201962692413141 
0.4307736369444609 
0 
0.3048387254534629 
0.05725454054646374 
0.4094197328277936 
0.4094101672506375 
0.3811998622379587 
-0.1039902424338979 
0.01959140756106565 
-0.127771929322067 
-0.05604836696945457 
-0.131577128710321 
0.0225696433571921 
-0.09594820078448449 
0 
0.2307115836406831 
-0.5113436565165039 
-1.543111487882554 
0.03237749108475093 
0.01046153809501476 
0.1412171787552781 
0.02713461888183195 
-0.06726013954450481 
-0.008547948018908152 
0.1538537242139509 
0.1167539691770356 
-0.02195677804173501 
0.05395428714055076 
-0.02233013494937114 
-0.14418367821941 
0.05347778576893871 
-0.9458530247604343 
0.04400767962419741 
0.5277416706184498 
0 
-0.01352809569958213 
0.2234304766016064 
-0.005478956068131497 
-0.1195274264599776 
0.06788236866344714 
0.09510370539294373 
0.04232871426569457 
0.130918681737701 
-0.2809486285905218 
0 
-0.006025337340067634 
-0.01115080421229497 
0.6244672515923134 
0.02461874362535198 
-0.02632492749398973 
-0.08258637194999113 
-0.3531238590133841 
0.1547168766968187 
-0.2637280956369537 
0.0325957583535537 
0.6516497891079792 
-0.0457905664867227 
0.1058081257656426 
-0.6772140039130055 
-0.01191494487495052 
0.5836646589734089 
1.203604519673285 
-0.5533943172174758 
-1.492750989882841 
0.3664156649196564 
-0.2169490011476102 
-1.439738119687573 
0 
0.259174211544855 
-0.02849780016292152 
-0.1970476020548229 
0.0602122457570805 
-0.01827377554687013 
0.5148266135874189 
-0.2377444640748095 
-0.06107432756395571 
0 
0.1206497831342641 
0 
0.04500362002952919 
-0.5277001314133255 
-0.1774184369894778 
0.03342619018133056 
0.2698273623526332 
0.02588809322144935 
0.3212107794205622 
0 
-0.04120525040973631 
-0.2051147014256412 
0 
0.07728053201571078 
-0.0222707887617446 
-0.4355997566238019 
1.524684950170411 
-0.05689400444407328 
0.1944301434664263 
-0.01135561556158325 
-0.8395411846633763 
-0.02908714179495299 
-0.09538334150894826 
0 
0.300079032265092 
0.281096938345259 
0.6382738834155203 
-0.8717227472074479 
0.7553764931961945 
-0.09866390731689915 
0.39992392513294 
-0.5550514063513198 
-0.006890474342360351 
-0.206077450133857 
0.09283935768918802 
0.02695228385336418 
-0.6967834144304655 
-0.0783080613762183 
-0.5979553491404455 
0 
0.327430192707753 
-0.1200091754648937 
-0.1600722398591922 
0.707539948220859 
0 
-0.2163523134862069 
0.01182398035833641 
-0.5852088343124617 
-0.1732919227742596 
0 
-0.2012609132786371 
-0.562192361198847 
0.4158139543184216 
-0.01534000232337578 
-0.05375740764274439 
-0.05313162999650662 
-0.004159982616454167 
0.03036311935529896 
-0.5494732920872659 
-0.02708090030056073 
-0.5357455014580796 
1.021541519575222 
-0.01036192684936888 
0.8533927135694721 
-0.2935529116969247 
-0.342817928878885 
0 
-0.01259339152161675 
0.9244628342162532 
0.1195377197284547 
0.3320126659669673 
0.3363190406578451 
-0.2937421975974835 
0.3354730495502469 
0.3142538851730301 
-0.1737086712990824 
0.01046465720327958 
0.2061275205060863 
-0.0005493473587627807 
0.01877313890717783 
0.08806343161650024 
0.244248564013095 
1.480816157992041 
-0.09439454500259732 
-2.02212305175091 
-0.1630467122909906 
0.7055527408181065 
0.001460094824093023 
-0.02015781923411463 
0.2620426095732708 
0.01883647738798203 
-0.06613331622638678 
0.5918330431614072 
-0.1426772080027986 
-0.005557149817787479 
0.2779543984564636 
0.8053526183527451 
0 
-0.2519878634693496 
-0.008780396110391473 
-0.0825723204080443 
0.0004425430064355637 
1.331999466891036 
0.1299984321933585 
-0.1997462052637186 
-0.01066796446788483 
4.980102689661848 
0.2367679675210972 
0 
-0.6318315664352894 
-0.2279599958583104 
-0.06920086251719618 
0.2110109745715705 
-0.2363879656886309 
-0.1394459594846473 
-0.02350816682101451 
0 
-0.4807092789711128 
0.9438927681580925 
-0.1176960339443703 
-0.06321722106895933 
0.1743330295608687 
0 
-0.01449647714216349 
0.01061253565639385 
0.8439251810671105 
-0.02741229073115161 
1.520778599618208 
-0.3038103335745621 
0.5860036636680571 
0 
-0.03436156319662562 
-0.03433054238982849 
0 
-0.2899599605286262 
-0.001680170723452661 
-0.003417395424988397 
0.2999501076949126 
0.09614784998487695 
-0.318693295429159 
-0.01098303868843679 
-0.3781078140362688 
0.328868715292173 
0.1000335081577536 
-0.4252551607728864 
0 
0 
0.1330435058723039 
-0.004146890809302623 
0.1956701067296458 
0 
-0.9131193073366891 
-0.1851778982340293 
0.2169853377748928 
-0.8036612450595586 
-0.3561175285295766 
0.6946363525773052 
-0.08307939409731611 
-0.008487393200937426 
0 
0.005399464480222516 
-0.001997115380305651 
0.2294164088275276 
-0.6069227273679324 
0.002732851951873711 
0.05857751774516595 
-0.03980000413955207 
-0.3008298950168061 
0.2226640857970261 
-0.1011009154284165 
0.07398179236398972 
0.1173522666889 
0.4504089271276355 
-0.7539640862551112 
0.2567712584120033 
0.01063300789049891 
0.08147171039433342 
-0.01356045342959175 
-0.1397061369212764 
0.05396176559423098 
0.04014760568476591 
0.1816748039133107 
-0.2950129835880976 
0.3282709026665557 
1.129205296102704 
-0.4906552271697833 
0.4277344112272869 
-0.2683298390048459 
0.4798075098437972 
-0.01105768676165008 
-1.201245754406525 
0.11864888193594 
-0.01147221087995164 
-0.2005046448803965 
-0.8160971086049945 
0.8243175004499542 
2.208733376804262 
0.07101820602096404 
-0.07273186213335656 
-0.04204003958418824 
-0.04004532302973519 
-0.1070309264989189 
0.0201189490775883 
0.5693852217523427 
-0.01367561077832247 
-0.02350982456932723 
0.2594701709939898 
-0.06519133072664328 
0.4614898720039987 
-0.06876208880062135 
-0.5354947329261329 
0.01927671816106973 
0 
0.531102512692937 
-0.02998076398907356 
0.2985450051693338 
0.2324397520613423 
-0.2248379934436796 
0 
0.1877275834179379 
-0.07896417353287702 
0.07098684904840756 
-0.375586605685912 
0.1321811401137296 
0.1802313965335711 
0 
0.04685341924938689 
-0.4276088517374133 
-0.02372502140134315 
-0.0278070589973839 
-0.1992184817864324 
0.08845059044699281 
-0.3502790626230776 
0.4134404233093772 
0.2636715035875208 
-0.1143224409374806 
0 
0.1793274346835665 
-1.225322765639311 
0 
-0.3377197459377765 
0.1475752236272546 
-0.1595435140326753 
0.1654773058701817 
0.05790039860383119 
-0.006642142076684485 
-0.04474438003200162 
-0.402464802306045 
-0.2342743095150316 
-0.2298014976370301 
-0.1649411252617006 
0.007224953873878871 
-0.06059832512202171 
0 
0 
0.1066118878488266 
0.1122344000891589 
0 
0.2767319748141699 
0.3842650713709013 
0.1668167609292099 
-0.1802424456162044 
0.9655850321579159 
0.3280515544461015 
-0.417237588851566 
-0.6870876078649579 
-0.06706131586955584 
0.02964060970197685 
0 
0.4404564917799947 
0.01377803875754743 
0.01091603320661724 
-0.006385970620732158 
0.6827688371894255 
0.08223340147275232 
0.1003944539503706 
-0.01719256485649745 
0.7104204705198692 
-0.00662615286772475 
-1.224400422231495 
-0.3250362790804918 
-0.2734553713660937 
-0.09870211292665622 
-0.1710255856684494 
-0.04360264434001758 
0.3809044692191309 
-0.1184709377182728 
-0.0007117638555803208 
-0.263630619977003 
0.0224271308868373 
-0.06512930905683348 
0.2135564838306394 
0.7854723327723263 
0.08602656895137681 
0.09984950681216857 
0 
-0.5686922175886163 
0.02031108574123518 
0.04845811228400886 
-0.2596716550125042 
-0.4804828143257692 
1.620170052548521 
0.07946698259303789 
0.1411829512307751 
0.1032800137354022 
0 
0 
0.1522398592251999 
0.3040296338761341 
0 
-0.2864444120805765 
0.4679672621251545 
0 
-0.05078528666318619 
-0.1780810248922757 
-0.1414464881201881 
-0.02035352462641887 
0.0614786766477889 
0.2370107162849336 
-0.3823325325746885 
-0.176420886127161 
0.3779767393821766 
0.1769450268631856 
0.6906239386001125 
-0.7534989677446073 
0.3471706228833997 
-0.07905517712266587 
0.01446643242950334 
-0.03409659322129717 
0.1351066230538097 
0.01277187009713505 
0.5638988734364104 
0.1799789310328203 
0.0409992541882009 
-1.058052982995035 
-0.05382707444554255 
0 
-0.12631570229664 
-0.144376362354952 
0.0271151679568012 
0.3002466814891789 
-0.05657889220219098 
0.5262068806516857 
-0.3597922860658407 
-0.239038359256638 
0.6196332914410922 
-0.3769301847737574 
-1.221003391193956 
0.01126224366328035 
-0.01941347282769068 
-0.009967337788358155 
0.1217862669941025 
0.05802172229625346 
0.09116054576363383 
-0.06922057329748135 
0.005116908915412072 
-0.1842065068177028 
0.4556231322305884 
0 
-0.3610578920273714 
0.5657301483253037 
-0.3812933351651345 
-0.04343460151831104 
0.1044101800622946 
-0.04906080260361984 
0.5452246062402631 
1.000331580726894 
0.09066275942694474 
0.07050514283110815 
-0.07171463715605435 
0 
-0.04203889519177545 
-0.213398417732224 
0.7050792563367473 
0.04229032514105743 
-0.02850094886521209 
0.6407042196523555 
-0.02901913482475546 
-0.01376712532162358 
0.9505292082833302 
-0.03467664965086186 
0 
0.139179956174678 
-0.005293974775361913 
-0.4825400753245041 
-0.07037033527081969 
0.1921989642291239 
0.02948376073006929 
-0.768664766048694 
-0.1047968780275672 
-0.01778276861766232 
-0.00704251176570297 
-0.7088164209654217 
-0.001020939800374387 
-0.2498493092822442 
1.302519376723867 
0 
-0.01708430829895588 
-0.06100358667195864 
0.01336869894870017 
1.586162501480551 
-0.1155136157628619 
-1.034885363846321 
0.2791285447179228 
-0.0002300576422090115 
0.03325323763715327 
-0.5714896962081989 
0.3040216611621236 
0.5456545424969498 
-0.01785250259808441 
0.05099940628223769 
-0.07868459550443722 
-0.1512638168660849 
-0.4956708109822117 
0.4063605772863811 
-0.0393335017158425 
-0.00661666621593667 
0.4021495862455071 
-0.5594162504064805 
0.4051171445455486 
-0.172496660106351 
-0.4142911635781405 
0.04528337332500778 
0 
0.004486547014817753 
0.3625886427357048 
-0.002988072964660192 
-0.3279568825968944 
-0.07647337521610673 
-0.1378869782819889 
-0.8074323645237714 
0.8463688267812058 
0.598972317737821 
0.7478630416836413 
-0.1471072606631237 
0.09604913666107161 
0.2449747304905759 
-0.002325037396365247 
-0.3209022190446324 
0.005466536397794841 
-0.3410797918281798 
-0.02392644912104513 
0.1310465747445991 
-0.009953051060151381 
-0.03472121050638462 
-0.0005741156516659269 
-0.6027410159359226 
-0.04728414936214601 
1.03345740122316 
-0.1659525389076278 
-0.03295149623212626 
1.065831054725741 
0.02641212538443753 
0 
-0.04895152955689282 
2.750556596762558 
0.0115022857193083 
0.001326108223511559 
0.06000704295957596 
1.058122575261363 
0.2963593746753613 
0 
0.3603444233112277 
0.2360386005646908 
-0.4171049772632064 
-0.2689565398404651 
0.2190301458448725 
1.22548734091823 
0.005604619634401726 
0.0421459721766722 
0.3570030818957564 
-0.09225650037454808 
-0.02926997364842809 
0.3388490524259554 
0 
0.1830292879325057 
0.03736517410177728 
-0.01581920320671287 
-0.04066961530799033 
0.2636116213097572 
-0.1376954164334157 
-1.68015715317115 
-0.07391253688209415 
0.01781648029538135 
0.02657344956882 
0.6237644881981143 
-0.1588559529016363 
0.2260201480423121 
-0.1861642046028404 
-0.2767024962911321 
0.003719555489773161 
-0.09462198740523753 
0 
0 
0.2850814380904934 
0.2168262602830531 
0.4048100633140931 
-0.008536802693152573 
-0.4021163540506706 
0.5030092623073323 
0.06845850560079837 
0.1874199908023663 
0 
0.2566173664548965 
0.08991497020487985 
0.04167870745077466 
-0.6086428732850864 
-0.2284719307820362 
-0.3634353692236231 
0.1318228007296416 
0.03871160351943542 
-0.01275306196571266 
-0.3567132439061499 
-0.7937004040790693 
0.1298749068062814 
-0.918005882523558 
0.144175860332064 
0.5716991728232157 
-0.3914543204256851 
-0.2269056958944776 
-2.324167108549251 
-0.0587760035866674 
0.160432365185771 
-0.07703056366511803 
-0.1008602865188365 
0.3707526249950502 
0.03164732560823923 
-0.03011860267092753 
-0.09759222879972959 
-0.1259138167217334 
0.1005975381545929 
-0.008813350107411286 
0.1900935837776745 
0 
0.5525894331171549 
-0.07627369563154542 
-0.01937409415930651 
-0.5380995665366379 
0.02353959196265467 
-0.1857619593930648 
-0.1632648353608115 
0.5962202293835309 
0 
0.03888814137533509 
0.1801388488692538 
-1.404911295082464 
0.03646648776715627 
-0.1633400095302907 
0.04036792007017032 
0.2487325005190766 
-0.7473688512344195 
-0.004759511407127547 
0.5567774846087543 
0.2057516014808102 
0.5901784765807442 
0 
-0.001122705542663264 
0.4777715928619658 
-0.4217383218152587 
-0.02497875573217887 
0 
1.416180257845844 
0.01662347501938755 
-0.442766260059314 
-0.03402781315962723 
0.373355286897826 
0.5291052451371628 
0.1940125026810616 
-0.008611709915630063 
-0.2263675268826408 
0.03923944640909248 
0.1121179480437205 
0.3250508164589797 
-0.04241245670268975 
0.0065706255457433 
0.606626074420104 
0.159259670486634 
-0.1147126798613385 
-0.5910800279938163 
-0.2817309954729534 
0.7749316022596823 
0.1779752335181831 
0 
-0.09864167035471177 
0.000271255751418481 
0.03049446135649181 
0.4288219048551867 
-0.78209070469039 
0.1775858877943403 
-0.02949976071528784 
-0.05119143808871016 
-0.2110587829627858 
0.2249038655340001 
-0.6010644309588766 
-0.1426516809074915 
0.05340158519727003 
0.0141144779482868 
0.2085391623884002 
0 
-0.005269575274998944 
1.088555352586708 
-0.7502067031132834 
0.8167012087785251 
-0.1978203021063095 
0.5879150900381435 
-0.5417880669203735 
-0.2781507304860018 
-0.5964228459694426 
-0.09957642889827872 
0.5852948924303046 
-0.06629802085307536 
-0.6906729159189624 
0.03731798435714458 
-0.003678843390323403 
0.0121975582851777 
-0.02021445663622334 
-0.0947510231412991 
0.03980181957564784 
0.2510387691756976 
-0.1499978842283275 
-0.1056135193476923 
0.1367532660315543 
-0.5234917502540521 
0 
0.02364150363867275 
0.1006040046083141 
0.1237717120225439 
0 
-0.1377689938523579 
0.2297845283778838 
-0.09124982532966706 
0 
0.5670393796545569 
0.1321682599903767 
0 
0.1646298541031813 
-0.330844313994497 
0 
-0.0193435901877614 
0.09553606061455683 
0 
-0.06309929345106412 
-0.3372801668037907 
-0.1716929019547163 
0.5397217829186327 
-0.2871336664431389 
-0.8936512629885546 
0.04314943578666729 
-0.3061249540276115 
-0.236126749597641 
0.2029256273986193 
-0.002094399808211786 
-0.144323413408735 
-1.148153478901519 
0.02020947032633841 
0.2121377246224228 
-0.1533138586351035 
0.1967280502304333 
-0.5906193897301838 
-0.4447867674839646 
0.1826278541983146 
-0.166530755405123 
-0.01553599128219499 
-0.07438599856703118 
0.9801422039438016 
-0.04713460855494268 
0.1329624012335335 
0.6813108046398643 
-0.3294581460445726 
-0.07445311968670822 
0.8267580480936279 
-0.001246355764790603 
-0.3450106008446794 
0.2973304613775687 
-0.1559129606104065 
0 
0.8171704039737592 
-0.371514370661725 
0.3159268153497003 
0 
0.1680198207071861 
-0.006493730220962416 
0 
-0.4420224674339709 
-0.8736560291633746 
0.01032074423633825 
-0.129225200599737 
0.2871085438239775 
-0.03795593355558174 
-0.1669132249419219 
-0.03390317270351787 
0.8880175969293364 
0.07051520893084857 
0.03035034194502775 
1.046069973931858 
-0.1104225662439543 
0.06785040571951209 
0.1312651636712767 
0.03652880464917325 
0.1670615765172379 
0 
0 
0.1950284220458093 
-0.1705573373934545 
-0.005239742101589521 
0.20643057128494 
0.000423054771617649 
0.05411123025506879 
0 
0.4468736836771376 
-0.1756260700025975 
0 
-0.01945346074355634 
0 
-0.2418184833591684 
-0.04374197584112233 
0.8773929968719522 
-0.09850129057637483 
0.06404816037640204 
0.5862708304472148 
0 
0.9817355343202101 
0.1698720587400306 
-0.0569704497228296 
-0.08416887221771013 
-0.7053549762211299 
0 
-0.01238971868969161 
0.02297461820901483 
0 
0 
0 
0.5901266994051064 
0.3139580299893444 
-0.4564302636279306 
-0.07428391991761663 
0 
0.01613774316113826 
-0.0284681109638894 
-0.03621371777284556 
-0.08175362702243172 
0.7832514293321671 
-0.2356499868817087 
0.2882629193787694 
-0.1588160787105038 
-0.004082801407493794 
-0.4521566470246617 
-0.01283082688232185 
-0.01440513925950899 
1.421419930378836 
0.009612201570285993 
0.004862618559672642 
0.1254819977457081 
0 
-0.374311093173073 
0.04205366115917419 
0 
-0.0828696861228727 
0 
0.5046243881858596 
0.02160994196010284 
0.1228300963021142 
0 
-0.02564546546751335 
-0.1164946795809882 
0.005715669097911795 
0.3651208950838731 
0.07298669662983148 
0.3347884635426099 
-0.6517329082977793 
0 
-0.4662728040287754 
-0.2180447197138728 
-1.228352164708941 
0.4667088697865163 
0.4119348419969797 
0.1121378454116495 
-0.06495430083099306 
-0.007188648418585693 
0 
0.03458422504935891 
-0.2380856800922954 
-0.005478012832572963 
-0.09556465792192786 
0.05946437944086658 
1.637404637891603 
0 
-0.01678807213381578 
0.2496646162712215 
-0.770281368460434 
-1.142726654720599 
-0.4141802835076288 
0.3660346823672713 
-0.1768064336431354 
0.05285284366795912 
0.1860751514788652 
1.078010233024187 
-0.4345790757976966 
-0.0354489195885667 
0.1113627454697858 
0.015603278274665 
0.3921361997478223 
-0.7551379597807157 
-0.007985070573493265 
0.2346427399887745 
-1.137616274335945 
0.1439673809825271 
-0.1845385881086092 
0 
-0.3832179538495607 
0.3943656424496183 
0 
0.07283806336765866 
0.1338047979886398 
-0.7457824840353371 
0.7549892541843959 
0 
0.0095833732327196 
0.1835190193782071 
0.04916040519875403 
0.03430159118462062 
-0.1942364858311095 
0.06337105391907547 
-0.3540052531291817 
0.1478195173172544 
0 
0.03198341672925881 
0 
0.003668046303349702 
-2.08984306496461 
-0.1375334914167506 
0.2301745434290794 
-1.034639514594089 
0.5535198263228043 
0.04642678172107586 
-0.04561971284226882 
-0.1835826061407693 
-0.07192016532035285 
-0.006139645000679425 
-0.0195241259949798 
-0.2166417814849159 
-0.5848831263498366 
-1.236214907318397 
-0.2361614803472382 
-0.03524486387487934 
0 
0.08229900951628334 
-0.3131028554092677 
-0.3104925731822595 
0.03344211173357671 
-0.09775797430874709 
-0.417381385024507 
0.08896756802240378 
0 
0 
0.00158098592212897 
0 
0.09984269887447551 
1.692783590933615 
-0.01893700967234747 
-0.2956322317498142 
0.00372244299445845 
0.3388567271576344 
1.281183515954805 
0.02071959919012446 
1.107509531562625 
0.04809192523678379 
0 
0 
0 
0 
0.2893719902364929 
0.01718283177625129 
0.1961615245626043 
0.1539717181126938 
-0.1674535534615184 
-0.004763418082784532 
-0.01632533313390524 
0.02619266697489023 
-0.0768188109456216 
0.690533074760216 
-0.1667041626388635 
-0.07461279775583701 
0.4033487027849266 
0.3708414040682477 
0.06553598423469195 
0.3108633562913669 
-0.01987150902144504 
0.3318213966414553 
-0.5211879215397482 
0.1455684360390518 
-0.1880885547067732 
0.6882828968740456 
0.03836036029802575 
0 
-0.08877694506131389 
-0.3710534479189991 
0 
0.08202405827185638 
-0.01910517590478044 
0.130170400572921 
-0.04467476860168874 
0.7809898803793847 
2.121800921012774 
0.03172456821157615 
0.3593632478546027 
0.7819208447830749 
-0.002155201637213895 
0.6138273323371043 
-0.1271655961818279 
0.4447670758789243 
0.2032679730140628 
-0.05866669428782897 
0.5206065142176207 
-0.4494557419864426 
-0.0488200243203306 
-0.06058938341912614 
0.6712813915908323 
0 
-0.01059801367103003 
0.3776747017562495 
0.3507182626419412 
1.617515154903485 
-0.03913139075202754 
0.08257640557598722 
-0.0218744555504588 
-0.2116218680523758 
0.1575694283409445 
-0.1282845095276826 
0.2353431549406494 
0.1398700783618769 
-0.01569768707680979 
-0.009381699170482368 
0 
0.3678903360237485 
-0.650907579306148 
0.08829091294244848 
0 
0.06191299767544609 
0.2303966211203587 
0.9611127411319629 
0 
0.01170691038988219 
-0.2350421703088124 
0.3800518980605812 
0.05198478362512225 
0.3000616085535755 
-0.4266581216265407 
0.3581193318177081 
0 
-0.04344910874534028 
0.05773868630830459 
0 
-0.009854304614163725 
0.005958748933742817 
-0.03320543641015068 
-0.2708251987809699 
-0.03897576699912123 
0.08173245652043133 
0.1751584256525679 
0.2068415292519424 
-0.6926956529113262 
0.03870558952030981 
0.09629200711407376 
-0.1405221333354189 
0.05265037706579738 
-0.008268100496896941 
1.509080970345759 
0.3194303000986232 
0.03918571587325918 
0 
0 
-0.08514771624432588 
0 
0.01121803535185827 
-0.05117658311199001 
0.29793444888069 
-0.7039518073699079 
-0.03477712812508769 
0.2834142188106402 
0 
0.65852966225152 
-0.00947134322230433 
0.1361860640827353 
1.321308764240784 
0.1484102482001235 
0.04706220199582718 
0.08071619263801776 
-1.225256178080239 
0.1402336328273581 
-0.1501162935008779 
0.3842237138896002 
0.4855160519906227 
1.003673161696141 
-0.2118423084363676 
-0.1382705533138733 
0.03050610864189287 
0.6100502039935516 
0.02834286181687301 
0.1280168579977414 
0.1294108686982475 
-0.004963278670264731 
0.1136802035753234 
-0.1105154506492037 
-0.001693712016349458 
0.02106748367342054 
-0.1270799412930159 
0 
0 
-0.04718913178023024 
0.009706573436013109 
0 
-0.00412252049581687 
0.3313942501960426 
0.2570093268712566 
0.2662530180788877 
-0.4422423788029442 
-0.07607588765163466 
0.04624362110192144 
0 
0.01345843082093099 
-0.2039001445928384 
0.7067886886211799 
0.1949265748952002 
-0.007519746783807199 
0.7172926187958502 
-0.4124267027045391 
-0.4144570436401773 
0.1069417680683075 
-0.1564919848592926 
-0.006364131451601663 
0.3602192331662433 
0.3884647529317331 
0.3283328384912479 
-0.002008131573195382 
0.694348622177768 
0.108023029168007 
-0.1967441774575037 
0.0385521539991608 
0.2186202006729014 
0.2700807711749245 
0.4899529769313778 
-0.2780361256465013 
0.01705630298070075 
0.01617196993248782 
-0.09061107679562506 
0.3942070536602062 
0 
0.3868735995179124 
0 
-0.02352722142370714 
0.1217764225464402 
0.05475429165611741 
0.00742901497969116 
-0.01608136979406242 
0.002384982787654354 
-0.1005509107259052 
0.3416040607038562 
-0.01050302051325512 
-0.0004944028373356502 
-0.155562861143503 
0.001159888861308826 
-0.3658316916247007 
0 
-0.274516533572629 
0 
0.00131433341403209 
-0.02963580520516516 
0.004629289818797191 
-0.02213392763328825 
-0.05073362296783932 
0 
0 
0.1767386319594509 
0 
0 
-0.4873257908346922 
0.03661686111928459 
-0.01925636279339647 
-0.02614949503765757 
0.04249423261108205 
-0.02223566989975748 
-0.1271721563360526 
0.2132042345469564 
0 
-0.2657504922127387 
0.2351122053511563 
0.4669213975800949 
-0.04237767385825655 
0.6485981761046233 
-0.4039698502309441 
0.6034934032106182 
0.04478326037381657 
0.2578345272827684 
0.3746424533271319 
1.257314796321076 
-0.3426940422545115 
-0.1964278655359512 
0.2455701594471834 
-0.003343491679868664 
-0.07107764735495745 
-0.04870947850382247 
-0.06989184593610298 
0.5656120899997861 
-0.7938509212877932 
0.1547648984318407 
0 
-0.008648520643143632 
0.0665979171016725 
0 
-0.1468744430750886 
-0.2799897798035123 
0.1844904316597198 
0.5944248896735489 
0.797974381963815 
-0.2160617299632828 
0.02543303874426429 
0.06161021418908618 
-0.1117136467534435 
0.003812039470084027 
-0.114197202841047 
0.2987131239815188 
0.897043223696565 
0.07972930644853751 
-0.01003586549883273 
0.03648907385614837 
-0.01121765222255744 
1.045728212438266 
-0.009233742805568736 
0.2661471665954643 
0 
0.08860314432292143 
0.01696101244594556 
0 
0 
-1.348335734278533 
0.9562949471603061 
-0.03540279934904501 
-0.5909241654906409 
0.06035666882918091 
0 
0.06465874363426451 
0.1307916110282843 
0.04720778451722772 
0.03060122844812844 
-0.06587079767939032 
0.1848334546163332 
0.4689254571614124 
0 
0.02674386145900544 
0.4724230523177135 
0.2341795792395117 
-0.4941680799167978 
0.6743322979066341 
-0.06273108146186725 
-0.02945937483531992 
0 
0.6699317673547585 
0.1870418652306787 
0.02124398497759178 
0.03341005629147543 
0.1171672622250477 
-0.3226531631059411 
-0.8125258906918691 
0.02451482877699059 
-0.06578868099485535 
-0.03075900762311553 
-0.3373573713900679 
-0.07541961505947663 
0.2345136486740913 
0.4769988589411687 
-8.479279601092866e-05 
0.08573994401506721 
-0.002164861434890674 
0.1053686027420316 
0.3926945428706144 
0.5906975186871475 
0.2688921310721217 
0.05107839579234035 
-0.005485132320538348 
0.4134987504862867 
0.3960425891089408 
0.003055462103448248 
-0.005275273267767906 
0 
-0.1311098819604068 
-0.6119155561123176 
0.4184168168037884 
-1.307767536547361 
0.04524694353185113 
0.3466064887222732 
0.008595967464203696 
-0.1236553777918728 
-0.004787176434042046 
1.228283883371228 
-0.09126572823898629 
-0.00939243078863094 
0.4320352536411853 
0 
-0.02172426133133232 
0.6771969212462609 
0 
-0.01029410062329146 
-0.03282970378800787 
-0.0462161129745794 
0.1200357040195147 
-0.2545662974447161 
0.1705593469865229 
-0.06503064344727028 
-0.1518611638269669 
-0.0615303279605095 
-0.1282389838212396 
-0.1255318558136214 
-0.6334884003761997 
0.001383099070285059 
0 
-0.01280147668490033 
1.492790215447829 
0.2050376990553704 
0 
-0.02441704185777076 
0.2044916925553971 
0 
0.5454412120404352 
0.4252632542736749 
0 
0.0189717107482235 
0.8222822588914046 
0.0378255967752167 
-1.933231952971486 
0 
-0.006302955542556687 
-0.01265852177698903 
-0.01665713383231986 
0.3930033232560097 
-0.004093409004209208 
-0.1097250299868634 
0 
-0.546783474553764 
-0.2302092150342869 
0 
-0.0141450012087717 
0.06507779953872606 
0 
0.8976676070131151 
-0.008930951615329868 
0 
-0.209181061601619 
0 
-0.09633280584888938 
0.04237294069715436 
-0.07772935808415815 
0.4482335541301424 
0.1286380860902838 
-0.4523608384123975 
0.4789936272899497 
0.2491163944291588 
-0.1870260076694951 
-0.6536750635715853 
1.734809676672091 
-0.8781548974345027 
-0.1785277854669572 
0 
0.721661590590874 
-0.009043294319650943 
0.04337217460525087 
0.2204184258026899 
0 
-0.002873391240630938 
0.5962282453170996 
-0.07541695918144295 
-1.041005398378394 
-0.02186050065553882 
-0.1614219040329249 
0.04299305669065543 
-0.01250092628814179 
-0.04833334923785751 
0 
-0.0283851397588945 
0 
0 
-0.1750993874450223 
0.3066750264696922 
0.001973960749102045 
-0.6628853921656207 
0.4906336627199517 
0.40208933419188 
-0.08522221636535797 
0.5050614900777671 
0 
0.2956421843034843 
-0.04284149122098393 
0.01910240775581581 
0.5067194901914981 
-0.003122878247455938 
-0.1198268083400713 
0.3461636733335112 
1.24765925289104 
0.3324090238549557 
-0.01859740933214451 
0.1016201385219142 
-0.005305943820997854 
0.2384784436671067 
-0.06410733279381411 
-0.06177727622889272 
0.09948482759185048 
-0.4343024218019481 
0 
-0.5389651488846549 
0.1446686455459588 
0.3287720443951248 
-0.03135854059057391 
0 
0.2392522409795388 
-0.5822860807706185 
0 
-0.3835819110869041 
-0.1086855520554701 
0.008919409175881535 
-0.2287208076614259 
-0.14374156335075 
0.1522489236891549 
-0.06843928404815912 
0 
0.8222934424236787 
-0.02276275064155187 
0 
1.346085728527629 
-0.470334520665715 
0.6128718341966427 
0 
-0.3603079471184505 
-0.03069333255143463 
-0.8906209460540973 
-0.1959210850165738 
0.02296613463697193 
0.08870499659137375 
0.03241100870574232 
0.1468343504099258 
2.496041767439309 
0.6148929218074549 
-0.191431010829009 
0 
0.02328750147523972 
-0.08839013134175837 
-0.01733216367675744 
0.01201892733728564 
-0.2539637755890036 
0.06892479000831693 
0 
-0.05829418114671956 
-0.1246686833559899 
0.01490943074095967 
0.371744834225717 
0.03138919887119987 
0.1915491092017597 
0.04777464599862564 
0.6569131603090762 
-0.007216577545926244 
-0.4874975983841473 
-0.1771405991352167 
-0.03327095003038398 
0 
-0.7015113813284599 
0.2496785777341592 
0.1559674274555627 
-0.6094679022917957 
-0.4257417786547978 
0 
-0.08158170672191811 
0 
-0.04430822338551238 
0.01530689244323456 
-0.292702350832196 
0.5082430307351965 
-0.01221221349879622 
0.04580891457437415 
0.4311992742407289 
1.55099108294701 
0.04518467620668793 
0 
0.3351804770584575 
0 
0.3036242742014977 
-0.3308220850986435 
0.1908747224401244 
0 
0.7284760661487447 
0.3196943343106175 
-0.4758941149395237 
0.7808051031891653 
-0.08603964975486475 
-0.09840224550406254 
-0.01187121834152055 
0 
0.2641627618363592 
-0.007400642832630866 
0.03666968983907296 
0.1440727484021496 
0.02758292955038875 
0 
0 
0.2359184251253205 
-0.03146413146462423 
0 
0.005159792097452967 
-0.00875503298104658 
-0.2820700240555577 
-0.1635909982047408 
-0.2189812358832036 
-0.3866577179659313 
0.06262098019094152 
-0.6332870609799386 
0.2973790682564602 
0.1794618970408242 
-0.01288365972686979 
0.02051853688772891 
0 
-0.4640381814838176 
0.07204536438811339 
0 
0 
0.2020599645956141 
0.08447946413180026 
0.01929445096142665 
-0.8431308047022843 
0.03024345099372304 
0 
-0.2010295356002143 
0.009114200490388866 
0 
0 
0.05950932927835036 
-0.2282861142653538 
0 
-0.08466995140566323 
0.003562589953583386 
0.316870577983966 
0.2026966545408977 
-0.09221399132063279 
0.1237968826992196 
-0.5204368128281046 
0.1116681986708195 
-0.01939498406832849 
0 
0.00439845369290221 
-0.339528259461305 
0 
-0.2288278359024437 
-0.01649181473278148 
0.1830764398717114 
-0.0226845076953628 
0.03092210703160627 
0 
0.5682663864388391 
0 
0 
0.004707883343694654 
-0.001226210420270366 
-0.05724660418444687 
0.5467407251827618 
0.5973557921472601 
0.01987688058930757 
-0.2161638394829073 
0.3282442325379407 
-0.440149484779879 
0 
0.8553331191630565 
-0.1580793326247891 
0 
0.1617091503496536 
0.4707856681273062 
0.6360328894280459 
-0.02224740066588859 
-0.3083867262802391 
0.09579395849324775 
0 
0.1619481981641836 
0 
-0.1099208292411633 
-0.4534760847021916 
0.1864645508146199 
-0.9784827576405211 
0.006578778719966601 
-0.008078069523671913 
-0.3646890123927926 
0 
0.06112346407202785 
-0.337555369295292 
0.250678107045112 
-0.05826152171997217 
-0.1245086724949905 
0.01326481753261188 
-0.06596665946938396 
0 
-0.009548718450880688 
-0.1488715025919769 
-0.04846163796788307 
0.2988683964875937 
0.2240034681513963 
-0.4448497941406886 
-0.09437579875702963 
0 
0.04059095162652007 
0.173268998517028 
-0.01407859714042813 
-0.7943120750661935 
0.03702705297145921 
-0.006037756037150351 
-0.01401237831791273 
0.0842524613969375 
0.05500610831096142 
0.006978288527216325 
-0.03639570497378484 
0.1874191039078096 
0.2064936507846888 
0.2784782891682738 
0.08634164118734441 
0.1459505265148656 
0.117087521276455 
0.09394330277528164 
-0.07452799094337388 
0.4020344969130869 
-0.01489154970258018 
-1.479267425961322 
0.05667113375675305 
0.1410387725359046 
1.384600801822724 
-0.005328300082101283 
0 
0 
0 
0.01276591959042104 
0.2267213324016099 
0 
0.1542784905202919 
0.2807625399051503 
0.1370703950470119 
-0.4078656474677644 
0.4071827931029585 
0.01579210108323838 
-0.04982974507530794 
0.2537511549331525 
0 
-0.01650604631170447 
0 
0.06131983341823742 
0 
0.1715700277413092 
-0.2107148764710133 
0.1150949311785745 
0 
-0.1577624129797986 
0.2773898471843556 
0.2725380350940175 
-0.0007316906998966318 
-0.03841691470018248 
0.07558343634178211 
-0.4100038076160532 
0 
-0.01530725641463884 
0.1723116889670584 
-0.02004735809286109 
0.08061339015912446 
-0.02561815320977666 
-0.1166391478643573 
0.5557494011314654 
0 
-0.2776988741828129 
-0.01522593618902295 
0.3509968707036372 
0.1044960718271706 
0 
-1.420647518168454 
0.08693698121859167 
-0.06089634272970589 
-0.02584189950095936 
0.04438031979566073 
-0.06383199833451435 
-0.07214917353596639 
-1.903494198222734 
-0.1359950916959972 
-1.229173713910881 
0.0320937696257176 
0.2046559367971537 
-2.075048388510375 
0.16841508038206 
0.4370048572663684 
0.06208941186836333 
0.2163393959339612 
0.03288846489128969 
-0.001485849752859746 
0.0343071267619906 
0.0198449929047947 
-0.799150752853941 
0.08344524579254295 
0.2294822987530295 
-0.3790791796083662 
-0.02084950547219954 
-0.03176544355298618 
-0.2400652149730606 
-0.5815011081089854 
0.005366956567063002 
0 
0.7858468320194352 
0.3353533072249135 
0.05229986202930915 
0 
0 
0 
0.1061813269856042 
-0.06680994933955624 
0.5194892441281697 
-0.02723804853488748 
0.2855671592604579 
0.1498128869203151 
-0.206314326695504 
0 
-0.02616592734742686 
0 
-0.02030405556431341 
-0.1163944802954611 
0 
0.7799471488626671 
0 
0.440883718055065 
1.074842167912488 
1.282618391622341 
0.09367073566208851 
0.6386073393789823 
0.005090634823376114 
-0.306580835166213 
0.2781175113397594 
0.01481512904089888 
-0.270258135266449 
0 
0.1065760817833581 
-2.873545343281025 
0.1032273761234493 
0 
-0.06262472384311354 
0.9663496064857725 
-0.06206914886345796 
1.634720416624639 
-0.1595035839372385 
-0.03303196504061519 
0.3256103268132012 
0.8979899896286027 
0.8030078205223249 
0.1012729937199508 
0 
-0.3722816003114554 
-0.0419775037689052 
0.003967423663303841 
0.021555071274529 
0.2110978818847153 
-0.5090359903622849 
-0.01757063114854952 
0.04125558633687379 
0.4271230927894751 
-0.0927737426297897 
-0.07104714822641273 
0 
3.159035932267981 
0.4886524705015191 
0.1259619213257342 
-1.41292150222708 
-0.9252995742810028 
0.7203289378096261 
0.07498919496504182 
-0.09430529526008473 
0.1747322985551626 
0.5918721526864228 
0.187264107475403 
-0.5359697441544455 
0.04489589907131189 
0.9914539823175251 
0 
0.01171879314620664 
-0.3246717565160442 
0 
-0.08075142594362157 
0.1073095896647285 
-0.003742912220344418 
0.016727808727566 
0.05098618370442454 
0.01486947231734073 
-0.02556270233588059 
0.1198669204165857 
-0.04763947875315308 
-0.1162051829039476 
0 
0.02349408806705479 
0 
0.2186278535135409 
0.4833164315617187 
-0.1716042165583397 
0.004918323249529845 
0 
0.007968185856157179 
-0.07799790578308619 
0 
0.1189556548189265 
-0.1123524186327365 
0 
-0.02173561594649079 
0 
-0.003402547234798849 
0.06943652204260865 
-0.6326573950676206 
-0.1330352445786984 
1.4545777871582 
0 
0.05889216083994485 
-1.030545201723912 
0.4007484615292149 
0 
-0.1589473233309086 
0.08127882311089482 
-0.3500879631272709 
0.02472219064078152 
-0.1317958277005101 
-0.06234729315366044 
-0.04783242603548915 
0.1159293055959897 
0.0902422840061947 
-0.03016630222428234 
-0.02204240472150566 
0.01092513729533194 
-0.02340250393474589 
-0.001948313050323391 
0.1897985738112087 
-0.002990171460110573 
0 
-0.05681403179683878 
0 
0.2396429604082883 
-0.2954208309637334 
0.005964630127827683 
0.5393904755722746 
-0.002713610002040068 
0.07341968762671215 
0 
0 
-0.2628697036111751 
-0.04604228032335921 
-0.6274241105007434 
-0.5229002765094718 
0 
-0.002674060912990065 
0.03437549501315662 
0.05008746995399322 
0.4156762729078327 
0.09327186161621064 
0.1171125925044062 
-0.2836922514201086 
-0.6076395386918719 
-0.02885303521358457 
0.007907608705540036 
0.1481037334917792 
-0.002963434175239407 
0 
0.720394836884869 
-0.4503136410830795 
0.1393973135384503 
-0.06243906134019749 
-0.1275188715283061 
0 
-0.8690119660959487 
0 
0 
-0.003242834787488115 
0 
-0.3536330969883698 
0.8189311845290437 
-0.02479499557913142 
-0.04273228254204328 
-0.1529375744958644 
0.2274610661723243 
0.006409868666529819 
0.1757377888064561 
0 
0.4017803142125414 
0 
0 
-0.01282773310486139 
0.02639732302000577 
0 
-0.9596101390520224 
0.12539092968788 
0.0008829250529510287 
-0.03501946766149413 
0.5588688358860849 
-0.05373292283934027 
0 
0 
0.8242804212856506 
0 
0.2984334630782001 
0.1207774187177897 
0.1856021177005438 
0.01761597270627433 
0 
-0.09820754385536447 
0 
-0.01992686423621045 
0.177831503677503 
0.3213618994983545 
-0.1251881732375086 
0 
-0.03672198802304533 
0 
-0.3303875681572614 
0 
-0.1540478611264557 
0.3841054506023258 
0.1993272888145394 
-0.1691213577711617 
0.006474865937413295 
0.01246513111065373 
0.1160527045404698 
0 
0 
0.3235305435704277 
0.20569484011325 
-0.1695733881715962 
-0.5791416058167196 
0.4742962187497799 
-0.1075172416917468 
0.2427607084080013 
-0.0007593762806801449 
0.7122541515397083 
-0.1047659661058556 
0.02328435038423737 
-0.03238666171761118 
0 
0.4133741712304652 
-0.0713648663755455 
0.05207835506816974 
-0.03000420217049292 
-0.007253036677664951 
0 
0 
0 
-0.01544418260439106 
0.0606400879848658 
-0.07212389959259284 
0.1028440239430649 
0 
-0.001982629061095686 
-0.06617214817555518 
-0.04759499191547564 
-0.01169079320914881 
0.3813143563392766 
0.1090484369586601 
0.3722256468244615 
-0.006161514775796097 
-0.2380676241915702 
0.02134306485767316 
-0.1547383601824616 
0.3056142989946756 
-0.2966384676506085 
0.01821659275189002 
-0.6218250180860045 
0.0364121729022451 
0.02497513989601709 
0.1607992766740818 
0.3509581686061631 
0.04744006343584121 
0.02059899585246102 
0.7055469841636737 
0.0896186400629596 
-0.05692484530372628 
-0.3876664618228951 
-0.4701341048090753 
0 
-0.1522467213958015 
-0.03471809564816932 
0.03789752684460704 
1.332134304367626 
0.4977952666823697 
0.2501219997491009 
-0.07820516577938874 
0.05698911853768805 
0.2508503512373899 
-0.001765613833512349 
0 
0.01883976472196547 
-0.01028038766665701 
0.01688393188261105 
-0.1925714666804206 
-0.1186681183963516 
0.3179824207319232 
0.6133432112154202 
-1.086211868270017 
-0.628485752833443 
0.4760621318034157 
0.07997855472932865 
-0.01533174151587396 
0.9769431613616827 
-0.8583319958278005 
0 
0 
0.1398598775276838 
0.7224727700154574 
0.09863069470745656 
0 
-0.05485272889853841 
0.007824984775824764 
-0.02510756718660138 
-0.02506957744778464 
0.0008272183716471725 
0.04864607652388175 
0.01109571376874707 
0 
-0.06557953592230904 
0.01570313287283356 
0.005346787687827031 
-0.01969095553329375 
0.339790627094687 
0.03069212785356219 
0 
0 
-0.7498185468822576 
-0.2475370131083349 
0.3184204833581339 
-0.1141185145964796 
-1.294915890425588 
0.8145039912972247 
-0.1316144009355152 
-0.4560107458546558 
-0.04742297902068301 
-0.3342838839548967 
0.2579439642835902 
-0.1904576060657644 
-0.3309035534526606 
0.2391921598552019 
-0.365902600278921 
-0.02736472754991967 
1.365362661386031 
-0.151154193594642 
-1.976035210047787 
0.1277287317198868 
-0.03296514003148876 
0 
-0.06240507656110238 
-0.006100979828373501 
-0.05623269384860923 
0 
0.1682460141043943 
-1.03398001469773 
0 
-0.005163052402429612 
-0.01804575915504924 
0 
0 
0.0468728612483304 
0.7789305782055435 
-0.01350282088949205 
-0.2274837911246774 
0 
0.01476453295242175 
0.06415942379811859 
0.03228422039719672 
0.09678372454114349 
-0.07441729502157607 
-0.3907761651398527 
-0.1387218335407244 
0 
-0.9192938209727851 
0.07623218857089431 
-0.9849283439330287 
-0.08810116183601593 
-0.06316875634983536 
0 
0 
-0.02219612521144857 
-0.02121520295935018 
0.05311924451336661 
-0.02051145419541047 
0.01711138157709458 
0.1066456235311798 
0.6095664957259476 
-0.01491663060899985 
0 
-0.5478906888790088 
-0.2053851428269095 
0.1458703700435741 
0 
-0.1100936641412805 
0.1841473037723396 
-0.1719869465130289 
-0.112535454194931 
-0.08007921423540575 
0.06293796411523268 
1.183864390240914 
0.01259945016314541 
0.1927845137013529 
-0.2940672735005506 
0 
0.446255101269984 
0 
0 
0.08861311178154321 
-0.3913799744205961 
-0.2024072561490948 
0.8040124639130819 
0 
-0.01646185214389907 
0 
0 
-0.01803514491329591 
0.0677640812831176 
0 
0 
-0.2536557328690554 
0.663325496659986 
-0.3612418780251773 
-0.4175283102975985 
0.2922931227345625 
0.1868617733886994 
0 
-0.008773744203887428 
0 
0.509484796528047 
0 
-0.122292244041632 
0 
0.2320143690971571 
0.02536657596563021 
-0.01374112114455499 
0.1939647017230697 
0.1922862339696778 
-0.006900633379501986 
0 
0 
-0.1620213877386696 
1.591169832038666 
-0.1804660657556457 
0 
0 
-2.289493871116282 
0.02186555475990595 
0 
0 
0 
0 
-0.2197385881174868 
0 
0.1991419088006164 
0.04803082597103799 
-0.04189636060915172 
-0.174485967112595 
0.0430914343577341 
0.6030905039402528 
0 
-0.513564460961723 
0.8669272076053873 
0 
0.5998162733918637 
0 
-0.02521277551003894 
-0.0001240781232007159 
0.8483249992446171 
0.4235579008213454 
0 
0.3469418362181459 
0 
0.3421895234063083 
0 
1.11969268569081 
-0.5811043490842802 
0.4304128447895891 
0 
0 
0.1007714885997428 
0.5990197199254327 
0.9147664155736395 
-0.136562872989045 
-0.001848498225707789 
0.04846266638920832 
0.2207008524876305 
-0.9782804962053055 
0.1197032545056431 
-0.006021549110575935 
-0.5619127050337873 
-0.1559462404380854 
-0.1572900816036152 
-0.2928587215777773 
0 
-0.03775300279719209 
-0.4386380452474489 
0.1160854588655258 
1.327631275495007 
0 
0.01901125975687514 
-0.02944602793267401 
0 
0.1103607429879391 
-0.02709973389784586 
-0.1329098931213518 
0 
0.01010533105974797 
0 
0.2020158449007767 
0.05352666972669543 
-0.02796909081449244 
0.01663301580210783 
0 
-0.5529462537228806 
-0.3056453510400181 
0.06509636561390042 
0.2734583153888555 
-0.2143864636834007 
-0.1489260314173221 
0.03803550115832131 
0.07597912070661662 
0.1763301226060991 
-0.08750010396817041 
0.7800299935428742 
0.1220361326160939 
0.009430350083762874 
0.6848805747104747 
0.1343627178510286 
0.06310599311771473 
0.8659942626983668 
0 
0.2609672166507915 
0 
-0.04182750070748383 
1.149921218849185 
0 
0.2062571911136749 
-0.004739529912653839 
0.1823245185047787 
0.01497702435886464 
0 
0.2734836937381427 
-0.1001219446554605 
0.3704121975935943 
0.1457618022819112 
0.0474243344345219 
-0.2682288246990411 
0 
-0.2076509681985174 
-0.01180916618691418 
-0.8825970450546078 
-0.5294341762295794 
-0.01575763605821118 
-1.11744812940985 
-0.09443950848957568 
0 
-0.004303953955366098 
0.042577195302076 
0.06906760523727809 
0.2498439338792567 
0.9926294711179505 
0.1236454042202554 
0.1402947881818997 
0.0678091527486408 
0.7520694585455746 
0.1514004007126226 
-0.0163626561205434 
-0.09122767509992877 
0.0566148000429407 
-0.4151237700344988 
0.361378898219589 
0.07954217488363384 
-0.02950750460800014 
0 
0.02500881248516131 
0.05299218865981731 
0.0512938695010878 
-0.001137153166402885 
0.01177200378507209 
0.07968348112674198 
0.1110092309834771 
1.278239633111297 
0.3222669845154988 
0.2252940495445192 
0 
0.03149619397424179 
0.02559244117637082 
0.6709325127682919 
0.4538943375356065 
0.05997197997077364 
0 
-0.1157823160561826 
0.0335257839346797 
0.08163632974736706 
-0.007391488792657931 
0.3073058883142643 
0.04326179926294646 
-0.385294525013692 
0.06718870527550079 
0 
0 
0 
-0.2457284405464159 
-0.00782387886487949 
-0.01503541378174908 
0.1608243441565509 
0.3563609849146598 
-0.4202902398462907 
0.5419504161063196 
0.1597523359720004 
0.3398314847760847 
-0.1224883272871495 
0.123355195394501 
0.2916265229694005 
0.398158410869358 
0 
0.02488367706110239 
0 
0.00881620587183694 
0.01902301066359552 
-0.1754971018386724 
0.001204160199292398 
0 
0.03949842378153083 
-0.004385143981971894 
-0.1208674850641483 
0.164290733996904 
-0.100930804838476 
-0.3443048882687504 
0.1238138479587403 
-0.03940148547583636 
-0.001681385838527869 
0 
0.0009701701599369165 
-0.915745554147224 
0.3007242010710715 
0.1813793097086762 
0.04215631506429639 
0 
0.04007386160843952 
-0.08404228662887152 
0 
0 
0.08329857577340723 
-0.02571575709322529 
-0.06377726201896043 
0.8013005444208908 
0.6164453401202207 
-0.4911354134250446 
-0.02947337961401474 
0 
0 
-0.6022803524231864 
0.1190221687019955 
0.02004274728508245 
0 
-0.006244162162096546 
0.001128835392759819 
-0.02028970638492952 
-0.2899139318406941 
-0.019446961374093 
0 
-0.04696005858687146 
0.005262502002688928 
0.09835654160692832 
0.03400381594336618 
0.2252219619967728 
-0.1534870491721369 
-0.003010260431896034 
-0.2672441284329596 
-0.07352340158525848 
0.1909415691422789 
-0.0213358603108311 
0.3003380143887886 
-0.1155512914012723 
0 
-0.07237245407651337 
0 
0 
0.2127157538462671 
-0.1391487348569812 
0.5926802004693611 
-0.2272717675216997 
0 
0.01531137813460762 
0.03048954288458597 
-0.09594827924816442 
0 
0.128728450238259 
-0.02838979614363757 
0.0356612588385818 
-0.3004752438325944 
-0.04893990496711115 
0.180191067364118 
-0.009834006654074991 
0.2504666454575004 
0.3212585414506239 
-0.8275555028896255 
0.1305033682033778 
0.550944252298846 
0 
0.08028242988613622 
0.5209167606205571 
-0.1751923621010094 
-0.2887955830676444 
0.1095244466334536 
0.5578829194527023 
0.007479207594090237 
0.2906863956139322 
-0.1315164398119261 
0.03541206073346701 
0.0331291493540562 
-0.7342883715420545 
-0.08314046064156189 
0.04302120580288134 
-0.0297527985503428 
-0.3939337958722792 
0.3722979041053516 
0 
-0.03931657767408885 
-0.001377065551989123 
0.1315223553308025 
-0.002207277705253995 
0 
0.01724801826607698 
-0.1268541640154456 
-0.01655510552760971 
0 
0.004876681111573264 
-0.02891042934420127 
0 
0.06226689783325676 
0.1760886253649022 
-0.06561891554624862 
0.1286521476350516 
-0.0004518050255722869 
0.03908837469226477 
-0.03012445322253868 
-0.06403635106332958 
-0.03107021623167036 
0.177786937105316 
-1.361826156378818 
0.001325059048423059 
-0.1817951530082809 
-0.1760246024004993 
0.2971899836903147 
0.0320058609261647 
-0.1296880931263059 
0 
0 
0 
-0.003694572733124751 
0.8414666353259559 
0.009021339649279784 
0.03170377544459193 
0.08882413255200478 
0 
-0.2126529405837599 
0 
-0.3420835675418534 
-0.672868153200285 
0.2738113140644581 
0.1565565761795254 
0 
0.3163634345906727 
0.1990729876806649 
0.02037976164518542 
0.4186261800005282 
0.132323278704206 
-0.2398948473279598 
0.006822967193545956 
0.09045351024793032 
-0.1606147882356214 
0.02907147154587785 
-1.310105206822289 
-0.02652350167402326 
0 
-0.5913200650817794 
-0.01848019386290392 
0.8170918336040038 
0.0473026317587786 
0.1803116222069862 
0.08720316777635735 
0.3800796850524109 
0 
-0.2274153938501479 
-0.2431514141896985 
-0.002002567278046011 
-0.1639913757815485 
0.3021813226090519 
0.09569323249952986 
0 
-0.4476414439570656 
0.04791924902755938 
0 
0 
0 
-0.1631531135593067 
-0.6951786445255906 
0.02935524741054086 
-0.3181502377668562 
0.1694792400458512 
0.22190648896221 
0.5286389213332147 
0 
-0.1272885835712529 
0.0800035403452283 
0.3612871152320244 
0.4502289616225427 
-0.4536144968573048 
0.04943892401363703 
0.1818277893686237 
-0.03310796023525801 
0.7739764768684332 
0 
0 
-0.3670038885193644 
0.1371803461979219 
0.0682662183383522 
-0.01610045551117671 
0.3152667603443217 
0.3347413791475173 
0.1399250428440609 
0.03844121764269189 
0 
-0.769536923598873 
-0.09052352352128479 
-0.05768623579260281 
0.07688485103236395 
0.01347277787592118 
0 
-0.2231498608363618 
0.5255637408696884 
0 
0.09193765733068437 
-0.01071453898062718 
-0.05191299754009943 
0 
0 
-0.09835125959669803 
0.1528905820959218 
0.03649832554405408 
0.6868444105090965 
-0.3392811730499052 
0.003609109436836134 
0 
-0.08717109433833509 
0.3748478667710362 
-0.009742019406064117 
1.100167840621851 
0.3550390680768564 
0.4571607717921268 
0 
-0.1617159454196962 
0 
0.02385374590017004 
0.1656065377394061 
0.02284278511802654 
-0.5575204468183965 
-0.3751631091139355 
0.1217965080735489 
0 
-0.05014841088103095 
0.1023971073918159 
0.4037496448118362 
0.203816742081632 
0.09842366206956382 
0.02441421318192026 
0 
0 
0 
-0.1035542042955532 
0.1003430657489922 
0.01931353611008007 
0.2467111879803892 
0.6889775230621369 
-0.4188678108822038 
0.8991291600587722 
-0.648759289599526 
-0.3723052454205116 
-0.05829409326467817 
0 
-0.03222445182355969 
-0.001070107461040934 
-0.01183554400192538 
0.04033700759173883 
0 
0.05628942569610827 
0.1072487137989806 
0 
-0.07900508282100581 
-0.0715910195311823 
-0.03055085504222261 
0 
0 
0.2061052617476614 
-0.05884990384189456 
0.003307555295456595 
0.02114561166218169 
0.1507451774513844 
-0.05626815149865436 
-0.1181863357188746 
-0.004525556087685173 
-0.4705964281984894 
0.06343770980252225 
0 
0.5815811280266107 
0.07143811762849045 
0 
-0.846891288717872 
-0.6040915099489529 
0 
-0.03556919938807515 
0 
0 
0.2134168080854782 
0.008033533371272862 
0 
0 
-0.0901173246343715 
-0.5134612505747514 
-0.1007999597230218 
-0.1265801613398896 
0 
-0.3780568387422724 
-0.007424013611446151 
0 
-0.1446166796974071 
2.722165705510797 
-0.006722331687004238 
0 
-0.1310809478167204 
0.01064100685342741 
0.1624812430590464 
-0.0333935994953623 
0 
-0.05823242534603105 
0.8231753002208207 
0 
-0.0006801443182749403 
-0.3275644229861394 
0.01427703238486735 
0 
-0.04275364922842655 
0.04173974501713954 
-0.2182741011537635 
-0.275232512581622 
0.02312181463672613 
0.2067637404974124 
0.1162507240477295 
-0.2461432079823989 
-0.1051977692055826 
-0.008357026959360324 
0.01930998693463725 
0.004992501399508787 
0 
0.203479316902618 
0.373328287581975 
0 
-0.2951969465534183 
-0.00689401083564624 
0.1325161178464919 
0.2107908979899476 
-0.1777825826648919 
-0.06181301771621595 
0.07504068947430531 
0 
-0.7071650231134949 
0.02494003951914787 
0.07141786493752315 
-0.003232485522790083 
0 
-0.01029751326471546 
0.006284436739414393 
-0.1417256659491552 
-0.3216320797384658 
0.2679301236149958 
0.2876524760010826 
-0.004440284070535908 
0 
-0.07513143327797799 
0.2803850807534161 
-0.002703159788753231 
-0.1016501058463337 
0.21922367659453 
0 
0 
-0.1982557170162662 
0.6542700131116901 
-0.01778983219407836 
-0.003266464892309815 
-0.07204357063373566 
0.2366075935673456 
0 
0 
-0.01767693199551992 
0.2698515901681036 
-0.0645515258995879 
0.3336241416518484 
-0.1894733363485609 
-0.0165340521485089 
0 
0 
0 
0 
0 
0.1997480454167142 
0 
-0.546665151956567 
0.3270569291780561 
0.05613625075300764 
0 
0.1936081670237751 
-1.178432653456831 
0 
0 
-1.093129834543772 
-0.001868210370843039 
-0.05259231242861228 
-0.4675731612703895 
0.9149520012041406 
0.1546641945298635 
0.2873106031533006 
-0.0396174912988896 
0 
0 
-0.495690984536117 
0 
0.1013007790394071 
-0.2111925531529431 
0.05645180629132218 
0 
-0.01707596603339291 
-0.2480702754627728 
0 
0.7512406769649416 
0.4142073730843929 
0.02923934931478634 
-0.05031116133629462 
1.027093997208652 
0 
0.1977017098950789 
-2.176727732624157 
0.005957580924069565 
0.2732592126635844 
0 
0 
0.1210977139946981 
0.975964923314015 
0 
0.1657572838227217 
0.5022490529833248 
0 
0 
-0.08081891581166015 
0.2903230304907502 
0.1352161261155781 
-0.003347647804555332 
0.1404459388050383 
-0.05704398107324384 
-0.05940774470611444 
0 
0.2993235343613037 
-0.07621045863486629 
-0.03307957544719191 
0.4369903286921522 
0.04162812472300665 
-2.087093410929458 
-0.3741733377742334 
0.1750630852771324 
0.00690713306504816 
-0.09425601362899379 
0.1006607391254333 
-0.6868483657574961 
0 
0.05978206376219831 
0.004674826549226855 
0.05648888201406481 
-0.04194793051671402 
-0.01631687133778698 
0.3875807201723372 
0.1628233890221696 
-0.03163265688798698 
0.1599005819485271 
0.2641936737289107 
0.5765915167451797 
0 
0.7370951055688209 
0.1081163921764878 
-0.0006076742417627129 
0.5303333536148163 
-0.06397041802288 
0.6343862922400384 
0 
-0.3182955322355006 
1.060695902889504 
-0.3642290112274796 
0 
0.08905258964430693 
0 
-0.1078262104545809 
-0.1505502021429024 
0.03709404922974582 
1.176164409844854 
-0.1357286891355556 
0.06956096384094523 
0 
0.6856490712592614 
-0.1637367139378664 
-0.01810378784586258 
0.345915721752495 
-0.4051923478955592 
-0.2721727179316644 
-0.003862584436976137 
0.02209494107543572 
-0.1004912787632756 
0.1074351204612991 
0 
0.02091083950147245 
0 
0.2061535400574557 
0.08963612506774271 
-0.1683070872963325 
0.08677480298030894 
0 
0 
-0.009068295376500422 
0.01746015851036831 
-0.01092005254989096 
0.07959961628717892 
0.04174678882346212 
-0.184977247478753 
-0.03547941623822067 
-0.05267843867080094 
0 
0.00521710891936085 
-0.1812224950384669 
-0.2311841546223868 
0.1326015711136758 
-0.01035074591637818 
-0.06164583144144847 
0 
0.4219896014360693 
0.3311873087600029 
0.008227973886117748 
0.65697368613303 
0.1344401240640177 
0 
0 
0.03639138261588405 
-0.1912165342092676 
0.007862789953503485 
0.9161157540366484 
0 
0.2650756252422251 
-0.4629952040185911 
-0.004423431317393422 
-0.002626686853446705 
0 
0 
0 
0.0003598188965426543 
0.08263259836770578 
0 
2.039974822819329 
0 
0.6278336279602181 
0.04405120112813196 
-0.001961762322149174 
-0.4558594368348561 
0 
0.08345335998960984 
-0.03622494748071556 
0.09994392414028416 
0 
0 
0 
-0.2783665196730665 
0 
-0.0007619290583241924 
0 
0.2553389536596331 
0.7395903351890226 
0 
-0.6972703058461418 
-0.002625349804873344 
0.2597934140528607 
-0.1071672053309381 
0.1403592269095361 
0.04543224865963916 
0.0314881761856733 
-0.1062094148017827 
0.6604496561338192 
-0.08502516335338091 
0.3420098698576328 
-0.4242957106998036 
0.0469569474942344 
-0.2278634737772325 
0 
0.01442208521946358 
0.1249333508973712 
-0.002268653967583221 
0 
0 
-0.04340678911107922 
-0.07675366177842502 
1.071563766341523 
0 
2.624646808108484 
-0.001017774049737 
-0.006839910968975117 
0 
-0.1358105777562148 
0 
0 
0 
0.1439061290395604 
0 
0.06855122240601555 
0.003945274550398782 
0.7331825227720181 
0 
0.01403878003877961 
-0.0008086205233510096 
-0.02699823997820798 
0.2171855695024641 
0.002351996833505142 
-0.1693407385330789 
0 
0 
-0.03494986489039988 
0.8312171748853774 
0 
-0.002838202478716551 
-0.8343172727394891 
-0.3537346682353499 
0.762493417485931 
-0.1281121246900385 
-0.6778725436304278 
-0.6179110245636615 
-0.01286407444518477 
-0.2938222347950786 
0.05498293553871626 
0.006120031211569152 
0 
0 
0.5108030490746072 
0.2967685281441797 
0.1801545778734081 
-0.4853583933938512 
-0.3405456992969302 
0.9122281173751452 
-0.1170096569822471 
0.3812633837818884 
0.1722600886554224 
1.947319786744779 
-0.2686012367670471 
0.01332386102540759 
0 
-0.1385732822044895 
0.04876288915192614 
-0.06548401989703467 
-0.04760998493872527 
0 
0.2153016228927338 
0 
0 
-0.5183338477501791 
-0.00018218127787214 
0 
0.01943316652956641 
0.2804910304428835 
-0.1158304694957793 
0.1197169787877992 
0 
-0.02514893327742855 
0.03129449977608928 
0 
0 
-0.09887593686979039 
0.1498292571467536 
-0.4360203560552053 
0 
0.08598915094244231 
0.06703355138766975 
-0.004881403359579752 
-0.01240684578237086 
0 
0.07813900512732541 
0.00977415433508632 
0 
0.3752914217688499 
0.2919232601599609 
0 
0 
0.4962897938810507 
0.1345173160689225 
0 
0.06274389031054506 
0 
-0.02507877553126405 
0.1116082751851951 
-0.0827330256240712 
0.02630023203608898 
0.01354829660016036 
0.004711795146258978 
0.1709740786032886 
-0.3306155253908751 
0.1110965732440701 
0.002331692992413988 
0.516395156083876 
-0.4510661145529973 
0.1731105804232256 
0.004703248336430306 
-1.035736755928971 
-0.6974188046080693 
-0.0952533291755428 
0.02552714121299932 
-0.1477060242492726 
0 
-0.1319834171061023 
0 
0.2793347533855307 
0.7763021241161824 
0.1733185274408804 
0.6586393404625893 
-0.04487658472215547 
-0.01029973693956814 
0 
0.0417304254403381 
-0.05213246182786143 
-0.1900655080259819 
0.05999111014735789 
0.920622768762093 
0.0006805640711069387 
0 
0.05466008475488838 
-0.3423383313738044 
0.7884011408176905 
0.007972672773765245 
-0.3536522843086251 
0.7007949590938052 
0 
0.05502419280342858 
0.1489620064508358 
0 
0 
0.02014607122334892 
0.2085062654974596 
0.8835138735680758 
-0.06967440224053986 
0.1231626052390656 
0.8376537953343827 
-0.2047217495441209 
0.2706210509839953 
0.2315054632039918 
-1.392809186704413 
-0.1545087857451989 
-0.01659511328806249 
0 
-0.7739329237831742 
-0.1608096836321168 
0.02320332744219961 
0 
0 
0.01135115000673925 
-0.008024314354765999 
0.2639303819439859 
0.04333719435208336 
-0.6220970227195057 
0.05522201865463224 
-0.1546736478292867 
-0.5992483524271441 
0 
-0.1304651115836642 
-0.2912902819977441 
0.01209235818022392 
-0.001842231439919543 
0 
-0.09981967323931062 
0.1108441084063051 
0 
0.06432744046372577 
0 
-0.374249374990554 
0 
-0.5690055331108665 
-0.4370591742401234 
0.007242978489866694 
0.2614574540130451 
0 
0 
0.07679890866326583 
-0.07055402040398652 
0.7086817784401871 
1.137680743593486 
0.4094986727176476 
0.130358221585156 
0.1145864954704991 
-0.06436973518286782 
0.02415145609301467 
0.207477616384401 
0 
-0.06371000032696483 
-0.03259878014108859 
0 
0.6708407103545151 
-0.2071191221407943 
1.640646491399489 
-0.1262910922473282 
0.0117427098621079 
-0.003724538550086488 
0.1603122415797141 
0 
0 
-0.0443995378231192 
-1.027453470648292 
0 
0.8256458322978609 
0.03438146463653574 
0 
0.1780776558024623 
-0.4792227047519331 
-0.04031263507058008 
-0.02587395984281547 
0.04272900541012443 
-0.005030473266696689 
0.4364319154059638 
-0.93752345430717 
-0.0604888408981229 
0.03137287562509313 
-0.01665787078537618 
0.03080044307754493 
0.05592824953261082 
0.04060630651853808 
-0.1606219235923458 
-0.003125944000260833 
-2.164195691908334 
0.0178431422220695 
0.03048004286053713 
0.00423587101074304 
-0.007091464095667958 
-0.006776425951336203 
0 
0.22199309693181 
0 
0 
-0.09416200958742488 
0.04386302969846879 
0.00674722023178531 
-0.1273293318363275 
-0.1731467343833718 
0 
0 
0 
-0.4789651147538369 
0.1294583771992881 
-0.4444630279333865 
0.00583345445456106 
-0.09192088607525051 
0 
-0.588524994012498 
0.8073004355591354 
0.3007155288233284 
0.01043804343886778 
0.1762569637923111 
-0.007990162439535906 
0.0957022995746474 
0.4281771836831694 
0.3427337169564797 
0.08489530524327066 
0.05354301753371635 
0 
0 
0 
0.05794379023863525 
0 
0 
0.5184049800708477 
0.03250873860239575 
-0.01682102149970113 
0.08184984577553273 
-0.2270725854589813 
0.1234068117764469 
0 
-0.1779905584684086 
-0.05851154391494429 
-0.1336596211521741 
-0.2284736052236333 
-0.0001778340291990452 
0.1848343051897546 
0.1563408927807429 
0.2791198840562277 
0 
-0.0132038929518635 
-0.01524682098320066 
0.1477618248452777 
0.1447525397968923 
0.8044090319303903 
0.03659912343645094 
-0.003781349725766318 
0 
-0.05425135620917627 
0.3818850172437707 
0.05517956823783074 
-0.07094908401821441 
0.009785393537475583 
0.2789648253244962 
0 
0.1860441457435315 
0 
0 
0 
0 
0 
-0.00289635371201519 
0.03248150110770895 
0 
0.06033768859723969 
0 
0 
-0.3727842399784094 
-0.06871496133442698 
0.003290405547482853 
0.003745357260334072 
0.2544354279586446 
0.7872155416740814 
-0.1947939487304351 
-0.2135031381234843 
-0.3281641760779058 
-0.2402313359112804 
0.123514419778593 
-0.0687898722152864 
0.003930494171633385 
-0.001689862841387343 
0.6478554496446093 
-0.006655225650664037 
-0.02194053647016195 
0.308449695570946 
0.03550938474464896 
-0.04462567212798588 
-0.838671605745514 
0.08779112349652417 
-0.8449636136165463 
-0.003365718560381012 
0 
-0.7630490080705239 
-0.01156873519369506 
-0.4304806731971383 
0 
0 
0.2643540033974843 
0 
-0.3398547334120782 
0 
0 
0 
0.07297045674250863 
-0.7605363407086935 
-0.2576946566948634 
0.4919934951109567 
0.03261568442198551 
0.02083417547012302 
0.05871112318651597 
0 
-0.01220885218065265 
0 
0 
0 
0 
-0.1135661795323532 
0.2763858070941768 
-0.2395551620621717 
0 
0.01369966962452789 
-0.009150002740030933 
0 
0 
0 
0.3359549824135699 
0 
0 
0.1081062281716316 
-0.002831614013660375 
-0.2224825249976876 
0.03660803419682233 
-0.0135794319762991 
0 
0.1331826037096739 
-0.07843170617743997 
0.06840898339337613 
0 
0.3973153937099385 
0 
-0.05171356238594095 
0.02352504717867539 
0.02688497039437755 
0.2012469951566889 
0 
0 
0.2525552486149775 
-0.018417092245872 
0.5359661670853905 
-0.1944403194044756 
-0.002149428039349588 
-0.0233361601749132 
0 
-0.3267247135693653 
-0.09825945007805423 
0.1720700997289702 
0.238759431207903 
-0.05214524626577233 
0.1672397497276112 
-0.002500774993015415 
0.1576979690823763 
0 
0 
0 
-0.1189482637369644 
0 
-0.3802420062316661 
0.1500093012341084 
-0.1419646395834038 
-0.1930825856407643 
-0.3413593884866064 
-0.01648272060025067 
-0.03917700840580283 
0.03747274942070446 
0 
-0.01741670534031697 
1.328943195382505 
-0.0420176378177903 
-0.2845115595504488 
0.01745569255810892 
-0.003227406491326079 
0.07312354232580826 
0 
-0.3070721087275278 
0 
-0.4300582514123668 
-0.07574876437350889 
-0.3445939625445092 
0 
-0.05634108952255934 
0.04537015938339607 
0.3095521675072551 
0 
0.5604519279864679 
-0.3470408779585247 
0.0763621195735425 
0.03155155467854157 
1.568966750518043 
0 
0.04559842749174691 
-0.2013028716409834 
0 
-0.01755742019354842 
0 
-0.01662598457869635 
0 
0 
0 
0 
0.1555738651104715 
-0.1354072925605728 
-0.006665401978112225 
-0.3171155206672664 
0.01488989610862281 
0.3741802433568145 
0 
-1.327657291992623 
0 
0 
-0.1088795870099287 
0 
-0.07212564362548882 
0.2688128821291533 
-0.02163614462003147 
0.01080865224346397 
0.02792108309410185 
-0.00133966889314398 
-0.01570007770715439 
0.2679016770881568 
0.4341969588600979 
-1.299293047636196 
0 
0.05325817640640623 
0.1752457562586563 
-0.2688164113410255 
0.1353783916822173 
0.06562863315380277 
-0.0023459699963739 
0 
0 
0.2216040349672494 
0.1064565356889241 
-0.1730554204132407 
-0.02771890785582577 
-0.01654432353316614 
0 
0.004649373813069818 
0.3842872273199577 
0.1424354243898094 
0.3024061076732392 
-0.01314564654538324 
0.02691265864732374 
0.1440754851535471 
0 
-0.03609381270160486 
0.164316685359346 
0 
-0.3248196712455887 
-0.004197113211915598 
-0.5467003132196919 
-0.07559693191615036 
0.09073497624927483 
0.04230013592372178 
0.05477234056669757 
0.03463135539509658 
-0.01362538594816225 
-0.4957095008541081 
0.2729210650626313 
0.517964864645663 
0.06099004092139206 
0 
0 
0.0631936958705358 
-0.04545160931053759 
-1.090719396436495 
0 
0.3712581475059452 
0.0826895521172495 
0.9754239660753781 
0.01138248470910901 
-0.2023113801997249 
0.1040022150311087 
0.2210474412526106 
0 
0.09829149187337016 
0.03041521659293234 
-0.2415500370045872 
0.02542648322906205 
-0.119626794493395 
0.05167252090069736 
0.05565906611440275 
0.4368738942791211 
0 
0.01308199539066072 
0.006445832435687995 
0.4668735180369856 
0.02389654532896089 
0.09502146160883909 
0.4586304815248514 
0.01492874020280521 
0.06942020439743489 
0 
0.06574959360785371 
0.005297069954931317 
0.5522112563226413 
-0.1378336169046221 
0.02378813454380347 
-1.600421305056607 
0 
-0.317914353744165 
0 
0.771875807586356 
0 
0.01101077075177431 
0.2713232570038963 
0.02230209312703837 
-0.1201259029265346 
-0.001267207099027874 
1.543319129624998 
0 
0.02229237745246313 
0 
0 
0.06563339019320905 
-0.01222896976669872 
0.2448358216212503 
0 
-0.181602375140138 
0.1735744789341198 
0.06164145471339878 
0.04416997615709409 
0 
0.1646545026971181 
0 
0.5138064969185157 
0.02128846500733388 
0.2293010088721985 
0 
-0.1690023677446625 
-0.169902120136505 
-0.4994451604572022 
0 
-0.6154728053814182 
0 
0.1203223667155083 
-0.05010924209069307 
0 
-0.1159825672351575 
0.07303796636353194 
-0.01825863920090741 
-0.02258986183296886 
-0.05317719975564766 
-0.004696582008819752 
0.5466781564795018 
0.6503518981229646 
-0.2573046274235471 
0.06714653780094647 
0 
0 
0.0131115809253609 
0 
0 
0 
-0.008367677166056849 
-0.1461739099364235 
-0.008500071602520084 
0 
0 
-0.1908832712536844 
1.565449881180083 
-0.3728175296483935 
0.1988788797395361 
0.02426301510835206 
-0.3864538297356446 
0.03155388470341158 
-0.1326993458986989 
0 
0 
0 
0 
0.02460963325194254 
-0.07588075948825117 
-0.05064423313560783 
0.491719242589388 
0.5177877782071133 
0 
-0.09817341152944919 
-0.003764875810435518 
1.27547497704617 
-0.009494223266691455 
0 
0 
0.1901168067972047 
0.002225286368058124 
0.001382785341698233 
0.3082607370261735 
-0.04274207788966113 
0.4265164040475374 
0.001925519514472152 
-0.2277291077011545 
-0.3498092614647064 
0 
0.2019914409339491 
-0.1879365073761277 
-0.368793313813243 
-0.01096400645928142 
-0.02311768651931545 
0.4574611960210228 
0.06323710775378982 
0 
-0.03506927397979204 
-0.05639038060032604 
-0.3023078370278674 
0.1857705197351548 
0.0006068838635957433 
0.1288045575629672 
0.01747638660461848 
0 
-0.150145803846125 
0.09643940756802383 
0 
0.06073311492042994 
0.1423071317775078 
0.7848538769067536 
-0.2739079701110453 
0 
0 
-0.05733835531730194 
0.08257648231849653 
0.3751418673947288 
-0.02523379205929578 
1.068394438909259 
0.2001665245094993 
-0.03262535073224971 
0.1676742733186536 
0.1809019225218444 
0.07168439200083325 
-0.00839151538721843 
-0.03823266208367833 
0.03323031221368549 
0.5248742047014976 
0.08267434827345796 
0 
0.04450294921437665 
0.1393179918055806 
0 
-0.04087310582080881 
-0.07885594326730996 
-0.01826785364141012 
0.01904984886633223 
0.02242552798222729 
0 
0 
-0.002379561427100556 
-0.04000689897193457 
0.5291720912328929 
-0.323570985782957 
0.6593282366175288 
-0.4090852218414998 
0.01111144853165736 
-0.000579428372145193 
0.4857368308123993 
-0.1556389199492644 
0.1302571389716405 
0.06735198817482092 
0.1689711507817925 
-0.2130593377133466 
-0.09782634946660333 
0.1089063268978199 
0.1438953712226507 
0.05483446440193977 
0 
-0.005207441292195782 
0.1906615354547522 
0.94447080860462 
-0.03448887941453368 
-0.00587752540349645 
-0.03658412747852265 
0.0941290477514013 
-0.3022326915305769 
-0.0873552393513992 
0 
-0.2175306427677086 
0.6770369189712624 
0.02152657617037259 
0 
0.04796228247652283 
0 
-0.2258137780313064 
0.005769607130908969 
0.01312069905574664 
0.1116518074199824 
0.2758552260954383 
-0.08936957306716395 
0.2464624855973436 
0 
-0.1069000802855026 
-0.0359300664274597 
0.3023550323588939 
0 
0 
0 
0 
0.03120879351468534 
0.4863798572111637 
0.109985918219822 
-0.9797075328149843 
0.1157657854387849 
-0.00894880593854552 
-0.006091080010872334 
0.05164394128524282 
-0.03966640088889058 
0.2514005593570552 
-0.1390607676811873 
0 
-0.5353384154417948 
-0.01015310516523498 
0.4193079434055386 
0 
-0.1358278426960524 
0.01445891553992323 
0.09009858207707061 
0.06494966678041307 
-0.03863709670021639 
0 
0.1156449585630863 
0.1876959289123396 
-0.08210516684453006 
0.1836706023187653 
0.5145475859926335 
0 
0.05650895677860026 
0 
0.01995795262516177 
0 
0.2905013454739755 
0 
-0.07139807394691647 
0 
-0.05239067806714735 
1.17686365545391 
0 
0 
-1.042018569019661 
0 
0 
0.2262391182478534 
0 
0 
0.3615785969636781 
0.04945023706401636 
0 
0 
-0.1555934410556574 
0.07488255332078049 
-0.03575227102201213 
-0.1994489792796796 
-0.01283013521916264 
0 
0.1897788068264514 
-0.002656247522159638 
-0.3964188974449527 
-0.02323825434127801 
0 
-0.006855750763147081 
0.5906988917090447 
0 
0.2963143918909132 
0 
0.02818649195605204 
0.891565486456565 
-0.0090183605052431 
0.01093076206710503 
-0.03731896779501785 
-0.04105721330204039 
0 
0.0385889667445089 
0.05794667381306388 
0 
-0.003548796596796005 
0.1968320321911609 
0.2592807261700785 
0 
-0.4629100476607652 
-0.07706209531294335 
0.0683258926264381 
-0.02861104449980618 
0.02571950409930576 
0.1932103020027823 
0 
0 
0 
-0.7815341594017473 
-0.02303113750813574 
0.2316196149829092 
0.06268587984289281 
0 
-0.5649289853823098 
0.3113712047809857 
-0.1151158880573237 
0.150713844376053 
-0.4318216940240461 
-0.001650914672940024 
-0.1565517666604466 
0.7918424013847557 
0.001281995791415779 
0 
-0.1699727323677592 
0.06510385511624889 
0 
0 
-0.236261239970808 
0 
0.000645267880279363 
0.2111761731268461 
0.09795063501186067 
0 
-0.2299084527074031 
-0.1282080977211303 
0 
-1.028088506293553 
-0.2426501169347697 
0 
0.06668751517234206 
-0.2072962214694413 
-0.1195731776687949 
0 
0.08669333895070248 
0 
0 
0.007008390646357619 
-0.01000813828707587 
0 
-0.1129971876639692 
0 
0 
0 
-0.5240576882337066 
-2.085494692024391 
0 
-0.007109380214178917 
0 
0 
0 
0.07226616538373741 
0.4011330268800067 
0.02060070508911749 
0.08302485108042135 
0.01471280570946574 
0 
0 
-1.060346052014357 
0.01556666862563218 
-0.1172797209238338 
-0.118661868039772 
0.002253576730765446 
0.01450495683376304 
0.6059582554174241 
0.1145614346871275 
-0.3151278493119579 
0.1085089563660608 
0.0228415089680618 
-0.2291753622996182 
0 
0.07962015550854129 
0 
0.4232581262949831 
-0.3086179628298213 
0.1182302238707558 
0.3668845970646 
-0.1128941280698838 
0 
-1.041325841181767 
-0.09636271512528777 
-0.2938002311573807 
0.1447426006227956 
0.0312145275860957 
0.02085614887580602 
-0.1244706756100643 
0 
0.469300905361605 
0 
0.02359035978156258 
0 
0 
-0.005119331536334789 
-0.1980214503484552 
0 
-0.3065248303548694 
-0.1054221688983041 
-0.02593217615476065 
0.2147054564660622 
0 
0.04466973607969109 
0.1839046811276015 
0 
-0.07496148307933391 
0.4337601363434589 
0.1856083570633335 
-0.09788910990613107 
-0.05399384479878126 
0.08804210492089889 
0.02765782898896701 
-0.4782128193214652 
0.3867992804215216 
0 
0 
0 
0.08297333225848592 
0.004776730117307892 
0.3632153230203383 
-0.3539324907181434 
0 
0 
0.2435729137786039 
0 
0.2964005591124657 
-0.2191065074624361 
-0.5096092783026405 
0 
0.004068896255832605 
-0.004755146935312433 
0.6730742873744454 
-0.319683992168549 
-0.01079555476543853 
0 
0.1925449259049061 
0.01911609744605773 
0 
0.4211750077637819 
0.2120553859875473 
0.04104289679018687 
0 
0.4368325514962083 
0 
-0.1762839932201722 
-0.0734723221115246 
0.9885522243156879 
-0.001818348476742804 
-0.5355348941947484 
0.545417622166444 
0 
0 
0 
-0.06672891089911613 
-0.04004522569572679 
-0.01582008088836822 
0 
-0.007751670608036524 
0.2803986087520326 
0.01084276258274614 
0.08198097145104956 
-0.05401151377813979 
0.01055248937568082 
0.06084878788713669 
0.1911456104728941 
0.4822010962443438 
-0.3439084475135719 
0 
0 
0.1992945691877085 
0 
0.01305038685460921 
-0.01074492489307604 
-0.2605035899102309 
0.5522108750223262 
-0.1087338534684009 
-0.04308119252832757 
0 
-0.01413067031632528 
0 
0.00387722506022724 
0.02310186571995424 
-0.02699147289594049 
0.4659369547881553 
0 
0.1575882803752886 
-0.4757361619541487 
0 
0 
2.018018184902525 
0.4052899871212288 
0.03112529977524168 
