solver_type L2R_L2LOSS_SVC_DUAL
nr_class 2
label 1 -1
nr_feature 5000
bias -1
w
-0.3490617890262863 
-0.4111476775920962 
-0.2226487365490064 
-0.05088224336156179 
-0.1541654254653018 
-0.5179460875422283 
-0.05112301544365314 
0 
-0.06102491631064218 
-0.2276465664929365 
-0.08754775175065585 
-0.03293906636480881 
-0.110558377020134 
-0.1003553392326021 
-0.327256522364569 
-0.9409819478027972 
-0.5146342854338014 
-0.2506157299086315 
0.01602995316106323 
-0.5741514300666081 
1.38315648894012 
0.2827284675470151 
-0.8333747273352959 
0.1930268197590066 
-0.04898225653486611 
-0.1793384651217449 
-1.608156187069494 
-0.3576542519184528 
-0.1657688768519051 
-0.2679089832238785 
-0.0173494937042078 
-0.01360434812984943 
2.065990032418914 
-0.8862294532034493 
-0.4814225376881417 
0.2927979998708949 
0.64909982170434 
0.04988967266960184 
0.3681639447525462 
-0.1428300861794286 
0 
-0.09238114455741062 
-0.2955235890717285 
-0.2077493885269159 
0.06869422518289012 
-0.1526781509988412 
-0.2106776075142114 
0.108593155528842 
-0.0727456145182826 
1.448835091161659 
-0.3301884667067525 
0.03574112596835755 
-0.0877809428423289 
0.04370839837792251 
0.6857734233047047 
-0.2104706696176436 
-0.02327036223470708 
-0.7532536423847208 
-0.05846740419387446 
-0.7018646776175836 
0.02727824643256328 
0.2521412634784565 
-0.08005150502539257 
-0.02371824229791834 
-0.6151900776373087 
-0.1078164130324532 
-0.01169625843247857 
0.4593642388625785 
-0.4395161361719779 
-0.1327396229971156 
-0.2888896130821974 
-0.6360973897813464 
-0.1175138262569352 
0.2484485259285904 
-1.200990072193012 
-0.2532319464323988 
-1.118992758922329 
-0.4028395197570608 
0.09595639838486097 
-0.1479897241482385 
-0.2739402610729323 
-0.3157732639057746 
-0.2262858507974299 
0.07739485720058788 
-0.9686962645240316 
-0.06688122818272506 
0.2249478803160642 
-0.6131539642670146 
-0.5226370789959583 
-0.0264140037072321 
-0.08474353852424708 
-0.7124912904348459 
-0.09250880849439926 
-0.8478930510442433 
-0.09041114877151828 
-0.2561595932402302 
0.1605860971264876 
0.07723927840421371 
-0.6752739997917503 
0.6384401207739255 
-0.07784187660521991 
-0.1197047252877578 
0.05969925291322271 
-0.3575353633939992 
-0.05471639949688047 
-0.09352420872798231 
-0.1357148526035756 
0.03973758376896776 
-0.009032696932677583 
0.002547410349669939 
0.001149021997746919 
0.02574620134102608 
-0.0182035537045181 
-0.03788028532796446 
0.05201751994035337 
-0.02340327287073477 
0.1760628222561792 
-0.006362164036439938 
0.8990019816399234 
0.6117960927025672 
0.313636411460997 
-0.09401484738666531 
0.1112530942996703 
0.06231595782814656 
-0.03213158520860412 
0.07283582185887377 
0.04157895051724914 
0.4605806642673328 
-0.1820758038624224 
-0.5537001900393265 
-0.1121146691676723 
-0.1754484517044071 
-0.2109372760111863 
0.2226578583032079 
-0.3401450110727459 
0.3238327766112311 
0.05129208766086021 
0.9204633135964569 
-0.0268242154665626 
0.09221524354999366 
-0.0009924003560332936 
-0.07767948027906779 
0.01305767081953024 
-0.04485330045994826 
-0.1146471698578069 
0.1359332918416548 
-0.1971864556978333 
-0.2457322190440169 
0.2464810124663687 
-0.1010272846003602 
0.03903754767164304 
-0.05276379135234732 
-0.6618486764581788 
0.1375779985212023 
-0.003539349610853284 
-0.2971856074648264 
-0.003773820450379486 
1.214802904678456 
-0.5788286835872801 
0 
0.4853269177935957 
0.325835084104997 
-0.3450058442393505 
-0.4932985447503597 
-0.3357607938077293 
-0.02958263809305021 
0.1230220471712428 
0 
0.1379462357798112 
0.06996425105023102 
0.2008328052140281 
0.2392540633010533 
-0.1365441895184173 
-0.238135502549484 
0.09344720311206116 
-0.3969380597894405 
0.4864662839517394 
0.1655219086809749 
0.4178990745757644 
-0.190743062747252 
-0.0760644059090432 
0.130566397133743 
-0.08509189600433552 
-0.005077825837399476 
0.2556592065250277 
0.007631636141946901 
-2.138265551382371 
-0.6232800370233832 
-0.1405744594048808 
0.2578762787925386 
0.1513427461487978 
1.166381306353614 
-0.1347296980745159 
0.01312174727955021 
-0.1699469347158968 
0.4403561595298751 
0.2889921928618646 
0.85592518984277 
-1.663989040498347 
0.01071992026219076 
0.008289547505300355 
-0.1358431795533434 
-0.05592738189239299 
0.0524695742120936 
-0.003428033439144853 
-0.5245204485483373 
0.02330700647315372 
-0.1201878610807779 
0.005879223097394711 
-1.116467853630643 
0.03328347320764036 
0.1066425537233331 
-0.2411818119404203 
0.3748366538493201 
0.4951095562203091 
-0.02883802050658818 
1.364751243102201 
-0.008240525816852711 
-0.06003775752450861 
0.07389492561029883 
-0.1223829056153528 
0.3641377090150966 
-0.1690654184983665 
0.001039121035483022 
0 
0.1616671450035859 
0.03819022161900066 
0.410385246597187 
-0.1885245682778485 
-0.1335267430891185 
-0.01227612538191534 
-0.07520764480037662 
-0.2912715022180353 
0.2223554270339035 
-0.8067617028141513 
-0.6039973426421732 
0.09700309817417094 
0.5502846662555843 
0.05570646889785349 
-0.05880137801608751 
-0.1020751846287669 
0.02776374441910093 
0.05893225915162668 
0.3626939816422105 
-0.02721551609660931 
-0.09961065788254789 
-0.0104593729874904 
-0.3480317337404906 
0.2392431073214806 
-0.3692739630971184 
1.05714804552585 
-0.05075561452366467 
0.05492141023885451 
-2.185548360255267 
-0.3621983072581874 
0.01634066974017222 
-0.1586247545998303 
-0.2538486428246606 
0.2079427023660846 
-0.1326211966477905 
0.02193632519236571 
-0.05040524812524859 
0.009700767778440918 
-0.03837233539641581 
-0.3701534062136805 
-0.1039629438414328 
0.006992286177756167 
0.9533870780065934 
0.2163730983364311 
-0.04852098668178062 
-0.3011400013912029 
-0.03319931396038131 
0.00269889882083615 
0 
-0.04014206239604586 
-0.03286223154182054 
-0.05555724650044476 
-0.3150574382690832 
0.2817019456047565 
-0.01631508177947552 
0.2674420415744758 
0 
-0.03982979623630768 
0.5177959272605493 
0.02068938121174334 
1.023712415825195 
0.5703102456037296 
0.1275829429842065 
0.009609239339628671 
0 
0.2340391892774706 
-0.05820940504633526 
0 
0.1126950456034524 
0.002821308317687881 
0.007895595695719539 
0.02372467941381217 
0.05524073986072636 
0.08791473671325256 
-0.08814388044381349 
0.0153026142527941 
0.4044481978271751 
0.01521389158601275 
0.1597576618958908 
-0.009218057657830672 
-0.1685873682861689 
-0.02584865989712828 
-0.1425280718153362 
-0.3475405213264253 
-0.1832388045908908 
0 
-0.02157522659528833 
0.07796792550308509 
-1.635202446880499 
-0.1593862739069929 
0.1111062750356277 
-0.7527917924284736 
-0.1795341739628032 
0.726695444013608 
-0.76987056659331 
-0.06921523237110321 
-0.2013750756480462 
0.4979588928820254 
0.292127066887261 
-0.01394954030066405 
0.8064179562661143 
0.1244374257872355 
0.8892271021930949 
-0.008732636614487773 
0.1524632646556437 
0.02171709139496123 
-0.08219976522639075 
0.5498407404553285 
0.2528755148031232 
0.07873518892822555 
0.05363767579535719 
0.4834293904551124 
0.02640194885372709 
-0.5275820432184404 
-0.553837370846051 
0 
-0.4345082586901837 
0.0927344330644637 
-0.05819901214443123 
-0.4573010934157106 
-0.168971934480567 
-0.1724427893073247 
0.2562765815351032 
-0.084088684074616 
0.06624483303655315 
-0.2373815658607196 
-0.8447340717569122 
-0.1274403354684356 
-0.02129819984473567 
0.3335577347123613 
-0.1756288090845549 
-0.0997535673142977 
0.1689384613624484 
-0.01971501222121618 
0.07158067519626128 
-0.1158116782377527 
-0.2891158186836019 
0.03381927309749391 
0.363499966241207 
-0.001099547853377184 
-0.5880617916894464 
-0.01636168453275175 
-0.9836203802575293 
-0.0744138731565047 
-0.1458069190735148 
-0.2997116211838309 
0.0814855657871887 
-0.2079466843452232 
-0.0396224117245725 
0.04079594747012039 
-0.05654824829577473 
0.1559361092489596 
0.2023854733556236 
0.1974173222249225 
0.4454748917765831 
-0.1771314607195362 
0.1247139922579292 
-0.02074894601896554 
-0.1067898232617782 
-1.023048344980303 
0.05458828561947952 
0.2378289895785816 
0.08808087909772078 
-0.01470903358991653 
0.2029002606976633 
-0.02157490984243405 
0 
0.08072692644243086 
0.4510433859770754 
1.02875502258877 
0.1824153889265019 
0.06346582882998918 
0.08236356157550648 
-0.1347343249118032 
0.01609210322850772 
-0.2878115443772663 
1.075044554305507 
-0.03142248288817343 
-0.004613565655696532 
0.2494650236001029 
0.4589039601528783 
0.1893058286141604 
0.03735960606637965 
0.06436493055276608 
-0.07300598195061218 
-0.0681727360942035 
0.04315604458987165 
1.34228606765654 
0.04335204267916411 
-0.03240386666955202 
0.5972831297282769 
-0.316885035335927 
0.01371995492447968 
0.1119182467048842 
0.2465614509032385 
0.2227741564021165 
0.7083100934934998 
0.004399876572262582 
1.467186626189187 
-0.08681433626240492 
-0.2917935882888142 
-0.5672360674820206 
0.01697133296933505 
0.9939742101057681 
0.8657286886845629 
-0.1005404199087754 
-0.8915301439712222 
-0.879950651220583 
-0.4991589029688921 
-0.04029631500025106 
-0.1040309475895584 
0.7480039632646339 
-0.0244834655035622 
-0.0168475150038711 
0.6471056966992501 
-0.5118502226588479 
0.1269880340033263 
0.1926984780494764 
0.1151277877173419 
0.2514616237110299 
-1.705385457956856 
-0.0368151886050449 
-0.04846853981043824 
1.065693448907274 
0.3966232999566853 
1.876047218409551 
0.1516241481711179 
0 
0.09102677036682243 
0.07531712220085215 
0.09873076967530503 
-0.2635450508108894 
0.02609585095195126 
-0.3655003102953889 
-0.559281878037742 
0.05978252533051459 
-0.01312753098898534 
-0.08049366408285177 
0.7097078402809586 
-0.06246891717812565 
-0.1855826087774871 
-0.01498432835420103 
-0.1027677689895241 
-0.6481695496742083 
-0.1613574703166087 
-0.01444567056029432 
0 
0.007715243871034515 
-0.02244394819987178 
-0.3206949339344941 
0.09562416072619592 
-0.08962308575199948 
0.272345254310446 
0.2240981553375225 
-0.2374133049586839 
-0.0143203040376397 
1.835297095904414 
0.2823032405936213 
-0.1182467103555004 
-0.03615125550220082 
0.4838074772472608 
0.01040989361252403 
-0.06816618667154356 
-0.04011344674932724 
-0.07494711057070869 
0.8860910519154342 
-0.1857186613276081 
0.2175032880143462 
-0.1659965544163076 
0.0005496259384396435 
-0.2686688982764611 
-0.5297287279591913 
-0.03278193452739315 
-0.07300750617002612 
0.2064036462012943 
0.07941132733541539 
0.08143606277228937 
0.07642449117935805 
0.163185114281275 
-0.2867201120993942 
-0.08505334471390175 
0.3244366328871415 
0.3505592225769495 
0.003779225832401423 
-0.03796116514056224 
0.1726440490475491 
0.06042979554431188 
-0.4043403501728252 
-0.365549698595866 
0.1583509909689902 
0.1533324323248922 
-0.3760148503193282 
-0.06630773307623024 
0.3065331811126041 
0.8274051323795774 
-0.08906131627914084 
0 
-0.006382522084091766 
0.03792033332808836 
-0.6031182495560653 
-0.0592976463019141 
0.05152314882070895 
0.09003868209776565 
-0.02692905674989697 
0.4724881937623954 
-0.002442122988207482 
-0.04499150633163488 
-0.09934467812906753 
-0.1465311583868641 
-0.04108082380215588 
0.04416615993815368 
0 
0.3344799226827904 
-0.02360057978917081 
-0.2915437651163031 
0.2951873186146472 
0.8901124530893181 
-0.09779792439928242 
0.01575380834922506 
0.02342599261594966 
-0.1731722493483541 
-0.02493435847809545 
0.05694695788578867 
-1.697826271070677 
0.03915289470534986 
-1.898815049211099 
0.8121935742140101 
1.156747690887616 
0 
-0.02769384209548077 
-0.02123533285705578 
0.6115268987135131 
1.683179035305044 
-0.0281953926405394 
-0.2592764605225604 
0.0200174454486197 
0.5981244984966877 
0.009937422036273489 
0.7340657301221076 
-1.144103986476744 
-0.3467470804595471 
-0.05239482655430601 
0.3735462022520971 
0.02455781087576216 
-0.005711833347813395 
0 
0 
1.27409851092251 
-0.04643229206723824 
0 
0 
0.1528310126307524 
0.02034157437779227 
0.2258720600711943 
0.0002505286600384899 
0.1264886553615899 
0.5535268910337158 
0.703922840007246 
-0.2572413180306548 
0.05241495265824139 
2.360203178817939 
0.01290937773845269 
-0.1995986948005416 
-0.03867512354398485 
-0.4485645647561015 
0 
0.08551369712291283 
-0.07459528978254031 
-0.1238449341781372 
0.354177655504523 
-0.2079002030509408 
0.5359148826396004 
0.03792331300791902 
-0.1497232264481636 
0.01010857531339776 
-0.08792508711983552 
0.1130935971896778 
0.3050852434017259 
-0.009066639495422652 
0.01913415148463293 
0.01681986656492958 
0.1214338805487259 
-0.08998426837495412 
-0.1228242856840147 
0.05451721127361948 
0.1370716498510929 
0.2382836363774664 
-0.08506479478323625 
0.05579583123514174 
0.4133411507799161 
-1.057881445967442 
-0.1972672112263568 
0.09742479465220009 
0.1610239411604647 
0.1239266870338504 
-0.1047619825775942 
0 
0.0482565629383339 
-0.4470511998436125 
0.01653758852995647 
0.1276899859626941 
0.1650558106924275 
-0.009550010788407068 
2.102011266588678 
0.1875787888130555 
-0.04021240408720578 
-0.6887755616454712 
0.2842873686382289 
0.007348579452949673 
-0.0931950015703638 
-0.07987463723549747 
-0.09221406076903128 
0.3785596625616997 
0.5688125087088712 
0.3628144805964436 
0.687635997581192 
0.1076499315152653 
0.002956634315338644 
0.252953081082478 
-0.04286470042070536 
0.7421240445205912 
0 
0.07680077800996774 
1.244666841290888 
0 
-0.05048976598550462 
-0.02380462721304031 
-0.001998833146854743 
0.1148665945173347 
0.3334988999136797 
-0.7001126404044847 
-0.01794788461632629 
0.5524447801728686 
-0.1382443143470837 
-0.02010730020890391 
0.3321486508616575 
0.5267303758040804 
-0.510633768470829 
-0.1679924738964229 
0.3586355275039917 
0 
0.399476994922626 
0 
-0.1203423373713453 
-0.1481276637951389 
0 
0.0232817010962392 
0.1118966588628245 
0.009555548883064669 
0.3955128573395832 
0.1682887277693666 
-0.141920874056894 
-0.009224051016362311 
-0.05716222205067499 
-0.1526991438769525 
0.0123058255219142 
0.1249533156787908 
-0.02893713920340664 
0.3807266005203864 
-0.03023048600514183 
0.2228384993104666 
-0.0882747392729029 
0 
0.19045611218268 
0.09154458321693769 
-0.1406256408786389 
0.05079691168677009 
-0.762348270032093 
0.4869646524026686 
-0.3442770632033496 
-0.0672107751858405 
0.3216799330746821 
0.3261075902858032 
-0.005604218701236865 
-0.005021363318458026 
0.01121870213712218 
0 
0.2030362144669363 
0.3405258130078443 
0.03509151261469008 
0 
-0.007946736571364252 
-0.136147913685443 
-0.05014118795849626 
-0.02793879813877574 
0.2275451726558849 
-0.008841195923420021 
0.08936263446502041 
0.05611607420982995 
0.1897347919992547 
-0.3780671534885786 
0.3009511305649959 
0.0764758473941369 
0.001029468315401327 
0.05648590068791164 
0.2077913579189694 
-0.2634383000293666 
0.6966601088884673 
0 
0.01362122443735052 
-0.3515224689925674 
-0.1983333930672047 
0.556989008828788 
0.03902003155834013 
0.03974241138486126 
0.9080336820992382 
0.003130511830111986 
0.2455605995694408 
-0.09137237772850935 
-0.1224701768838313 
-0.02562102006704451 
-0.1110316354269721 
0.1957759925632095 
0.00864243329746113 
-0.479673561909744 
-0.002180592007170198 
0.03409792124800653 
0.01830568718918251 
0.2327759032521582 
0 
-0.4329609274890901 
-0.04517045278603604 
-0.177218280495738 
0.007989611890986653 
0.8559371259870057 
0.2655068265269066 
-0.02731265955839295 
0.1299897277240344 
0.7435912540189146 
-1.341722945945357 
-0.7036841844596421 
0.4263629887691983 
0.08126439663345905 
-0.04064084869594533 
0.2330624839026905 
0.5485782209955771 
-0.3299759718091091 
0.7022389640038256 
-2.112730107433475 
0 
-0.4343918808426943 
-0.09273340783566189 
-0.02434427353299209 
0 
-0.5550901781583393 
0 
0.3474060747282581 
0.1285622471431001 
-0.1155906146971746 
0.1123122001470322 
-0.007369930158607284 
0.2386980124363412 
-0.1292897417049325 
-0.2159003388298749 
0.08347692874820699 
-0.2416322898734242 
0.2156314080682968 
0.3901370315475547 
0.09075856120965793 
0.02866552290570409 
1.456088502886077 
0.5030222583869663 
0.00560836893226074 
0 
0.06981683514806208 
0 
0.02367184295618249 
-0.1265518459402224 
0.04074585993840018 
0.03695904507441321 
1.559681428827637 
0 
-0.04141219770784813 
0.02942382204730092 
0.0532081088205421 
-0.9939853317033404 
0.1327914155133469 
-0.05204316944430286 
0 
-0.05634794341562451 
-0.07283794365247079 
-0.07559485879045055 
0.3665173699945308 
-0.06401356900835739 
0.1052051808162772 
0 
-0.3774736341240801 
0.9804367495035247 
-0.01880959189234095 
0 
0 
0.7447584268344346 
0.04484407185823837 
-0.01005802588364984 
0.03088676676731613 
0.004520495132437116 
0.3364575908596803 
0 
-0.008167331781592398 
-0.09808463945154058 
0.01797516081629705 
-0.009179872150612436 
-0.2474456383809964 
0.03218507297392174 
-0.09455744899762802 
-0.02409449641404338 
0.005778450958827674 
-0.07984114102281033 
-0.03130877717547043 
0.07787030175523443 
-0.2288549749723227 
-0.2755735395704927 
-0.6963933537399221 
0.5036493656448717 
0.06301979996037975 
0.1301975999808448 
-0.4444715106501154 
-0.2306640816971137 
0.07719264151124551 
-0.03751827333357816 
0.0547090547660917 
-0.008518798163466556 
0.05096472010411485 
0.6356679023893328 
-0.1671210055823654 
0.04351406215502413 
0 
0.0426637208426973 
1.016935833658302 
0.08310133620176595 
0.3178941876009737 
0 
0.6640681067585067 
0 
0.007415896629036052 
0.3477102038427113 
-0.001151547695613708 
0.1832338909140584 
1.676028470785905 
0.5758481431377346 
0.0002603304498796875 
-0.007026547624152323 
-0.1717119490789394 
-0.01830909245033746 
-0.01127490004256664 
0.009174148011674151 
0 
-1.244936109636673 
0.2053867371201827 
0.02838614538972984 
-0.3066657991469146 
-0.2616110747745539 
-0.2010225195096534 
0.2469175124950226 
-1.085657629271829 
0 
0.3643490832439684 
0.020729124883686 
1.948774743673631 
0.3491203840409682 
-0.02501447600033318 
0.9542553948962098 
0.04182643651262524 
-1.285505016706268 
-0.2187743731332092 
-0.0003262698831025291 
-0.09425935862598503 
-0.3623445233220483 
0.1538236486424142 
0.4250984535901997 
0.8485727243829697 
-0.001590286689862457 
0.02500481592085937 
0.4090757176504116 
0 
-0.06724218912412613 
0.04895277891928317 
-0.8961623653922983 
0.2046096097873907 
-0.09329499788511376 
-0.1347545878436378 
0.03157340754878579 
0.4379822180956885 
-0.1653534243319966 
-0.08325281518882774 
-0.03151858549385693 
0.07286145897198817 
0 
0 
0.7763837191378825 
-0.4261313446333531 
0.2113458021711085 
-0.004042506489470382 
0.2352546821034769 
0 
0.03199472311983023 
-0.01266122538617758 
-0.1150673618162348 
-0.01873339037107594 
-0.5882688994335316 
-0.1373073176332654 
0.1328518486988373 
-0.01345797010201556 
0 
-0.03705296050095274 
0.01243023215478651 
0 
0.8437865832510684 
0.49038031779094 
-0.04381421025150904 
-0.01219924888809702 
-0.1588268461352271 
-0.700989819873826 
0.2121999657796991 
-0.2399935859517439 
-0.2982368789231773 
-0.03705516587522233 
0.1096535523659157 
0.1371468834520884 
-0.9257646351945091 
1.181464966519104 
0.08713958512855691 
0.3851573522685285 
0.2093142277413613 
0.3181449798129029 
0.1953689083397815 
0.3476077089648503 
-0.002676867518022689 
0.32555231590604 
0 
0.1923416349517042 
0.08171338270252286 
0.3910210781420052 
0 
-0.833657679025315 
-0.09613090690490328 
0.01188528462006486 
-1.076642427484769 
0.03632481587412483 
-0.003076162048142479 
0.09109050277231383 
-0.02927570568783132 
-0.004699908133678878 
0.05447994562306549 
0.0104731891608074 
-0.09239175814478978 
0.01553673744906085 
-0.01023519704200653 
0.3164067805116823 
-0.01427704254109463 
0.1541583144381602 
0.2369364934329852 
-0.02065742765658686 
0.01055730025302008 
-0.1226766878334448 
-0.02257955502054997 
-0.008721121419878918 
0.1368852446191304 
0.02559808349186624 
-0.05809227210200654 
-0.01848285820239771 
0.006743681417205314 
0 
-0.2273141000898299 
0.001697832827034044 
-0.04604253586614841 
0.07072347711578281 
-0.06757192096590864 
-0.02834726200950263 
0 
-0.3379777216642283 
-0.05939288286389972 
1.457999155080878 
-0.08557700584318285 
0.01646745239356173 
0 
-0.08440903684604359 
0.2593994551851537 
0.6929387087124719 
0.02348835426324742 
0.01222228959209671 
-0.001986797292689922 
0.05294307752197643 
0.1615180444891322 
-0.293142761446459 
0 
0.2058205659580071 
0.09134011569963511 
0.01077314022464034 
0.01637992430777624 
0 
-0.02702681451286418 
0.2715057560578059 
0 
0.03802541688975859 
-0.346883178907055 
0.1409289744225103 
0.4803565627734729 
0.06156490232512497 
0.1804234922013931 
-0.01660058584999598 
0.2053034947656476 
0.04626191114130476 
-0.09519605335705403 
0 
-0.08895783813382971 
-0.02820119274487983 
0.3095892789756599 
0 
0.09558976525006624 
0 
0.05774965499124419 
0.1403956988357007 
0.02918178315640885 
0 
0.5785586843765493 
0.06260948668242632 
2.367534437983035 
0.1273821895392572 
0 
-0.1708821086843229 
0.0741498203641406 
-1.153397311446991 
0.1755953724999298 
-0.0007325399702720147 
0 
-0.1574293688587117 
-0.3114021328336855 
-0.5749217049709061 
-0.7054913669690835 
-0.2713104191908464 
-1.481540984834443 
0.7436261831800635 
1.079125922259388 
0.01357122739837337 
-0.002118554448516774 
0.3913781313923212 
0.436702052693316 
0.003676517439893986 
0.03973690550313447 
0.1221410026699595 
0.5072728898914506 
0 
0.0223271068048746 
0.372369181384617 
0.1043519283057868 
-0.01628539976908051 
-0.320502271040924 
0.08674882185750503 
0.1149459195329538 
-0.1873012112072429 
0.3161753893725869 
1.248970447933824 
0.2479575178362001 
0.268987329307501 
0.0004716128703004746 
0.6320217146540746 
1.449787177500336 
0.2655220064241135 
0.3674623610795372 
-0.007027443153895675 
-0.2238813773849623 
0.01909422633902381 
0 
0.1132822377467344 
0.1278031145985448 
0 
0.5968002987552928 
0.2720477310702617 
0.6732717425505291 
0.5497177267844734 
0.6620668292760973 
0 
-0.06984305681761496 
0.06374448352658524 
-0.04976608704779941 
-0.03589461540079433 
0.1182967514275091 
-0.004131428971994005 
-0.04152429401631419 
0.08612547429740627 
-0.02968232268325389 
-0.03208227073089816 
-0.1038517063072577 
0.009757761801927571 
0.4664031066349216 
-0.03940656457065108 
0.1491753771869406 
0.003113526147021196 
0.1269276352486218 
0.1128934573868547 
0 
0.03867298620473784 
0.09612116711953543 
0.008639774849413164 
-0.01821664645138663 
-0.320183257834979 
0.2505678829913871 
-0.1629755770090669 
0 
0.09735077119535208 
0.1252035993217273 
-0.01005975754656623 
-0.02998812786548437 
-0.009338537662253142 
0.118570683978037 
0.05710993160153685 
0.19338155850648 
-0.06011815923240212 
-0.006511691456016491 
0 
0.02344345828322201 
0.7576832702811274 
0.03087314095879579 
0.002340021443223461 
0.2267667591813228 
0.2117913356124403 
-0.4147226384000445 
-0.1785646065642069 
0.1490517826091667 
0.7533457775284444 
0.2126695631944832 
0.02610118725468167 
-0.2889216825040692 
0 
0.3168173027807086 
0.6776348219467839 
0.06281201343194978 
-0.04818032279741657 
0.5234869391722093 
-0.4958734302618704 
-0.08726873688276261 
0 
0.2206638822980869 
-0.03545216643270054 
0.08648297525115489 
0.1003974472507194 
0.1725872203780459 
0.5143426212737922 
-0.01836972678783971 
-0.003955912158060855 
-0.005362261172252202 
0.2132879625748648 
0 
-0.01506724130189906 
-0.00319178853790239 
0.03863014223605649 
-0.005127132562047635 
-0.08649405770252386 
-0.005071030345813918 
0.6361742498114099 
0 
-0.04336935234310686 
0.3957799687539393 
0 
0.1032311532008246 
-0.02465418146908769 
0.3322752793181417 
0.5032779690910849 
-0.04941059120581422 
-0.06199448775209552 
0 
0.4162371742252473 
-0.1888808307748838 
-0.08374616008904139 
0 
0.3673450278873061 
0.7848034611471755 
0.6909024719124535 
-0.00958832101640994 
0.3152920128505237 
-0.08679238991990279 
0.2560159759792916 
0 
0 
0 
0.2479105864549075 
0.04982782478569574 
0 
-0.01282149384520804 
0.1019587925293437 
-0.01103968593551362 
0.1822589050247112 
-0.01239525548310871 
-0.04822683487784936 
0.6379706390499414 
-0.02184716977247632 
-0.2075677507070309 
0.008567134339629544 
-2.770924846426158 
-1.869538635077107 
0 
0.1552337810937897 
0.09721029183724612 
0.5502990024581623 
-0.01316593422416329 
-0.158894564645332 
-0.04854164046968538 
0 
-0.3505487766886715 
0.09709337848139521 
-8.549239932860442e-05 
0.006931363795925474 
0.8384920888672535 
0.02118815270635317 
0.6128309620902139 
0.08532758812606707 
-0.1735432870450536 
0 
0 
0.6706942698408371 
-0.2226801605479349 
0.5554147458434743 
0.6400210956274013 
0.00683123244273799 
0.08108084167885013 
0.03782584094285762 
0.03640356662522064 
0.03430295058695722 
-0.1107610703943588 
-0.07275582284457283 
0 
0.09910399627988523 
0.1960617881366021 
1.51863072340066 
0.02228169607515175 
0.1661861753290261 
0.5458238684607051 
-0.2132402057880464 
0.0982088642449931 
0 
-0.1391990282768915 
-0.09982276924421224 
-0.08580072232425165 
-0.03974393635745088 
-0.04891142680580272 
-0.01558856588588391 
0.1703656894542755 
0.4615543178766002 
-0.01118631004562402 
-0.01380132369946009 
0.07990014553713472 
0 
0.1738733332020239 
0.8592245792386953 
-0.255339221961438 
-0.3308005212009756 
0.02591322253091181 
1.057708833564427 
0.459894355491 
0 
-0.1089995277975088 
-0.04843612974642059 
-0.1210291454311684 
0.1764742244697232 
-0.2144650946680505 
0.3625665822126695 
0 
0 
0.018109437640733 
0.1531023256827048 
-0.01574654220319559 
-0.111930058926925 
0.1118016925925868 
0 
0.05406993879620252 
0.03985194326511421 
-0.01891444433506775 
-0.2682076791824548 
1.23299556309086 
-0.02783084222899593 
0.3902739525871672 
0 
0.04196322143973633 
-0.03615519189346049 
0 
-0.1465086576593327 
-0.09424765942644434 
0 
0.2142390013760931 
0.02302793134477285 
0 
0.0158795409256346 
-0.1386886395106197 
0.4195502503244221 
-0.5120450424982188 
0.08354463166276002 
0.009676888703062492 
-0.08985838215624506 
0.4314879638094954 
0 
0.006182847282039417 
0 
0.5830190813095871 
0.09994688724433248 
0.1622089735311078 
0.08969654817108266 
-0.01841100870552621 
0.6686982574809759 
-0.08686983654573148 
0 
-0.01373720528481302 
-0.04290810207915215 
0 
0.4086055447532 
-0.1443219240866276 
0.01286316556298218 
0.05456342642741949 
0.002482970484901898 
-0.02204506386730235 
0.2864514994786297 
-0.06169275837286482 
0.341189075951021 
0.01436351779633852 
-0.2331189147947956 
0.2725190000016867 
0.30690220292217 
-0.02776436380330582 
0.2150496657558232 
-0.00763550026619074 
-0.4557411886084883 
-0.0122779540406754 
-0.008432658859934512 
0.2369075967021014 
0.0785054649386563 
0.3563796324856573 
0.8006487130835923 
-4.065372724475881 
-0.1955060055349967 
0.1614312820801466 
0.6804221864065728 
0 
0.07227378934296341 
0.4516116012355285 
0 
0.4426594517126963 
-0.06189987212323604 
0.4932964516611218 
1.061197244459171 
0.006564269631790614 
-0.3442395387471721 
0 
-0.009924295126399776 
-0.02396993549904634 
0 
-1.344051459064143 
0 
-0.008785042189481417 
0.3456532295227068 
-0.06561255057088776 
0.2393910512420852 
0 
0.0535638361715373 
0.03199098998343353 
0 
-0.02460756584074911 
0 
0.1633098110874433 
-0.06025750489421822 
-0.1847023489127353 
-0.01306391650962333 
-0.1585158669898435 
-0.007684756016521852 
0.07386819528755507 
-0.9214904381397347 
-0.1546199973473947 
0.01337246613583018 
0 
-0.0184447978050561 
-0.0908473603159147 
-0.02267414795939346 
-0.109841550216993 
-0.0719223259635626 
-0.007692973527305343 
-0.1927609067629276 
0.4345702322718236 
-0.1534563962235745 
0.4461418170121293 
0 
0.1016122131511508 
0.3909069829508408 
0 
-0.04560962303043355 
0.117641571256779 
-0.08803089013315024 
0.3426233858922474 
0.08827213161995844 
-0.3843710291093807 
-0.01849653607259847 
0.002977362766995644 
0.02217573340574097 
0.225494767040962 
-0.1964385797275759 
0.1988547361476175 
0.04857831123001213 
0 
0 
0.1182524762853211 
0.1126643161234713 
0 
0.1044992143091177 
0.07438313388196413 
0.1349075739716708 
-0.285199087712765 
0.5276462777581031 
0.3231974421987762 
-0.1612240682886577 
-0.5207905400775554 
-0.0214167455709628 
0.03074130552664536 
0 
0.1465070398011184 
-0.1060841807897888 
-0.4331252742574662 
0 
0.3264750446771429 
0.02380257438419563 
0.1698533367357633 
-0.1540361133960379 
-0.5873875180974372 
0 
-1.032791287462117 
-0.5827474394202492 
-0.1156186315207644 
-0.5462428283300654 
-0.008872091525147742 
-0.003758754331634459 
0.5737639786901059 
-0.5065600090997833 
-0.1345010388767615 
-0.2497151357235511 
-0.068470516723806 
-0.01370914842960769 
0.1722264379682071 
0.4840991244938466 
0.08540627552789844 
-0.03919185793504577 
-0.0730598777531978 
-0.8457306506301313 
0 
0.1098905502250996 
-0.04110975674251199 
0.06715275696526905 
0.8571606188371694 
-0.0358175321405045 
0.2321656644973306 
0.03171688263279866 
0 
0 
0.05189523065913247 
0.5096449862114207 
0 
0.002827861076448803 
0.5004628779331285 
0 
0.01470977070275922 
-0.007273583172758065 
-0.552436779094313 
0.008172145989200066 
0.09321309188120649 
0.02796886763323458 
0.08448531442281505 
-0.1056629840511294 
0.1331774019410741 
0.0528305325595034 
-0.02084792050478181 
0.08072691160263497 
0.2298746147105261 
0.1226017303584445 
0.009459544979644626 
-0.01022549803233427 
0.0260437169445131 
0 
0.3820916232759778 
-0.1452656841967283 
-0.01499926933538659 
0 
-0.01140729542876893 
0 
0.009713152988844866 
0.008134330117250208 
0.05060302310461827 
-0.3720930117124629 
0.1684778176534531 
-0.04448761734168698 
0.2090373251398905 
-0.04817370020004668 
0.4751113033341792 
-0.072096270036707 
-0.6499885075199776 
0 
-1.244251170085151 
0 
0.115783902500949 
0.02215709555440096 
0.07968302073127594 
-0.2374901685920845 
0 
-0.002575144227760858 
-0.1556314870460661 
0 
-0.107147549250671 
-0.8213180736895374 
-0.08895150082249703 
0.02715583221060215 
0.1186493650313842 
0 
0.1127105592957151 
0.7558611151851575 
0.006117616697759225 
0.09365138750802873 
0 
0 
-0.01796883110496603 
0.05952777898630753 
0.4594014710060032 
-0.4783362387877067 
-0.04406248709914311 
-0.6722030214900115 
-0.03060599320352413 
0.004985287674217376 
0.8648354631454538 
0.008900547890934082 
0 
0.09299836991988109 
-0.04419608892242725 
0.06909228785404881 
0.2530632021776083 
0.03506496252897561 
0.05226117966638373 
-0.03801191951345433 
0.3282173673316812 
0.02060397530088363 
0 
-0.3239900871689231 
0.03482899813544151 
-0.01210193211360346 
0.1717671931986235 
0 
-0.01995985755377208 
0 
-0.02542102130330873 
0.7748490749402834 
0.01300375539191981 
0.01395218073656159 
0.01015158508600708 
0 
0.01379673330823888 
0.1304387779782775 
-0.2339778854776329 
0.2585537789412292 
-0.1027793218311623 
0.005845950509697491 
0.09109901762177586 
-0.2260639382385439 
0.007770824227059769 
0.1070805727178669 
0.01716600892720083 
0.008968025521330343 
0.3092012676027597 
0.1162330767167824 
0.2915208703938827 
0.8289799943927244 
-0.1200496265207483 
0.01347580839053317 
0 
-0.1540640014787525 
0.3469405570925404 
0 
-0.3647861415336718 
0.07882804389142292 
-0.3216397790524743 
0.03255843780089567 
0.1230407233152536 
-0.03463396812637456 
0.005373988201862745 
0 
0.5068460901587883 
-0.03790195808104671 
-0.009552489515455509 
0.06362407041416016 
0.03759980993737631 
0.2821326539527416 
0.03025497501415878 
0.07814036040260934 
-0.0273774306698873 
0.01005211374312861 
0 
-0.4889697945574602 
-0.2342529890785188 
0.572968315582896 
0.4664817361844977 
0.005545474191315215 
1.23941473120357 
0.1345814435585888 
0 
-0.1238670737774616 
1.192714548206424 
0.02658460268525872 
0.03348318204855847 
-0.04883931859375747 
0.3623786599521575 
0.0008978184070667916 
0 
-0.01931121530924096 
0.04627639343898821 
-0.07172571140437789 
-0.05297044679827096 
0.5209416855007423 
0.4859141784003309 
-0.7180524561590073 
0.01684901780840235 
0.0984561377585576 
-0.714717385897722 
0.0241720491108844 
0.02618285762036477 
-0.01599089277593585 
0.09329474872681819 
-0.00250428314668357 
-0.3659563783817293 
0.05960323922785768 
-0.1512472308622201 
0.06167648294404082 
0.01928453684675801 
0.01029236638899352 
0 
0.000527969754124888 
0.3693747075805784 
-0.339010504704025 
-0.1707314839030102 
-0.4966956711399284 
-0.03012662113123631 
0.007568463079471893 
-0.006984110604888531 
0 
0 
0.2243192863099491 
0.3862120417512831 
0.1983954921297519 
0 
-0.06659034846517414 
0.5872007386640046 
0.3196776669747167 
-0.01613721224920297 
0 
0.09153138313704394 
0.1014258471554537 
0.03368221228543117 
-0.04902240072058579 
0.02854512929613076 
0.2363735850587477 
0.06524863698677039 
0.002792837121260792 
-0.01135325341798041 
-0.09956660924022973 
-0.4734954904879263 
0.1819997804024782 
-0.306076490038518 
0.135944974709046 
0.1062444396506631 
0.005363829126995463 
0.2247692733405401 
-0.7339829209057165 
0.001910376918130858 
0.1415516852749522 
0 
-0.1462573334900729 
0.06031389347680115 
0.05083898056502269 
0.1699998355553488 
0 
0.08500842577940043 
0.009749871623270824 
-0.02247058032443354 
0.05741487706942658 
0 
0.7640295969521793 
0.002971330877078977 
-0.002553273485620619 
0.1377785392955888 
-0.1538300333081995 
-0.2004750075985307 
0 
0.3813166453749822 
0 
0.08972901607735261 
0.1088407981587041 
-0.1799602144530341 
0.1833574926759499 
0 
-0.004638295820298469 
0.07659157014475503 
-0.8408016356548746 
-0.02660407381091128 
1.641175839608687 
0.1060650534116719 
0.2112196218542813 
0 
0 
0.08722375102854338 
0.2084810726069521 
-0.1583902292384888 
0 
1.865187083494355 
-0.03638082219458766 
-0.3540432409374353 
0.05329041327081572 
0.1561305465528505 
0.3386850210462729 
0.4423287448415896 
-0.0147641554355947 
0.03608551582664549 
0 
0.2721979898525975 
0.05212438952183727 
-0.02917890661784828 
0.01963374009936112 
0.2978262719715756 
-0.6102542072793107 
0.2202682140040645 
0.03942902278247525 
0.2549514500052498 
0.4626128353247348 
0.4559399616350456 
-0.0856921339507612 
0.1010272417817532 
0.1451375480186391 
-0.003308338026515204 
0.05267769347810657 
-0.05545270512480223 
0.01508061381789671 
-0.01373862331623762 
0.08315852331947599 
-0.1083839826310194 
-0.1957445309548006 
0.0978433459178274 
0.2718493318941545 
-0.01746775432442179 
0.001410946296199749 
0.01261194469251831 
0 
0.1629271307440292 
0.9465140280429787 
0.01898921990344073 
0.2823360025843313 
-0.09324203802787551 
0.03287326766820067 
-0.8954416766422343 
0.09439815237546999 
0.3506305332889162 
-0.02874728415158469 
0.2706161316864426 
0.1235611088427049 
-0.4716808931582304 
0.05134726357922115 
0 
0.06157254570409689 
0.06810390586638548 
0.5864001620352781 
0.02422860547555387 
0.1555816194317752 
-0.01930530868390189 
-1.904772252638674 
0.05809796963372633 
0.0582369493978965 
-0.01057291353083162 
0.07485166448171286 
0.07304234245471512 
0.01901463488282564 
0 
0.0521130500427338 
0.4352597375958516 
0.01349182731584429 
0 
0.258742328652753 
0.5511830374687006 
0 
0.3278550055368171 
-0.3921947373422252 
0 
-0.03681547598906675 
-0.1120794885604995 
0 
0.03535186210119272 
-0.3581178021065169 
0.04662045578756939 
0.6386830174787439 
0.2202006669784591 
-0.04024601119798596 
0.03669229293442901 
0.5755560113098683 
-0.3205980701154201 
0.0870727353812038 
0 
-0.01306084172303235 
-0.1738854169268908 
-0.02179640035729401 
0.1287190336165584 
-0.04055916712185876 
0.1457221747880872 
-0.04298185499068097 
-0.07878105992140304 
0.2327225380237148 
0.4841786139409153 
0 
-0.07812036229771779 
1.263349083134534 
-0.004143506156902777 
0.08462355974389935 
0.5685023347739173 
-0.405298908846395 
-0.02127193457917267 
0.6543215660751133 
0 
-0.06637654485130534 
0.2386663190241174 
-0.05940686179687573 
0 
0.5294548230361275 
0.1548300310435095 
0.3141766334576958 
0 
0.2503066896289694 
-0.005532506372822713 
-5.764778231047349e-05 
0 
0 
0.1579130064653227 
-0.008026096265188451 
0.5513889837111593 
0.1321205856432158 
-0.1666531730259849 
0 
1.065631047447332 
-0.4486909239187207 
0.004840766492300718 
0.1798435667231331 
0.3617353544890784 
-0.004371702916740047 
0.06583283115976669 
0.04967366379725817 
0.1354261848084225 
0 
0 
-0.04977659871509658 
0.1690150005455476 
0 
0.4157518737668585 
0 
0.2628440145971519 
-0.03787628116076476 
0.4974584440242636 
0.01134341503957662 
-0.04073275609573784 
-0.1013507317717485 
-0.02298596128203617 
-0.0194098613858553 
-1.148427458781423 
0.6037873944461821 
0.007974466166570363 
0.008896200534045294 
0.3111304351953763 
0 
-0.06566092536327324 
1.018580575797085 
-0.1055112685650306 
-0.2114988588710028 
0.1319177315355626 
0 
0 
-0.1066478463829095 
0 
0 
0 
0.3459449888756987 
0.2280658538624174 
0.3213769582211792 
0.1687048166606143 
0 
0.00810787856683874 
0.1928906471904826 
-0.01246771997266957 
-0.04175514332081952 
0.6049495072463958 
0.07029861214247758 
0.02399055723069487 
-0.010316262954961 
-0.002612010407262324 
0.2024144106947544 
-0.04209403463079093 
-0.0009084221916195925 
0.5732041197796298 
0.02358457366080891 
0.009857229546181413 
0.1415564720460551 
0 
0 
0.4649081707123371 
0 
0.03256288757586263 
0 
0.5626990699646445 
0 
0.5044348546124746 
-0.02303200424892393 
-0.03658163083816651 
0.01537195878152149 
0.009460329454476325 
0.2753627525022653 
0.1337589017219181 
-0.05410232610024249 
-0.3550177731255826 
-0.01014642273201955 
-0.634222163325395 
-0.07803110475454329 
0.3600980034522069 
-0.4942572172495189 
-0.02705869831051226 
0.05277971211596655 
-0.002385972178979375 
-0.01971235955261464 
0 
-0.007853860472824289 
0.04352346241811948 
-0.1381535642744312 
-0.1914657693070653 
0 
0.5281176941129471 
0 
0 
0.7443299131822712 
0.4125061859168125 
-1.016179577787083 
-0.06329521847636788 
0.2440206662418439 
-0.1876907903757537 
-0.03315711206846544 
0.9020874549262275 
0.06804062352656108 
0.1571607478277389 
-0.07273358445359862 
-0.03536685351824365 
-0.004762786466520301 
0.1032342221006369 
0.069969155651917 
0.462566584203774 
0.05012545518059421 
-1.127416083601415 
0.1370952806499799 
0.01392423404107327 
-0.005541836564874716 
-0.00876156844994834 
0.110663989441275 
0 
-0.01908749244202701 
0.05212007860481649 
-0.637863461860314 
0.6813903982486454 
0 
-0.3684949704603158 
0.01886380706091313 
-0.009589646798626202 
0.1623649518211132 
0.1015808016946839 
0.02256032279550045 
-0.009679054278603919 
-0.03718579215791344 
0 
-0.1637147430103805 
0 
0.06554312434440854 
-0.1127634435977484 
-0.7766016315699937 
0.2617976604585138 
0.02014796433577967 
0.06345471509686175 
0.04514433532688714 
0.1425056634312369 
0.2999501643171478 
-0.1299055413345024 
-0.1548931453506754 
0.1127244730398134 
0.1164140325347736 
0.580557008341381 
1.157733037938738 
-0.5293677082886641 
0 
0 
0.2319049726626841 
0 
-0.5848986068008726 
0.03918894758085238 
0 
0.163643466292556 
0.04331168046008198 
0 
-0.002275828470157711 
0.001182964518724654 
0 
0.02381419080953002 
1.093601228589187 
0.02612914656815802 
-0.0102224868761058 
0 
0.1291926414412415 
1.315717539961756 
-0.01341947156735907 
0.907214731726576 
-0.04617202664614871 
0 
0 
0 
0.01977989044818267 
0.778812654797818 
0.01040190705680957 
0.4102851328366455 
0.01246511102102654 
-0.1176405578192624 
-0.1603037093337693 
0 
0.014185241750368 
0 
0.676069590550461 
0 
0.164612887119039 
0.1977683883517149 
-0.2383002651464766 
0.02020258961918573 
-0.1884134584843732 
-0.01006948642098245 
0.2850189312805336 
-0.1200487773365606 
0.232785571126642 
-0.0007509444542842646 
0.2942325546560432 
0.05562023395785885 
0 
0.2527690676277567 
-0.0850340108796155 
0.06083495454315736 
0.01794993863161477 
0 
-0.5904003668098855 
0.03716352126760081 
0.2064627237992068 
1.441784931156118 
-0.1063113086655037 
0.7075989888042811 
0.2962643250523203 
0 
0.2503112921112831 
0.2986366411458427 
0.1448409954415253 
0.05166290125401873 
-0.07968377834201097 
-0.2845355233876696 
0.09025257940246396 
0.01956606619469602 
-0.1795282727534882 
0.8157642526654808 
0 
0.0217207828407964 
0.5966708516952556 
0.5713373147285566 
-0.01332776674687407 
0.02487053156664535 
0.108413485926088 
0 
0.2020762779071981 
0.05327616159963611 
-0.1692650281351874 
0.09714455820742192 
0.1677045882954782 
-0.2035941262344235 
0.04636943662765997 
0 
0.1124862840134235 
0.2204119802339793 
0.02931644512769394 
0 
0.02221759399523286 
-0.248362126610617 
0.3844426567477651 
0 
0.01421523028903151 
0.1010005858095637 
-0.5837602442168655 
-0.01699382273838164 
0.8540607205025185 
-0.2896995270626011 
0.1990075477711001 
0 
-0.2488382830595869 
0.006964378095330006 
0 
0 
0.0507580906866345 
0.3873520324345806 
0.08529778761103379 
-0.1444295951313833 
-0.1802102099812426 
-0.05322988759941595 
-0.02123454339143511 
-0.6041950224875489 
0 
-0.05155971453861129 
-0.1072232741445236 
0.01029289053460548 
0.301023845475739 
1.029647025821113 
-0.2109617115118485 
-0.02805452189708557 
-0.002513861549709944 
0 
-0.01626274754888462 
0 
0.0018437389552794 
-0.1051282649267681 
0.08863976750223315 
0.1137269440487266 
0 
0.01284465766197128 
0 
0.2043847965478005 
0 
0.02879135923467234 
1.132280233344017 
0.04617849611282146 
0.01960147025473979 
0.156686617066594 
-0.05044473725467166 
0.03889754866640369 
-0.07981628131099831 
0.3374555583482819 
0.413567315726289 
0.5762470030205232 
0.1573414904644111 
0.04394454546487854 
-0.003301057363671603 
0.7583624460861348 
0.01311510439044257 
-0.2468381669356797 
0.2226257784468939 
0 
-0.03879272783419768 
-0.1329853131231104 
0 
0.01885111676166818 
-0.005438786663570623 
0 
-0.1028033138535624 
-0.007014494934026515 
0.001145997512094046 
0.005197791148031225 
-0.01465703402182866 
0.7453807573527552 
0.2296943589655643 
0.113656063733651 
0.01738109094980106 
0.02133158098961638 
0 
-0.04497813927419658 
0.05572881697064054 
0.04541084077597164 
0.2919933350731551 
0.1314935150872663 
-0.002227983178557899 
0.09963610838509376 
1.100156987211975 
0.1828634325734237 
0.05758547112051327 
-0.04148976311367425 
-0.01749824864029006 
0.08126759895702577 
0.5785214367637692 
0.05108449244886615 
0 
-0.7179397138987068 
0.3683218869975941 
0.2398604106746144 
-0.01926927481425517 
0.3013267523867806 
0.2424642423545126 
0.230976929668986 
0.05937584021837757 
-0.1023645602905213 
-0.0294802585535111 
-0.1837920360578266 
-0.126988005938827 
0 
-0.8520812876428696 
0 
0 
0.04765681668694381 
0 
-0.01890990366933613 
0.04509700182399647 
0 
0.1086058050642308 
0.1828947707291685 
0 
0.0103118180753539 
-0.03294614228937259 
0 
0.1288183628203459 
-0.003034015294734283 
-0.5533117560718253 
0 
-0.09112455182548201 
-0.02773308773888398 
-0.01555652772576067 
0.002010840097056715 
0 
0.009864935578604767 
0.002663133712581399 
0.1516210658381995 
-0.01504103806041643 
0 
0.03177980513645916 
0.1140731535574503 
0 
0 
0.07527689045922831 
0 
0.09368612168589283 
0.1516439704998344 
0 
0.0151860818132093 
0.1843428643099038 
1.227558587053793 
-0.007192202446754084 
0.05272249554328167 
0.1576515975688026 
0.4930353488311691 
0.06290374299864891 
-0.3168951161329304 
0.5643773270963369 
0.805101062072041 
0.1466395295857653 
-0.0983536405298235 
0.1334821604656373 
0 
0.05293244070030995 
0.01697558889923552 
-0.03084002007487946 
0.7085713000393891 
-0.279405204597351 
0.237664099357474 
0 
0 
0.613831168779994 
0 
0.03108936893369026 
-0.2114601448874385 
-0.1861089866388331 
0.3468343300278911 
0.234110166775051 
-0.4799232562227409 
0 
0 
-0.1925858153264011 
-0.007525160882802108 
0.5221282959052508 
0.6463185380879719 
1.107650426305512 
0.2717405625514145 
-0.01601501118032091 
0.001250824368317248 
-0.0289661568171307 
0.9749189336976456 
0.02448838455411395 
0.1165365589349943 
0 
0.01031580612554022 
0.05770520435600435 
0 
-0.01332379942544071 
0 
0.8942557154806863 
-0.02324121727447337 
-0.1006179386356576 
0.007857899561466559 
0 
0.04498918378793811 
0.190428365452268 
0.1374046130362786 
0 
0.09960882492107731 
0.02812699095532554 
0.3169160229734631 
0 
0.01577930590615253 
0.1599552062655671 
0.2492767353277567 
-0.517782904966266 
0.3999416474474784 
0.3552564401920181 
0 
0.03760893987996827 
0.3552850585709058 
0 
0.005472149336201222 
0.01849676045428491 
0.1451402574032339 
-0.3098493073026203 
0.1222305849788817 
0.06021041861386783 
0 
0 
-0.4781065181095047 
-0.03028344833908832 
0.1923506329858998 
0.03337395094970405 
0 
-0.1761785053248723 
-0.002598798763900048 
0.1258085364840578 
0.3834100741202741 
0.1893928747213876 
0.1134108000194391 
0.07301559759781655 
-0.03421711580876402 
0.3951074214391858 
0.314497918968581 
-0.1020403248271363 
0 
0 
-0.07524881307763545 
-0.3411817999155847 
0.181880844693611 
0.002432615689055709 
0.1142080134539921 
0.4792087751338124 
-0.03765407570372378 
0.07984710517059841 
0 
0.8480750723157863 
-0.4349035872615977 
0.003521851636731226 
0.2794708782948923 
-0.02610243440877682 
0.03699474126719386 
0.4222804184121037 
0 
-0.1073024079148303 
0.08871213484465239 
0 
0.1197113158493708 
-0.1465274534130163 
0.07781216858032472 
0.1226740977444317 
0.06705352028337656 
-0.006075703595578682 
-0.1645316484060149 
0.3418519795236978 
-0.319859513250997 
-0.00683885293254385 
0 
-0.007567915654542751 
1.088066770809325 
0.09025389543448743 
0 
-0.04109598116962206 
0.1682573753112055 
0 
0.1204650891049837 
0.05110855285598839 
0 
0.007251592398678831 
0.2889076210832285 
0.4082875232323317 
-0.5088807305622702 
0 
0 
-0.08249218066716499 
0 
0.4630718250187164 
-0.07914857146589493 
0.105396822740345 
0 
-0.1656875826644101 
0.04894981863612486 
0 
0.3035271331982622 
0.0491622520966606 
0 
0.6247857097171986 
0.003272286511913275 
0 
0 
0 
0.0595421577018263 
0.05704653652444067 
0.3315993812132556 
0.7201129803098685 
-0.1853874943032173 
-0.1459118739889686 
0.5620519061310905 
0.1590919222335214 
-0.1128749720318344 
0 
1.461471261550791 
-0.5193673068349287 
0.05067625946060239 
0.0108448398202439 
0.5553952569327714 
-0.1438249654526814 
0.01880873288036815 
0.1694154751124036 
0.0160801866666689 
-0.002441307991853895 
0.3517198541554719 
-0.0199984596467929 
0 
0 
0.3431248953556604 
0.02085089135963947 
-0.01133756146271171 
-0.06066333680829283 
0 
-0.1844683656208721 
0 
-0.03504957490105709 
-0.03870170193842735 
0.2775979480895885 
-0.035251077634432 
0.01749768362990155 
0.601095276935085 
0.353556302071008 
0.002619618405442993 
0.4683058114224573 
-0.02189335328119441 
0.1601320253341137 
0.05276795741962675 
0.1672997560418023 
0.3190166867373298 
0 
0.2724401493542686 
0.6015443558180343 
0.850257333010067 
0.3380624191940457 
0 
0.124211760677849 
0.08330943539912089 
0.1371472482397723 
0.001406809899768476 
-0.006035623858573864 
0.1570129342633393 
0.02137325082566113 
0 
-0.04636063862316317 
0.1187946778733538 
0.2157592305139413 
0 
0 
-0.1220341670983572 
0.4103856203961223 
0 
0.006820580782056556 
-0.47360185348418 
0.01521117094833834 
0.0569506869964446 
-0.005597879374079883 
-0.00751102902685322 
0.01960323026724789 
0 
0.3690655173017214 
0.04853916436511308 
-0.005146221440488324 
1.232578743422393 
-0.1801144584150594 
0.6021010168684489 
0 
0.09523662456873901 
0.01652143734709795 
0 
0 
0 
0.05174569320401536 
0.02418687406344494 
0.3924140501084564 
0.9546833347720632 
0.4831587650447022 
-0.61075067202747 
0 
0.04095011890948656 
0 
0 
-0.03420433548830827 
0.2188273460884991 
0.2881535116624319 
0 
0.0330594553550527 
0.322323351538951 
0 
-0.5319619483317443 
0.02119729240230153 
0.1648270668768941 
-0.02451777407172282 
0.6041843582387934 
0.01459446953710118 
0.3323447188134211 
0.1465752344458418 
0 
0 
-0.3383332474708893 
0.1152956578045115 
0.4012433362254625 
-0.1255460718309322 
0.0888213520969682 
0 
-0.414615618524634 
0 
-0.07089190741658175 
-0.0768221654110951 
0.3357599625292614 
0.4195409648654963 
-0.1620345107358721 
0.002424658686522684 
0.1963488191656242 
1.238222145893765 
-0.07432478773001427 
0 
0.5551337798116105 
0 
-0.09125856186280425 
-0.05403247104490079 
0.4634145453059897 
-0.01684581136474771 
0.3403280554638344 
-0.03543171032675008 
-0.09097756625605879 
0.5756561541066145 
-0.05601116196477511 
-0.03384021311021569 
-0.3092769090237806 
0 
0.05235019921765274 
0.008959392695969154 
0.06652832304744036 
0.01447133555491416 
0.4478116827000341 
0 
0 
0.06243835906099327 
0 
0 
0.0009727718126519643 
0 
0.3629272529362841 
-0.02187394579833177 
0.0006583644964793539 
-0.09203877788378576 
-0.05084207114766179 
-0.02788308434334185 
0.1031466352018082 
-0.3079519151203753 
0.01866779676659591 
0.2200203708619538 
0 
-0.1170313333026742 
0.07433573049380174 
0 
0 
-0.07273392139310349 
-0.01767608644826652 
-0.03691397881421218 
0.08161485590078882 
0.001392751520110567 
0 
0.1632965976023475 
0.005517429701499201 
0 
0 
0.06819032663416467 
0.05634071318915029 
0 
0.01065775861745331 
-0.02305208084255816 
0.09507248874832645 
0.09953782203413471 
0.01543192578827932 
0.1663275305006806 
-0.2007062980314657 
0.06922689067562254 
0 
0 
0 
0.04636228145072022 
0 
0 
-0.006635446443386534 
-0.02291419090836928 
-0.0005157065575968206 
0.02083799800505665 
0 
0.4531413826113385 
0 
0 
0.006450475614731378 
0 
0.03884239089203909 
0.9029243663519027 
0.2605434778980821 
0.01738406650680936 
-0.00902915078601774 
0.02817073702374234 
0.1359565929826171 
0 
0.4190517175707056 
0.00475634777919499 
-0.01084825175913031 
0.02363039973796915 
0.2537685508093374 
0.1416251128732234 
0 
0.04131278293214134 
0.3005440562291301 
0 
0.1704470096505998 
-0.01358354479000191 
0.009732090619922886 
-0.01781361556264302 
-0.04459110728125919 
-1.086153606750615 
-0.03972236578607313 
-0.1142353078917311 
0.2689598051998574 
0 
0.1268375802040499 
-0.4735476066453398 
0.2973271688206884 
0.09514178207272522 
0.08130176024502667 
0.05069882122120006 
0 
0 
0 
-0.1368615438918275 
0.07895239645924357 
0.03951944428080616 
0.1320951331076969 
0.2446659775512086 
0.09905481116025007 
0 
0.004932924517211348 
0.8850595363541983 
-0.000636014542694352 
-1.198263533168777 
0.01435781179988129 
0.03339583374451991 
0 
0.03596491557596788 
0.01657181258791638 
0.4007225478182397 
0 
-0.07298167631845875 
0.175101718680915 
-0.005143946572918921 
0.1404604200527311 
1.024085715118089 
0.1256047142379168 
0 
-0.008161859867777748 
0.3653300288257866 
0 
-0.3465518054153511 
-0.04647148772289461 
0.1723283269221449 
0.8402414597386885 
-0.02534876649201268 
0 
0 
0 
0.007292487993967114 
0 
0 
0.0472012824583712 
0.02095465610948843 
0.007545127485131344 
0.1840161323451336 
0.2480124193294401 
0.05242791436939963 
-0.08696892561474109 
0.2132836147979632 
0 
0 
0 
0.02265055408696992 
0 
0.4568276925850692 
-0.02873888547316215 
0.1301128443088645 
0 
-0.03088926260381771 
0.4063574544831916 
-0.1314863753910356 
-0.2724969739869403 
0.003780512770826505 
0.01016613412278536 
0.05725020082813803 
0 
0 
0.2138448981599164 
0 
-0.03933126105308939 
0 
-0.1577899741769181 
0.3855763546059541 
0 
-0.2842933624802949 
0 
-0.1024498293705843 
-0.006751691435133062 
0 
0.03982283938759192 
0.002367588705352743 
0.04497551057416595 
-0.1289532618804707 
0.05898342007625598 
-0.03119470063383128 
-0.4263628634165084 
-0.4687543754876412 
0 
-0.05200018725447685 
0.01429528680372425 
0.07819125763078298 
-0.255921112537125 
-0.7266886655581176 
0.5687746481823682 
0.1902805763187118 
0.5115391621297182 
0.01679318790589968 
0 
-0.5738473057176761 
0.007229486741438971 
1.308005915662126 
0.07717529122621479 
0.1162123087697925 
-0.2122465986033072 
0 
-0.09547906861926905 
-0.01930399277546609 
0 
0.08710741525154529 
0 
0.8356061607938877 
-0.002284002594749571 
-0.8948727140119601 
0 
0 
0 
0.04359322816215119 
0.05580288540988456 
0.4462276866856953 
-0.002974438615124177 
0.1156960147564123 
0.2533223189239514 
-0.1928665210798056 
0.1257746421828977 
-0.0447035954179649 
0 
-0.01497313091236697 
-0.00912328381355126 
0 
0.3732189825425878 
0 
-0.4208325783512114 
0.4111136977228679 
0.5232579425093257 
0.03848055528335294 
-0.4995987279531161 
0.523004970575533 
0.1817265234557369 
0.1427633933783036 
0.05132802521795841 
-0.00424237810931968 
0 
-0.07807922656879467 
-0.5839212320839182 
0.2160780526368164 
0 
0.0349479206374302 
0.7791789307362196 
0.0004437304952411425 
0.6739812121054833 
-0.3933802583983719 
-0.03025479310304084 
-0.06122756197195254 
0.9737873277301281 
0.5187897386859782 
0.097512278985743 
0 
-0.4856924176005172 
0 
0.01341571057841328 
0.1629552025573175 
0.002056248141560793 
-0.2492012666403288 
0.07344032261595221 
0 
0.1494984358982425 
-0.157952137711168 
-0.04624837572292614 
0 
0.4008137107662547 
0.6332286138079404 
0.02471689043100051 
-0.5119704478819349 
-0.2977315587322863 
0.101214168454854 
-0.2289973066457813 
0 
0.05390300092677779 
0.1473581163288568 
0.2000745589948057 
0.362248681391155 
0 
0.685728679939389 
0 
0 
0.08385059796632957 
0 
-0.01211160249425029 
-0.01979031600590188 
0 
0.01415222037328964 
0.04638536574622708 
-0.4254764887668571 
0.01347949134046416 
0.5872161017982815 
-0.0135719218889346 
-0.1251162469838639 
0 
0.04084887053947858 
0 
0.17564208177944 
0.7057811741964811 
-0.05824312165258781 
-0.02402294259938463 
0 
0.001012127133454046 
0.1071965574973509 
-0.01576127647039216 
0.06863927332564765 
0.1051875866762673 
0 
0.01786816422709786 
0 
-0.0337284022612324 
0.009905279580118092 
-1.218681470222289 
0 
1.346700938499374 
0 
-0.007646928915819758 
-0.06596279724612701 
0.6269899350100465 
0 
-0.02249555430236947 
0.1020230092855627 
0.1486006701306633 
0.01488298535662861 
-0.03928664539824286 
0.3977036659753423 
0.05278222162850262 
0 
-0.06319609349061597 
0.004340011476988849 
-0.0008716375407987458 
0.007127939090976991 
0.0145350791790138 
-0.007622838006181132 
0.4917901359611402 
0 
0 
-0.2238373019830629 
0 
0.4790563893203307 
-0.009856564477084214 
0 
0.4785142729199737 
-0.2894488506889243 
0.000674213525614302 
0 
0 
0 
0.001972544494146926 
0.02405870715534435 
-0.04911311998435704 
0 
-0.1971821817263598 
0 
0.02535776228990438 
0.5266130887769737 
0.09450034853149238 
0.01356877291527459 
-0.03823268968594593 
0.2283934741518335 
-0.0133894308832151 
-0.007181142885735744 
0.8212069344597717 
0 
0 
0.2672996321941834 
0.3643497162293883 
0.08087987247852642 
0.07344696399235826 
0.03515912447882991 
0 
0.0373034174684273 
0 
0 
0.002267246241191109 
-0.006327581293136412 
-0.0713537058945323 
0.2231450469343534 
0.1112229907801009 
0.01559227245722072 
0.7044595766262095 
0.05312987178770523 
0 
-0.1005721138032967 
-0.0248858527862759 
0.2010517999819901 
0.073137074436899 
-0.00733951872590417 
0 
-0.09270431906560819 
0 
-0.5033253824869409 
-0.2565094774292913 
0.1013429496974173 
0.007365959140876915 
-0.6578791003360943 
-0.0597117803345487 
0 
-0.01357775002777318 
0.6942324233975471 
-0.04435552966894797 
-0.1850283662594884 
0.2371202644155897 
-0.06284320111859079 
0.009635024389169071 
0 
0 
-0.02384686675750957 
-0.04145339388296018 
0.183091663499578 
0.2090250917398102 
0.002142660942299542 
0.01778614194763986 
0.03714185309247608 
0 
-0.06276418718929823 
0 
0.6276989855679621 
0.04347301504039797 
0.1716789895074581 
0.04274465881447297 
0 
-0.03993184136501623 
0.145929220742545 
0 
0 
0.04056516406599445 
0.3215473250889882 
0 
0 
-0.08032466025885472 
0 
0.1217602109401024 
0.02796035474302271 
0.6341893611284359 
0.03555965899101675 
-0.04887145509597499 
0 
0.03603828026640255 
0.05264115421183133 
0 
0.1378211779187182 
-0.08315152750450468 
-0.02392800369443062 
0 
0 
-0.07993538924788704 
0 
0.002632679150722652 
-0.1167316404805549 
0.06022506864404633 
0 
0 
-0.02475266880600524 
0.02260891702495197 
0 
-0.008498612803610521 
0.1206113687686498 
0.3781520279196159 
-0.008035708806427741 
0.09321966774807336 
-0.01351113481134283 
-0.04902408900937812 
0.09167498276593675 
0.6332256899310305 
-0.05718734431461623 
-0.1641150402846831 
0.02048484465015044 
-0.008359891029953982 
0.3657692816435112 
0.4308071250253571 
-0.1464844310164514 
0.05408256181339025 
0.8280830128400417 
0.03043082605367504 
-0.02093238426502921 
0.5758464320354261 
-0.3054288296971597 
0 
-0.1562542696739364 
-0.07975417687314816 
0.02107177214285257 
1.473739462282608 
0.3413111880098805 
0.2563119421996368 
0.03061435803024359 
0.1497369051067275 
-0.2610579661897446 
0 
0 
0.6363190251919419 
0.00812177264367284 
-0.01350452452345411 
0.9573800038196602 
-0.03902537048575362 
0.09443285868054287 
0.009346920069251474 
0.5140282831752582 
0.7323152290684383 
0.1092645466414186 
0.1648062408481225 
0 
1.362631898764671 
-0.6903954193790791 
0.05955891478009066 
-0.03152263141167469 
0.1302758196553905 
0.117658122482014 
-0.7002567399224237 
0.03614543820863945 
-0.0273937863194699 
-0.09247409619168323 
0.09366391725906434 
-0.003674647568544053 
-0.6998847941105524 
0.03347746481738165 
0.1632581764374992 
0 
0.0086163633581283 
-0.195792124769644 
0.0118889565919183 
0 
0.4842931264211341 
0.005482162947905 
0 
0 
-0.005571854087624764 
-0.3248317474471968 
0.003231866985151927 
-0.1359895423777009 
0.06683550126886065 
1.791053569409986 
-0.03305600886792188 
-0.2972290912912666 
0 
0.04228814179042605 
0.4200794382297977 
-0.3389190034349712 
-0.03948126436589412 
0.1040251237931889 
0 
0.01312920210098498 
1.872855157660396 
0.01164589004725573 
-0.04416605449015765 
0.009362676486248715 
0 
0 
-0.7072302576045086 
0.02517975135984568 
0.003350235644796319 
0 
0.2510702110068493 
-0.07703282014239511 
0 
0 
0.1108453976393387 
-0.003149053802583832 
0 
-0.2837389763155712 
0.3795323528744549 
0 
0.1074656480968528 
0 
0.02174786786794823 
0.008643020111179281 
0.03436497501214412 
0.0157441409911754 
-0.1060288545988729 
0.07687066441784966 
0.03574119960852347 
-0.03770610006926595 
-0.658879147040208 
-0.4561692446650995 
0.0005709045113605916 
-0.01111159941463824 
0 
-0.003317730926591764 
0 
-0.1550590809597933 
-0.04810045492331592 
-0.07747726382516437 
0 
0.01181036701598449 
0.2232314288380852 
0.4162740652867782 
-0.634754107466734 
0.02943635774223525 
-0.05293060197253575 
0.1637938532649042 
0.2038476000246585 
0 
0.01699320393679298 
-0.05309082852984408 
-0.04397695706910359 
0 
0.02457901243691809 
0.01744321178519521 
0.4715895232458819 
-0.09627254836366728 
-0.02887773854898287 
0.2784506003151488 
0.0004623522053393733 
0.3497967120188569 
0 
0 
0.01600170777617634 
0.1692491896674929 
-0.1578571252428943 
0.4828203300460245 
0 
-0.08038667587245719 
0 
0 
0.003394033202137756 
0.109799929393065 
-0.0256960406736676 
0 
-0.01767830192240509 
0.4017994892673025 
-0.0814627390925893 
0.006207799271280267 
-0.04593589758861228 
0.1601796034116741 
0 
-0.02589298402007688 
0 
0.1477796000459419 
0 
0 
-0.002393636995768959 
0.3057603790230942 
0 
-0.01914792031655033 
0.1095358449939719 
-0.08387981410285306 
0 
0 
0 
0.2164289949735614 
1.078803041694349 
0 
0 
-0.01107699562367838 
-0.04672714394577999 
-0.1432875698941479 
0 
0 
0 
0 
0.009798618246557905 
0 
0.1014145401011615 
0.03216166697446179 
-0.08719507090739609 
0.8526148555238379 
0.03327757780237865 
-0.7544152314358298 
0 
0.5996101315469028 
0.4180263849046412 
0 
0.3826382307633269 
-0.005993710890929509 
-0.09586793332238852 
0 
0.7482938488756571 
0.03357308059192139 
0 
0.1079853783140445 
0 
0.3471926777283972 
0 
0.4095854691884493 
0.1076317089984612 
0.4203685359264029 
0 
0 
0.05998972474555977 
0.3108754905352207 
0.6178876477765343 
0 
0 
0.2821795538618493 
0.1824754841353626 
-0.6736560452865424 
-0.4455561894788075 
0.01130296569766939 
-0.02231012834908992 
-0.5084372897474728 
0.05873576846492927 
0.03033808500017099 
0 
0.01125439357664715 
-0.374505586158097 
0.1132128476245415 
0.4175294756780652 
0 
0.0152926575969861 
0 
0 
-0.05096770639631089 
0 
0 
0 
0 
0 
0.1951141149576744 
0.03082711925140239 
-0.006853500813210433 
0 
0 
0.03756102912017496 
0.08044079054041842 
0.1884162360514685 
0.1700728517268884 
-0.03990142459560529 
-0.1996031584684836 
0.0441730529924873 
0.04544586549862613 
0.1402228586522037 
0 
0.2608708496253567 
-0.02838236571534262 
-0.1070888761257198 
0.9332559374371879 
0.02951472427922068 
0.3108105788915418 
0.4687115134172559 
0 
0.01726585776489007 
0 
-0.03473879817038762 
0.6161839855889479 
0 
0.1725302666734958 
0 
0.01513810465717056 
-0.004799029467616652 
0 
0.1214798922495411 
-0.004222080827027923 
0.8859024930972157 
0.03773076584691132 
-0.3140515314317076 
0.04831148908545253 
0 
-0.02693839358404938 
0.004351458947763256 
-0.1113873019651942 
0 
0.123277106399053 
-0.2379867815947824 
-0.103703336571822 
0 
-0.2073404838872528 
-0.0008232820727863514 
0.03677038054365874 
0.1990390664585983 
0.2075457763928684 
-0.1748788838819636 
-0.1351628445086074 
0.04407725497380099 
0.1580247582338634 
0.008780362206833363 
0 
-0.02643748166807774 
0.05668054036609847 
0.0112005783234718 
0.2829102782402546 
-0.05611567486394502 
0.01718622753823277 
0 
0 
0 
0.2550617630218438 
0 
0 
-0.09811472333354654 
0.01164117355901859 
0.5433309272628031 
-0.240183599096974 
0.4567912463491803 
0 
-0.0503996906142043 
0.01360724737730606 
0.2839959031833547 
0.1330989720620281 
0.0882478368768074 
0 
0.01074051452667681 
-0.09414729209110614 
0.1362682796355613 
-0.003769520428452834 
0.1194314185940534 
0.07708385918131418 
0.03649054427856667 
0.01878172761128224 
0 
0 
0 
0.09245758858826966 
0 
0.1009150936035955 
0.006158126186471949 
0.04115658048804023 
0 
0.3433180332973327 
0.2797080997558363 
0.1484501044802154 
0.01092931137631505 
0.1028968514203895 
0.596645211371874 
0.1267734594471114 
0 
0.05776869136807944 
0.04361593556087588 
0 
-0.2195820414370095 
-0.0760718828507229 
-0.01223467487521013 
0 
0.03422729490827356 
-0.001300329899220499 
-0.002683470354771811 
0.3677545034603715 
5.465973003684205e-05 
-0.0640706010490575 
0.02712609090147582 
-0.09443569592199638 
-0.01896948205689055 
0 
0 
0.3185269351978928 
0.1296978917081736 
-0.05648275574061232 
0.07277738744060763 
-0.02361429313581585 
0.0325952402697884 
0.01879295562107292 
0 
0 
0.1180770636600413 
-0.01869902962733326 
0.02576152699585026 
0.3533199275267111 
0.4163603519653878 
-0.118417696888991 
-0.003126561726872259 
-0.02357165660089595 
0 
-0.5118466793341498 
0.06507647475503757 
-0.1149219433160881 
0 
0.0228405149244181 
0.01244455602716445 
0 
-0.4946800853354994 
0 
0 
-0.09061286502857294 
-0.1613716032831854 
0.07311209133103136 
0.03444093743973902 
0.04746373993033081 
0.05857788671510256 
-0.07428901817298812 
0.1289501534253217 
0.01288156973795606 
-0.07082497949152096 
-0.39502734869526 
0.2250063356643934 
0 
0 
0 
0 
0 
-0.04493080020411996 
0.02946337643028298 
-0.5556414586826406 
-0.05020977969543437 
0 
0.02461273107515516 
0.001556279337812245 
-0.04246022404589742 
0 
0.07213271434347789 
0.1642086819375079 
0.02006239367527858 
-0.1239296108956089 
0.01032940347666979 
-0.02817496275686656 
-0.2995026087033132 
0.09767127620857598 
0.2748360832266118 
-0.5367676818675647 
0.3014190098907105 
0.7477094480117996 
0 
0.05339817194392833 
0.3503549949869209 
0.05872380497475696 
0.01694040582870306 
-0.1342516998403121 
0.04449578051899476 
0.1528905908018278 
0.375622277365075 
0.001064629292463651 
0.03298540881980769 
0.0264647186511702 
-0.4259286705541958 
0 
-0.007245828638247884 
-0.2750310287983376 
-0.04493319813194972 
0.3400356448753121 
0 
0.001226073167220666 
0.1662679280443995 
0.1961581491102073 
-0.769106643079926 
-0.0178479194141066 
0.008781996652115874 
0 
-0.03532046789350898 
0 
0 
0 
0 
0.03344684514151765 
0.1314496194377141 
0.1042715258935228 
0.09487742561442282 
-0.04111557720889054 
0.02137736737905141 
-0.0175185802916281 
-0.04783589977674801 
0.347602852584213 
0.2413102365435189 
0.06836543125326758 
-0.03135675715075699 
-0.1003207047651321 
0.006356383190467572 
0.1234774628351133 
0.02025988652931333 
-0.08129154964181487 
-0.02451170780543131 
0 
0 
0.01175203240760356 
0.7228139873358556 
0.1577072375115952 
0 
0.05205322741231962 
0 
-0.002265392390475684 
0 
0.01384005015538647 
-0.0009962320994961818 
0.2342549336785483 
0.209369885645371 
0 
0.05029670190507682 
0.07814813147266089 
0.0005917582530924248 
0.1181104127617326 
0.05861970305699015 
0.1288313698041042 
-0.1585196866707093 
0.07592445450641952 
-0.3660139846931071 
0.001920194401709688 
-0.5774476155728091 
0.06278119212496579 
0 
-0.2410980523842489 
0 
1.240118707376506 
0.1003694484440749 
0.2026496511435063 
0.09175035417570676 
0.4683020562649508 
0 
0.1084467990538746 
0.1346591141845561 
0 
0 
0.3885607658096573 
0.1551967246403534 
0 
-0.108720192787654 
0.1297519330035307 
0 
0 
0 
0.1254558839107645 
-0.219648015836388 
0.0003120661649629736 
0.2606102797336167 
0.202581022529371 
0.190807427130158 
-0.02554769723567433 
0 
-0.006759671283713319 
0.008396037674832303 
0.004854092366752568 
0.4751734260059932 
0.1100603142422743 
0.06937587097963605 
0.08584716459589183 
-0.2661338838668644 
0.1141448063113043 
0 
0 
-0.00981040459419992 
0.1168061363563006 
-0.181169471670166 
0 
0.3301060002122749 
0.2023671657872249 
0.05399298445165549 
0.4143408866140947 
0 
0.2703685930594215 
0.009267626043287111 
0 
-0.1325573510542606 
-0.07128556694497344 
0 
0.2261299645917464 
0.1775729553926543 
-0.01173078350482859 
-0.2344179327396414 
0.03057670253897822 
-0.1672412542591953 
-0.001073529385821479 
0 
0.01239180139977214 
0.1328317606004111 
0.0001049282166254595 
0.5060336301275764 
-0.08632603748159004 
0 
0 
0.0590584609673461 
0.1702172026601172 
0.00963614410611608 
0.5223875717599575 
-0.009881858236449749 
0.04990569706477165 
0 
0 
-0.07344774565044368 
0.02462469722845483 
-0.02042124487821465 
0 
-0.2079670101713004 
-0.4111172121673156 
0.02036793456363522 
0 
-0.1300615621429225 
-0.005626393125515855 
-0.2698120547893267 
0.2241761130839262 
0.1319364104002523 
0 
0 
0 
0 
0 
-0.1782872398455872 
0.01617159062637743 
0.2808164020198188 
0.7714328589896265 
-0.3387955763218801 
-0.01971144882507903 
0 
0.294047362645082 
0 
0 
0 
-0.01590805004265212 
-0.003542181623424338 
0.0005050330522531413 
0 
0.02539532279963867 
0.05561001511754941 
0 
0.08497663267911199 
-0.03275739418505914 
0 
0 
0 
0.1624547150664766 
0.02272562698438766 
0 
0.2820953507628897 
0.09274589633386025 
0.05666347786656648 
-0.0105496870266366 
0.002222681815497024 
0.0470587027151765 
0.0219667554474139 
-0.0267898087485574 
0.07964394500806748 
0 
0 
-0.04506801948712089 
0.1153326521011907 
0 
0.5300826441967246 
0 
0.00220539925371056 
0.04394304143849787 
0.01656049538717042 
0 
0 
0.08472183646968734 
-0.04512424221349411 
0.1077401674603356 
0.09425007980843615 
0 
-0.052507320598267 
0.4260839460328853 
0 
0.02858434684833354 
1.523291665629888 
-0.005590839474774598 
-0.008474222601288597 
0.07878643733232306 
0.002006141202929527 
0.1005213011377739 
0 
0 
0.09229514100984931 
0.2674709959457426 
0 
0 
0.07525515742604433 
0.1084316269788358 
0.01691861755337219 
-0.3415218685842522 
-0.01768275988844439 
-0.3056464943049031 
0.1696884039063755 
0.01128826186318963 
-0.2568048110893699 
0.120590953558007 
0.03888264924846046 
-0.19185004946458 
0 
0.009298732201554111 
-0.02980897377213888 
0.004084944306629814 
0.4242083995069563 
0.2641083973288798 
0 
0 
-0.4860385786380614 
0.0482714813057574 
0.1566873841996624 
0.594947569760307 
-0.05731261835230964 
-0.02181774208738377 
0 
0.0248924681284997 
-0.02209773846767231 
0.02156099245173903 
0 
0 
0 
0 
0 
-0.4206471345648276 
-0.227499312476084 
-0.3429731677942525 
-0.006060790471471736 
0 
0.03192212278745658 
0.07645020241892793 
0 
-0.1761176694430633 
0.2299468335849398 
0 
0 
0.1264850922000292 
0.4991575543023162 
-0.06473577467482287 
0 
0.002227426033050074 
0.02163974826096422 
0 
0 
-0.01016737228304199 
0.7096458364571555 
0.04423312793073984 
0.149051277163227 
0.5229791046447119 
0 
0 
0 
0 
0 
0 
0.05982848629310916 
0 
-0.02407554423998412 
-0.06806270898782478 
0.1033089604955422 
0 
0.1155950382394968 
0.08362396206840526 
0 
-0.05131005984207621 
-0.1615427303145166 
-0.02785385162230703 
-0.2058099580830285 
-0.01461153880463555 
0.8793617140257168 
-0.182042741111394 
0.1765596900473633 
-0.005362857210279034 
0.01489584492278156 
0 
0.007767344082118269 
-0.01598659550706335 
-0.3165570812298534 
-0.01800169255544 
0.01576618326054885 
0 
0.010425361783495 
-0.4948628239353041 
-0.04892060770943248 
0.4284003470616388 
0.1161503380703942 
0.02782533946260277 
0 
0.4832576271198264 
0 
0.01953951686092484 
0.3080502978347077 
-0.03589261049195101 
0.5618232383518807 
0 
0 
0.1033123793740378 
0.5356471201785566 
0 
0.01361242411359813 
0.4171425786930795 
-0.03163545356709124 
0 
-0.04148659444510497 
0.05642780081305621 
0.02433969302993584 
-0.0437221467889196 
0.01614221178741738 
0 
0 
0 
0.7487641954526352 
0 
-0.001584003565921156 
0.1709673858704746 
-0.2324218613823232 
-1.191750971868509 
-0.01506391422143831 
0.03924542969236861 
-0.04997248774086961 
-0.005210998597122039 
0.02678993023872057 
0.2016186325177137 
0 
0.07727919290735527 
0.002764297450407159 
0.2439756074350411 
0.2024466839519628 
0.02643179943738396 
0.3734972617578358 
0.2094205217202903 
0.05015835789861352 
0.6992568703963172 
0.06370111713800757 
0.2023877633210573 
0 
0.8998926435873348 
0.1062702414539814 
0 
0.1833926946847132 
0 
0.2791289513127416 
0 
-0.1881968398959052 
0.5902655395943215 
0.08074589880771178 
0 
-1.627862946595502 
0 
-0.05833230707731148 
0.04744095405621 
0.02100566107598108 
0.4545119390076042 
-0.009065775205964553 
0.02194134119803806 
-0.06427509074050487 
0.5405337673070353 
0.01080031778457299 
0 
0.1670603213796567 
0 
0.05432531766911998 
0 
0.1764621223930538 
-0.003817387197787097 
0.03654602367601283 
0 
0.04080095098333987 
0 
-0.08554768511623462 
-0.02476253190112271 
-0.1046369829665224 
0.1564816318641414 
0 
0 
0.01805557326762552 
0.08225140839433863 
0 
0.07528388708938299 
0.03658091571520746 
0.02846412302219953 
-0.0730627726436177 
0.01076272246772096 
0 
0.005597976856766199 
-0.1021921717904219 
0.05855279057166608 
0.03537810988508505 
0.03104407354609792 
-0.2598871781164566 
0 
0.09827006990379879 
-0.111723893410907 
-0.009210793682265947 
0.4784783759439358 
0.1846603965427036 
0 
0 
0.0271572475980694 
0.156714371296075 
0 
0.1704895230699009 
0 
0.6908410092673765 
-0.09218714000807127 
0 
0 
0 
0 
-0.005828850022395063 
0.005867315028075963 
0.06383695528581053 
0 
0.6549139490374353 
0 
0.06039186051668081 
-0.01749695244793121 
0 
0.01789154235523678 
0 
-0.0124662383849724 
0 
0.2460716870353465 
0 
0 
-0.00664099255232599 
-0.003804108327101751 
0 
0 
0 
-0.003993330683948009 
0.6595523948874058 
0 
-0.003107501084214698 
0 
-0.1092867895149314 
0.02521138065360564 
0.1418201846044624 
0.02122691069801267 
0.0848074175230165 
0.01638359088266687 
0.8611758770005297 
0.01197858844982045 
-0.1109228097573098 
0 
0.1097655024724013 
-0.05667842236229761 
0 
0 
0.07708265274592317 
-0.01082984036083256 
0.009816286009934502 
0 
-0.007761919849783465 
-0.02758292515417796 
0.8208548593019847 
0 
0.8811152530012658 
-0.001981842899564312 
0 
0 
-0.0570383504078936 
0 
-0.245999280154653 
0 
0.04832711616544304 
-0.001557554858618542 
0.0225794260644461 
0 
0.5112583161271984 
0 
-0.1083170951031503 
0.04591060465771964 
-0.005284161617806844 
0.4661236011352317 
0.01400091301324314 
0 
0 
0 
0 
0.8751948631064005 
0 
0.05229019020748794 
0.2017129237894988 
0.01478367236529544 
0.5212422557216843 
-0.04998685714651903 
-0.02301914670978565 
-0.4646535059081318 
-0.009136454763044422 
-0.1781345466474391 
0.2552650226938902 
0.004516606070820256 
0 
0 
0.2494179530882407 
0.3886431544205577 
0.0638284617252487 
0.2074763533192348 
-0.129282869174542 
0.5043830326953309 
-0.3392864637443167 
0.1175955521742425 
0.05275488425547796 
0.8385630282317469 
0.01166899163148481 
0.03390136358489588 
0 
-0.2967560454048128 
-0.03971019477624302 
0.08263807043114695 
-0.02747697022849742 
0 
0.1111728102731212 
0.0001538827456068027 
0 
-1.178725774549701 
0 
0 
0.03488074643878906 
0.02477368509908322 
0 
0.2447724425441881 
0.0009276457014308554 
-0.02433503310011244 
-0.01072036934456574 
0 
0 
-0.7639008986315314 
0.1898029745966809 
0.2247166938461897 
0 
0.09690780206026808 
0.1219406800243366 
-0.01919248054625723 
-0.02649946760118423 
0.08111636094648582 
-0.02718648103929128 
0 
0 
-0.08721313282514895 
0.5932594375297235 
0 
-6.570464753038242e-05 
0.531322442138189 
0.3516222744760211 
0 
0.03708892322346737 
0 
0.007386271937558023 
-0.229179300317296 
-0.01535058203098705 
0.05077515405871316 
0.2934573547295866 
0 
0.09831929831137164 
0.03230235838463982 
0.0138878306090312 
0.1688841410516239 
0.433177983769316 
-0.313789919476213 
0.2588179115188939 
0.01879757724508332 
-0.8585875830954278 
-0.2815333596221517 
-0.1053940598135512 
0.002004208426472059 
0.1907255785585627 
0 
-0.2659166517324291 
0 
0.1179850766396598 
-0.06436010600585944 
0.3413512086845915 
0.4227794926550352 
0 
-0.04646164621576448 
-0.01105301586163749 
-0.113857274984829 
-0.3646277828511363 
0.08088358397870495 
0.03089878231179556 
0.4218852838344969 
-0.1762234915976271 
0 
0.05000256713618112 
-0.2139020668220349 
0.6677883417461183 
0.01330073153089447 
0.06778434992624503 
0.4354728440569189 
0 
0.2225678981840597 
0 
0 
0 
0.0113232691070486 
0.2395803346454199 
0.1978609592410761 
0.000772210775102835 
-0.1470660455129911 
0.7058638587655937 
-0.0609331633940007 
0.06011398252972439 
0.3070653519955198 
0.2269176408768142 
0.3134757255844942 
0 
0 
-0.2978403114433828 
-0.0906901487016919 
-0.03203841728515495 
0 
0 
0.02658786227976882 
-0.05388749478773319 
-0.3493952982981532 
0 
0.1789599976199153 
0.1533532295924654 
-0.02941497597598949 
0.1789599976199153 
0 
0.04360450074559067 
-0.7911801633772606 
0.106482181876938 
-0.2330782709287647 
0 
0.03577060208618578 
0.1247659406883889 
0 
0.02813113140790888 
0 
0.07180595923343311 
0 
-0.1859006531801859 
0 
0.01946477615334889 
0.05038357440183196 
0 
0 
0.009666261590504543 
-0.01739574303056507 
0.5205344430521086 
0.2573907898464297 
0.3066940147540178 
0.02631374710815245 
0.04237532503414642 
-0.05314003915581969 
0.03905675146899566 
-0.06533703947069561 
0 
0.07500128633968733 
-0.1803511190982315 
0 
0.238172583285215 
-0.9755687445507127 
0.6986277444198263 
-0.008810829445748779 
0.000764744518375706 
0 
0.1756436474791779 
-0.02526604348535816 
0.003445838391606009 
0 
0.110178928691906 
0 
0.497201908547164 
0.006520841023552573 
0 
0.2129506125775599 
0.05376941035761054 
-0.06214601500343768 
0 
0.005700618007320549 
0 
-0.1441382128955424 
0.001426995098997546 
0 
0.00074825510660303 
0 
0.7549444978054782 
-0.002166376997309642 
0.02620850014358468 
0.03680782381854612 
0.004531457738956557 
-0.1152673208335949 
-0.04292749362967406 
0.07115687773893262 
0.002824179109143822 
0 
-0.007935506144066776 
0 
0.1937852682266342 
0 
0 
-0.0811183154720938 
0.03793293903788006 
0 
0.07980198024104006 
0.09790533061156262 
0 
0 
0 
0.468760040408874 
0.02520595430019541 
-0.03285656073491001 
-0.003434012248104882 
0 
0.01887050161678752 
0.04533118812603974 
0.07455319023746573 
0.06635237597645632 
0.0519630845895141 
0.2029210133941169 
0 
-0.1761296398720466 
0.274493787707382 
0.5671902263597538 
0.2600328029236355 
0.05272834364929926 
0 
-0.03178025796707196 
0 
0.05474948709146021 
-0.005415891104124397 
0.005659035754924053 
-0.117855253422466 
0.009951899300739333 
-0.02914616349392371 
0.2105979814649393 
0.3000162811647815 
0.2233808184879178 
0 
0.04893343701418732 
-0.02822047909392352 
-0.1682945580070929 
-0.004402603833323698 
-0.0069033078359958 
0.2314183456664183 
0.1476775147876199 
0.307205974113901 
0 
0.0172163136081121 
0 
0.02591514928138283 
-0.01194454805470393 
0.5633491699109222 
-0.02038695218867268 
0 
0 
-0.05664032067410214 
0.01663665171631618 
0 
-0.002957211383520885 
0.01091937453506936 
0.2108379863293367 
0 
0.546444836795049 
0.002004820084323932 
0 
0 
-0.1262639865946723 
0 
-0.03120324342837786 
0.04107215436187025 
0 
0.09387865404094659 
0 
0 
0.01414559251818529 
-0.07032570479665307 
0.0446162396737477 
-0.3987469975674992 
0.06211012225313131 
0.9119938843717518 
0 
-0.02036511761695228 
0 
-0.1045516562334811 
-0.2452678932870414 
0 
0.004618197985251545 
0 
0.316901499702905 
0.01638821953153817 
-0.009249427592041375 
0.1146445948152649 
0.0225741789930852 
0.004374896820392598 
-0.01225832387612313 
0.1156214894247072 
0.185511367181079 
0 
0 
-0.6759267960785827 
-0.2180696042339515 
0 
0 
0 
0.273336859251199 
0 
0.05375329271694203 
0 
0 
0 
0.07638604884506858 
0.002931131010118457 
-0.1222955306857151 
0.0994381338162619 
0.02956194886544624 
-0.004473050558968746 
0 
0 
0 
0 
0 
0 
0 
-0.02570440189694373 
-0.01283670754174789 
0.007469465735844759 
-0.2645417598191711 
0.002744184578798117 
0.1652082828738317 
0 
0 
0 
0.1983941797167766 
0 
0 
0.11161021310369 
0 
-0.002910494782818923 
0.08161104705129762 
0.02882866282642618 
0 
0.05794236296619484 
-0.09153827474425921 
0 
-0.02415958117386832 
0.09178051340805474 
0 
-0.3288763473292803 
0 
0.3578276661652069 
0.1497763596129893 
0 
0 
0.06707248032196364 
0.03521774498778817 
0.9119140099694109 
0.09421623988764079 
-0.002500485106906658 
0 
-0.02174199330115575 
-0.03118842876637093 
0.01635229382561328 
0.1297156167780187 
0.05155462307382027 
-0.08011769030565687 
0.2529033434855734 
0 
0.04715540418301924 
0.00224492011545994 
0 
-0.008087467496271119 
0.06535883462868469 
0 
-1.792993394554994 
-0.01951219471900681 
0 
0.01320794696293305 
-0.6372158597798839 
0 
0.007601579873119725 
0.085638304761083 
-0.003084811375434543 
-0.002921494156340029 
1.375695931339568 
0.06472494800920996 
-0.2657695201102526 
0 
0.04268003733447062 
0.0525403005967523 
0 
-0.3102071301320447 
0 
0.003868633528369025 
0 
0.03331508853770149 
0 
0 
0.04062176131021131 
0.05147082868412651 
0.04745627916669466 
0.2606781874091828 
0.002688014897543649 
0.190177303701869 
0.00700442895983577 
0.8676925400431884 
-0.01960980844044011 
0.01764814486299483 
0.1795396112674192 
0 
0 
0 
0 
0 
0 
0 
0 
-0.1403233983346491 
-0.04415748026764077 
-0.06591151186104308 
-0.0576256123363951 
0 
0.06321570530241588 
0 
-0.103423632426078 
0 
0 
0.01626538425585195 
0 
-0.07802274130914294 
0.3397775489112172 
-0.03352466787806568 
0.09429821392585307 
0.02617708995773717 
0 
0 
0.194828919079606 
0.1622519768195888 
0.3769440334263969 
0 
0 
0.1475499082853224 
0.07931965337878075 
0.02056502308177264 
0.4113843966082052 
0 
0 
0 
0.05956648225784934 
0.5165525114811079 
0.3426962477512562 
0 
-0.006124133645970926 
0 
0.0001267043655316241 
0.1179522043571526 
0.1119716022564946 
0.0539536853571233 
0.03578219303587633 
0.01203403118636718 
0.1184675709764825 
0 
-0.01625498452271339 
0.04674316772689314 
-0.02184068218308171 
-0.3249832091096007 
0.2865213908636434 
0.01873011693987672 
-0.003894025073921571 
0.03481953524080776 
0.08863948972407378 
0.0126978072639339 
0.05118663721456582 
-0.006748879851507722 
0.04945188387249762 
0.2489924181750318 
0.007643793113073665 
0.0926983370920961 
0 
-0.02697394278287508 
0.003005863563318985 
-0.03484865492109558 
0.604873805421684 
0 
0.187357849569141 
0.1239465377946486 
-0.07072240307776188 
-0.002319101795300906 
0.1741930904183021 
0.2364532537561401 
1.700500670028165 
-0.01258238536646447 
-0.1399116081688575 
0.007907364182032903 
0.05425271703461421 
0.041976120259323 
-0.08532501875186352 
0.007628650623471954 
0.007308914104539195 
-0.2231647497955994 
0 
0.004618197985251545 
0.02333623416852602 
0.2531855552915739 
0 
-0.01846947828974723 
-0.04615920048967057 
0.06299236849711734 
0.2480540364207092 
0 
0.1620773283419679 
0.0003741520318003271 
0.1533014724515334 
-0.003643372695749976 
0.07001336905307981 
-0.0451883938938568 
0 
0.05561553195960704 
0 
0.8429274821667081 
0 
0.002993957615603919 
0.5327357775257505 
0.05193583260842354 
0.009821958590893409 
0.0251316793205068 
0.6998594007052236 
0 
0.1120666275771634 
0 
0 
0.03963139262547352 
-0.2404556651593142 
0.2028829649463012 
0 
0.01558830318059801 
0.5936611731918805 
-0.0462335852258666 
0.03155594179993597 
0 
-0.06025189750604972 
0 
0.2929128271867187 
-0.2913328352166015 
0.5590279460225662 
0 
0.09985023579357931 
0 
-0.003013215829629387 
0 
0.01010831705866025 
0 
-0.4532328114292695 
-0.02996834400931436 
0.01101968182711236 
-0.04494481259674502 
0.3142331230625309 
0.01498743708842219 
0.01638562937920679 
-0.01216606308158549 
0.01338057578173175 
0.2668823958441182 
0.2339872871958854 
-0.1202077916963164 
0.02641911175228907 
0 
0 
0.00462864225255528 
0 
0 
0 
-0.2233399547453511 
-0.05203553751829532 
0 
-0.003281845904745738 
0 
0.01632335917384759 
1.079633418013914 
-0.09727201213707211 
0.0352808979428519 
0.003115063936284484 
-0.0131845581691858 
0.02303936756023527 
0 
0 
0.08484496616360093 
0 
0 
0.03339084668823256 
0 
-0.04041642380411371 
0.4262083758907482 
-0.01294026473911334 
0.01475380418313573 
-0.01453038612796093 
0 
0.5235342640864291 
-0.05036118232382319 
0 
0 
0.2564386129976785 
0.1153500371364725 
0.06708601763932448 
0.1279549891278493 
-0.06478949788079642 
0.04536287090099177 
-0.01837434912838651 
-1.055715092511352 
0.3051663282857291 
0 
0.3673692092271145 
0.0343781354405422 
-0.1734860148267127 
0 
0.001999512352462825 
0.1153325187696334 
0.07666371222472153 
0 
0.006209769979558386 
0 
-0.01424298407780511 
0.0668103364027082 
0 
0.0534575483057866 
0.005748633295048437 
0 
0.07653417852400987 
0.007756754068205194 
0 
0.002705141065244485 
-0.1393514251479873 
0.7398711553191953 
-0.3972664211831547 
0 
0 
-0.01068069759262136 
0 
0.1268087394930561 
0 
0.5435172982711095 
0.1750227674525422 
-0.0386850117912687 
0.05616404195869184 
0.1065346648262517 
0.01260389688162041 
-0.06303596981405862 
-0.009073535816726879 
0.2711357605480844 
0.3836686260905982 
0.03261488571157672 
0 
0.0005320708518707487 
-0.03072157255594238 
0 
0.03229606485031492 
0.05297368677578598 
0.02808992464888744 
0.04265371437028678 
-0.09936209929096668 
0 
0 
0.01130485199108706 
-0.05091399920584055 
0.3213807646080041 
0 
0.3988341869100707 
0.02760446569027421 
0.03944862176025309 
0.001976808634975974 
0.1802553491919153 
-0.03591644914203468 
0.01580284773569024 
0.06362191296012287 
0.1200945264865919 
-0.01346676279786625 
0.002874701458209511 
0.03595094642880385 
0.05640910095193585 
0.1103784906834581 
0 
-0.001067863561778038 
0.2360503324027194 
-0.3437424219698062 
0 
-0.008161135375523832 
-0.02105308676116942 
0.2211015016982182 
0 
-0.02446040288213233 
-0.01163292773644895 
0 
0.736504790322822 
0.003735799473977938 
0 
0.04029839662915782 
0 
0.04814344491984645 
-0.0988076231460612 
-0.1054735024646422 
0.2549259682776581 
0.07566355817620647 
0 
0.1234466801613971 
0.01235699331623525 
-0.04598680329319284 
0.04226356072347355 
-0.006402666924222526 
0 
-0.02270432238043753 
0 
0 
-0.1526863586626819 
0.2802900901715432 
-0.1062633824807286 
-0.008260824783659814 
0.02759621478699838 
0.03294847618104942 
-0.009686244667205267 
0.1066177566565378 
0.03046229340239005 
0.2528441165775516 
-0.02147196398790913 
0.01420236816605564 
-0.05240939971310217 
0.01475549457577363 
0.1679821676085722 
0 
-0.1463020652905829 
-0.09435957920471166 
0.009402049471470639 
0.1006920619612441 
0.1232423799404114 
0 
-0.01985648846974234 
0.151834970720664 
0 
-0.09378434134880866 
0.1313612708951047 
-0.00178606569272619 
0.02906542227880405 
-0.0333291263109574 
-0.0854305773802763 
0 
0.07551485244957637 
0 
0 
0 
0 
1.370482331173349 
0 
0 
-0.3609135762718305 
0 
-1.384248658840064 
-0.08535265022834368 
0 
0 
0.08399155407341005 
-0.02141641108038509 
0 
0 
-0.3885773386020199 
0.09020204947228125 
-0.1162466540355606 
0 
0 
0 
0.2580050691462436 
-0.009407787227230862 
-0.03904243060543959 
-0.1113486992888845 
-0.0004657331844177745 
-0.07565197665157276 
0.2898197281572362 
0 
0.05416414995594603 
0.04729678317584413 
0 
0.4874892501512366 
-0.003628714903383495 
0 
0 
-0.02663210266261745 
0 
-0.001024096460136989 
0.1976907110457901 
0 
-0.07143989722387667 
0.006412142881449319 
0.01415164299662011 
-0.08070996553000022 
0.1294666647282788 
0 
0 
0.003536276768362029 
0.09958879206059879 
0.1219622166426411 
0 
0 
0 
0.02167245834746858 
0 
0.0352080092189015 
0.1109442193282369 
0 
-1.51636665639516 
0.01331667555920061 
0 
0.02432785754208368 
0.1310684119568623 
0 
0.2056533769335443 
0.5648288221568446 
0.01495114227431396 
0 
0 
-0.030453792630803 
0 
0 
-0.04922078942530056 
0 
0 
0.3474860708248227 
0.04925488587320979 
0 
0.02531116975283328 
0.09156773535051102 
0 
0.03079599074217292 
0.03540481577145282 
0 
0.3286418659667459 
-0.07620353950269737 
0.06368282339492123 
0 
-0.0344081530778577 
0 
0 
0 
-0.002161002981428671 
0 
-0.08608229532864146 
0 
0 
0 
-0.001484720901109085 
0.2340032239557666 
0 
0.07132195773666027 
0 
0 
0 
0.2518023211896137 
0.2027782984414422 
0.0006638486390020248 
0.01770915547672568 
0.01088853960306335 
0 
-0.01139196732382401 
0.1407020365916488 
0 
-0.07296436457923253 
0.05394846047227425 
0 
0 
0.4440835746059879 
0.09738846456802841 
0.04534774075124529 
0.101073256179146 
0 
0.4016297993757142 
0 
0 
0 
0.5347579027704321 
-0.2295658248101425 
0.5103566195550628 
0.07923229996472474 
0.07992057708179742 
0 
-0.2309254810843657 
-0.05521065260865229 
0.2177959711043278 
0.1745548262104748 
0.183890724882934 
-0.04709300472576355 
0.1086165598466774 
0 
0.4218477717008577 
0 
0 
0 
-0.001120217617593501 
0 
-0.2469217698480506 
0 
-0.05221077067334088 
-0.04745999956812426 
-0.06749731790457024 
-0.02726069275548364 
0 
0.03455051715432189 
-0.6923846463235703 
-0.02509864626297843 
0.2338835714202777 
0.3770896289924825 
0.1041161980032582 
-0.6448012674434979 
-0.3115598393343697 
0.2276948528949123 
-0.5212888815945437 
0.009672668673031272 
0.1036744280875219 
0 
0 
0 
0.07917183808512337 
0.01108293662218923 
0.06690668267044335 
0.04294168104622827 
0 
0 
0.1978917068397925 
0 
0.1317871218909976 
0.1474931866635066 
0.03137322867289096 
0 
-0.01292473107932069 
0 
0.7477300354890684 
0.4540661906388406 
0.009504097346479947 
0 
0.08164264646080149 
0.005725391380207175 
0 
0.6973608627066193 
0.05582896708436936 
0.1169916933839943 
0 
0.282980653288822 
0 
0.02386397645531898 
-0.2760585365415621 
0.7218770846349467 
0.02191306427500231 
-0.3739596696148745 
0.2838790462228969 
0 
0 
0 
0 
-0.2229112762222183 
0 
0 
0.1955569665215703 
0.1029506596596726 
0.01077470082365752 
0.127528235917991 
0.01921730067332892 
0.06526592787488739 
0.1655173527051974 
0.2932801624936371 
0.04725641690901879 
0.004049944047483368 
-0.02416475773579004 
0 
0.07655559249016292 
0 
0 
-0.02485513128532621 
0.0106530225976984 
0.6075109655544529 
0 
0.15236307560551 
0.08559290797706053 
0 
-0.003954797067100953 
0.0009251797467529097 
0.02237349073962119 
0.148971982373924 
0.3050638526400056 
0 
0.06274224836242089 
-0.05912961710187342 
0 
0 
1.111994356922077 
0.856330440343299 
0.2329145018794979 
