solver_type L2R_L2LOSS_SVC_DUAL
nr_class 2
label 1 -1
nr_feature 5000
bias -1
w
0.2690582588532752 
-0.3262428238684789 
0.2357042266479923 
0.621024439361628 
-0.06460945874749956 
-0.2896987059378884 
0.003376301176301853 
0.2240716919857856 
0.4837116415254348 
-0.005929426708361871 
-0.3507844208360513 
-0.1032641518636513 
0.132763833934355 
-0.145816635784868 
-0.3098961530237406 
-0.8515943567206794 
-0.5971908737120913 
-0.0587539447405571 
0.1451577140011525 
0.3898344986547362 
0.3370522435959075 
0.522716172919554 
-0.3875605934674784 
-0.0276748965701427 
-0.049263845008249 
-0.1602461136206325 
1.250145078948988 
-0.01275932844764816 
-0.107681743366263 
-0.05554821130994396 
0.05351889674434346 
0.0004436751110681349 
0.3124015871689712 
-1.131535938057066 
-0.8104077250504702 
-0.02049192302749469 
0.5450114686174206 
0.2823976860083081 
0.1970939660567197 
-0.1231695137948508 
0 
0.20616905368935 
0.01116530400142942 
0.1091961444898424 
0.8631921377568039 
-0.1013833108285044 
0.04648567436467609 
0.01636679298327629 
0.1000133171648183 
0.2091599498998799 
-0.2431254649804437 
0 
0.1205739712165786 
-0.00432145463488404 
0.007681691364630962 
-0.3143613630774968 
-0.0420546271933966 
1.026844169926165 
0.1702480640550899 
-0.2415435194229798 
0.001899183904878551 
0.04204293136881193 
0.03868232437684847 
0.0200999215488732 
-0.7883443151364752 
0.2948894798394263 
0.3354288282704826 
0.1821664527226114 
-0.6114557288155134 
0.2216421215696582 
0.5142632909506917 
-0.5328855537899833 
0.5750110028011882 
0.02348668072398645 
-1.653164771406611 
-0.1086506671545667 
-1.353770654720391 
-0.2848833405520655 
0.3073089190277509 
0.03720138916568849 
0.001978459506923106 
-0.2054456243848457 
0.0595709346844036 
0.2005195984943489 
-0.4973412651210288 
0.1030099727606425 
0.4672455554416741 
-0.7620899179091459 
-0.4620732700917529 
-0.1057802644287367 
-0.04964238197020597 
0.5449129391238534 
-0.0330215377227169 
-1.364136537452942 
-0.2621048267218341 
-0.0895973251758895 
0.1346046945801379 
-0.236250413481715 
-0.6430147035004815 
0.2298634281712731 
-0.04780932777654157 
-0.0468631602521434 
0.2681298096583974 
-0.03731153292604135 
0.1527265228807473 
0.4294354610549789 
-0.09834098566310107 
0.01994574869744286 
-0.01056156284934509 
-0.05950698061522865 
0.1160141832111983 
-0.1946403100739339 
-0.06852910357121651 
0.02561196394375277 
-0.03747202819498884 
-0.2164102674385253 
0.1448318510347245 
-0.1375828222745727 
0.6093034944210991 
0.4243568191622573 
0.326478574561598 
-0.3091537967020551 
0.03776716357739425 
-0.01882824425354273 
0.1324027499337817 
-0.03281420462822182 
0.02971089180699246 
0.1599001638490729 
-0.01418948880113876 
-0.1487336609683598 
0.05551452654335672 
-0.06006749872253632 
-0.7421283083658037 
0.05448013411583754 
0.1484774654849715 
-0.5577147608458615 
0.1506609490750441 
0.276362214197388 
-0.1029709254727015 
-0.2003983608727881 
-0.0293808333588634 
-0.03948636916958072 
-0.005429724442567925 
-0.08775694618515834 
-0.433980495387274 
-0.1699043266545735 
-0.197860706555168 
-0.1324421351753199 
0.03189740491398442 
-0.06268415777310171 
-0.3006141187155646 
0.03742731912015686 
-0.4082710880289446 
0.02345268682840219 
-0.05745062557632954 
-0.09898695330654918 
-0.0220423114019493 
0.1484929619640884 
-0.444950120667383 
0 
-0.02018197519018172 
-0.08369593710782124 
-0.1661236050946852 
-0.0148797286505856 
-0.2990935806131804 
-0.1906637010532437 
0.3286487547815093 
0 
0.2413742966503294 
-0.0203097366891059 
0.1663827870776908 
-0.2137685540169386 
0.2567005648309587 
-0.1445755676208651 
0.2164422262814619 
0.1140887069899606 
0.3775542187531883 
0.1519910849908553 
0.3227069020155185 
-0.0565112962053078 
-0.05310570730439505 
0.207448726705709 
0.01308448796346884 
-0.03061797136057708 
-0.4744187809567981 
-0.03393533055455378 
-1.116985466958792 
-0.3501862872557678 
-0.2000868956043356 
-0.1375855154237201 
-0.5074602719141242 
-0.01782224779100095 
-0.02783015355568608 
0.06314884420326851 
-0.02059300543097439 
0.01862766719568446 
-0.1157309399323998 
-0.2657184916542893 
0.3072331671276434 
0.1541831234474677 
-0.07902762139345922 
0.03042298205213356 
-0.01796814724113843 
-0.1225629224297391 
-0.002716132293139514 
-0.3463517196823624 
0.00498370781100506 
-0.5076893107125828 
0.01819290798534683 
-1.662333972639919 
-0.2141341978397687 
0.06753742247109953 
0.03454864875169193 
0.1068656013486177 
0.2607994964712431 
-0.009867043237460972 
0.04164633361375917 
-0.0102744646519309 
0.2282876356230182 
-0.2061290970206035 
-0.02223686895940702 
0.1741973485427209 
0.3240792095710925 
0.002549470294148079 
0 
0.07641315330531459 
0.01814605085237376 
-0.3152211063304664 
-0.2467482982089838 
-0.1978782729265201 
0.0004262796761955595 
0.1255582975851933 
-0.1956136287353979 
0.9493399942901769 
-0.6335793223261034 
-0.2343043180603509 
0.05947683608684778 
0.1927466416617201 
0.07942052814698586 
0.04851574558170764 
-0.05822404366703852 
0.04176167540878257 
0.05521709406245796 
0.8106948511239411 
-0.09421927036679197 
-0.1877052694796037 
-0.0969796439236517 
-0.3120096985335213 
-0.0043257315688061 
-0.1234629764347836 
-0.2196085312739088 
0.2137219806179788 
0.1612847778413167 
-2.436081240100989 
-0.2161268753136505 
-0.02910622745957592 
0.09307682898008626 
-0.2048570651340964 
0.01997348476241253 
-0.06395033980962797 
0.122448155684128 
-0.02271803276334883 
0.4600194224931317 
0.1626478910288707 
-0.4793814967676591 
-0.1248081468979308 
0.04891346599937401 
0.2545315629665031 
0.2632963037416399 
-0.05429824193968164 
-0.3788046954457199 
-0.009940574242672381 
0.5743713777602301 
0 
0.2491420912157783 
-0.0224697107002737 
0.008287928175633931 
-0.2760252011390658 
-0.2732577918008562 
0.137442695117055 
0.581596892950626 
0.001846080765241794 
-0.04275607954201777 
-0.0245485465110619 
-0.02428815794390466 
0.2659136603235379 
0.3806375925477097 
0.08174940609423917 
-0.003058313726371715 
0.04326110348704446 
0.1817757186480225 
0.38220932930803 
-0.04100718856102911 
0.3282594536678647 
0.05053147665856178 
0.1888729799594841 
-0.002866409491747098 
0 
0.03221494707259655 
0.1106415846663626 
0 
-0.4823230973683941 
0.02764580365811557 
0.4104390215864572 
-0.005250974811543513 
0.1135563112313564 
-0.0185933426591849 
-0.2593683122046722 
-0.3421668842854484 
-0.09531158329819268 
0 
-0.08801393960681134 
0.1077891451817994 
-1.017542478290279 
-0.09715587436800126 
1.377643160812552 
-0.7020555862553404 
-0.1100323122287368 
0.2015723775795919 
-0.1393091913878262 
-0.3152629840809555 
-0.04774711187268137 
0.01643891177828947 
0.06815817632275566 
-0.003582717826321345 
-0.1005828052708306 
0.004863636311938781 
0.1191086681109158 
0.1877431304165632 
0.1698466816958367 
0.4087179671640665 
-0.1716221414937192 
0.02929800079814396 
0.1687477448095431 
0.06260547830152352 
0.03267149440959578 
-0.002603919962486684 
0.05909324913903195 
-0.4159425570897909 
0.2443966068380955 
0 
-0.3611775831471603 
0.08164483605473169 
-0.1013278657555821 
-0.01358934642638566 
-0.3565017010048613 
-0.04276241008756251 
0.0327820789217176 
-0.01221998388987888 
-0.04087698169266089 
0.03816290793245434 
-0.5526977451141801 
-0.04972790522618966 
0.05513285007611472 
0.0737301387064936 
-0.01255452871615685 
-0.1738374164125311 
0.06145349779919045 
0.008592760799467225 
0.155731302677252 
-0.08081206733372945 
-0.06016687571530129 
0.41976974339023 
1.163325314771095 
0.3490116490939036 
-1.001278207101813 
0 
-0.3936072664771342 
0.7278943417677813 
-0.04846842723436645 
0.152348215681573 
0.01654395139240942 
0.07523825038320202 
-0.07626222790303062 
0.1885386678770317 
-0.2038727795710915 
0.1075223908193965 
-0.008145088298291641 
0.09623510372726177 
-0.003786168734030331 
0.1840829558832572 
-0.03466037718886333 
-0.398603574094113 
-0.1076338348614365 
-0.5607663476319827 
-0.02962479436467506 
0.1959026256494753 
0.5047966716552281 
-0.08162293628403551 
-0.3620007136518344 
0.1828641510160357 
0 
0.02752415239498935 
0.06409590170845333 
-0.2869707145983503 
-0.164941165526906 
0.04118233299606591 
-0.0309738929678711 
-0.4565172437059295 
0.01300998023201786 
-0.1533376793589951 
-0.01393292896121187 
-0.02690029139752918 
-0.07277444112942669 
0.1338508863557074 
0.5092157965290428 
-0.02301266829496761 
-0.0562784762116073 
0.214463323000967 
-0.07896868640920497 
0.01778138249512617 
-0.1945799894782481 
0.6499380958780754 
0.9483947854263274 
-0.2414749372737437 
0.08628773128500425 
-0.4969716033341394 
0.1618522191369128 
0.0004538950215815215 
0.3971743912891515 
0.08300991532114628 
-0.1004261495099551 
0 
0 
-0.1914451765092821 
-0.2207418227247297 
-0.4809398983961358 
-0.008563354407963183 
0.9518603491762031 
0.2699267310926805 
-0.1645877342804722 
-0.5068264320642608 
-1.061188965008546 
-0.4184349053759088 
-0.1106211056173762 
0.07996720420968854 
0.6577222169174974 
-0.006040701630113837 
0.3138376254571772 
0.002065318326087207 
-0.4383967713410457 
0.09014961332738602 
-0.08744560235815851 
0.194135066208825 
0.1555501816393652 
-1.628276209843956 
-0.06500869349064183 
0.01979201913106389 
-0.02461350448440562 
-0.004762900166963745 
-0.1464601379826482 
-0.01334832283451468 
0 
0.1921594329068785 
-0.7612778845628504 
0.05208996639569125 
-0.0787858509430459 
0.8943409916776277 
-0.2729668805963193 
-0.5662661911753143 
0.1380016367416961 
-0.02212822049417512 
0.06979944054838644 
0.3249616703644259 
0.03964250474097703 
-0.1039573219003103 
0.02295328868324113 
-0.08740952685941561 
-1.043816933688265 
-0.2526066513155734 
-0.1541551668788233 
0 
0.0974039301181715 
-0.05481044705366751 
-0.212179311550377 
0.04160195541236757 
-0.0289871624449341 
-0.1520194088263265 
0.04770278260423363 
0.1264906914424971 
-0.08317513769047913 
1.316710840611774 
0.4059651611225109 
0.0217661772523941 
-0.04027718499644423 
0.3611793809308503 
0.1142377533721937 
0.007924358989085306 
-0.1050651575349561 
-0.04516890477141456 
0.500364394736551 
-0.3980291609131746 
0.2572338747351784 
-0.01200864073432719 
-0.03525104179265903 
-0.01615888113038886 
-0.6751101898828029 
0.07566077634406217 
-0.2960913151947763 
0.6350664356295005 
0.1105979199750456 
1.194548546121597 
0.4006158414966753 
0.02371256650098973 
-0.1435458908302519 
-0.02341243030731534 
-0.01964219322944911 
0.2036147962500874 
-0.02163675723596784 
-0.06127102993976286 
0.1314431164457918 
0.05477533827221226 
-0.3821471348874379 
0.03814547457917079 
0.1690266361800147 
-0.2618212951908185 
-0.3158658304215462 
-0.4523776691495648 
-0.08102867154975239 
0.3299143698451309 
0.1500088082009129 
0.01568113164512222 
-0.00451727607591897 
0.06327805101386526 
-0.203936408625969 
-0.151738856352697 
-0.01940386140388741 
-0.1309007652299658 
-0.03639567411402637 
0.1992178340926409 
-0.0002279476556308026 
-0.08343433793807489 
0.1495819969917774 
0.1190664753206891 
0.01318509635558836 
0.05929918185176496 
0.0354614279809723 
0.1087257523336415 
-0.01528022347003661 
0.0202441045275535 
-0.3489456966778652 
0.2994628966213821 
-0.03023830623319372 
-0.01664249784332718 
-0.09764181739605174 
-0.1206744720261702 
-0.003108464811093899 
0.1584750446445887 
-1.98857335599899 
-0.00842776965411441 
-0.1345204723294536 
0.03682771089651722 
0.01789786450404801 
0.003052104633024787 
-0.1544596957478308 
-0.0254023810681517 
-0.03436861040139955 
-0.001827220443509739 
0 
-0.3699253354141286 
0 
-0.008414119422656272 
0.5547449193259507 
0.4567769561412553 
-0.1308934578298824 
-0.1064751345771761 
-0.01251564887176909 
0.1832714732756212 
0.007256026731653994 
-0.004630374540014428 
0 
0.005723721018464164 
-0.01209249621849984 
0.0006139548035854381 
0 
0 
0.132852522961737 
0.6238544535680282 
0.05075946502989942 
0 
0.08240425207118349 
-0.3012238259439022 
-0.122706734398478 
-0.1377725271532604 
0 
0.7113042353620104 
-0.06828925924062598 
-0.1329159803005156 
-0.06016249456050927 
-0.3441598718704467 
-0.008261697551919731 
0.005183788861842024 
0 
-0.1591205145063421 
0.002776290536659545 
0.2885821756373592 
-0.03027209009494564 
-0.037308337276217 
-0.1034989163280657 
-0.01679279445319784 
0.03295537318359005 
-0.02875971362931024 
0.08015747145492025 
0 
0.3384920049684957 
0.004395819913557541 
0.1004478023125764 
-0.05987387527047274 
-0.180109481754272 
-0.2403703591024753 
-0.1515168212950327 
0.03716418595812399 
-0.03275444194353335 
0.1160372684973629 
0.04029941389755749 
-1.240305074903834 
-0.05604530195915148 
-0.009020855033014832 
0.06670987067694806 
0.0001004889126850692 
-0.01913218865109888 
0 
-0.07261125582284762 
-0.4646686073812361 
0.04446477237245057 
0.4588259194115318 
-0.22784598563523 
-0.00264621279678814 
1.686508282011648 
0.1079811973977183 
-0.04555535970522839 
-0.034526025643908 
0.08962846215191833 
0.06451355162069512 
0.01015460562598416 
-0.1064861345995097 
-0.01163118638531218 
-0.1159798594354022 
0.07763721880638516 
0.5859418406437457 
-0.1662093669589803 
0.153917331271577 
0 
-0.131200900049088 
0 
0.498660856734613 
0.004773073202060365 
0.1511351915152122 
0 
0 
0.01236504084677989 
0.005764281559389415 
0 
-0.01925092228143793 
0 
-0.3644690223069665 
0.04816468656269488 
0.3865810538038471 
-0.005723690175602231 
-0.3451411697525863 
0.3742806306798975 
-0.0665948371736414 
-0.4973107184418507 
-0.2779876958716179 
-0.006974519771036433 
0 
0.1533557792630526 
0 
0.5810337793521733 
-0.179434016477008 
0 
-0.02062764054572805 
-0.04245253324752785 
0.01320541989253492 
-0.01819035993466831 
0.0869222722147874 
-0.05520656876563021 
0.1568637964553315 
0.07548688303279689 
-0.5019858654250081 
0.03793268730017089 
-0.1150960343777466 
-0.1168162495532435 
0.1355086973592876 
-0.01746118789968086 
1.279219332204127 
-0.03015913674413345 
0 
-0.09388172284079051 
0.02044591829939187 
0.04639891201745916 
0.6485777366032811 
-0.5031593564613321 
0.03825982754974154 
-0.354068373285463 
0 
0.008854801826463419 
0.1419986159147514 
-0.006476055639581065 
0.411480266834199 
0.02638388158209265 
0.03062404639765114 
-0.07275322948355598 
-0.02882644813649472 
0.2862378923652063 
0.07416733167119192 
-0.03668419638385216 
0.3296512866056417 
-0.005766991213156099 
0.007141852596977636 
-0.02008241781982892 
0.09485692350284136 
0.8348232524281036 
-0.02929928987744431 
-0.01394786989379849 
-0.365007253103617 
0.1411364150704603 
-0.2721542411370105 
0.06104281085537008 
-0.0005023202956728132 
0.1003501309642036 
-0.4375237245448736 
0.1366371619023816 
0.003676454301032775 
0.01258603776346143 
-0.3295544437355664 
-0.3255697493396389 
0.606254249839572 
0.6447933572540144 
0.04130217828523518 
-0.1064149452078875 
0.02989301585339892 
0.061864145406168 
-0.03194704808763216 
-0.1149417995113684 
0.03259811145405801 
-0.07762436347143273 
0.1733772321147246 
0.3921342940918602 
0.2144243562934888 
0.2165031352143053 
0.2503952778023145 
-0.02364340282985655 
-0.2113461916870611 
0.02334364012997918 
-0.309951524778952 
-0.00215172764849101 
-0.1085801185253458 
0.1944395116805676 
-0.05229565292898299 
0 
0.04954128884550063 
-0.05765190488103189 
0.006701363260407383 
-0.520850030642648 
-0.5037047557134248 
0.03969011563915312 
-0.04391966716027025 
-0.04656738420295264 
0.2139668994571856 
0.09089445578500202 
0.5965882965062314 
0.4283459385299302 
-1.629519642083037 
-9.756608939902989e-05 
-0.1733971036376985 
0.01216184219507147 
-0.03360672932578255 
0.01282963149295126 
-0.4754241402706976 
0 
-0.1065498427127569 
0.1572215727478959 
-0.1691280172216537 
-0.197042280869772 
-0.02197024868178284 
-0.02805217308614484 
0 
0.1275496324318436 
0.06573829529649541 
-0.09796219072724188 
0.09972239417429128 
0 
0.01291974891968367 
0.0361704070200151 
0.3759600984104682 
0.1936286346418822 
-0.005826673735766251 
0 
0.09536309264436484 
0 
0.01966025809083399 
0.619432686798352 
0.01839986940910445 
0.6508924110436896 
0.6657404709687553 
0 
-0.1259832827153678 
0.01508228242195163 
0.05685353463264663 
-0.1428892861884144 
0.8760510694355397 
-0.02890350624622736 
0.07721457368281889 
0.02710495778412979 
-0.02900420961290515 
0.05560410560501523 
0.6014558628779103 
-0.00272045563106555 
-0.08947583064628252 
0.009200682503216774 
-0.2601584095750258 
0.533069813534605 
-0.00589152989844853 
0 
0 
0.6481323659234075 
0.05329581885976106 
0.03511245025721121 
0.0008872308414986923 
-0.008185611636500062 
-0.01335733539258826 
0.01993767675989721 
-0.003799035814503133 
-0.2777200723724486 
-0.04083641538676148 
0 
-0.2916104516494433 
0.03103966006275457 
-0.020876933458524 
-0.01510357535373329 
0.2026004457496514 
-0.06127212549038931 
0.04446358519773681 
0.1996459309055942 
-0.1083118337002059 
-0.2262424770202703 
-1.070837743349435 
2.687495562440317 
0.007821514686995911 
0.4462434542416902 
-0.08567441656470531 
-0.235355676021886 
0.07928157672791564 
-0.03505614219468946 
0.05221910155751037 
0.05323947012334018 
0.001570199259589194 
0.02659841976887291 
-0.1238058047429948 
0.06102993360840853 
0.1131681116487585 
0.06863446545621263 
0.1414403618490531 
0.01179496862946437 
-0.04661123859167897 
0.01309561581592351 
-0.1941917194939442 
0 
0.09259418870231012 
-0.0418017764921684 
-0.1147014545763826 
0.1513733665839989 
-0.3496901044988637 
-0.1198295058283057 
0.007472496506253899 
0.1319951151077639 
-0.2633941450044948 
-0.1109363840360609 
0 
0.5177418839770657 
0.05792221374694456 
-0.5824802464902556 
0.007887407766123077 
-0.03059535018595257 
-0.1670362615560649 
-0.4964041378605333 
-0.1951811146673864 
1.391889713656622 
0.2862801955757358 
0.001728329295112647 
0.3009538308674857 
-0.0183770803286867 
-0.004098656240812252 
0.5737398392366033 
-0.1376806591912777 
0.5674402950881084 
0.02335269197592163 
-0.4728273375313652 
-0.2652842567963887 
-0.001960561122275986 
-0.05113568596477028 
-0.01523247783870266 
0.07696976221225345 
0.03608780832406682 
0.156099428272525 
0.278626120114156 
0.09448299705747007 
0.01079594194929234 
0 
-0.03884859224214049 
0.1661007481606934 
0.01058585337691498 
0.1377825848111915 
-0.1695586278520428 
0.1485796462639244 
-0.307882232640127 
0.1638316842115733 
0.1695710475274082 
-0.03139526737827527 
0.01375620011764577 
0.001817898773506611 
0.003456407395519561 
0 
-0.01619066166601899 
-0.4631623639168124 
0.01531629295750251 
-0.01037759118974779 
0.06451360721226652 
0.04198231558816877 
0.01603539610367175 
-0.2477728354276549 
-0.02264868897706129 
0 
-0.4205697985312316 
-0.07453812095563639 
-0.1151736947750894 
0 
0 
-0.1331071810670206 
0.02058675657816614 
0.01592272280500003 
0.004371591377660972 
-0.1033830576091934 
-0.09997415721606276 
0.0005793535527786539 
-0.1142236847811332 
0.3707050145964207 
0.007657020710831251 
0 
0.1552055902554332 
0.01289756012498417 
-0.007369227653157316 
-0.01565988026804906 
-0.3203448066923731 
-0.04862411624290819 
0.1664229211329644 
0.1380593570405823 
0.1086884421545445 
0.06245824170967736 
0.2148048766461516 
0.07933993618851311 
-0.01205525766314602 
0.01596119634745025 
0.07891554508985466 
-0.08254066949386672 
0 
0.1606635071799301 
0 
-0.8698097455744933 
-0.003494442025496739 
0.00320322062612834 
-0.6286653693476089 
-0.08083394500754409 
0 
0.01969930345147983 
0 
0.07178956079400656 
0.4584823193951729 
-0.01187366499685386 
-0.09335832183455596 
0.1755726798152695 
0.03378009730767408 
0.00934438361384202 
0.08092566073112414 
0.08132741154827595 
0.1767600126483012 
-0.02102764928469205 
0.301156426138175 
0.01856989291453789 
0.005810855168043331 
0.01202767616507261 
0.01210035705208691 
-0.1274919671143534 
0.07049080776691335 
0.1126024008910642 
-0.0178867798134342 
0.06453797892659099 
-0.2297920793417753 
0.4358550350303818 
-0.074751754759419 
0.0125095362428967 
0.1781886758882577 
-0.05666491761072098 
0 
-0.1354625589009518 
-0.08420134527247697 
0.1242811702148065 
0.08096306515681509 
-0.03631009816484339 
0 
-0.2509984193913239 
-0.1752153379269221 
-0.001741873401552571 
0.1594523673082325 
0.01914685571377849 
0 
0.02020464163303075 
0.1372877006226297 
0.1592698086581932 
0.04728422559729738 
0.03822837591835837 
0.1325275196395128 
0.07301202981983901 
0.05824835056803506 
0.006021734457452647 
0.04223431730543949 
0.004485654311884357 
0 
0.01183028270543351 
0.01315071421838249 
0.1092725180587574 
0.1458215603332202 
-0.009128888408775411 
-0.07074970726024933 
-0.04181976532869549 
0.2437143391437738 
-0.1987738199989285 
-0.08847925671173228 
0 
-0.1656287807949666 
-0.04890677737415081 
0 
0 
-0.03538858139441056 
0 
0.04847674558677538 
-0.5107145362414336 
0 
0.01458437913162951 
-0.02972020218570691 
-0.02421033104359854 
-0.09193935976155851 
-0.02228216829605369 
0.06747406132836266 
0.001057747827951715 
0.01863224464681648 
-1.11155360364944 
0.69110471007037 
0 
0 
0.03069939326359677 
-0.2634936543680769 
-0.300811179660376 
-0.212173222509649 
-0.4364464334524811 
-1.511036323974072 
-0.5074975496428441 
0 
0.003411476532824065 
0.008528039137892893 
-0.7167104000873881 
0.4239996196332073 
0 
0.02827029184477485 
0.03173594679307614 
0.9484643515004157 
0 
0.01005471567739272 
0.2270042846650069 
-0.04178620340148938 
0 
0.01938626632290958 
0.5088653089880106 
0.09547501156257628 
-0.3069084156228834 
0.3902267002468717 
0.2319722394403279 
-0.08082166884093217 
-0.1810030579576038 
0.04034849215339443 
0.2424595245422456 
0.006922335424024879 
0.04435328819527737 
-0.1626818982402506 
0 
-0.07813333872429262 
0.08681171714269525 
0 
-0.04130686399428388 
0.3939299430199563 
0 
0.3336350436081618 
0 
0.6615677449542967 
0.1058304664185483 
0.4038606140495281 
0.6970214870852098 
-0.05632724823677879 
-0.1031860331623816 
-0.04313418611024794 
0.03018496202848153 
0.7614611235682636 
-0.008439491260827204 
-0.04273177566303094 
0.05320431949854795 
-0.02571390909488637 
0.2997540914804634 
-0.04502846613556614 
0.01836214318090178 
0.7634152486311031 
0.158138660265781 
0.3476222096971596 
0.3349858566708269 
0.1728946194178368 
0.03935071128537072 
0.1419806076101929 
-0.004890635632521207 
0.1303717890936567 
0 
-0.1570034027263318 
-0.4265429578802675 
0.2848938086480246 
-0.5889510353880923 
0 
-0.2813505522423725 
0.01990669045476613 
0.01783996367296618 
-0.08384086955890438 
-0.03188859398404147 
0.004165566371638864 
0.05664613910891159 
0 
-0.01929349922897099 
-0.03327748083964146 
-0.01027248718074668 
0 
0.02117387028340554 
0.1523975085712745 
0.02471610162603706 
-0.03760846285659031 
0.3402957739988003 
-0.1219594144491222 
-0.07364243972502005 
-0.07287234277118959 
-0.006437930646642882 
0.1172033732210591 
-1.320201998629119e-05 
-0.04653742223110002 
-0.03054501834689085 
-0.005210051309486144 
-0.03361264767026745 
0.2996785865359111 
1.196843223608749 
-0.04412357001297015 
-0.2868443058472896 
-0.07670491150668284 
0.1005229380825166 
-0.001204086553487785 
-0.01530455089734489 
0.02563769508170904 
-0.021594029247223 
0.3644360690539747 
0.3490498481346205 
-0.0539347217279906 
-0.00216837076480832 
0.001309740842977562 
0.05491229798497127 
0 
-0.1295057267097285 
-0.1433668161845 
0.2290907856744093 
-0.001774139120510142 
-0.001090132369942171 
-0.001754726098630658 
-0.1856402425948719 
0 
-0.002958745390662616 
0.1339881554687357 
0.1164113777675443 
0.07321338469774631 
0.08406674987710824 
0.04319266302239571 
0.1969385348157331 
-0.3108082936474171 
-0.1685204639740889 
0.01232680137132966 
0.237453411562937 
-0.1704545680111823 
0.006369985730513603 
0 
0.127588393294718 
0.142885686718161 
0.4371500780980209 
-0.0340162367390684 
0 
-0.0602530372382103 
0.1146324608487017 
0 
0.01664299421747578 
0 
-0.03236490539877213 
-0.07194563801747302 
-0.01060067537875153 
0.0274108038711205 
0.3580766770775719 
-0.003717925625697031 
-0.04434984800935267 
-0.1221075622643807 
0.1245028966101905 
-0.2585518382101916 
0.1939257752337127 
0.01954532015505353 
0.06388335516084194 
-2.119765253820433 
-1.626834705430689 
0 
0.03886286908579167 
0.8579199675754441 
0.002565837675375635 
0.01356267087322454 
-0.06840215160374202 
-0.01706358432296882 
0 
-0.220459706298354 
0.4883520988083093 
0.01486499542518678 
0.5917568235618206 
0.1819002678456181 
0.03636456954245051 
0.08882890435137931 
0.1134508109572806 
-0.6668573721467235 
0 
0.1956506489771795 
0.1416622440178888 
-0.06092971953948155 
0.3598817399241311 
-0.03667351782633194 
-0.161732350034135 
-0.3557115646987098 
0.002656007080870154 
-0.002171817440020887 
0.4079657526226543 
-0.07014008419558883 
-0.1101929320740564 
-0.0004153898246000582 
0.08127053941414616 
0 
0 
0 
0.1077680060491586 
0.06134932643229927 
-0.5567381806175132 
-0.03847253417636787 
0 
-0.1386054129583393 
-0.05131561667975518 
-0.05256638867246392 
-0.4440532855551166 
-0.03715803688980909 
0.002227545634101033 
0.1117523394292123 
0.009774668884454357 
-0.003155411086442956 
-0.001073094826066874 
0 
0.0940279276235637 
0.04160021798834963 
0.2866410665913107 
-0.4087943245491526 
-0.1942467877124538 
0.03446249155072316 
0 
-0.02733235343065501 
0.1895216243188897 
-0.3467862476891001 
-0.04087217166627159 
-0.08615758504092466 
0.1277191559825426 
-0.01203302540480009 
0.1512001619888868 
0 
0 
0.08083190881425645 
0.1232269512829862 
-0.02764496203949701 
-0.05784335136530239 
0.03115456575074277 
0 
-0.05424354994213228 
-0.01121588727385671 
0.04732640480513536 
-0.2227653322428712 
0.002763454049299199 
0.01318734905802968 
0.1437066995612741 
0.05590043819691556 
0.4793686129110995 
-0.01242448282526533 
0 
-0.03272078685937199 
-0.1943009681648689 
0 
0.1481500827571124 
0.02480685960870379 
0.0146587179464696 
0.1231282570047455 
-0.1302248975694152 
0.1983948666060389 
-0.2900853345137931 
0 
0.02904498414637184 
-0.04407320845176695 
0.1103259138220672 
-0.0001281761096256635 
0 
0.02560665308285278 
0.3052862817199356 
-0.1944246913203332 
-0.04075246247474013 
0.01693076516953562 
-0.0005099161880304106 
0.004344189159333198 
-0.03754010714332892 
0 
-0.02210012730147991 
0.007676626418351177 
0.0684650328693812 
0.06537150191421758 
0.3747966606846557 
0.03982969460557427 
-0.003377519077070027 
0 
0.09756037044589309 
-0.2285800752338868 
-0.04307268984008946 
0 
0.03789546419312612 
-0.3780958398732611 
0.001487859759971459 
-0.0733903863959869 
0 
-0.01437755849278177 
0.1147630926553203 
-0.4100483889257302 
0.261408916129373 
-0.0002852918981798345 
-0.006405902646555495 
-0.02844075560085871 
0.006925500539412422 
0.1973529907631796 
-2.423236788208843 
-0.154313644976857 
-0.001269694695469115 
0.0009153638432809023 
0.6394469062392685 
-0.765680222210857 
-0.1660548658662646 
0.02647310251472297 
0.3491549510186741 
0.2046781067048833 
1.315008668611782 
0.1461898382501097 
0 
-0.05725955057129704 
0.004038954651767722 
0 
-0.001405358698329392 
0 
0.4964098172649875 
0 
-0.01207542249950635 
-0.03264813130544397 
-0.02628723771090149 
0 
0 
0.05969285212643183 
0.100286745507914 
0.04095307799266765 
0.02321203707392185 
0 
-0.06574691882087647 
-0.07065152754873529 
-0.3763089221010262 
-0.01069108293289142 
-0.008854091312302531 
-0.008428261656179719 
-0.01665326140505535 
-0.4515542220604909 
0.1195143482388174 
0.01092739934256065 
0 
-0.00246381968146369 
-0.01032989070823321 
0.004061352413541768 
-0.0803456282001644 
0.01564796475334675 
-0.007071176523198032 
-0.09996986965123922 
0.01426517659382527 
-0.2681646444857009 
0.3322161312891365 
0.07450215173367869 
0.03970209251443172 
0.5603702576795707 
0 
0.01813800046378233 
0.06833810218110353 
0.3545636416984126 
0.001904809529553359 
0.07844660195265132 
-0.1142888701958421 
0.02174832562548099 
0.31544556497385 
-0.05045689510456158 
-0.2805924796192275 
0.003419199134295762 
-0.420971308855825 
0 
0 
0 
-0.1105387618375775 
-0.002250948176999017 
0.04194116244536014 
0.05102516586002043 
0.2265682588669467 
0.08050923409497877 
-0.2340977999423136 
0.7640373620712325 
0.1073852612204884 
-0.09754034471775903 
-0.3296701795917082 
-0.02077951301830936 
0 
0.02871689994525899 
0.1467139878546559 
0.0391514592286257 
-0.1162509092104545 
0 
0.01549914424396337 
0.03833435944959158 
0.06953992819923006 
-0.2167912711138144 
-0.7704635554382172 
0 
-0.3057567130226316 
-1.761891286382989 
0.005083670416512337 
-0.3719919250746055 
-0.1083377517180021 
0.03259389462625917 
0.1932823440415701 
-0.3431494943446093 
-0.1039395190204306 
-0.04629982421685935 
-0.02324811985966438 
0 
-0.02658980147867543 
-0.2662027173463078 
0.08474471468347598 
-0.01030287324002542 
0.04209908753731441 
-0.79048372009193 
0.3707254319467631 
-0.2110151750129555 
-0.06064701160292401 
0.07620218691277579 
-0.198396571149294 
0.08450180063993214 
0.009061396231746521 
-0.02494414265936125 
0 
0 
-0.008695578983561218 
-0.005589400617855965 
0 
0 
0.2223985669595419 
0 
0.05529895486140315 
0.08021152077628874 
-0.6106110740888159 
0.008254251845603626 
-0.0675512503059866 
0.1441057308964198 
0 
-0.05342919966352155 
0 
-0.01244220618710261 
0.0967004931667933 
0.005440609106564992 
0.03187405141160611 
0.09131498545076708 
-0.002680686071178464 
-0.01649459954723254 
0.5980434859510196 
0 
0.0293153692207779 
-0.2265512134728405 
0.006764981762514144 
0.104974840031291 
-0.01924046425334076 
0 
0.03658317317983175 
-0.06115847545517528 
0 
0.1722545727911341 
0.07128318247350932 
-0.1746897402532344 
0.004554357621077919 
-0.007535315955896035 
0.1957486753744117 
0.03794856861631982 
0.5378320176174095 
0 
-1.511314686970397 
0 
0 
0.006525514543764662 
0.1512411435202989 
0.2341721214480074 
0.1460680341325227 
-0.01263688148444962 
0.481546553106417 
0.1245336017630293 
-0.02916456926242482 
-0.7600930036375765 
-0.05066476926491164 
0.05847136947047063 
0 
0 
-0.2002613742415341 
0.9492862262092719 
0.3162285574548883 
0.1173111726525348 
0.01307730480851367 
0 
-0.05400490639398207 
0.3177423150714141 
-0.06173669830858529 
-0.2319295915624824 
-0.01581363284111057 
0.07392873566961246 
0.1339023090518418 
0.1731078927377534 
0.01410858342669184 
0 
0 
0.008361705572333894 
0.03865090914062747 
0.02411502712833398 
0.1699610237466375 
0.00195602099988706 
0.08433776257590006 
1.095530779442835 
0.04472727823446324 
-0.0006211247329195816 
0.1274627796310163 
-0.6805591924139457 
0 
-0.1745314245554431 
0.8346154954604302 
0 
0.01186585879056446 
0 
0.05044280707510259 
0.04068396039034902 
-0.0003988980503675974 
-0.01328213168029356 
-0.1222511272806261 
0 
0 
0.2215974666950676 
-0.2642058554625938 
0 
-0.1173611846886984 
0 
0.06104782204014938 
0.02063720280620251 
-0.05759241864006751 
-0.3343014126076271 
0.002894891745637973 
0.03632049455426654 
-0.1014664454486203 
-0.01794024892894922 
0 
0.5094178800020444 
-0.2226827564670495 
-0.05177085825337834 
0 
-0.0771730848787892 
0.2082011702542579 
0.2378778919053527 
-0.5556040188126362 
0.1309216644564269 
0.05743026668254414 
0.4687646549153596 
0.04422987013621413 
-0.1335297500238184 
-0.4042245427089776 
0.01225080213049475 
-0.9831871741839996 
0.05857553605860244 
0 
-0.03145099787059901 
0.02969136684912244 
0.1893870426722115 
0.2864473095596313 
0.1719849687855473 
0.004012488229779267 
0.04221652858561542 
0 
-0.5551618333548141 
-0.01780032959702523 
-0.03719853047060468 
0.1398630246896488 
0.5704205236100753 
0.6362096397666784 
0 
0 
0.08192606737316714 
0.3918040658866234 
-0.0002960596307271286 
0 
-0.01054226919623031 
-0.144088664791834 
-0.0632127683430776 
0 
0.07623959860455451 
-0.001709159260603969 
-0.01801019978077693 
-0.01847139316389884 
0.00399592471330453 
0.05903807692357839 
-0.1771802759055418 
0 
-0.290757248105005 
-0.4584574908465536 
0.1363629457174105 
0.1066351237289414 
-0.03150520831341945 
0.4463151795819199 
0.01625247393716602 
-0.4960268291029311 
-0.01679984163032795 
-0.8267681450484303 
0.04658701781816308 
-0.4723756045712801 
0 
0.1006660574417359 
0.02507080939773858 
-0.0105073505523101 
-0.1593164237966272 
-0.1268363400725164 
-0.1949794204708119 
0.08723154776839015 
0 
0.001536101377180298 
0 
0.05617807204081132 
-0.005168462404926523 
-0.2016234561230693 
-0.08867503038273257 
-0.08454701519540243 
-0.03422847947142762 
0.1362706356154686 
0.2806977844793214 
-0.007227786747887347 
0 
0.004589531511201393 
0.03893839443192122 
0 
0.000733843809437076 
-0.05115184564138088 
-0.03863890257337521 
0.6019585249627629 
0.007661804760980968 
-0.01291070836874272 
-0.3403478204433878 
0.07881481111799875 
0.09036556747572592 
-0.320629409890879 
0.6659211447554403 
-0.4792833213227545 
0.1101607597739314 
-0.0006026077321890219 
-0.3886866033763784 
0 
0.05716580304735676 
0 
-0.02870999219351503 
-0.07784077829290167 
-0.002092925629482997 
0 
0 
0.169255319050141 
0.003256892232177705 
-0.02134665551560667 
0.04769384891612784 
0 
0.09674783580810932 
-0.02413511736709236 
-0.0002383224383218738 
0.03743442849631472 
-0.5755769566434098 
0.007062258949214556 
0 
0 
0 
0 
0.1571528564997222 
-0.1598493509727897 
0 
-0.002960098109322342 
0.03426257292864225 
0.01021073338503931 
-0.1544267245795297 
-0.0255722982172061 
-0.008612286290674011 
0.07512302322838944 
0.04911713093763972 
0 
0 
-0.1121055434101409 
0.2701345164767192 
-0.05198883938077542 
0 
0.001912580411660524 
-0.03422876743030093 
-0.03044615087214615 
0.04385637502045189 
-0.0306436566384701 
-0.005875915933252146 
0.07828793590500077 
0.01415961722414106 
0 
0 
0.04986520726934969 
0.1408426484780488 
-0.00218171894373695 
-0.008185901774206986 
-0.0002666349560789882 
-0.161560014954807 
0.02556343682114447 
-0.01701697855712223 
0.03992589803281808 
-0.3610568257479591 
0 
-0.0522159798427204 
0.03028614880468489 
0.07039256842525993 
0.001602111123899198 
0.04870211473501456 
-0.1235426870799319 
-0.02202580903607839 
-0.0112432409644883 
0.06236190226776101 
0.01177838299230437 
-0.01221522281266011 
0.117700143840614 
-0.002651307448241362 
-0.04647750140352228 
0.5077672335603425 
0.4747661318826156 
0 
-0.165509491159742 
-0.01775293132466173 
-0.1270775371080329 
0.05688936536437786 
-0.1286195857006376 
0.3145558010290573 
-0.7313507594129141 
-0.1355654201830754 
0.1176700821704502 
-0.02694157622066851 
0.1232679844598741 
-0.5108044092407327 
-0.1554701893965429 
-0.01092223801805721 
0 
0 
-0.006081730893390973 
0.2169324997613881 
0.05165960709211245 
0.03856212471657 
-0.055068637419796 
-0.5410111341770301 
0.1107818899398293 
0.005046086587841917 
-0.01239790990617588 
-0.01420527455292031 
1.277073879160695 
0.3067823470323293 
0 
-0.02140870439458337 
0.1383122157086102 
-0.0512531943552318 
0 
-0.0213467419954066 
-0.02092062624821078 
0 
0.004049962529837633 
0.2045226353333165 
0 
0.008304380442097662 
-0.1312467743910428 
0 
0 
0.5160438158850366 
0.08924082082725679 
-0.08663710487213572 
0.1305105185705721 
-0.03256443695479681 
-0.06299524144090655 
0.07113409519928958 
-0.1005135641468068 
0.0128715294231033 
0 
-0.03540558088401238 
0.06585452630894784 
0.4095058040774727 
0.1224154632163383 
0.06345625865981519 
0.01045914659044742 
0.09014824910123366 
-0.2143113188005303 
-0.06693208567776787 
0.3692069502844635 
-0.003336225511180966 
-0.02867485578722528 
0.2417265925956419 
0 
0.001118440608900382 
-0.002367401588444893 
-0.02544613477279589 
0.03530671167540672 
0 
0.001854900338344233 
-0.04328930145158209 
-0.004430914983752464 
0.06541048895661548 
0.003408191021042339 
0.1573927862767192 
-0.009825279867890158 
0.2192852802742417 
0 
0.6887641338365418 
0.00796818682832931 
0 
0 
0.01629844921664204 
0 
0.01193067491081272 
0.01962821180867965 
0.07635959572891954 
-0.01776620207327926 
0.2986460003542847 
0.03289885204141076 
-0.2353886105616377 
0.06975980054897296 
-0.4593523595956371 
0.5401733896131644 
-0.1781896460264276 
0.1104233476624366 
0 
0.05936585059305212 
0 
0 
0.05432154915946706 
0.15504185206252 
0 
0.006213762125311335 
0.0006526775274146346 
0.02382175443113345 
0.4343522278898156 
0.8440968694205875 
0.04674456264179517 
0.02606757634968105 
-0.02008985636482774 
0.04478716340618452 
0.2295624787703336 
-0.6680939862664808 
0.9181515411835712 
-0.01063586030534625 
0.01922871189355049 
0.09432413978324279 
0.4484973494060526 
-0.2251029964166285 
-0.01281366492603471 
-0.08395539265744084 
0.02079300189291344 
0.1097353063407032 
0.1369538686694735 
0.01871630373903945 
-0.08317630080577959 
0 
0 
0 
0 
0.02826645818016307 
-0.009366684633177292 
0.004418922224472029 
0 
0.04095189611296297 
0 
0.01773948117152421 
0.04097519914638056 
-0.2324131953846217 
-0.01917602873316909 
-0.1727082550323044 
-0.2022001375126627 
-0.003630969004859192 
0.5782294846988001 
0.0089839257799855 
-0.02449847282470524 
-0.1597052568765162 
0 
0.00396073461310403 
-0.008603388002419455 
0.06175498313882273 
0 
0.3316994226818308 
0 
-0.008809207917519961 
0 
0 
0 
0.0134577109701455 
-0.02344478294786535 
0.00765912121011436 
0 
0.01069643951873563 
0.1471527538147346 
0.4489507083338231 
-0.1779520530370019 
-0.1568509839880548 
0 
-0.0620948248749489 
0 
-0.1513256843925976 
-0.8823701667690934 
-0.008460389106163065 
0.04102145880840611 
-0.005480577531959911 
-0.007367753824353521 
0 
-0.000748541547836443 
-0.1153466916212043 
-0.05464335629630972 
-0.04766221020162919 
0.006653646032266433 
0.04477497504612745 
0.2577431969722652 
0 
0.0735752190489329 
0.284066155959191 
0.1851645903247826 
-0.0009971054688216216 
0.1074420474492135 
0.001368230775060122 
0.03821829782747046 
0.0274841328911804 
0.3470765094727056 
0.2702750646911507 
-0.006648790190870481 
0.03094294045283041 
-0.001648064622969836 
0 
-0.006980593246233865 
-0.08042821884632534 
0.1716661480598305 
-0.5767386925293222 
0.002458045759839815 
0.02653480720617586 
0 
0.1144694280933291 
-0.04120250693611498 
0 
0.003695411404165094 
-0.08349588555473772 
-0.1105314795443043 
-0.007808408828746043 
0 
-0.1133756844868107 
-0.04598502528481077 
0.005927789051160658 
0.0405721433835069 
0.01362747736366168 
0.07805263775293331 
0 
0.4794135129296533 
0.002614444445480695 
-0.05528143511105299 
0 
0 
0.5666116634504941 
-0.5756878964707465 
0 
0.1854847406869786 
0.1191724992468305 
0.001971228898288846 
-0.0120928317692606 
0.1268786375175223 
-0.1786993368185471 
-0.09962423745561805 
0.001422577419277057 
0.04401026682572032 
0.2519645218892573 
0.508305196959045 
-0.006633061403817376 
0.004086162498683936 
0 
0 
0.02838186791542913 
-0.7893151826619647 
0 
0 
-0.07344606733451962 
0 
0.05908213922002414 
0.004474448908022371 
0 
0 
0.003779769889285204 
0.4408763757969732 
0 
-0.02695494182006341 
0.2982670574169801 
-0.04265470201650657 
0.1174455572672959 
0 
0.0005921195198212373 
0.01442294383091313 
0 
0 
0 
0 
0.009276577901142327 
0 
-0.1015785248079982 
-0.007413696351363541 
-0.02483392766546755 
-0.09766772145657623 
0.05390502617091537 
-0.001548567416317725 
0.003764384061925473 
-0.1411306693619536 
0.0506190527089707 
0.01396179036263437 
-0.0213095105672816 
-0.2856698665760358 
0 
0.1263785646623697 
0.1230172572322271 
0.1563950987088553 
0.1725660557100077 
-0.2085666275223471 
0.02606843611041802 
0 
0.004217701332674974 
0 
0.1113552762738994 
-0.03993601501610834 
0 
-0.003485813617913973 
0 
-1.478196556286922 
0.0004458561152612863 
0 
0.2534305984270845 
-0.02999560218651462 
-0.03300226087825812 
-0.002759684644530073 
0 
1.029612710227945 
0.3193937096075569 
-0.2191049969630285 
-0.1011454824278402 
-0.1118056327555406 
-0.4465522910200282 
-0.1121495796734587 
-0.009542766434885585 
-0.01064466644403709 
0.4755813449355348 
0 
0.02202985533985037 
0.08753648142941037 
-0.1197836416538391 
0.4127959662652677 
0.008688799065131238 
0.111499741089023 
0 
0.05260625645897316 
0 
-0.02247078218770894 
0.006264265526942902 
-0.03911586910701038 
-0.04308970554084472 
0 
0 
0 
0.3511772138172699 
0 
0 
0.007891823323374061 
-0.3243141740755278 
0.003956328132757024 
0 
-0.0009927193659390748 
0.1609605403471297 
-0.6619318649695024 
0.01204555315515714 
0.204667790855457 
-0.3450378151211621 
-0.05649795570957223 
0 
-0.08266017645140128 
0 
0 
0.002193007700809737 
0.4262602000025472 
0.02694356723816783 
-0.0446783650839643 
0.4313695388458566 
0.02380069879712023 
0.05693802434512771 
-0.01308016656438135 
-0.3659366732873804 
0.1892971961772892 
-0.2466528163770935 
0.2289603095431494 
0.02656926023266333 
0.4280408910001686 
0.005472496290075033 
0.7675176370175353 
0.5158843583065278 
0 
0 
0.006519277055798741 
0 
0 
0.07649516504071074 
0.004547541730909522 
-0.06227663080514551 
-0.01001778760403649 
-0.03309251137754936 
0 
-0.007720270167822289 
0 
1.036476450349166 
0.3015784766563619 
-0.01954903417482667 
0.006999043800542481 
0 
-0.1167824925082769 
0.04913173175324708 
0.04728607427489408 
0 
0 
0.06403833140663866 
-0.02427091735796361 
0.01388809915042257 
-0.006315059599801266 
0 
0 
0.1122937652111665 
-0.01165523943782848 
0 
-0.006893328690610475 
-0.1421677148473605 
0 
0.005253973613714803 
0.1053285839103361 
0 
0.1214732618242165 
-0.008258613125906535 
0.008665907675413479 
0 
-0.002910596309035494 
0.2439060694497282 
-0.07745843424345555 
0.09854448046051993 
0 
0 
0 
-0.01986845317297427 
0.02337904445518084 
0.09308692183328143 
0 
-0.05458360299367117 
-0.01866355983187789 
-0.1565474548315723 
0.2839468069370321 
0.08843347683682107 
0.7480072269004234 
-0.1274382955141358 
0 
-0.01537967120771725 
0.06783464127509914 
0.05961537703017222 
0 
-0.5121535761741542 
-0.0914182438496372 
0.2463158720394135 
-0.08122796802244581 
0.08542330357055533 
0.03807093028543716 
0.00135181062654776 
0.4893152885146049 
0.1463561345349329 
0.02419323821901243 
-0.01880943814134575 
0.8552588884756247 
0 
-0.2098588433384416 
0.01529219476813627 
-0.002500232253092075 
0 
0 
-0.01602795440277362 
-0.0221777543240113 
0 
0.08886242155524013 
0 
0 
0.04452945091267475 
-0.1044235689920213 
0 
-0.3744620617977085 
-0.01595526489539366 
-0.07389159734508069 
0 
-0.1064930759404325 
-0.04555054655819221 
-0.01195025505287065 
0.01205739872438621 
0 
0 
0 
-0.02168670704106776 
0 
0 
-0.03337348938181552 
0 
1.038919446426931 
0.01245922809538478 
0.1179734166887331 
0.005766558019859479 
0.02383459131866694 
0.08956918599838903 
0 
0.289336329910428 
0.03651869128260411 
-0.1607043162804916 
0 
0.08322372297036859 
0.3258865956884898 
0.04889492099503809 
0.05585238402778926 
-0.1743261375925685 
0.06230623413244989 
0 
0.3836051922551481 
-0.03490336595591466 
-0.05291325773448 
0 
-0.008216117999733288 
0 
0.2546046315409672 
0.527757693050649 
-0.422704295290558 
0.1125260245781393 
0 
0 
-0.02600885041622891 
0 
-0.02778972520552145 
-0.1365328832769961 
-0.0494469889027064 
0.1118339057415648 
0.1162960021146249 
-0.3092831594548973 
0 
0.004694232425585258 
-0.2090179338652358 
0 
-0.008717737875447967 
0.0642084117194881 
0 
0.0001530518334072507 
-0.02757640256845088 
0 
-0.01020335580480322 
0 
0.02124634303830297 
0.1372867348389012 
0 
0.05340437067197883 
0.006685649740017457 
0 
0 
0.03635092842304491 
0.000531385334623093 
-0.001718808588101668 
-0.06173472198701749 
0.03772126480123846 
0 
0.05845303975245257 
0 
-0.002283011280230922 
0.0006600068566471672 
-0.1239047559506628 
0 
-0.05283058357375894 
0 
0 
-0.0453425703259286 
0.008220825402805582 
0.1928631124498643 
0.002966346100944458 
0 
0.00235528042924729 
0.0204842338925338 
-0.0845438225038349 
0 
-0.01553957105639969 
0 
-0.1332533730311577 
-0.07369356002914804 
-0.01401222031671537 
-0.01680322957012101 
0 
0 
-0.2016636544205271 
0.1113399130585846 
0.03428339740973011 
0.001210621666725059 
0 
-0.02805855028643719 
0.02028262551965906 
0.09891837103109524 
0 
0.2223210691314824 
0 
0.00196735529889646 
0.00574706889772304 
-0.08159762344819976 
0.0305329946904221 
-0.02769433097986899 
0 
0 
-0.05946917947442722 
-0.1954328748064981 
0 
0.0649673722169589 
0 
0 
-0.06439073976306041 
0.01371565211646845 
0 
-0.0006163955221747141 
0.2499923031931547 
0.02584011420834535 
0.3811844125334911 
0 
0.03288698010064556 
-0.2938423796909068 
0 
-0.04342732938082827 
0 
0 
0.2438607145128063 
-0.1276247623068025 
0 
0 
0.05887970969880404 
-0.008078477795160598 
0.09371457462531049 
0.09820988217458186 
-0.07280636233893212 
-0.009002075941714914 
0 
0.02126183368531637 
0.0005220954196612819 
0 
0 
-0.001404518832366707 
0.6663753811160827 
0 
-0.3769067424392299 
-0.1168772351739584 
0 
0.02129970689174659 
0.0420188767267224 
-0.09008347927756592 
0.09151802272863524 
0.1017267599422996 
0 
-0.00963181139620567 
0 
-0.02454956631847004 
0 
0.05851524898521181 
0.01857142287627624 
-0.1102240282567496 
-0.03708358809632311 
0.03087692893251542 
0 
-0.01089374424502287 
0 
0.03850617364499757 
0.01868394540794895 
-0.1692501072230082 
-0.002309378485568383 
0 
-0.03180217458618728 
0.05506048244595432 
0.4662380258017384 
-0.1865862465497977 
-0.1193972852755552 
0.04548463076907769 
0.3820667913334125 
0.06557918403935263 
-0.08251345194717838 
0 
0.01844235966774436 
0.3959196005483497 
-0.05217073875605679 
0.01326536319863182 
-0.0118657480091759 
0.2135069760312907 
-0.001674533050035997 
0.09296538272860942 
-0.002616431965375015 
0.003930901113587073 
0.0264394400219009 
-0.03577340970133003 
0.02284637712979868 
0.008108727435178986 
-0.01269044689089292 
0.00709380646311023 
0.01617749584081414 
-0.01707506157515784 
0 
-0.150962890331924 
0 
-0.003476802490011116 
-0.03677748828250199 
0.00629017355530498 
-0.03151631270328822 
0 
0.6291847204743952 
-0.2034193680831251 
-0.1009767742871265 
0.2061948556627543 
-0.03890679203258242 
-0.2450623640597001 
-0.02608067441455332 
0 
0.1401104476389201 
0 
-0.04063781270942817 
0.003804440006294373 
-0.02528441536750294 
0.3482697757923249 
0.01270446552952548 
0.006477125975820426 
0.2265343941936942 
-0.06863536945835 
0.02909579377595089 
-0.001477312831312173 
-0.05499091919990436 
-0.0007403853896504305 
0 
-0.005652336688501756 
-0.02766475671621207 
0.1288436845655071 
0.08624067645575324 
0 
0.05451573834577786 
0.01336181212062431 
0 
0.0446214259829178 
-0.5739354494629318 
0 
0.06034884686533035 
0.09290411953232375 
-0.03566554134344656 
0.05436106247747882 
0 
0 
0.5514472663153709 
-0.01051246219351579 
0 
-0.05345862838214833 
0.04014493022652106 
0 
0.1438959580741944 
0.2249714393960909 
0 
0 
0.1384442665074655 
0.01353558479152317 
0.1076844670331683 
0.3158367828622535 
0.8668907314825831 
-0.01049598280993167 
-0.3737889683077719 
0 
0.4482626902533616 
0 
0.005419356607890529 
0.1978697290838172 
0.005025528600082836 
0.1725589112376791 
0 
0.01334105684869374 
-0.08378713832260344 
0 
-0.7335392021305462 
0.003950186007655607 
-0.02250045720085685 
-0.0121534240336215 
0.2877976657860239 
0.03770415722295938 
-0.03487598600634178 
0.1311229851530189 
0.06674557339218644 
0 
-0.08059304944066338 
0.03758064230027729 
0.08833687929294287 
-0.00732637073447838 
0.0541395902242892 
0 
0.03567964055571798 
0 
-0.07404938564739487 
0.1132588511363858 
0.679276341184188 
-0.3493474972919337 
0.2887354656787361 
0.9635700098020928 
0 
-0.02903264236193922 
-0.02204000317123135 
0 
0 
0.2581056878099642 
-0.2976998479549085 
-0.1873922052323778 
0.02647741871375101 
0.06857033400388389 
-0.02844907566526483 
-0.00480548243682858 
0.1433342917272366 
0.4263578944614935 
-0.02369085095818197 
-0.05378803103246362 
-0.2217076363812036 
0 
0.1877345557998434 
0.0153111741372958 
-0.07352494737761046 
0.7579247836062709 
0.2851431297103016 
0 
0.01616896766284671 
-0.259977722937952 
0 
0 
0 
8.358501118373046e-05 
0.07145714839831066 
-0.07981252909546861 
0 
0.0125863496726227 
0.0252154985987135 
0.3650279577322708 
0.1076501986884758 
-0.2096613774520499 
0 
0.00850760276980736 
0 
-0.03437315514389978 
0.05005241927556539 
0 
0 
0.01939291559309969 
-0.005064117422810183 
-0.0346747367906739 
-0.2788288351405117 
0 
0 
0.212107362323676 
0 
0 
0 
0.09768357800832708 
-0.05988954670598361 
0 
0.05702303285983615 
-0.01184226988965806 
-0.0168133223301109 
0.01721883685688824 
-0.05411363857076127 
0.4377273168280114 
-0.08108821911754566 
-0.005665033973357765 
0.001218516443297826 
0 
0 
0.2537496086290119 
0 
0.1039059252840436 
-0.02461472230078885 
0.03721258897896352 
-0.01647891115194008 
0 
0 
0.1719887924627426 
0 
0 
0 
0 
-0.01789577395428041 
0.398267039886102 
0.02609008716873124 
0 
-0.02881997897791088 
0.2584498537247431 
-0.03432656412569772 
0 
0.08745260190837362 
0.05215506462280904 
0 
0.04079673044628479 
0.03805899369371539 
-0.1306682085553032 
0 
0.06193620146514112 
-0.02667365354063625 
0 
0.07333721096424452 
-0.009091132304446336 
-0.04535040988697053 
0.04554806956318471 
-0.1137389857722436 
-0.3574722011090786 
-0.005377908665700903 
-0.02670695544118384 
0.1669966357465343 
0.06029320357297864 
-8.083322345846576e-05 
-0.2166106096136745 
0.04763793180235872 
0.03194507621786644 
0.08089781357830794 
0 
0 
0 
0 
-0.06604215169201573 
0.01249193016827746 
0.02370624895275971 
-0.02255061108602605 
0.01261322884381727 
0.03455594458636978 
0 
0 
-0.06147337628080769 
0 
-0.3500154498940925 
0.1180041102287336 
0.0181106893377887 
0 
0.1198729849059491 
0.09656531592328312 
0.07692093732829697 
-0.003210324246509694 
0.02175525785786168 
0.05374136744123131 
-0.01232729397655625 
0.03087003303531797 
-0.01308681479423366 
0.004298252756273389 
0 
-0.01366392213783363 
0 
0.004103869494989899 
-0.273086685430517 
0.005598223503370494 
0.002623201298892109 
-0.0153101428040299 
0 
0.0213485515838321 
0 
0 
-0.005095910002355387 
0 
0.0270464062406134 
1.125870966143351 
0.06615716999173579 
-0.002667742376478253 
0.2279468210155183 
0.003808249024587694 
0 
-0.03134509136073239 
-0.2863326700407575 
0 
0 
0 
0.01724704968062698 
0 
0.1298069576585945 
-0.01325847336485772 
-0.01989503863563396 
0 
0.1821833584410515 
0.5201473564472122 
-0.2893239255700656 
0.01768334521890869 
0 
-0.007343864574540913 
0.03594787918834404 
0 
0 
0.1179239037569675 
0.01692179669152108 
0.05408259368271616 
0 
-0.05119379692811849 
0.509131919814947 
0 
-0.1206975081242445 
0 
-0.2056245859636661 
0.01570460316712366 
0 
0.1689151618118276 
0.006010596759344662 
0.04044714234567395 
-0.02035490121169662 
0.08385990787902106 
-0.03308142510504159 
-0.1665139141068615 
-0.498102174917972 
0.01011918679890145 
1.23490481100227 
0 
0.002524269623186431 
-0.2163296370939595 
-0.4659104053928003 
0 
0 
0.02170204906595313 
0 
0 
-0.266127066304905 
0 
1.15724574209368 
-0.01290258368518596 
-0.06417330518284502 
-0.2976867934890919 
0 
-0.007852742348774956 
0.358948955433035 
0 
0.3943765503378028 
0 
-0.1657900851013266 
0.4908403232392072 
-0.8310574014524794 
0 
0 
0 
0 
0.3003536068826821 
-0.03848569214201283 
-0.03634458674446654 
0 
0.003094216834663091 
-0.09115608470121013 
0 
-0.01099210687662365 
0 
0.01254553619767654 
-0.01150426396921305 
0 
0.1065266397900602 
0.046753801183039 
-0.728409474981607 
0.3635283520420775 
-0.1022619494818042 
-0.00158894896186167 
-0.3788402762451878 
0.1292394304184473 
0.05150865360401001 
-0.06605847082477691 
0.02223896905305805 
-0.1379758392253734 
0 
-0.007683676908963613 
-0.6465930157779839 
0.008771230805479481 
0 
-0.08297622959584465 
-0.008273613803663867 
0.003731921776778195 
0 
-0.1302242498270314 
0 
-0.01212258334990004 
0 
-0.0639941252940719 
-0.05030515481087679 
-0.08882923520480747 
-0.06475678712285338 
0 
0 
-0.006360958062998155 
-0.05463434603268823 
0.02643676375593084 
0.0385917690437769 
0 
0 
-0.05907398536494359 
-0.01178466924069914 
0 
0 
0 
0.02780088037387501 
-0.3386434948955805 
-0.08145013172286739 
0.1428995184653132 
-0.2181987986037159 
0 
0.00779585412737294 
0 
0.1026357656016259 
0.05423655906516816 
0 
-0.1911868057598721 
0 
0.02234752676730742 
0.01786749688570347 
0.1231116067970124 
0.0266453493467302 
-0.0902307644940884 
0 
0 
0 
-0.3767282328825366 
0.4930843808682644 
0.1111938824216672 
-0.02490561647414134 
-0.102087323208938 
0 
-0.01255136594298317 
0 
-0.02871143563565649 
-0.1937332877573603 
-0.0156421938655666 
-0.003572527657735412 
0 
0 
-0.009180481151475352 
0 
0.009586516684304786 
-0.4005151762131963 
0 
0.000562999152273538 
0.01228594071576295 
-0.01148993984065853 
0.4286615502661581 
-0.8993332861737698 
0 
0 
0 
0.05583671709817013 
-0.07034381925796351 
0.0002583705139823902 
0.04522695579851686 
-0.01908859458374409 
0 
-0.06823692905472796 
0 
-0.08854842097647447 
0.3669373573614835 
-0.03167505349064012 
0 
-0.4973048446435865 
0.3698021294961309 
0.07670138522353678 
0.03309294890711494 
-0.04708760239917621 
0.001122846249100372 
0.1011140838783898 
0 
0 
-0.1590603811131076 
-0.01087731697353695 
-0.2303226427180367 
-0.01242891505857987 
0.6188685166443306 
-0.002547709523272962 
-0.123740292606525 
0.002769226517608856 
0 
0 
0 
0.005832174399190603 
0.08066351066410701 
-0.01335086773537203 
0.01933124145189772 
-0.2595120027752711 
0.05708138821907144 
0.2298302127968675 
0.09774439440086614 
-0.03061257870576737 
-0.008773049701920886 
0.9074166786658242 
1.382830773582962 
0.02582625488939191 
0.01317027968126182 
0.4941874870995622 
0.1326588938324557 
0.01790787477784716 
-0.439306214466709 
-0.06651894269413285 
0 
0.2095343699027921 
-0.1873089642850571 
0 
-0.1947647713089911 
-0.0004307136684780328 
0 
0.04769356676895906 
0.004514606337251706 
0.07195919901780728 
0.01041861893982849 
0.01905752369457042 
-0.007098383380694405 
0.8605022565223622 
-0.06644044499184691 
0.003372771278835624 
0.0352292865865353 
-0.02533185608777523 
0.1041475502330761 
0.001182039486372126 
-0.001687211106640589 
-0.01275793709193424 
-0.01250985232924453 
0.004684462529888019 
-0.2265073206780212 
-0.07267238705568513 
-0.00118103265572547 
0.004180068701924371 
-0.3709636439241829 
-0.3891241861500632 
0 
-0.01111158751528006 
0.1250281014317966 
-0.02429384680396431 
-0.1221530546168987 
0 
0.05538504966248679 
-0.002784969918542401 
0 
-0.04011118008249277 
-0.03836433831741815 
-0.02406491127784054 
0.5451085980441763 
0.005359208306879425 
0 
0 
-0.02532250339378291 
0 
0.04578482790510041 
0 
0.2083061734399935 
-0.03545464626485741 
-0.04152635598370394 
0.05083373014592377 
0.02271169350668565 
-0.002730471207757258 
-0.2129662902780673 
0 
0 
0.07835897992611371 
-0.07980236123523764 
0 
0 
-0.1796730691573576 
0.03895325446568042 
0.006605256167199385 
-0.01346540025935293 
0.1556698122607008 
0.07228594714375715 
0.003040289811602229 
0 
0 
-0.08967140136392135 
0 
0 
-0.09159434989438602 
0.00678241203474357 
0 
0 
-0.04051388758250476 
0 
0.5738608280068993 
0.02565346262549285 
0.01965121663972515 
0.3938832479923688 
0 
-0.04544089857576391 
-0.02084293405231287 
0 
0.004029878027569062 
0 
0 
-0.01509889091472491 
0.01810034292403878 
0.01213557484842557 
0.1490384969615534 
-0.02755832658082263 
0.5182740474386791 
-0.02411493974617512 
-0.2207830061847451 
0.02865778911386537 
0.01281650837817562 
0 
0 
-0.01871311936925096 
0 
0.09574506299258181 
-0.04568316359475914 
-0.004818276712149749 
-0.02216878747811414 
-0.9344792460751821 
0 
0.1190400404324993 
-0.02113488648530069 
0 
0 
-0.02165817366580418 
0 
0 
0 
-0.6263928039015553 
-0.003272509130826115 
0.2502410759485815 
-0.2544034595719096 
0 
-0.01017474196109166 
0.6187490782802301 
-0.05412546069458539 
0 
-0.06932269912014789 
0.5244391483640252 
0.18496729464485 
-0.3655665590048176 
-0.001859718600836005 
0 
0.0611138519466773 
-0.6152644629323315 
0 
-0.01187161345082461 
0 
0.1534982947804683 
-0.3737133230618713 
0 
-0.05849299722953161 
0.005291704486897265 
-0.01108112845518259 
-0.03343028233185704 
-0.5378244705416917 
0.08608614922666562 
0 
0 
0.001409217591605484 
-0.08664167928341521 
0 
0 
0.006770505236597068 
0 
0 
0 
0.03944323130225953 
0.4969683975236604 
0.1262189028785083 
-0.03204732968162503 
0.6617070892044595 
0.1565715340646155 
0.04833273455215108 
0.1656653940238764 
0.003277345847261763 
0.01281714055438868 
0.0138940830633642 
-0.07097675450188001 
0.07125114346328605 
0.08097579243970394 
0.01407696653197841 
0 
-0.3178173601128811 
0.2018635324703353 
0.1503389490382742 
-0.1121310881990465 
0 
0 
-0.424112786755199 
0.02877907989560982 
-0.07382278870055307 
0 
0.07856306520074054 
-0.01025670277360184 
0 
0 
0.04181708781317912 
-0.000293932547713794 
0 
-0.1184615509770993 
-0.6306495001878533 
0 
0.1481516096686823 
0 
0 
0.01119974741681742 
0.07604235841177248 
0.02696508970062815 
0.1203927335465526 
0.05224479135631838 
-0.02305893996533926 
-0.021493684157145 
-0.2224364967136841 
-0.07136183217485111 
0.3290244709096047 
0.1932108314087627 
0 
-0.000309676863279316 
0 
-0.07050221524229269 
-0.02248268817180115 
-0.007177887458724308 
0 
0 
0.009215472224655233 
-0.1863827255999165 
-0.4865807584105832 
0 
0.441461716441531 
0.06325294605946244 
-0.007945898903689458 
0 
0 
-0.03015947741775955 
0.3082666818987668 
0 
0.1795803758969174 
0.0132551539462624 
-0.05912739998717265 
-0.07640794514238709 
-0.01955551182750732 
0.7226458525706744 
0.2678603509965296 
0.5280302075635066 
0 
0 
0 
0.118903004810457 
-0.03429459414669058 
0.07847632812565752 
-0.00219753302613372 
-0.2303098111251098 
0 
0 
-0.01073380861938643 
0 
-0.03631707721855677 
0 
-0.05983610398690602 
0.350650875838256 
-0.02642285148423173 
-0.0130314641213948 
-0.01671156636039744 
0 
0 
0.00302098685899004 
0 
-0.0736996410673425 
0.3002453477486827 
0 
-0.01002561144003819 
-0.002519830695063342 
0.3153905889640184 
-0.01101675644184865 
-0.01310756027755599 
-0.04019057718487564 
0.01151447421362061 
0 
0.03154754819225035 
0 
-0.05344926017391649 
0 
0.05017514965867592 
-0.0009612131350538351 
0.02992994106501001 
-0.1123548284384742 
0 
0 
0.001290005267326237 
0.08912539250237392 
0.1325213464647755 
0 
0 
0.223546288072305 
-0.05166405789490365 
-0.0981040927232477 
-0.01574561889580929 
-0.8512770874082713 
1.808397790135207 
0.141103018241354 
0.009390789006019692 
0.07636714268224867 
-0.1035369498824852 
0 
0.02049009519298132 
0.001854195891926322 
0.2387567243977235 
-0.01050618942110963 
0 
0.0001648125980106554 
0.02558356022616206 
0.1764632513388736 
0 
0 
0.0009364872846434364 
-0.02492655236885803 
0 
0.01037019086657983 
-0.03158033535589404 
-0.02037783895608424 
0.2025436878698538 
-0.01271807567676405 
0.05743436188653212 
0.04055774197900319 
0 
-0.4241363762381141 
-1.207648391515074 
0.04327307601739758 
-0.003347350784715744 
0.04379606439029297 
0.09801526345091507 
0.000522494442102236 
0.04362180801454042 
0.006515236517801425 
-0.04949106751544939 
0.05299746954183533 
0 
0 
0.02757595285317821 
0.02320555751309695 
0 
0.01651481685265091 
0.03083933784443629 
0.2735601743578817 
0 
0 
0 
0.03682679276747079 
0.01412642286951039 
-0.01287755239212616 
0 
0 
-0.02710259708257276 
-0.01252083423478403 
0.05595957457979734 
-0.3828180585167862 
-0.01732806913565434 
0.01983429537456205 
0 
0.005673137790358081 
-0.02018877931649244 
0 
0.2160051441530969 
-0.06490050585042967 
0.1355656926570768 
-0.01834694655525732 
0 
0.2646601144016275 
-0.07036257007783302 
0.02924609503464218 
-0.002640329353797826 
1.627315831898874 
-0.001143738690634855 
0 
0 
0.007186173816925987 
0 
0.1229243921715181 
-0.01555089459595743 
0 
-0.2576497601939283 
0.04121180437766241 
0.64562960279738 
-0.05679781994242428 
-0.06061352461800705 
0.06976789353242512 
0 
-0.03505286816331361 
0.03936154956771917 
0.07137810652273477 
0.004940263039427543 
-0.03157703475441125 
-0.3392970005260995 
-0.02614288308268581 
0 
-0.05895314324263234 
0 
0.01155740290024264 
0.1791957121301788 
-0.3052621546905085 
-0.01358977824185089 
0.06680527913051018 
0 
0 
0.02981577329532722 
-0.003492345166477291 
-0.01718866133903689 
0 
0 
0 
-0.0212594935388962 
0.05181970401234803 
0 
0.005171698989338541 
0.002288935455813915 
0 
0 
0 
0.04042660251004457 
0.1864796867528502 
1.417187523270813 
-0.1985736930706918 
0.1399217365593995 
0 
-0.2546555305028976 
0.02452916012153888 
0.06774036410453063 
0 
0 
0 
0 
-0.008939772398678299 
0.03994423442006632 
0.007209075393595643 
-0.01861404796918643 
0 
0.0322459071038108 
0.2521207426233162 
0 
0.03424333297208292 
0.01320821276398077 
0.008800378725820669 
0 
-0.2699842200553163 
-0.03484006894610069 
0.07430521543167967 
0 
0.01189821838265038 
0 
-0.03619247093328581 
0.1170218150905272 
0 
0.05383731879012634 
0.02092286103597234 
0.0001691206769449399 
0.2197084495088473 
0 
0 
-0.007065863395744104 
-0.06409004112458173 
-0.1142728825554429 
0 
-0.04326964596175115 
-0.001909563360151714 
-0.0002504750085391782 
0.4311032881266778 
0.005039801450100924 
0 
0.006265916212568216 
-0.03071146712040844 
-0.02917299884126275 
0 
0 
0 
0.02126642948059793 
-0.007358040453996286 
-0.0147075270098378 
0 
0 
0 
0 
0 
0.03730015978387795 
-0.009836125684665905 
0.01627174733438346 
-0.009046462908212129 
0.3059147487426639 
-0.2270143989598901 
-0.01534282607178692 
-0.004371826568818061 
0 
-0.3857337560730869 
0.01484550860499952 
0.1066656045753685 
0 
0 
0.03556982364579311 
0.001281020283424299 
-0.4677511061239524 
0.1283457594586714 
-0.0008830334395428645 
-0.06655208613947568 
-0.01726346748369137 
0 
0.07316551043979697 
0.00257741437135886 
0.0274153991526462 
0.1581298216969014 
-0.05165448116236321 
0 
-0.047304485364262 
-0.3146001376682724 
-0.0736257006123664 
0 
0.02718428424504309 
0 
0 
0 
0.03326301008377777 
0.04278869316762983 
-0.5695226886678161 
0.04525882338645319 
-0.001297774071953613 
-0.001927912059330762 
0.2086613092486346 
-0.03720106714344069 
0 
-0.1639840176042271 
0.03746175352024189 
0 
-0.03989714643192462 
0 
-0.2941808667471681 
-0.1509551848077789 
0.006619320738352669 
0.07920144208945798 
-0.1043518074224276 
-0.01825088202259006 
-0.06946294375372243 
0 
0 
0.0566241602793356 
0.09736438842504935 
0.0603597021572249 
-0.2474222443702196 
-0.003720170174317954 
-0.005805463120419495 
0.8417772921442011 
0 
0 
0.04512941067990545 
-0.2369238449607078 
0 
0 
-0.1713957089869118 
0.1238781328574566 
0 
0.2021281280839627 
0 
-0.00126765652251165 
0 
-0.4071011310854242 
-0.01196333297613558 
0 
-0.03690604548387446 
0.1261976839702838 
0 
0 
0.05277787870848238 
0 
0.197697917344772 
0 
0.4341347667102364 
0.03415543575208037 
-0.02564328695288907 
0.2015659206648593 
-0.0356258744952452 
-0.08312733246967959 
0.01534637972443547 
0.01904882883687506 
0.1199150084904572 
-0.02557666178006922 
0.004316832539127997 
-0.1197256017898199 
0 
6.730104026140526e-05 
0.002111255821214774 
-0.02495100569489878 
0.3158335889537607 
0 
-0.01856440364474697 
0.001241438227184508 
0.025133528540291 
0 
0.01352991366551872 
0.01461924039431981 
0.001122904599370216 
0 
0.7424321523892862 
-0.03458824914869863 
0 
0.3774962363627493 
0 
0.1804395455691924 
0.01755442730702278 
0.1121034104017373 
0 
0.01472869444104064 
0.05430461822920624 
-0.04513161142562964 
0 
-0.1853349898596862 
0 
-0.06321049373845206 
-0.02067296670512187 
0 
-0.1814383974144751 
0 
0 
0.0416436800117148 
0.1412578955060519 
0.3020748610256803 
0 
0 
0.0009383909639562194 
0 
0.01908505981758256 
0 
0.0781241289802965 
-0.1842058067164385 
0.02862683968611043 
-0.01042600612204804 
0.25889245191359 
0 
0 
0.01067779189549982 
0.333630299604635 
-0.1759751332605387 
-7.740629262777565e-05 
0.05896254589933466 
-0.03821815915658 
0.0329588300997718 
-0.1048608098561956 
0 
-0.01270124911078728 
0.0720599874081785 
0.09203054718726862 
0.3332041726541544 
0.0702772997994203 
0.1930284213556595 
0 
-0.262452710222812 
-0.09112391001055538 
0 
0.0070254520414184 
-0.01237070844259143 
-0.02250185587527902 
-0.2266372558315158 
0 
0.04335418364994345 
0 
0.1419998727183182 
0.7622374053507186 
0 
0.1352765236512511 
-0.05656843495135933 
-0.006089694625635686 
-0.09154978703814601 
0.008460428127963115 
0 
0 
0.003044740731209224 
0.04622746283646512 
-0.1734729846975799 
0.08149309247288482 
-0.05362044320107557 
-0.001092324376872898 
0 
0 
0.05182121174555278 
0 
0 
-0.05955643521754744 
1.360144161121503 
0 
0 
-0.1194292614776069 
0 
0 
-0.009556761262555403 
0.001483438636078319 
0.1070735681598728 
0.03388080793796844 
-0.004226655351337148 
0 
0.0190935173617175 
0 
-0.08546868244851276 
0.01880249607758798 
-0.1211073791495031 
0 
0.02114332143749358 
0.03353329018777987 
-0.07796985975285926 
0 
0.05404736864792566 
0.03857956997043401 
0 
0 
0 
0.008591255926937973 
-0.09163335774573264 
0.006886193909396435 
0 
0.754483971907902 
-0.4527690004200381 
0.1786613509536878 
-0.0005840059509651109 
0.4603513484862141 
0.2876900084775075 
0.009371471916712656 
0 
-0.01216154046044174 
-0.09814935754344924 
0.07366094577273555 
0 
0.8834361986937145 
0 
0 
0.02309315692521966 
-0.00237320328841459 
0.03014651564859477 
0.003175439324796882 
0 
0.05334916930786632 
-0.02606710758953588 
0.01466166641026486 
0.1320752038828562 
0.01463811253887997 
-0.00738576272908944 
0.01003012731363151 
0.05022257424545695 
-0.01297313426364658 
0 
-0.03859797019711175 
0.1958922115491837 
0 
0 
-0.2210010518886704 
0.0174721278873783 
0 
0.2323648168261004 
0.01134030036705853 
0.2061988162806377 
-0.003867762548257569 
-0.04257080902166658 
0 
0 
-0.05399111521302528 
-0.05209548067943947 
0 
0.08277639532497227 
0 
0.2426368647492284 
-0.05219801470685973 
0 
0.2206644236521823 
0.7422815075311349 
0.06279030233348828 
-0.001313844014750225 
0.0979535727875074 
0 
-0.03383292875483656 
0 
0 
-0.02801081654220407 
0.2440073324667684 
0 
0 
-0.01625607449087043 
0.01638338484512114 
0 
-0.2058827844084259 
-0.02876783607182818 
-0.3061401103336991 
-0.0006507565988199474 
-0.01123956986206531 
-0.1921572190588731 
-0.01131102897465345 
0.2311708173044467 
-0.07079418625015642 
0 
0.01172603956707129 
-0.02785905319505222 
0.02596904376473765 
0.0556624018662408 
0.09138954126787116 
0.003722501733062218 
0 
-0.07495218085240088 
0.01736723088307474 
0.002222931067135688 
0.008222628320373793 
-0.0650287810797029 
-0.04432761619950709 
0 
0 
-0.03631837822575654 
0.007356106400774112 
0.004758415480289152 
0.06884646248539278 
0 
0.02956226861127709 
0.02708024134475524 
-0.1000943543321278 
-0.4572305490415755 
-0.1446931135202488 
0.007446363825660511 
0.01669530450116715 
0.001821104351370923 
0 
0.4363291146432073 
-0.1511130936329469 
0.05082973357272774 
-0.0235376684192995 
0 
-0.07948240155495817 
-0.00656266431591851 
0.03167720539032791 
0 
0.1038588057158821 
0.003046965286952406 
0 
0.002265559322794281 
0 
0.8651529549585325 
-0.0007027553977507293 
0 
0.2581048012623104 
0 
0 
0 
0 
0 
0 
-0.07831157856882773 
0 
-0.03342483091644385 
-0.1262304008985474 
0.0521810172109706 
-0.0001202682657866225 
-0.04561658179168656 
-0.02987401415228058 
0 
-0.001321717886323732 
0.01744452268648336 
0 
-0.1157992031672362 
0 
0 
0.002236616557581166 
-0.01076857613425985 
-0.002083124902203622 
0.01558557252045503 
0 
0.004037859184181295 
-0.01737942625555436 
-0.01062771161903947 
-0.01003416633799287 
0.03772372746559854 
0 
0 
-0.1360813434053858 
0 
1.726941123204481 
-0.03332505389936773 
0.01293588367012871 
0.02347258103644069 
-0.2029854375017091 
0 
0 
-0.08695158339966401 
-0.008240171124184389 
-0.005436735982972948 
0 
0 
0 
-0.04589122783960858 
0 
0.1379603519797332 
0.8444186364938837 
-0.02588942278192497 
0 
-0.06671369186768908 
-0.08536451323720472 
0.04242203571665049 
-0.0137065300871789 
-0.004742447970404702 
0.251472627175534 
-0.003042924044755016 
0 
0.0834037169297397 
0 
0.01074760120811677 
0.1446545838104723 
-0.08128390717891365 
-0.4032180929786531 
0 
0.08752617376310519 
0.004588527662446995 
0 
0.07208936119452927 
-0.006561854209397841 
0 
0 
0.6904831858940365 
-0.03137887787226421 
-0.0199888796283967 
-0.01907181280175957 
-0.008382672911944385 
0.09950270793055924 
-0.1785513369672847 
-0.1070438167253177 
0.05638686552386257 
0.02217044086958133 
0 
0.02015679622447865 
0.1164108993714279 
-0.004245291496775711 
-0.04140400628382183 
0 
0.01100577921465853 
0 
-0.1157330036684058 
-0.1321926475228254 
-0.04318344639845331 
0 
-1.245513089429985 
0 
-0.01521715710438026 
0.06291657351512236 
0.02454495206798725 
0.2664502767974021 
-0.02171923405978314 
0.007895318322614982 
-0.001169263746232987 
0.01707211516003867 
0.01042481187435792 
0.2161707038858093 
-0.02191814504226343 
0.005972762660253892 
0.119742898003685 
0 
0.6143954169546868 
0.02151045799210355 
0.03415823491205433 
0 
0.0007426591726144446 
-0.0001527740950033443 
-0.145178518846686 
-0.006471495504403258 
-0.170940716734941 
0.1315581625205178 
0 
0 
0 
0 
0 
0 
0 
-0.01248294246062807 
-0.08215014916690289 
0 
0.01567401228765871 
0 
0.1105643046551565 
0.1583524953447411 
0 
0.06926329393097062 
-0.04921631263979465 
0 
-0.1170708909117447 
0.09222671371113028 
0 
0.02359542741257552 
-0.06155631079631844 
0.009817054514538636 
0.03389006900965838 
0.07021391669402832 
0.0675828340226365 
0 
-0.0422431730612215 
0.004166826753440721 
0.2112373335029093 
-0.01882545320356063 
0 
0 
0 
0 
-0.004341009055863759 
0 
0 
0 
-0.3166916045912249 
0 
-0.02604998323350299 
0 
0 
0.01940939469662306 
0 
-0.05156563276368532 
0.004876396267587972 
0 
0 
0 
-0.007338155666143945 
0.01901332012920215 
0.009078950171210248 
0 
0 
0.230368815054395 
-0.2084008415851057 
0.04933994485858075 
0 
0 
-0.05102955874004835 
0.7090001153291239 
0 
0.1047174904955873 
0.02090636287623491 
0.007198892016929278 
0.04136318337727139 
0.06453886092524287 
-0.03595688649270797 
-0.05771783011403924 
0.009514801716561751 
-0.08604027172872387 
0 
0 
0.003758411718867101 
-0.003540290314772994 
0.004791022255247408 
0.008074642869243628 
-0.04367605395972379 
0 
0 
0.006564236232730789 
0.1522689285207343 
0.003805888585808746 
-0.01591062735439516 
0 
-0.007869533388219351 
0 
-0.1906834176705874 
0 
0.02593690929359133 
-0.06794488492729048 
0 
0.001207440024931336 
1.545366413334953 
0 
-0.03056901911483592 
0.1417972026953274 
-0.01079423998248132 
-0.1471260497582212 
0 
0.0387544647824237 
0 
0 
0 
0 
0.04378131230993999 
-0.01301347935012204 
-0.03995323280856458 
0.03821038710929914 
0.002478466306955651 
-0.02433480919649016 
-0.1769713849087959 
-0.1046525244969265 
-0.01175792209712061 
0.004769052546094956 
0.02539165966323371 
0 
0.01341269175076888 
0 
0 
0 
0.3686532714425775 
-0.002988631501869607 
-0.1338910006713826 
0.06798869090595742 
0.08463507615723601 
-0.07761629670664777 
0.108807486427898 
0.3565486157792905 
-0.01239652070294661 
0 
0 
-0.01421808828220071 
0.01335433020135185 
0.02375120871398573 
-0.003262485199853889 
0.1201287526823694 
0.01083813372952369 
0 
0 
-1.020919084864517 
0 
-0.110504609656151 
0.02829374873111148 
0.07541363810310475 
0.07283020660447613 
0.00991809613711565 
0 
-0.06984168565655358 
0.5568212440537081 
0 
0 
-0.5135538239511012 
-0.03735192769247932 
0.1693249931558441 
0 
0 
0.0992049212962752 
0.005956556222166589 
-0.01079805495870989 
-0.09332641734241863 
0.1031484919066739 
0.002080157506875495 
0 
-0.02612617952188894 
0.1438457876258928 
0 
0 
0 
-0.00175460442944731 
0 
0.01035592825951276 
0 
0 
-0.3424427515454344 
-0.03869674216170346 
0.01802187137765372 
0.1885569295366976 
0 
0.1138465979170721 
0.1059519479923325 
0.00653065785595823 
0.0972320094704003 
0 
-0.4267093073683947 
0.1800421336843033 
0 
-0.5010735440900389 
-0.1706665921374119 
-0.1173015198314543 
0.01741626366347698 
-0.1416065507123977 
0 
-0.19833136313583 
0 
0.01227271167750736 
0.1819849687323498 
0.004508597493307683 
-0.5857554668028391 
0.07806090589822173 
-0.02246939890280356 
0 
-0.1241379235230153 
-0.2754099703045641 
0.1546996742202106 
0 
0.05286321312126138 
1.408156802846168 
0 
0.003804548541712348 
-0.03692431524889483 
0.1713932348553482 
-0.01081132762299584 
0.08077783662501815 
-0.1688615795073221 
0.02377819334643273 
0.1085825922057767 
0.09548369447426937 
0.007180606545614568 
0 
0.01590116225195091 
0.1993055097073174 
-0.01791486095643918 
-0.06413753679941438 
-0.02629606081700063 
-0.1773770074607017 
-0.04329799656211888 
-0.03061577227425733 
0.03676408267472919 
0.1307667401836756 
0.1103170728739588 
0 
0 
0.09924180603365211 
0 
-0.02315933223877747 
0 
0 
0.00493361767244972 
0 
-0.1596778909641959 
0.04647625537072733 
0.471124327960269 
0.01942312436898623 
-0.01107785767919454 
0.471124327960269 
0 
0.09207987245029652 
-0.3146413806159264 
0.1600728168378071 
-0.1012396606636577 
0 
0 
0 
0 
0.01116609903624954 
0 
-0.08350875219193256 
0 
-0.05338680673439153 
0 
0.02655181999917976 
0.01441549037527901 
0 
0.4316223464165555 
0 
0.01841442632893371 
0 
-0.04609672645408411 
0.3622816413458744 
-0.07303954465635613 
0.01537911704037449 
-0.04406516951835897 
0.08340066405097066 
-0.2015163580302444 
0.004542532514275356 
0 
-0.1516296091473078 
0 
0.2291146430388578 
-0.3425606021503017 
-0.01074801684391352 
-0.03101329683180382 
0.01455942566795011 
0 
0.01463702749112077 
-0.01585648410588703 
0 
0 
0.08942344045190666 
0 
0 
0.006628892958019312 
-0.02025345429498832 
0.02420077241761654 
0.03744272671514538 
0.001681473764104614 
0 
0.03739235503850818 
0 
-0.17698481650952 
-0.02638239292026518 
0 
-0.004356081856752172 
0 
0.03757599655846561 
0.005090158830932402 
0.006093231104108144 
-0.01128101446903997 
0 
-0.08857558875622973 
-0.01340124756326235 
0.01371236387816167 
0 
0.02626438874861863 
-0.01860673472431338 
0 
-0.04992873516471287 
0 
0 
-0.09243448351476105 
-0.06629773047557401 
0.004708776553115531 
-0.003761293827418674 
0.1659987315743223 
0 
0 
0.00401184594421981 
-0.159018843142943 
-0.001666646264929845 
-0.005751413950649573 
0.1886423377235731 
0 
0.001872427856526876 
0 
0.1376746705010939 
0.01201088085443954 
0.0260903587215093 
0 
0.008665109535545142 
-0.09274601958208907 
-0.04666773748693718 
-0.01161756232491097 
-0.05659396904160749 
0.04119484290026462 
0.41613793010728 
-0.03869062205996007 
0 
0.005893316442185019 
0 
0.04531621347817957 
-0.2669974797899675 
0 
-0.0044083614989093 
0.01119692418107894 
0.01747815173058962 
-0.05605540637256833 
0.03458825253997462 
0.07600547086891325 
-0.06552097585519168 
0.3012127801542905 
-0.01034339212730787 
0 
0.01167902795224851 
0.1166058106796452 
0.03432368745954773 
0 
0.05202121850127596 
0.1018530578971895 
0 
0.01585162841509106 
-0.06215288911601461 
-0.01330284955700118 
0.00948476534787623 
0 
-0.01266170962125015 
1.014775666048296 
0.1453142705094573 
0.07572683815869133 
0.0007527675016014901 
-0.02270625954078815 
0.004098179498455972 
0.0004775656711357739 
0 
0 
0 
-0.04985291001137962 
0 
-0.004175080766787007 
0 
0 
0.1067262649422134 
0.002213632354786714 
0 
0 
-0.05031929536668882 
0.01348994858835161 
-0.1756604238075992 
-0.0007104188369173668 
0.1592053132865251 
0 
-0.07273966639558728 
0 
0.001185131026313506 
-0.1476586629938066 
-0.02379123852671105 
0 
0.143824549812084 
0.07576024532422032 
0.1436875866732958 
-0.003221354331970099 
-0.092591800403467 
0.008463916136288052 
0 
0 
-0.09604551152885109 
-0.01639842631511814 
0.06725187065057056 
0.007148091964555649 
1.422551288431941 
-0.01253031455130137 
0.05934853814847793 
0.04119825599222052 
0 
0.06979746483186339 
0 
0.004833357534004844 
0 
0.01536205252323165 
0.1330505947799294 
-0.006861688026252118 
0.01375823263117961 
0.08908277007033177 
0.004308910408486098 
0.1014409590543439 
-0.01572334485545448 
0 
0 
0 
0 
0.02063638874206786 
0 
0 
0.09360341975150833 
0.2012641524213302 
0.0972414026615686 
-0.04551394171818846 
0.003916221594165553 
0.03351958328544671 
0 
0.1347780340019522 
0 
0 
0 
0 
0.05397357114011303 
0 
-0.0002716654589768309 
-0.0001481198240891666 
0.02595840769476539 
0 
-0.05624639148685037 
-0.008700220070540266 
0.02938161934872646 
-0.02220033160275514 
0 
0.01702160797505172 
-0.4509445836018229 
0 
-0.004541018425048142 
0.01582409825610629 
0.04674198619419114 
0 
0.09192454316460544 
0.003970265552011128 
0.5434491205472156 
0.07946452815670924 
0 
0 
-0.03349114859909015 
0.2613013642716368 
0.07720057648082596 
-0.000175495110010367 
-0.02260726169223671 
-0.000710023328135319 
0.003164843837990156 
0 
0 
0.001293529266950376 
0 
0.0103465916705499 
-0.01236044755047909 
0 
-1.056036107330518 
-0.009337939539204258 
0.0111908119716688 
-0.0257041273731247 
-0.2244737689334461 
0 
0.0225993758743523 
0.004524640783025371 
-0.0002879361623018284 
-0.05619186720143539 
-0.1118260798865002 
0.3021749545967742 
-0.1712960236118735 
0.004494627046239375 
0.009147328155892608 
0 
0.01434159783134304 
-0.1362414787674154 
0 
1.300342052742546 
0.1219079394426339 
-0.1600716450826912 
-0.0001297062775378963 
0 
0.08646379795617823 
-0.03997182188251553 
-0.01449584844585012 
0 
-0.002284283711082811 
0.1278910241752588 
0.1530603679762106 
0.1642810297733702 
-0.01314431461326508 
0 
0.04792839794346469 
0 
0 
0 
0 
0 
0 
0.01307169768919753 
0 
0.1190198128072067 
-0.1313135483606781 
-0.1171915157602297 
-0.07495219782791063 
0.04481107690802133 
-0.04237355362995665 
0 
-0.01840454336685116 
0 
0 
0 
0 
-0.02958659689470726 
0.02563929489055381 
-0.02904095471199021 
-0.0372606564430117 
-0.004119301027739177 
0 
0.006444739871696471 
-0.01272862459134665 
0.2557482633732518 
-0.009135293160855677 
0.03087335447413152 
0 
0.05225472501165983 
0.01999760278676466 
0 
0 
0.01720601976890619 
0 
0.006888671201150848 
-0.03554078058171794 
0 
0.2246713622461922 
0 
-0.02643161620893156 
0.02864432597098695 
0.4849333433343354 
-0.6035190515812728 
0.01448375748036528 
0 
0.0892638621967952 
0 
0 
0 
-0.01219204076690983 
-0.007221303837257307 
-0.01041931560508979 
0.08761996761816597 
0 
-0.01053361277499559 
0 
0.05058080568022183 
0 
0 
0 
0.01535323098444773 
0 
0.04931169302636632 
0.06814644484961789 
0.1008836967111051 
0.2559023895480854 
0 
0 
-0.01339631135105874 
0.932816051475396 
0.05301659647796325 
-0.008490583454365376 
0 
-0.2281733175221511 
0.1691544617770915 
0.01838316140635104 
0.03470410804070728 
0.2090937857326065 
-9.950471733265091e-05 
-0.05788413294885959 
0.02221289611941612 
0.04284302291420619 
0.00292286164357107 
0.009317414299869514 
0.001418240536357465 
0 
0.1131901557418013 
0 
0 
0 
-0.02802114265550977 
0.0007475643440800704 
-0.1613282092348083 
-0.0598233021549386 
-0.01720139134259235 
0.04015501914464466 
0.03653313687018034 
0.08070347050184004 
0 
-0.00560479597331812 
0.007451969300111955 
0.07643992306612328 
0.138637092719289 
0 
-0.03404580934423967 
0 
-0.03084597851784121 
0.2475338418294565 
0.2732115044109907 
0.2161247006703352 
0 
0.1357830988153455 
0.05231600427590033 
0.0675860253942073 
0 
0.01777245716574254 
0 
0 
0.2920503040495338 
-0.41285674896603 
-0.04301937714949709 
0 
0.09745318929295882 
0 
0.06559168150703477 
0.07592866576355431 
0.0002275834773679118 
-0.03376090294980016 
0.03777761756510765 
0 
-0.1687637515108363 
0.2786698537126496 
0.004844739892727597 
0.01965316898491383 
0 
0.01738820626682878 
0 
0 
0 
-0.1690233503445965 
0 
0.0606133221186726 
0.4988637813638133 
-0.003635013570319891 
-0.009158959834713711 
0.01102916218111769 
-0.01685771452664905 
-0.02833440923669489 
-0.1026855995533706 
-0.04931327578721169 
-0.07111445250812298 
-0.01452495963369784 
0 
0 
0 
0 
0 
0 
-0.08070771063245068 
0.1283987884972311 
0 
0.0180743721254885 
0 
0.04290190718299657 
0.5089709075857025 
0.03323219188136108 
0 
0 
0.02902061077645161 
0.5318216728530757 
0.01589472744452239 
0.00220619949481441 
0 
0.1172920712249593 
0 
0.04927857666465629 
0 
-0.01928105870110262 
0.7439810879658405 
-0.07782968130219395 
0 
-0.005331706183325374 
0 
0 
0.002477828611543247 
0.09511486087378179 
0.05612184588188301 
0 
0.02530078761832658 
0.03341875698407582 
0.005820482579748217 
-0.01336358461968825 
0 
-0.06652452803497604 
-0.5972997948546972 
0.4010309249215762 
0 
0.1532788004028597 
0.02101118790193684 
-0.1501449531630752 
0.002204522609293955 
0 
0 
0.03653148349997343 
0 
0 
0 
0.04073019104906767 
-0.07666843043555736 
0 
0.03391520302991539 
-0.02833121769004594 
0 
0.161770175651698 
-0.01428979123432829 
0 
-0.04375047729087252 
-0.04384451272027234 
0.00483871982573637 
-0.2016738520644089 
0 
0.0002672512932996586 
0.001993803949947082 
0.0651696800231449 
0 
0 
0.2501426515068243 
0 
0 
-0.07461685665419067 
0.08082989431385715 
0 
-0.03124201732996685 
-0.01167695020064421 
0 
0.04754553210452228 
0.02020416586353397 
0 
0.02330476603602052 
-0.1660260702229709 
0.01479035082550944 
0.04406762105023064 
0 
-0.0007188557532606891 
0 
-0.1091604201713973 
0 
0 
0.002226430571455729 
-0.001389746419422961 
0.7107372282189943 
0 
0 
0.3005518073931018 
0.169085090299886 
0 
-0.1052992416854686 
-0.01808548390415421 
-0.03452213514131269 
0.03497635737067508 
0.2224556898410127 
0 
0.05543415051499778 
0 
0 
-0.004377389762562433 
0 
0 
0 
-0.4193467396176563 
0 
-0.003048190437154205 
0.02517326295844584 
0.08892389882217196 
0 
-0.002458774960026252 
0 
0 
-0.02851663141234685 
0 
0 
0.006652372556266288 
0.0658686003026815 
-0.02632985726018458 
-0.07891324321722921 
-0.06244325289906932 
0 
0.03113420436398134 
0 
-0.1288231219147777 
0 
-0.0284386369673799 
-0.009321817458101712 
0.06314800177231056 
0 
1.638363881871848 
0 
0 
-0.03099323626440061 
-0.250945252537495 
0.07266121101346414 
-0.003389596832308679 
-0.06623796159564808 
0.06245475382625154 
-0.001277723965014057 
-0.04992452643623861 
-0.0009999044603464296 
-0.03000809736988002 
0.0164651944335498 
0.03960906938746254 
-0.03035109013591764 
0 
0.03602708579207048 
0 
-0.09162829745341723 
0.08904750468256517 
0.2923069530602164 
-0.02121772465305253 
0 
0.06034989629654422 
-0.003025791746424094 
0.04082228481261088 
-0.0001553756534428497 
-0.0002854376638820738 
-0.05722080954615152 
-0.002351022775515684 
-0.06602822155589808 
-0.0001274142118908926 
-0.01296031680163338 
0 
0.05323913946956237 
0 
0 
0 
-0.003583115502976512 
0.006859504152931628 
0 
0.004751787846503758 
-0.129972504037412 
0.02854152625620021 
-0.6317538971986418 
-0.08318999817412853 
0 
0 
0.009102885136436374 
-0.02351964108585388 
0 
0 
-0.4652844113804125 
0.01431085210672149 
-0.05686644679555974 
0 
0 
0 
-0.02649321739588835 
-0.01294845509144789 
0.1005353068446745 
-0.02699215013400342 
-0.02031657982830393 
-0.04415582724899671 
0.0167812930634754 
0 
0 
0 
0.02848186696087892 
0 
-0.1385421117704297 
0 
0.1025812757652392 
-0.0329928151801397 
0 
0.0679207464091782 
0.3107416964126204 
0 
0.1751565918022263 
0.9214078752369441 
0 
-0.03285883849083692 
-0.3101669761300048 
0 
0.01818411192529465 
-0.0196567765054189 
0.004779089046436985 
0.08027306938713981 
0.03041640149754559 
0 
0.006208688749033543 
0 
0 
0.0216580156058963 
0.07026316441309394 
0 
-0.863369877111609 
-0.006843767155341288 
0 
0.2134286718410757 
-0.02173882458598255 
0 
0.05558537697355268 
0.1227656615110647 
0.02029931362080068 
0 
0 
-0.02405121055258113 
0.01147028326146868 
0 
0.001691117936409303 
0 
0.0202057090392279 
-0.02485223085758525 
0.07878462922059208 
0 
0.02917919991488385 
0.1253076120587992 
0 
0.08625043483473446 
0.07949390984151529 
0 
0.5379534574529646 
-0.03816468027967076 
0.007951750979807073 
0 
-0.06368018009209149 
0.01895618212692776 
0 
0 
0.2120214090489856 
0 
-0.06146931897622822 
0 
0 
0 
0.07941553791849956 
0.2372830558909375 
0.1334465482729851 
0.0125905301748672 
0 
0 
0 
0.08571934727492297 
0.1094260525698904 
-0.02652423422390385 
0 
0.05442271970384129 
0 
0 
0.1185933610145184 
0 
-0.03813905669380379 
-0.3516104450052286 
0.01054999523578887 
0 
0 
-0.04123663952194746 
0 
-0.004041303173017654 
0 
-0.117222992611643 
0 
0.1906030560920521 
0 
1.258145263988699 
0.5059928250387113 
-0.01224493017464673 
0 
0.03239916683444441 
0 
-0.1801524794826032 
-0.02644291493028507 
-0.02248874621612799 
0.2066901521526937 
-0.2079376036130705 
0.003870148434153214 
0.06468565379705438 
0 
0.1179094955962994 
0.001437388409256255 
0 
0 
0 
0 
-0.003545578434078548 
0 
-0.01031308414693776 
0.04225827011186503 
0.000807726658534319 
0.1104772664553659 
0 
0.1176641711612248 
-0.3146560706414373 
-0.03685791991857077 
0.1020332136884327 
0.07096661035460457 
0.06589389356939906 
-0.3443994331765679 
0.001421955984741374 
0 
-0.4738474959599016 
0.3020342301556075 
0.1009509072364699 
0 
0 
0 
0.02754646995957093 
0.01952111010729774 
0.1350045978449446 
0.002160576206732855 
0 
0 
-0.05125751862564035 
0 
-0.2929505746534664 
0.5499944431501828 
0.03815626279676004 
0 
-0.01177320198407264 
0 
0.2486731918071805 
0.1175154149733883 
0 
0 
0 
1.056358574617462 
0 
0.2444703025880305 
0.0005841222311464102 
-0.01606082483000747 
0 
-0.02257732554170739 
0 
0 
-0.06187179755583362 
0 
-0.02196158310001068 
-0.1250116145767475 
-0.04840726000984361 
0 
0.00992678102861368 
0.01810049229220142 
0 
-0.03564884718535078 
0 
0 
0.02010660155226439 
-0.225759824213176 
0.02785536350385432 
0.05526254132636363 
0.0191010370370513 
-0.05472709411473978 
0.07135601740808648 
-0.01640384936320143 
-0.1509588745470294 
0.05012252093993869 
0 
0.03746645684220509 
0.01964971868498167 
0.004334083154057804 
0 
-0.01910917395263894 
-0.01153341681102301 
-0.03625205248202277 
0 
0.03020065146981657 
0 
0 
-0.005096893299414365 
0 
0 
0.1132955473462628 
0.02888061592756633 
0.02212727180244509 
0.02064398973836484 
-0.09129735476723898 
0.3728733145018787 
0 
0 
0.1041036347660181 
-0.02888197494117118 
