solver_type L2R_L2LOSS_SVC_DUAL
nr_class 2
label 1 -1
nr_feature 5000
bias -1
w
0.4425371223207631 
-0.2764587989071854 
0.2252830770194529 
-0.1155589985932103 
-0.09526568003328109 
0.5526972038795438 
-0.05815795974912463 
0.07133305476565886 
0.4162112887478914 
-0.2362148484467914 
-0.0883331362432164 
-0.05859854635423222 
0.1913422805483917 
-0.02809812361598702 
0.09974403016680541 
-0.6131330814695055 
-0.2201554075523365 
-0.3941600151748649 
0.03671791092942823 
0.7231103422015016 
0.1801614428900977 
0.7118729771797485 
-0.07642632998273453 
0.08965681773189067 
-0.1351495006878054 
-0.08269483685464071 
1.050847729688231 
0.1047825777376979 
-0.01852823553330996 
0.005878360127746242 
0.1697055675683009 
-0.04509080671383088 
0.3052323138481141 
-0.5691835714756169 
-0.1828753723741711 
0.1931409314052357 
0.2880243930212208 
0.1206711939181586 
0.2444220043113532 
-0.02068051876087815 
0 
-0.02778669809348817 
0.02371637861420398 
0.1732847765509249 
-0.480204292280772 
-0.1303893719743705 
0.1852388793715413 
0.04963723143575635 
0.1324960797499128 
0.3041697265515323 
-0.06752280924773559 
0 
0.3213701847183675 
-0.02608667995592571 
-0.1033620069344256 
-0.1075431203436036 
-0.06604078141223739 
0.3162498316569352 
0.1582934284141858 
0.3317573932583613 
0.002693370430268438 
-0.04276885424486928 
-0.06769238022460797 
0.07125877621370298 
-0.478971431613305 
0.1772714599826832 
0.1132423315983393 
0.2784819948645882 
-0.5306812199597302 
0.05640737762365353 
0.5536524455200423 
0.1759775431640849 
0.437715747956723 
0.0236550127032217 
-3.808968565322908 
-0.1148848052038809 
0.05844180743458272 
-0.02763690920416491 
0.5233843533529571 
0.09963958082621271 
0.08558533991230925 
0.1277575262422039 
-0.006197738551139111 
0.24184327329239 
-0.0974058391874362 
0.02564795897925588 
0.3750820224569987 
-0.03886930474039075 
-0.07284573189543947 
0.3109032093062688 
0.02162435145360345 
0.7008682028381567 
-0.03310687947589171 
0.02629553536658719 
0.09672082842605027 
-0.1140430573115196 
0.2804617053854594 
-0.02302928545963736 
-0.6658277858938693 
0.0724223353092983 
-0.007679552037975535 
0.007839664210147611 
0.1176185557490975 
-0.1481546742202875 
0.05826805916061141 
0.3213075521209356 
-0.09616046825510541 
0.00748931285611554 
-0.0008094541255010473 
0.04847166183492795 
0.3192710631994296 
-0.03129400029509491 
0.004916243588970172 
-0.3466183294323428 
-0.09100782735533894 
-0.06681904938966556 
0.04728722680948481 
-0.1071300020463489 
0.6024498391364914 
0.8108392125963769 
0.2544850847655002 
-0.305304537772725 
0.03731684191227116 
0.005728381582311091 
0.1848412645657437 
0.07445045442018092 
0.1324971846384536 
0.08262913544527116 
-0.01653843556756305 
-0.06171307125676061 
0.04628539279783343 
-0.04063626868410392 
-0.3244356798204721 
0.01217997985120873 
-0.004058088986011336 
0.1303054644762544 
0.02811213721388299 
0.06419468681327584 
-0.08832381167239406 
0.1271089267115003 
-0.06718949868334853 
0.005047406515312011 
-0.03417396099541822 
0.040621739655955 
-0.4493609188642043 
0.0621520682291347 
-0.008861873511921121 
-0.01453631243866101 
0.01673129802678273 
-0.01559480480098635 
-0.1034945262284505 
0.01879930772749121 
-0.156283738055831 
0.004226265475516416 
-0.07497112354806937 
0.09208395039746677 
-0.03541386238796155 
0.02346260809390554 
-0.203375855859882 
0 
0.00968702143838189 
-0.153347275687446 
-0.05615006311271668 
-0.7715073663487181 
-0.04203684942715187 
-0.0465714498339378 
-0.1094999054353109 
0 
0.2695530427842419 
0.001641970110304269 
0.1537672862776102 
0.02044593862350029 
0.31851187983462 
0.08166970652202857 
0.1332566367884773 
0.3494147096809606 
0.2990086920350302 
0.1976513903640067 
0.363662993058984 
0.007208639030581537 
0 
0.2673558129890476 
0.02888218116442739 
-0.1950761369338631 
-0.005069559700596946 
-0.0037799811007703 
-0.2042914218255792 
0.2885685802091675 
0.00951326139234079 
0.06347214432489406 
-0.3106238974143166 
0.0511256885506667 
0.07099269728652077 
0.1282028481044302 
0.08117261805265125 
0.1750307938236414 
0.154422620804296 
0.1249254479233945 
0.1625274429273434 
0.2039964675956189 
-0.01337982756439906 
0.1083713959208053 
0 
0.04748098968745629 
-0.000888648821355981 
0.04653986290267789 
-0.01288045982230892 
-0.2867331293362773 
0.04738351628196961 
-0.1190470568210902 
0.04565116667345307 
0.04961796730955954 
0.1485477377164001 
-0.06005104058865855 
0.2425531047219369 
-0.001552507921405474 
0.02627739758907414 
0.01086156029098148 
0.1393315652918439 
-0.261741203854807 
0 
0.1675964223456052 
0.3525631711014713 
-0.02211449166333751 
0 
0.07315703818391935 
-0.2459757461061079 
0.01407461479748024 
-0.03129102321072771 
-0.09258829480939632 
-0.05227229331576952 
0.2544072915747392 
-0.08583810313727086 
0.8912475333346257 
-0.00447290785489354 
0.02484553797257787 
0.1016260857654043 
0.1216524207845566 
0.0293644667529076 
0.02242092114600253 
-0.03396827550951603 
-0.004282823149097806 
0.02709733590310897 
0.8090717007341536 
0.06286236329377189 
-0.3448985359511365 
0.04045115991386414 
0.0351782774031521 
0.01579579598038118 
0.004068671259813408 
0.03429892809932903 
0.1421613105666533 
0.07093094610030237 
-0.3776021106627355 
-0.03330824121537049 
0.02884933911420405 
0.1863616362314252 
0.1738684953139955 
-0.03093794733908129 
-0.3225307803501011 
-0.06468277362702309 
-0.01318720571240602 
0.4892305106630234 
0.1094149002960026 
-0.1286501972119142 
-0.191390761463099 
0.02000235485156995 
0.1083790597952815 
0.1992977485658084 
0.000948255866902643 
-0.1739528640378209 
0.01652628334619555 
0.5087674051083345 
0 
0.2608545613707939 
-0.01324257930257463 
0.0681977673839287 
0.08308654980522831 
-0.3394552406039924 
0.08805737354784084 
0.2857792001418422 
0 
0 
-0.5798190394883092 
0 
0.4808122252832085 
0.1926638484377322 
0.1224890085144792 
0 
0.02131326710993295 
0.7520050580589985 
0.2122736318898338 
0.003671605803320867 
0.5421818950559349 
0.07340278101235903 
0.3153368320977553 
-0.01849554460648047 
0 
0.011246627897815 
0.09218883908227285 
0 
0.05268646748570115 
0.005162527082857958 
0.2860944264640848 
0 
0.2650843707995717 
0 
-0.1336473954566955 
-0.01330700841331258 
0.05816207300585083 
0 
-0.1084174762984549 
0.1092513857495907 
-0.05245644792120446 
-0.04647978487820092 
1.164921027942762 
0.04943609876333127 
0.03235360616627714 
0.4919655758372972 
-0.06175819068793831 
-0.0009000747341616896 
0.02324639563454644 
0.07282012852285483 
0.1666725192568707 
0.004293926306164703 
-0.02408729811536072 
0.04610161140027371 
0.0723910961831713 
-0.2829275186559225 
0.2468316472717222 
0.03408108995247301 
0.04212885564125593 
0.06035522107957513 
0.2302684240485087 
0.01594427862237054 
0.03698258350379391 
0.05806822539396662 
0.05917910259743941 
-0.6002601808345517 
0.3760756436522087 
0 
-0.01994258220802235 
0.0831938121195195 
-0.1287405933324563 
0.04470009476592397 
-0.2245988206756286 
0.04262444968316089 
0.08212654326734863 
0.01034205556616258 
-0.037125309978251 
0.07129109301611986 
-0.00157855256207439 
0.03904155304450942 
-0.0176145160961466 
-0.1672779518365865 
0.01611051654287008 
-0.09503369299630773 
0.2619899192581907 
-0.0147774312261745 
0.03933142461712869 
-0.01482397337242616 
0.1634995778097633 
0.2663227504776152 
0.9103777593881804 
0.428320491558014 
0.4611510705780198 
-0.01816044476556425 
0.06709155961326543 
0.6988685950932472 
0 
0.4772663054119983 
-0.006471386550356416 
0.1261896263405381 
-0.09829435527117272 
0.06109668081969589 
-0.01767914965028927 
0.09928147594075672 
0.02940276429162033 
0.1694425529341138 
0.007603764040712154 
0.3061521125667859 
-0.04309530656694573 
-0.00212847061584239 
-0.08109525076775199 
-0.02710149533699435 
0.04048480628362094 
0.4050251100649753 
0.4165515811411316 
-0.1163399033735593 
-0.007510766266002399 
0.1199298492186924 
0 
-0.007738812044575093 
0.07884424668930116 
0.1435789522487216 
-0.07669013620401156 
0.0418638860356525 
0.04557157349594019 
-0.02218362590420205 
0.06547123682615988 
-0.0579597545262466 
-0.01885089519773595 
0.007317460141408313 
-0.01564058807579937 
0.5411070084131052 
0.3019243017339184 
0 
-0.1573042904724122 
0.05552974631318584 
0.06854534703177076 
0.07547053486816965 
0.0446105331532895 
0.1994986062489727 
0.776871959941144 
0.03316048110187607 
0.1083607674086415 
-0.1849752801576399 
0.2383026326294614 
0.03840725003890398 
0.2099104125727806 
0.1803859512038513 
-0.02543467774072822 
-0.02777775311964182 
0 
-0.02251456575122263 
-0.1053431199458561 
-0.06687880312021621 
-0.0206384246063231 
0.8604864249070522 
0.2212019748671641 
0.2270162644137294 
-0.3457754653549381 
-0.03084846275074923 
-0.1452044829592378 
-0.02212687852294208 
0.4505151655839411 
0.5532855005745231 
-0.0214925110251626 
-0.1457192803390947 
-0.0009462867136947172 
-0.4026546381087884 
0.07568918808543094 
0.2517193776995237 
0.07462569175086443 
0.1681051273396209 
-0.7153279615250533 
0.08606949633942076 
0.06097532269338773 
0.05638517655183942 
-9.664961636644557e-05 
-0.02830313643315807 
0 
0 
0.3591161992726732 
-1.458119761760881 
0.06244989271184957 
0.1850674926053149 
0.6723417473957503 
-0.1540774273325102 
0.006736301086082632 
0.1533515407568463 
-0.03730460694411476 
0.05366922492401857 
0.336147687078762 
0.1626838115007405 
0.005581333628322109 
0.008235923156485679 
-0.11194954020471 
-0.2450082250377566 
0.02189721304271193 
0.1883600141187976 
0 
-0.07124345623604027 
-0.003281337355839371 
-0.0109568307271408 
0.01672697857420381 
0.006702332455644272 
0.02811726791720699 
0.02541556547241198 
0.03879941492726832 
0.003106938904789153 
0.8990650647393154 
0.5354007320002907 
0.05755516904639789 
-0.1237933699325936 
0.09850848738737955 
0.0525286263061676 
0.007167977062282573 
0.03999518882414767 
0.08966817375634957 
0.1964682409071986 
-1.218336032478792 
0.2401231252463464 
0.02682354764058066 
0 
0.08742011611938842 
0.08226516651992599 
-0.0009296808631730491 
0 
0.8390476298814383 
-0.02740077692498134 
0.9499418188342758 
0.2120620141085579 
0.03703032166458055 
-0.03203162467353583 
0.01041115034984839 
0.1674374727245108 
-0.03911053506184586 
0.05407908560246331 
-0.0142010280678896 
0.0184890029749788 
0.04654588677779039 
0.01522355485351895 
0.05915381704958603 
0.1165782315301203 
0.2944535143844307 
0.0813303793473962 
0.124342608901662 
-0.009315263207320221 
0.228575429533149 
0.4224945157024055 
0.005171709091500618 
0 
0.07537451716075885 
0.1199674778784393 
0 
0.03039228481754704 
-0.2147739501095509 
-0.006265167963013991 
0.1361959429909738 
0 
0.05123580924872265 
0.2360409749979046 
0.08516246403935938 
-0.01973138646925877 
0.05259542977596608 
-0.03194574965536814 
0.2358399502904526 
0.01289860316037887 
0.02573668723242845 
0.009404180339920049 
0.353481939397384 
-0.00518531004332899 
0.01369257934748821 
0.001133216425563121 
0.01644395989236295 
0.007652729453998766 
0.01718146178203989 
-0.2644681549263002 
-0.04884251812765114 
0.1389315815072548 
0.08438939486809181 
-0.01439563126988278 
0.0007755812478533119 
0.02471819292740945 
0.0030631590138697 
0.009049644215623067 
-0.1986962883883892 
0 
0.2139410155500611 
0 
0 
0.5651293078582724 
0.2409170203468193 
0.8240035957553059 
0 
-0.008817740779763951 
0.01142186880570646 
0.04814791054929774 
-0.008412254999523078 
0 
0.00505578990965944 
0.006939326735016313 
-0.02602136478932394 
0 
0 
0.3799026883278399 
0.6500102716901404 
-0.0414416266222882 
0 
0.002093093805029898 
0.1111888537039412 
0.07470120636072089 
-0.1055468442530501 
0 
0.2166829126449388 
0.05956818473910567 
-0.01963258623851255 
0 
-0.01682514482562093 
0 
0.02186110882741936 
-0.00103449080934415 
-0.2005934320237531 
0 
0.1315689974569793 
0.05916496608637302 
-0.2036745740208442 
0.02738775111416534 
0 
0.01291465309962737 
0 
0.02834129421933662 
-0.01215484599985452 
0.2551287957132485 
-0.01126299274368528 
-0.2179826837040563 
0 
0.2358699949127377 
0.04636155711033981 
-0.1541248575081574 
0.06628465451862736 
0.005485766275695645 
0.0853045277539472 
0.02185895162707576 
-0.9464911047578495 
0.01010340970848048 
-0.02941886765407214 
0.01375180733123449 
-0.04736502825688551 
0.01117278694012094 
0 
0.03880869066551468 
-0.07277375036374667 
-0.03133416094063822 
0.7455674792715857 
0.03815346278791241 
-0.02515421751814336 
0.8375389423971887 
0.332952797615658 
-0.001784385582474876 
0.2313156228324324 
0.001516166356573326 
0.07028339768095354 
-0.01073206933301496 
0.02738556600680843 
-0.1879376388339726 
-0.02866141511261174 
0.09952112875078986 
0.156491306332476 
0.05116235803183966 
0.2706215216963062 
0 
0.0184744082630806 
-0.007505356079715213 
0.207006425325392 
0 
0.1772589431067025 
0 
0.0004581312418718885 
0.0238466988696487 
0.1593693283672191 
0 
0.01063555112501821 
0 
0.00246391064132636 
-0.007920446268108353 
0.1365732969254537 
0 
-0.002512211951613037 
0.1959792104958341 
-0.008479743488432112 
-0.03424994943244256 
-0.03220107379382411 
0 
-0.004428564317556476 
-0.005808002538844835 
0 
0.0605751427342858 
-0.001004695822973634 
0 
-0.02816722546913941 
-0.08928033138263172 
0.06662229257584565 
0.1272375447675388 
0.01334724394056181 
0.08173203046725561 
-0.06660383136528968 
0.04270422408911696 
0.1939733429028461 
0.07163164675223131 
0.002854465284158809 
0.008060008801023451 
0.06253373908241243 
-0.01488926858860071 
0.8135882704855547 
-0.005699964714551625 
0 
0 
0.01613521231532043 
0.06714173393976383 
0.3906988617099697 
-0.03736838336576576 
0.005856262334879023 
-0.009575525778830451 
0 
-0.0002933905579968663 
0.1995912945854587 
0 
0.5551960844053166 
0.06418892511740129 
0.04521763583547876 
0.06459887023930007 
0 
0.4115102323465053 
0.1066395912879387 
-0.04252297075980174 
0.1399974341631419 
0 
-0.002382479445598908 
-0.04286653005204359 
0.2109668061348947 
-0.4102791462746722 
0.0265835056847438 
0.1675943293031701 
0.0301088594858933 
0.03929111512338969 
0.03964708897579435 
0.1018575945554706 
0.01924074448819381 
0.1100050428901954 
0 
0.09347521009884997 
0.002005675699859987 
0 
0 
-0.08584739230274044 
0.3938555239831081 
0.4521442590348934 
0.03664256219707498 
0.1438660657972874 
-0.0210225191763286 
0.0904344168841352 
0.0438897749503765 
0.003462614615963245 
0 
0.01616463382201587 
0.05735113011851992 
0.163243272339211 
0.15258367987991 
0.01703106113985204 
0.1423311655401108 
0 
0.2654306475166849 
0.03089310845894171 
0 
0 
-0.01982721104387886 
0.07786169092245163 
-0.2784752179590342 
0 
0.0319409234407649 
-0.05143915614664614 
0.1070886289976679 
0.2497419454606601 
-0.187897952085406 
0.09134398243893684 
0.009474184469850055 
0 
0.03559403407723913 
0.1745886116314939 
0.3726248303092256 
0.3552669026671026 
-0.2276821907377683 
0 
0.07942340867642249 
0.1219970445077561 
0 
0 
-0.01175233705044952 
0 
0.003021887021224596 
0.1811393354157684 
-0.02523181789202374 
-0.2270421021571598 
0 
0.02693037194733239 
0 
0.03662813717771517 
0.2095650040544469 
0.06094066039675612 
0.0654534058095997 
0 
-0.03688549235425152 
0.0002519609886196175 
0.3029039426198359 
0.3034915484164507 
0.001477890205224588 
0.02698235547522872 
0.04695577388612219 
0 
0.008895818171270629 
0.3122383833154231 
-0.03447391400921734 
0.4077661684980278 
0.4110065062592211 
0 
-0.1080379355081584 
0.02245697818620727 
0.1825865728711947 
0.5187706180896143 
0.7828297035548825 
0 
-0.0174774184911925 
-0.1445399402753383 
0.01797501607546062 
0.09730524753011464 
0.4551528148224538 
0.005739556559286643 
-0.02144984840204716 
0 
0.09254860829356683 
0.4856871003127852 
0 
0 
0 
0.4429320088487456 
0.06531413294572094 
-0.0195638837134649 
-0.008771607090375076 
-0.05711030830596477 
0.2365602241458908 
0.01629464674160163 
0.03280580797277408 
0.02682972545557255 
0.02711663074256098 
-0.01226637295031056 
0.04105752708705999 
0.06325252654976153 
0 
0 
0.04927174741351632 
-0.009864154022150934 
-0.06217949143216811 
0.2182959031419509 
0.03485157416131308 
0.006175065768999937 
0.1994110569603712 
2.189354715182999 
0.006708910410367205 
0.3725932645382014 
-0.08098437048102305 
-0.008635715590620997 
0 
-0.0438096154313469 
0.0327312749540584 
0.02868267774181185 
0.007708956269678397 
0.0246657331704472 
0.09682114193402039 
0.0808709036489474 
0.1139773477358625 
-0.0124718867338873 
-0.08339015195666201 
0.01027511929725857 
-0.01870050223392684 
0.00926520184554553 
0.0159636062123193 
0 
0.1549129369041959 
-0.01539285877711554 
0.001980242185915148 
0.07605884916781827 
-0.1231055149116921 
0.2083511295765193 
0.03268575215552776 
0.1221898496031386 
-0.8442921676527457 
0 
-0.01209036427388085 
0.2242804179890772 
0.03807645164355 
-0.1511847004304726 
0.1214702080826005 
0 
0.02516297894841902 
0.1220556755109159 
-0.0375383530415126 
0.9106432003751869 
0.2706298444643965 
0.02450834181512295 
-0.1362963466115155 
0.2006293023669224 
0 
0.3341587010723009 
0.01931611644255288 
0.2852345661137269 
0.01623285019661274 
-0.8469856099916934 
0.00815507649827556 
0.009049468137085485 
0 
-0.4504637345777161 
0.07659328573266273 
0.161242514017011 
-0.1802222859707019 
0.08026015511919217 
0.03561567011871362 
0.01496419014157129 
0 
0.08236802162356481 
0.1600786624080543 
0.466052677385338 
-0.07895400307971018 
-0.009237389679571995 
0.2524551051594397 
0.009775038214539714 
0.05523959957028372 
-0.05750504745720463 
-0.07081172329258156 
0.01173572583574192 
-0.1161209471981854 
0 
0 
0 
-0.0329493848526649 
-0.05170267435790603 
0 
0.03535463418011003 
0.09129265049443992 
-0.1386321375375887 
0 
-0.02346272656396531 
-0.0555831801947767 
-0.4600897836448182 
0.1850367423767553 
0.01141506408334941 
-0.03020741866527053 
-0.04969219910229167 
0 
0.0459594723722873 
0.05357426296215252 
-0.07681460522859988 
0.001711353208630003 
0 
-0.1022153900235286 
0.01589952088122277 
0.5504169924549163 
0.001922889538633989 
0 
0.1239756150983756 
0.02757422293374236 
-0.1350322374502776 
-0.03664967890741144 
0.09071186735832049 
0 
0.1592167789140778 
0.02306041120227442 
-0.01226534492659857 
0.0924996879055857 
0.2673585358599392 
0.06019538449773505 
0 
0.03926616903007273 
0.1086098953336833 
-0.0359346703223833 
-0.06551649589521175 
0.09776207473858547 
0 
-0.05192600764675473 
-0.1290377730721051 
-0.03159398015041027 
-0.007693366072763663 
-0.000171782922176598 
-0.07690606454644729 
0 
0 
0.1082615689217752 
0.4720962361915302 
0.009525607502319764 
0 
0.2085791816759713 
0.05308390974059812 
0 
0.1267243212468471 
0.04626055669144136 
0.1492336281098446 
0 
-0.0218690991787179 
-0.004176384145350197 
0.02358568153039058 
0.05196030688014685 
0.01032308861919793 
-0.04020925213347503 
-0.01955856952064754 
0.05838905634922116 
0.007429553903751636 
0.01385537181817306 
0.04365675707493557 
0.3015922996237309 
-0.1317366575054154 
0.04524257974430811 
0.1537497882915764 
0.004691424781039927 
0.005636223164320475 
0.1296564136087455 
0.0241159128696724 
0.05395157542478469 
0.1284098180238537 
0.02018552113270181 
-0.1651381306689522 
0.1509114611141234 
0.003583431303506405 
0.12354663706304 
0.09989702661056105 
0 
0 
0.05332185100663784 
0.07915688903704468 
0.05910804947844937 
0.0225877886195497 
0.0388947291215969 
0.1587466948401589 
0.03828044835517518 
0.1294541230977668 
0.005433278796909559 
0.181494149702648 
-0.03576838806062249 
0 
0.09007560785779781 
0.1013748622524094 
0.1097289357842276 
-0.3636990073090075 
-0.003334719191292439 
-0.005165801821110805 
0.1005663035762839 
-0.0873466330198592 
-0.01412213851289474 
0 
0 
0.002181007928571346 
-0.02451271609340923 
-0.06061153242734572 
0 
-0.02995571011199019 
0 
0.01880553809779189 
-0.1507964190825053 
0 
-0.006508621626804741 
0.0702715363256504 
0.05675440473356318 
0 
0 
0.1375321045355198 
-0.001799781993023757 
0 
0 
0.7086664107486181 
0 
0 
-0.07828340940945169 
-0.02809477074848876 
0.004545711110578748 
0.05074653042104815 
-0.01006028473639756 
0.009693197610512707 
0.03331195950900681 
0 
0.07176755080855508 
-0.03460825798589394 
-0.2402082421813111 
0.2287825394609379 
0 
0.001828873909086268 
-0.01884622045314875 
0.3084250680431606 
0 
-0.1275457627036622 
0.2350211464944841 
0.02528574972114411 
0 
-0.04925244449427264 
0.6695058856312031 
0.05443626234311916 
-0.03088694181126263 
0.4670812603989173 
0.665301084258999 
0.06698431178394806 
0.00341995479512176 
-0.02103557231452547 
0.1820258367605674 
0.1250896249902839 
0.03400899474523347 
0 
0 
0.01193189008574412 
0.117435113812664 
0 
0.006186224080636928 
0.2777461214493234 
0 
0.2871446137127546 
0.00474522586269857 
0.6084760656808978 
0.1766529442367527 
0.3339458772285446 
0.5287891042648992 
0.003210122131101846 
0.005224437482578964 
0 
0.03997794628638083 
0.6432760359035593 
0 
0 
0.1462661953668631 
-0.04091564046311869 
0.3266355668511386 
0.0236555253798545 
0.01236122920484115 
0.6266285150021449 
-0.01817900625765442 
0.3230990727470563 
0.1100145983712282 
0.1547538597687396 
0.02188268827014332 
0.003539573656474891 
0 
0.1692529393929809 
0 
0.007748186611552169 
-0.1008786240516164 
0.1411875160418158 
0.1462616825190053 
0 
0.04770513806939351 
0.005358215983588275 
0.003550422113884101 
0.01016023403764013 
0 
0.005584550242665348 
0.1500504998626653 
0.0007479968626624491 
-0.02217515563985724 
0.01588824638414831 
0 
0 
0.03692688095550217 
0.08016156990898346 
-0.02413897951380754 
-0.1612049642836942 
0.1256265499128523 
0.259254504922443 
0 
0.03143655865702596 
0 
0.08064190069142847 
0.001826510569529562 
0 
0 
0 
0 
0.16866460515541 
0.4683815498313091 
0.0226597423985912 
0.01766225490927338 
-0.002926707310905846 
0.1741610165385599 
0.01144729253801939 
0 
0.02273826550199499 
-0.09056107368637971 
0.2185485076275537 
-0.147206177281645 
-0.1191746424638884 
0.01125487883630292 
0.003771666514308662 
0.03055356916296497 
0 
0.0192468572132134 
0.007041854816222436 
0.1801537125711918 
0 
-0.06687138885610737 
0.000405811769781919 
0.1504052924871317 
0 
-0.04903945152285558 
0.08242168319380783 
0.144853238281868 
0.03156712440949744 
0.08970069768932612 
-0.03410267298476009 
0.1048089400220058 
-0.209600959026065 
0.03534771336406481 
0.01713104229661771 
0.1743185007570889 
0 
-0.001629999263024816 
0 
0.1995943961878153 
0.142351314094029 
0.4546656269280999 
-0.0240997948595808 
0.006982791107782518 
0.02360946731555497 
-0.02928463593055317 
0 
0.01091630012947246 
0 
0.2849323420261554 
0.01756353079029392 
0 
0.07560380084499256 
0.1273321115337639 
0 
0.02556973575951287 
0 
0.06430345859532272 
-0.02710882563211361 
0.5163096602877564 
0.01039566520346999 
0.02247478123701238 
0.00547168064228556 
0.04754938506632278 
0 
0 
0.4403393840142806 
0.06144291058818167 
0.04257775501387114 
-0.0470140908972746 
0.009259809114138644 
0 
0.05778785557128673 
0.259771954513027 
-0.1170016216555404 
0.3453570896023819 
0.2650280823381861 
0.1384438756112819 
0.1485232955102825 
0.1366425756013226 
0.1328675681455244 
0 
0.06189119082716715 
0.08407403255123241 
-0.2749031799436241 
0.2117355331795897 
0.1388697445242707 
0.06090747176405503 
-0.01014935912087115 
0.0153083805304482 
-0.0328082166001246 
0.3619578742104825 
-0.03477104533191117 
0 
0 
0.04216125380141481 
0 
0 
0 
-0.1632510269825679 
-0.1882320881544511 
-0.768017391118563 
0.01563026203548735 
0 
0.04566580657438469 
-0.006928665565547712 
0 
0.08480997523486686 
0.07679226439124925 
-0.1185354989913499 
0.2008635708549135 
0.163243607402558 
-0.07676933569109076 
0 
0 
0.02273788242548481 
0.01415413542072882 
0.0691282015424164 
0.03370170493878565 
-0.1164407091588463 
0.01692211497888213 
0 
0.1151296967353048 
0.06324218052392995 
-0.05250034385532669 
0.03330468735567154 
0 
0.07494870832451492 
0.03788071464982656 
0.08540262291443065 
0 
0 
0.03526416427471247 
0.1138126246714625 
0.005699384150255219 
-0.156974826584551 
0.2208000110497082 
-0.1303902480965698 
0.01184107624944079 
0.05787084127572599 
0.02114854962073828 
0 
0.01100427315867936 
0.0008167418113314007 
-0.1748328153917395 
0.028765009616863 
0.2149208369966628 
-0.04111616339731826 
0 
-0.03726562531181298 
0.06207294010664235 
0 
0.2901916530224195 
0.1256581592490087 
0.01154131551049242 
0.2677208931853133 
0.04211050137842836 
0.07090642379032698 
-0.005872049218254703 
0.002221205186982608 
0.03568843882486439 
-0.03660725302109807 
0.09507215612282131 
0 
0 
0.01557818454934747 
0.2704862578818845 
-0.02593928721254493 
-0.09864885831712639 
-0.05524239727642622 
-0.04496063182454854 
0.01497735840873977 
0.0305026085875675 
0 
0 
0.2094629814487258 
0.03343581446850469 
0.1599782977260706 
0.06672872723626407 
0.1594664610671443 
0 
0 
0.05369588558787257 
0.05494014641986325 
0 
0 
-0.02431188811276575 
0 
-0.02234828792288522 
0 
0.02070734579915353 
-0.1878781874224464 
0.04797956338617803 
-0.1416592593225252 
0.1363546653630428 
-0.02922162025730809 
0.003188071339865371 
-0.0004756149913222579 
0.02675328921739243 
0.1558218856786151 
-0.6165762633584755 
0.03427134106571331 
0.01798566203565568 
-0.0007705465027994492 
0.6101346810389134 
-0.1218662795087612 
-0.1959364822431923 
-0.07778194506588858 
0.2232895814239436 
0.1053024037587376 
0.6824038161581977 
0.1727506287708204 
0 
0.005577190915762621 
0.003495924346711117 
0 
-0.008241026473319797 
-0.2355068364129882 
0.7042059245271332 
0 
-0.02512532108241731 
0.01325382264100181 
0 
0 
0 
0.00716989007486555 
0.02659544121342127 
0.1222281982744291 
0.01084561572200741 
0 
-0.04242302175763085 
0.02445373302965436 
0.03695165659904495 
0 
-0.003965004492893047 
0.006686976714205434 
-0.01524641886120001 
-0.1915140419502808 
0.2856081608718153 
-0.01481106021588826 
0 
0.02656379863968559 
0.03573713030707526 
-0.004770985253846913 
-0.5690468638747096 
0.0692693766343732 
0.07411330773660897 
0.04647847462657069 
-0.1580231533446497 
0.04938496499415297 
0.0914174757253865 
0.09339707599854907 
0.03048549479302726 
0.2765756365831975 
0 
0.07852823143211413 
0.05322194205608888 
0.007227451284496096 
0.006558361581406376 
0.01769074362188022 
0.04077437592539154 
0.03809006605448254 
0.1115532822998283 
0.1688107746814705 
0 
0.01398509714187791 
0.1283191519945613 
-0.002323752517708746 
0 
0 
0.003055301131098979 
0.0002805979017208842 
0.06704345126595224 
-0.1566720898464464 
0.1094334289016557 
-0.07156323122545787 
0.007443254049833392 
0.7153624238325045 
0.1128867131909726 
0.003052300652593308 
-0.1177353884468606 
0 
0 
0.1063633580574456 
0.08441951659917164 
-0.006340498932443431 
0.0554727360789446 
0 
0.02120887659728607 
0.02365968984662579 
0.1230137748030554 
-0.2970931739976255 
0.3413223504366432 
0 
0.1595697857769662 
-0.26545499941711 
0.1363830770942588 
-0.1606521162549143 
0.0109009678176811 
0.01807603678735747 
0.222411417844921 
0.02493453192364693 
0 
0.02762020551525019 
-0.2827918829180534 
0 
0.02090145049392047 
0.1507985224970448 
0.04807383504687872 
-0.00640643434770242 
0.01836939880796522 
-0.05199997484665475 
0.3126692194924947 
0.01711856466938512 
-0.06599813261508347 
0.01256055626622691 
-0.01943139542489505 
0.005865900319633808 
0.02387957496479588 
0 
0 
0 
0 
0.1655082808607312 
0 
0 
0.1704999903475365 
0 
-0.06624489351003546 
0.09954761319539489 
0.001448796493193306 
0.001620166229224134 
0.007966103343632487 
0.04124114199307143 
0 
-0.05756014102581694 
0 
-0.2041713511675422 
0.07257396695482814 
0.006741491322945343 
0.07088911815697653 
0.08025284152431075 
-0.021019778345135 
0 
0.2856511468504554 
0 
0.006290174817308569 
0 
-0.06120908968261484 
0.05181935972603664 
-0.5816305572998824 
0 
0.08855372057606835 
0.1459174068524994 
0 
0.3769859518695626 
0.2199492543246351 
0 
0 
-0.0923985972028962 
0.2103166528204483 
0.05032933547333548 
0.8023498216445853 
-0.00654841872706578 
-0.04028785584942465 
0 
0 
0.005764017931564716 
0.06337695253901826 
0.4080540196180532 
0.05385836173601993 
0 
0.2635335722209704 
0.2032043146573582 
-0.04497366527412907 
-0.1476201453867333 
0.0101428392507406 
0.03287908192162291 
0 
0 
0.06593935902749726 
0.9614475623148157 
0.3029478862150983 
0.05984385492723108 
0.02276061731802484 
0 
0 
0.1061270132145353 
0.1584285359987327 
0.01257951814958018 
0 
0.5803153428981791 
0.01770717483208922 
0.09800305301348804 
0.1815946737726654 
-0.01097000479928622 
0 
0.005483368498142545 
0.0236108489554778 
-0.006213260155064694 
0.09351269607556892 
0 
0.05300908590390389 
0.8199032141899659 
0.06955430080917939 
0 
0.1321349637174196 
0.01037184555980366 
0.01017596372759299 
-0.01162281557769238 
0.9377918258290553 
0 
0.008096915258492406 
0 
0.05538052960655911 
0.0720665411574294 
0 
-0.008021054891177042 
0.0001175165944729955 
0 
0 
0.08909604240721651 
0.1601053337865584 
0 
0.002744345478249455 
0 
0.0442544026361196 
0.087983955074458 
-0.01998261955002292 
0.01875034242010622 
-0.0282882073414695 
-0.1176644525852876 
0.09692603993817116 
0.01357275801501048 
0.01754393365739783 
0.3034787627285517 
-0.3018050894803178 
-0.1668180684558074 
0 
0.003748029548048603 
0.09531810314038359 
0.283688972913959 
0.08155502096919846 
0.05938450915922397 
-0.04588059530382976 
0.4196471842618881 
0.03765109494318454 
0.1203571048891088 
0.006685931596352696 
0 
-0.8804406854650684 
0.1185033007411571 
0 
-0.01988647198697309 
-0.00888346548294675 
0.1690800233459455 
0.1129994902951717 
0.03837370210524279 
0.002188997735177002 
0.05028038804819621 
0 
0.004568708735592508 
0 
0.04738539759377776 
0.1674963147368183 
0.6575968826618657 
0.3366431250143698 
0 
0 
0.07249104536636432 
0.2882910054917324 
-0.1109539094753027 
0 
0.004628148204381015 
-0.008806181769208164 
0.05373937898913459 
0 
0.1025794215434899 
0.01944217343176068 
0.007685291827328177 
0 
0.003108717562237185 
0.3147609702768626 
0 
0 
0.0451790224346683 
0.0130365132255597 
0.09998261814544113 
-0.07933709437890087 
-0.004695236229381368 
0.02924979400081457 
0.002941213141962886 
0.04142842213911722 
-0.01685395243756125 
0.3404980193629785 
0.07347762303157561 
-0.3298342227789412 
0 
0.003381501437910467 
0.02692882657026544 
-0.003382339799211242 
0.0004969305125211727 
-0.0791327222595786 
0.002865296330307541 
0.009442690854319176 
0.0009559534173247691 
-0.2594935923909282 
0 
0.04523538564081445 
0.0158130925059875 
0.01045562523381792 
-0.04291279428656129 
0 
0.07615043682075975 
0.4940961540004261 
0.1856151563916787 
-0.006588060332624856 
0 
0.02664821523618005 
0.04457736698248121 
0 
-0.01787241104520242 
0.1166816727504998 
-0.6286465031594011 
0.3664103395816883 
0.008042204865933184 
0 
-0.5144105458838087 
0.2623112234391285 
0.0625324281033165 
0.08610082578037045 
0.8896392499792326 
0.01360482361179206 
0.05486865260174884 
-0.1537008126906631 
-0.02132090400744144 
0 
-0.01040679826980114 
0 
0.0110473379351976 
-0.07346289275336942 
0.01340748229580653 
0 
0 
0.1401660744592579 
0.01546178863975854 
0.004372972683228459 
0.04313803578178353 
0 
0.06485091690361497 
-0.008572560613605658 
0 
-0.02443676132611878 
0.003743033896828688 
0.00833461804906593 
0 
0 
0 
0 
0.1487088237911969 
0.02995450461188289 
-0.0404606849214309 
0 
0.078539341935965 
0 
-0.2687193466551414 
-0.1325587848200091 
0 
0.04842352966027808 
0.09827789416755629 
0 
0 
0.1475530314179763 
0.1808944283343198 
0 
0 
0.05116847925767556 
0.0004898559087442023 
-0.8143671791553511 
0.009758887179947433 
-0.01212935241719361 
0 
0.04299753695814067 
-0.0008515760525794288 
0 
0 
0.09251409956040037 
-0.00223112181915432 
0.001295705258638833 
0 
0 
0.1827603246510691 
0.001782302708293897 
0 
0.01287786160313608 
-0.01640205957786134 
0 
0 
0.07114492120106894 
-0.006733714287498743 
0.04027948077824759 
0.07222969934315354 
0.05505076820745475 
0 
0 
0.03214546076363647 
0.04607222698961395 
0.04658168273448109 
-0.06946188275099638 
0.004548199569728191 
0.008422995306433652 
0.6976084972820251 
0.2753254314961264 
0 
0.001178342149146007 
0 
-0.138111213240294 
0.01032247567395572 
-0.07157580100852505 
0.4703377688113493 
0.01192168280729594 
-0.02894574181264106 
-0.09003368594685116 
0 
0.1036146995962315 
0 
0.142389183145526 
0.01538658409378682 
0 
-0.007003477636170279 
-0.004493502982825429 
-0.02880167554467719 
0.007442966706529559 
0.1038864343896906 
0 
0.0711426310008863 
0.03356408480441805 
0.1286366047608495 
0 
0 
0.8394712547188474 
0.3162332247430525 
0 
0.0273567970703846 
0.09623400944080071 
0.01976995460196826 
0 
0.06088067193824362 
0.02993659160386605 
0 
0.0005795412796462101 
0.1998801148310125 
0 
0 
0.006930417743527202 
0 
0 
0.2426362243377411 
0.08828646647058 
0.02996670848118656 
-0.0419409973165837 
0 
0 
0.05199028476864775 
0.1256932500134381 
0.02185739777151974 
0 
0 
0.2551239058625883 
0.09760282334325109 
0.07149861916343406 
0.04703302896111884 
0.002751068677870374 
0.04067041277692893 
0.04756209920085364 
0.05395046722922686 
0.2318167875466025 
0 
-0.004259738894375141 
0.2242330420038091 
0 
0.002758975362156258 
0.008787554533031393 
-0.01740238733661684 
0.02638018545794608 
0 
-0.1330941602697704 
0.01122852604852909 
-0.0155131083892339 
-0.1583826483794115 
0.01522949707746996 
0.1697645274194052 
0.06020590728657037 
0.3243911469276295 
0.05727163564617686 
0.5569873511725225 
0 
0 
0 
0 
0 
0 
0.02785796677303799 
0.06180897300093956 
-0.0105794323487959 
0.1788054083044441 
0.06391225648368751 
0.07057580146743908 
0.02852655196948419 
0.03298527585378257 
0.1793745303324121 
-0.05635634762842905 
-0.0003969818956157398 
0 
-0.05543635022022934 
0 
0 
0.07899942166434047 
-0.1074920453886708 
0 
0.01376493612346425 
0.009255206159011828 
-0.03618477744449521 
0.1886966227423052 
0.6704824117898371 
0.05791411158456127 
0.04177581498382956 
0 
0.2550050133148332 
0.05604437979615339 
-0.2392867952971662 
0.7462335644893637 
0 
0.0253653622594376 
0.3915447776326416 
0.5653244753424569 
-0.007475927744616395 
0.2589968403834326 
0 
-0.02131464892481518 
0.04249404122386458 
0.08616879555653323 
0.003673685249868406 
0 
0 
0 
0 
0 
0.1191189943710754 
-1.068254461774545 
0.02056962742294594 
0 
0.04998655946178989 
0 
0.005053613307026188 
0.01500330415177698 
-0.08451529595316792 
0.01985317944102769 
0.007044632405600881 
0.1308827020897607 
0 
0.3215340209410086 
-0.03273168822428572 
0.001686059749623248 
0.1979911791772989 
-0.4864615741147569 
0.03977650402471566 
0 
0.152515633642372 
0 
0.2105243351470244 
0 
0 
0 
0 
0 
0.03596009641661353 
0 
0.08209177603958326 
-0.1372477280125081 
0.07174159266333499 
0.1267129144455444 
0.4889250928297324 
0.02034170846186344 
0.01404873228097415 
0 
-0.1880656559349088 
-0.1507122504089252 
0.04357807642675712 
-0.1526759315500665 
0.04985392023386356 
0.2181690617802393 
0 
0 
0 
0.00252889758392205 
-0.00595795587816011 
0 
0.033933222771464 
0.003438607617633038 
0.04322405321268893 
0.2535243142129945 
0 
0.06231756802174886 
0.1055600689274946 
0.139784878874264 
0.03802484177555045 
0.01477781615412314 
-0.1864191532136824 
0.04651738383338042 
0.05939348823567754 
0.1163775996620115 
0.1737067013528802 
0.01962190201170558 
0.03075462331575061 
0 
0 
0.005645770306415963 
0.01877614884789285 
0.1006921399799689 
-0.4840521535877735 
0.0424409086139257 
-0.003194105823190495 
0 
0.2103940138112611 
0 
0 
-0.03987135384120178 
0.03351609643253504 
0.02249913656428147 
0.003270557361246815 
0 
0 
0.01842754527585096 
0.02042650491782621 
0.01687351819770197 
-0.4914175329692806 
0.1803389237026313 
0 
0.2370311793651384 
0.01506882671187116 
0 
0 
0 
0.4063626691369643 
0.1180138629054393 
0 
-0.2282688768637645 
0.2253955850257772 
0 
0.02370127188230331 
0.06650556031001235 
-0.008780417040345953 
8.181908850770146e-05 
0.002929688725432715 
0.03309833743130389 
0.2170130597051723 
0.2679657466111006 
0 
0 
0 
0 
0.06310607690485111 
-0.7117937089644487 
-0.6719563871332824 
0 
-0.3229726312464475 
0 
0.2225314423851436 
0.001628833437917442 
0 
0 
-0.01650368660094062 
0.1225050465452013 
-0.1761550735947757 
0.05748533601525939 
0.1150255596275786 
-0.003811402236595133 
0.09869419247536076 
0 
0 
0.04566856555607944 
0 
0 
0 
0 
0.1077519436823291 
0 
-0.4207408043470816 
0.04236361532740974 
0.07006207198673783 
0.004897989255802772 
0.03701875024491223 
-0.459236102460619 
0.003511475814574034 
0.3482476600994082 
0.02289251707323491 
0.02082719375719285 
0 
-0.007287861848188141 
0 
0.1962236058894606 
0.1361306277435103 
0.09442672595287532 
0.03571921247133201 
-0.01433540465972108 
-0.12528987358377 
0 
0.03272537076089815 
0 
0.0529687172921641 
0.1434598345996136 
0 
0 
0 
0.1835338651691533 
0.005124584145262017 
0 
0.0668242957464291 
0.006243887075020909 
0.03522713749452576 
-0.06025928187510195 
0 
0.2845429789629541 
0.1008475685836803 
-0.1776805644799298 
0 
0.02760094916084892 
-0.1054723025689818 
0.04329807607160233 
0.02928487805324448 
-0.6057305983413853 
0.3865607252820417 
0 
0.03336474844477239 
0.08132777733061587 
0.1089498221216747 
0.6901370641956192 
0.003562472363668942 
0.1317264098326122 
0 
-0.006961438860743565 
0 
-0.01120125069052135 
0.1051772956321296 
0.02682765633401289 
0 
0 
0 
0 
0.05420600820930702 
0 
0 
0 
0.2360443369018108 
0.004447483899942871 
0 
0 
0.06312195777765373 
-0.3914747368227657 
0.02359405428424173 
0.04889947588888383 
-0.07893321708043739 
0.004198628252693 
0 
0.002036791451390245 
0 
0 
0.009719971396993871 
0.2536203676480563 
0.1086444688639227 
0.05255026681416685 
0.4182989797733015 
-0.06397604349065782 
0.07615078230589323 
0 
-0.03326284967985835 
0.3569859093062757 
0.07515465588339437 
0.3042386733308399 
-0.0152231847737189 
0.1720877733723406 
0 
0.4056363855042465 
0.3235764618774277 
0 
0 
0.015091996718059 
0 
0.0009854470026737442 
-0.09389566453383737 
0 
0.0113262880143942 
0 
-0.102024490236289 
0 
0.2662286458182688 
0 
0.529456461909766 
0.3165999081394151 
0 
0.006315083560860886 
-0.01654692321426354 
-0.2720012507563689 
0.06163584369213831 
-0.04013212378074185 
0 
0 
0.08346494883354162 
0.107293077055468 
0.001185311848282901 
0 
0 
0.006416107001586611 
-0.01147568918951459 
0.004756991113880771 
0.003264948218845953 
0.08884069736217394 
0 
0 
0 
0.003452183579271985 
0 
0.1176605446951842 
0.00843984474304188 
0.01222890022117722 
0 
0 
0.1408999595534645 
0.06298547847127475 
-0.2141271212934006 
0 
0 
0 
0 
0.0466904696873843 
0.07060712312814867 
0 
-0.01307379111081665 
0 
0.02059483807237865 
0.2434771445920066 
0.04162716550006618 
0.4742982023349989 
0.04364983297485176 
0 
-0.023466018201926 
0.06345167281308317 
-0.2565593832128596 
0 
0 
0.01093164282909663 
0.4298136557137361 
-0.05533911573759925 
0 
0.04881365348088075 
0.06547272437644817 
0.2223684108974137 
0.5212469353426084 
-0.07102476040096001 
0.06185331100505041 
0.7409429125698315 
0 
0 
0.001712249950703815 
0.00665267562475151 
0 
0 
-0.004575135788342819 
0.008854963447860621 
-0.004295365153315055 
0.03742301127541542 
0.02335101974069264 
-0.01921613956384265 
0.04575170089347868 
0.03576800928486711 
0 
-0.5040901247148177 
0 
-0.3164611110747016 
0 
0 
0.003487423606311435 
-0.0140265266606438 
0.003085550538044302 
0.006901930207149535 
0 
0 
0.1172326785849434 
0 
0 
0.009391770402322292 
0 
0.9761136715558268 
0 
0.1656318789007002 
0.0004867048503826528 
0.03948216215088423 
0.06761143232170519 
0 
0.007165871703386856 
0.06098318645254883 
0.04521535334969063 
0 
0.06309958366685174 
0.05090384365713494 
0.2404841029058595 
0.02739655634812571 
0.09874606793842119 
0.2626880052782334 
0 
0.1851454901810918 
0 
0.01460045346432665 
0 
0 
0 
0.1920805951060158 
0.5492255158040679 
-0.263380653014292 
0.1526562007303985 
0 
0 
-0.02947845813321046 
0 
0 
-0.03195008947947542 
0.003788849184776703 
-0.04095523112024527 
0.03700050018578518 
-0.2326991009280559 
0.01637031923204132 
0.004063101183505949 
0.0217979507071507 
-0.01313374792024399 
0 
0.01000545014321634 
0 
0.1049803400663909 
0 
0 
0 
0 
0.01911488714411598 
0.00296506625836375 
0 
-0.007077869545534909 
-0.0453799076218709 
0 
0 
0.03249295317627381 
0 
-0.502510966665763 
-0.01785452716897563 
0 
-0.01580583270874854 
0.07343584908261998 
0 
0 
-0.05256552732664535 
0.1585469023661378 
0 
0.09269886102358649 
0 
0 
0.006825638881101973 
0.02802599557430383 
-0.03920658304447476 
0.01999244710117307 
-0.02373193454228649 
0.0008325529566984083 
0 
0.06108378145635731 
0 
-0.2625072324243506 
0 
-0.01803273072492861 
0.08766989134710447 
0.0004137340127769406 
0 
0 
0 
0.02530484866586426 
0.1018892415354667 
0.05896692726077915 
0.03583487608509856 
0 
0 
0.002398586833076115 
0.03738846352987646 
0 
0.1042610002276903 
0 
0 
0.0002640029098387631 
0.034068262574162 
0.01163567944518998 
0.008896339690806172 
0.01101480220797399 
-0.05471860640207051 
0.01112237555663401 
0.0005685280926304246 
0 
0.1153176854820088 
0 
0.03518771837084613 
-0.001968783221417058 
0.00134615986592994 
0 
0 
0.2614361439596189 
0.04262395960232338 
0.3636524814908061 
0.002705314697185246 
0.02295777931980186 
-0.0771586123337249 
0 
0 
0 
-0.01310974723370828 
0.160687713592129 
0.008793043006649147 
0 
0.006245348575279654 
0.04857828384800833 
0 
-0.9372736289358318 
-0.02582337532230729 
-0.00590066149425922 
0 
0 
0.03528882559260757 
0.0456895685887649 
-0.01349773757996821 
0.07465300485977663 
0.04388667314144568 
0.6461504684470364 
0 
0.01862152360657077 
0.04086805809970462 
0 
-0.1735470819471603 
0.07872486683287486 
0.09090726020876364 
0.4611374188645211 
0.09195555457983062 
0 
0 
0 
0.02147227793368048 
0 
0.0814714279090632 
0.01454247745115705 
-0.01622116753845537 
-0.04431383756889423 
0.0415093479654975 
0 
0.0001609033007094127 
0 
0.0004954740171867688 
-0.03213167809767825 
0 
0 
0 
0.02671059318186729 
0.04087104209481743 
0.4715307434524749 
-0.08513610944583813 
0.1515427701663872 
0.0841865547375583 
0.1510351233713139 
0.07260771552773553 
0.006699866636493247 
0 
0.03527218577643056 
0.1862369911319267 
-0.01657436239317815 
0.02689048575475193 
0 
0.2425508306787115 
-0.03551924730491136 
0 
0 
0 
0.06057211240391359 
-0.00113114366433771 
0.02352064460300888 
0.05207962558969934 
0 
0.1296332389388536 
0.005995988456606723 
-0.03422223161908074 
0 
0 
0 
0 
-0.0008720890678509232 
0 
-0.03492391889712367 
0.03860771059155731 
0.6033876559732642 
0.1315893126024038 
0.09835728397349885 
0.1458909450371509 
0.002129374572574983 
0.009666078292127581 
-0.2395103023806729 
-0.2929328524937857 
0.07944734403233261 
0 
-0.0001431530733581575 
0.004276739721409737 
0.003110841615478006 
0.3060353219008652 
0.01361891876047232 
0.001213063678951174 
0.3474197131902027 
0.07854162377618305 
-0.01776546535625628 
-0.063021717599615 
0.03913893577312236 
0.00131595875239273 
0 
0 
0.006799971417277215 
0.1472583862218875 
0.04716059601237004 
0 
0.02507999702505069 
-0.05754012251389817 
0 
0.05978595570040097 
-0.02446942280898593 
0 
0.001694737638215578 
-0.02348515045695138 
0.002807856816968763 
0.07202772006295097 
0 
0 
0.2495374626141319 
0 
0 
0.02580878848785207 
0.1342126320404229 
0 
0.07543315607222612 
0.3275954837116971 
0 
0 
0.1174073005212193 
-0.03773510895087585 
0.1409833020084222 
0.1529423267702066 
0.7089194601432915 
0.06044349340359881 
0.039065193438316 
0 
0.1997598869433625 
0 
0.02023132693671643 
0.1836706867862576 
0.002684023099256704 
0.08019381991530593 
0 
0.0176398403738541 
0.04426188526841555 
0 
0.1365542948418802 
-0.01989048537916182 
0.006175836622865637 
-0.04480422924347556 
0.1152366324832862 
0.02355805255272611 
0.02246065554858314 
-0.05133176530131241 
0.0216293972784017 
0 
-0.5956001995870573 
0.007935098878808434 
0.04379973310773471 
0.1054680881267312 
-0.08885898610107545 
0 
-0.02561246980337289 
0 
0.08495783207724475 
0.03727981879714452 
0.1957643506637433 
0.05286433372433127 
0.3268063633625281 
0.6677915510278302 
0 
0 
0 
-0.001310122832719048 
0 
0.3756304709151805 
0.04112572452919914 
-0.5551975845154545 
0.01873103145082842 
0.04414065294674369 
0.008218894041630745 
0.006208309493923252 
0.1185772457830798 
0.1737223926379231 
0 
0.02577281762717506 
0 
0 
0.1185512215175831 
-0.002818371959929056 
0.08542074929587087 
0.7726887646003716 
0.1433144928394065 
0 
0.00335553363262678 
-0.03553767174608333 
0 
0 
0 
3.247088770254423e-05 
0.06635524592755397 
-0.03785270431019062 
0 
0.3630293737785685 
0.06196964903123243 
0.2411679068840573 
0.1742260042185095 
0.04179456625085676 
0 
-0.1173064535227387 
0 
0 
0.01999087995540531 
0 
0 
-0.09859790705798024 
0.04659911502303701 
0 
-0.01922306160575005 
0 
0 
0.1334371647095486 
0.01528492033479669 
0 
0 
0.01013112482740908 
-0.0357434744092873 
0 
0.05324882446325756 
0 
0 
-0.0006902076988299197 
0.006620778668870798 
0.2215107105864877 
0.02628053696997585 
-0.06113246418778857 
0.03550026234729822 
0 
0 
0.1197704383754288 
0 
0.03929348917723335 
-0.02234014563638547 
0.01639147629194973 
-0.005602884332605689 
0 
0 
0.1397766537787102 
0 
0 
0 
0 
0.09093775205172791 
0.3643654903179558 
0.1082409465363478 
0 
0.008285617098801348 
0.3099045883230099 
-0.03111606400666628 
0 
0.06058137318611381 
0.01806078743738869 
0 
0.01654682147590028 
0.01710239424902301 
0.01011171925068296 
0.003030790285532177 
0.03485724832214503 
0.008039363318754756 
0 
0.01683348690577754 
0 
0.009836631194362634 
0.06262298504477999 
0.04066206948319025 
0.0007338755622652267 
0.0005088857665312765 
0.0008449783548981194 
0.01810068137241738 
0.1057212846847731 
0 
0 
0 
0.04585795884459212 
0.03664063672826161 
0 
0 
0 
0 
-0.04715462490505233 
-0.009284336472452845 
0.01146831580603262 
0.02961689749532362 
0.04300034101610566 
-0.003544086054097724 
0 
0 
-0.009859159331243431 
0 
0.002637663109813804 
0.01777031224159373 
0.0146565128597613 
0 
0.06341459246912715 
0.1531094585422334 
-0.08201956381762078 
0 
0.03407473667698332 
0.05581549345201724 
0 
0 
0.05675444294209023 
0.002344895488757198 
0 
0 
0.008392288894228642 
-0.004505486469557549 
-0.1018813372736993 
-0.3367005996246235 
0 
0.1480783362376392 
0.009594436363388898 
0.03302767932362737 
0 
0 
0.02742966006252885 
0 
0.08756024713032647 
0.9033155874805502 
0.02555273677995844 
0 
0.4006215126307334 
0.04935797130207104 
0 
-0.01983368289643712 
0.1191479705193986 
0 
0 
0 
0.004399351038135772 
0 
0.1778913903671476 
-0.0111445509881475 
0.005479324469495598 
0 
0.09794224040705483 
0.6300371909436902 
0.07939529770869791 
0.04521779497659587 
0.0003991791288478796 
-0.01582002921499781 
0.3157686806955984 
0 
0 
0.07184546723843385 
0 
0.007340980304909442 
0 
0.08123755077332187 
0.5733385903330123 
0 
-0.02850848619749952 
0 
0.04865729062110291 
0.01612737542036611 
0 
0.03339668811911448 
0.1643074132078125 
0.07237847091608221 
0.005510097774147604 
0.05626895575824911 
0 
0 
0.007012531368845292 
0.006570096835845659 
0.9665820328631393 
0 
-0.006824182943931228 
-0.2280384168378907 
0.2046384433401823 
0 
0 
0.03064793366327632 
0 
0 
-0.07244887080142776 
0.008193195081802043 
0.5029708743728398 
0.02402693281286706 
-0.0008427054237676976 
0 
0 
-0.004413855525874649 
0.4623622894504533 
0.05798180872587864 
0.08133808122514789 
0 
-0.04480260354774876 
0.3252167316509451 
-0.1034542095399642 
0 
0 
0 
0 
0.1289218324418089 
0 
0.03248556916069958 
0 
0.01783408225448825 
0.01291985357215951 
0.0005769306570174481 
-0.009936813788355139 
-0.01836276654799687 
-0.01573363099516152 
0 
0 
0.1036333216772325 
0.04404380304146253 
0.09808888987298905 
0.2246531051669995 
0.0618359357329463 
0.0001790626473002124 
0.03685403174871215 
0.04168390831086656 
0.04258515148553398 
0.03476043159895981 
0.0355609969015627 
0.0008461966877724625 
0 
0.01816224223349022 
0.04161173783971679 
0.1424957892620777 
0 
0.04456719586406888 
0 
0.003712310396844181 
0 
-0.05363641955246927 
0 
0.02892341123776547 
0 
-0.009907639358289887 
0.07438944765860207 
0 
0.003456683886302894 
0 
0 
0 
-0.1157431830606836 
-0.003663475703669917 
0.0473295075769805 
0 
0 
0.008706543769912119 
-0.0009212041114864458 
0.007112263076311581 
0 
0 
0.01919413617366892 
-0.006153333399714106 
0 
0.1003044273959057 
0.1295614830828782 
0 
0 
0 
0.07011663989377004 
-0.0008314523936663264 
0 
0.107722867499408 
0 
0.008677515819955331 
0.01780767731263935 
0.02071809229694226 
0.00865620132381207 
-0.009288845350961139 
0 
0.000159849912349375 
0 
-0.07319210735629096 
0.3607095251249062 
-0.009007496026936242 
0 
-0.0003338550061090162 
0 
0 
0 
-0.3511535926442655 
0.1077770024544276 
0 
0 
0 
0 
0.004912374991369046 
-0.03881917289685555 
0.01772296447291556 
0.2374044256982923 
0 
0 
0.0763056372293036 
-0.01567746660244119 
0.3108825586403616 
-0.0602577483333179 
0 
0 
0 
0.00179720566703613 
0.07776213321528341 
-0.01134668217807194 
0.07547716930485507 
0.05346276644299026 
0 
-0.04962036854427507 
0 
0 
0.0402414397660742 
0.02717506642323114 
0 
0 
0.2640447934988892 
0.03906013126754697 
0.007948255060389457 
0.01546431890005528 
-0.05100123528783063 
0.08753383873225194 
0 
0 
-0.214270341682859 
0 
-0.6987609051467816 
0 
0.3006157565659745 
0.00769157365519343 
0 
0.002934548627564122 
0 
0 
0 
0.009666995155519179 
0.185432055476303 
0.1273312950180185 
0 
0 
0.04124650213536403 
0.1402703335962373 
0.057484980563454 
-0.02713684872019272 
0 
0.5855888479089624 
0.9327245435160335 
0.01716901566807844 
-0.008898598690963037 
0.1957492874518462 
-0.181273588519775 
0.1669990587695067 
0.2222128604814226 
0.02623818382575804 
0 
0.07692238218056982 
-0.02603002753268181 
0 
0.005081428962709771 
0 
0 
0.01447585544634143 
0 
-0.007674053161892423 
-0.001944755008674574 
0.006055049386061523 
0 
0.90982629001616 
0.01511347523968777 
0.006649891219508912 
-0.002285770107643576 
0 
0.08576717832773825 
0.0001468729808239901 
0 
0 
0 
0.004054644832995091 
0.01842931503208498 
0 
0.006829262334866516 
0.00483409213627097 
0.09258366729542696 
0.08041015787629029 
0 
0 
0.07187038037720907 
0 
-0.004468230064832488 
-0.02088858941496476 
-0.02985934663204537 
0 
0 
-0.2001161172799706 
0 
0.005843180566886234 
0.4196937403600096 
0.006483592192092189 
0 
0 
0.09632574241194931 
0 
0.07156492437450063 
0 
0.1336042364739762 
0.0134399485076654 
0 
0.0005329137645570085 
-0.02467294588373979 
0.0005691742070421711 
0.02361523103963783 
0 
0 
0.04880160096816122 
0.02667439021641631 
0 
0 
-0.00972539731342624 
0.00214543401024331 
0.02846818064612253 
0 
-0.03721509884332508 
0.1375809575269733 
0.0008996462459837961 
0 
0 
-0.0630258044360812 
0 
-0.02427194077490502 
0 
-0.001506983555544655 
0 
0 
0 
0 
0.2017606022541452 
0.02507211777069518 
0.02202201336116558 
0.4516045796311212 
-0.3033156679185097 
-0.002783188559969328 
0.03174454249301081 
0 
0.01687477275124029 
0 
0 
-0.02541382949065566 
0.02333597391741653 
0.05274010229270786 
0.08783659283487345 
-0.005962380376776854 
0.1823850785951672 
-0.01147570402206315 
-0.1036700391756027 
0.005455038243290401 
0.02296724299225575 
0 
0 
-0.03109900087516447 
0 
0.05548374171251495 
-0.01790344461341521 
0 
0 
-0.9960222110002495 
0 
0.1949525780150803 
-0.00115710595842505 
0 
0 
0.00886424684546141 
0 
-0.0007652067570698428 
0.001067344586915768 
-0.2219068379600785 
0 
0.2456809051723974 
-0.2683228554078956 
0.09105511143337311 
-0.05424397684684091 
0.5941016800381355 
0 
0 
0 
0.2398156000130449 
-0.07515083017968717 
0.06030423555414292 
-0.2455830512627797 
-0.006943891971348357 
0.03210020629412294 
0.05915255791125743 
0 
0.0008056038170893368 
0 
0.03466019049437317 
0.03589549085644938 
0 
0.002377053887523232 
0.08885192150253636 
0.050618935069143 
0.0057862844052917 
0.0003030763044129504 
0.005828876527509731 
0 
0 
0.006927798493798842 
0.08481187073819997 
0 
0 
0.005300959454282936 
0 
0 
0 
0.02412373728388598 
0.4505630509328286 
0.03500709229929633 
0 
0.4853058531847158 
0.0744257369984965 
0.04559397026742448 
0.1285918001090532 
0.008681392771693644 
0.03478130306890901 
0.01021958700221565 
0.005774882803182738 
0.01774062861819691 
-0.009081350623861745 
0.009301826534655559 
0 
-0.02456891123644906 
0.2259539200092044 
-0.04601529809552675 
0.02015887028366675 
0 
0 
0.03844184304961249 
0.07104430009578232 
-0.03770965478085009 
0 
0.02452477933636459 
0 
0 
0 
0.04370447852235363 
0 
0 
-0.6372136453953277 
0.1588585622601428 
0 
0.1478181700520975 
0 
0 
0.008594162270001166 
0.03779115597843615 
0.02274148100210725 
0.07688702852278452 
0.07312045889616973 
0.007955281348198865 
0 
-0.02688883595341196 
0.05126512480837846 
0.1173502457550363 
0.08182179520144828 
0 
0 
0 
-0.01178706043544796 
0 
0 
0 
0 
0.1313571275313959 
-0.2158731173250819 
0 
0 
0.1032460146370367 
0.09519486806193242 
0.005213769410714757 
0 
0 
-0.00130616233763872 
0.1844960450761328 
0 
0 
0.006606022088251703 
0 
0.01418322371485383 
0 
0.4068834417440373 
0.165831908149064 
0.3997987735791739 
0 
0 
0 
-0.2751792185737527 
0 
0.1380592961258673 
0 
0.01379999142264925 
0 
0 
0 
0 
0 
0 
-0.04060898482080447 
0.5142307118948591 
0.02459823964863727 
-0.004288021416125443 
0 
0 
0 
0.0007058376078590914 
0 
-0.01176348430237391 
0.2770164297272175 
0 
-0.03026638582579016 
-0.04571678152007094 
0.2840080133160927 
0 
-0.0331888877239241 
0.03133665275405046 
0 
0 
0.02194093774894904 
0 
0 
0 
0.07216626078958856 
0 
0.1016763356387867 
0 
0 
0 
0.01808452748239576 
0.2623016019023258 
0.03930316171704594 
0 
0 
0.1480933648469915 
0.01177705597902824 
-0.2667779220921928 
0 
-0.1515644254123623 
0.8788732556776965 
0.2552000993498111 
0 
0.006634727444681371 
0.09943993939803089 
-0.04771589821021557 
0 
0 
0.06005107871267115 
0.007552981358440713 
0.0003962312498410069 
0.002541966875226607 
0.07018880404239615 
-0.003259456924009634 
0 
0.05418766775653897 
-1.182735196467909 
-0.5359835821297826 
0 
0.02706055010108666 
-0.002503397541342732 
0 
0.1168336161105314 
0 
0.007241782747627859 
0.1943200632766173 
0.002254101229954913 
0.04573413037677901 
-0.1851457365229898 
0.09452546863853364 
0 
-0.2786202182985077 
0.04936000797776657 
-0.1089940411560156 
0.132715529573501 
0.02751412172089731 
0.004885016816936734 
0.03847294809899791 
-0.001635034921514514 
0 
-0.008221744379403333 
0.009264012998986717 
0 
0.04233528607072005 
-0.0005426451040207274 
0.147024878703405 
0 
-0.01232717900034574 
0 
0.0383911147665463 
0.009113861249047214 
0 
0 
0 
0.02743452832990104 
0.003709351305174203 
0.138533789759789 
-0.1738616506581829 
-0.3153481353327068 
0.02395130228110208 
0.0009763085539781624 
0.00303991440230758 
0.009439814928133561 
0 
0.3411523056264744 
0.00973802931394345 
0.2535384181955171 
0 
0 
0.3313275601905062 
0.01475148035973383 
0 
-0.0314440444691959 
0.8196386115623548 
-0.01949651648271017 
0 
0 
0.03539478209522161 
0 
0.07772493537752354 
0 
0 
-0.03570507805106659 
0.006589783359237589 
0.3313266808717449 
0.02765420903603596 
0 
0.1211551588465876 
0 
0 
0.02026091219399012 
0.3486741658559702 
-0.02971981483006271 
-0.1117788922919699 
-0.05941758632622049 
0.008450299462668667 
0 
0.05233507576959225 
0 
0.02980915655660984 
0.04396355423821525 
-0.1281285340559174 
0 
0.02291283296869201 
0 
0 
0.06725931302686328 
0 
0 
0.002343527873155583 
-0.00125648169580145 
0 
0 
-0.04200233372800541 
0 
0.03002845660134354 
0.008136564941735737 
0 
0 
0 
0.005288650449436967 
0.08904687235196312 
1.055893976758514 
0.09454920753827795 
0.3384628141781731 
0 
-0.007494617463848866 
0.1551689805816503 
0.1054837685871561 
0.0001678343182787432 
0 
0 
0 
0.02513649082601905 
0.0744321713791066 
0.03097513101948567 
0.00559230049153395 
0 
0.01714115267731139 
0.2017822560606493 
0 
0.04797101484524718 
0.02201620374879986 
0.0133414558609521 
-0.1033070896274588 
0.003567528379995523 
0 
0.2910125678651703 
0 
0.008428299440157739 
0 
0.008007064794604545 
-0.07300522336499239 
0 
-0.001261453139380783 
0.01096220644037643 
0.01480007385252917 
0.1203429898016973 
0 
0 
0.05538167420067722 
0 
-0.03499036836955078 
0 
-1.772299370301941 
0 
0 
0.4742750659760181 
0.07488694090606939 
0 
-0.009324246865026834 
0.01785106804247631 
0.001271556379438845 
0 
0 
-0.3172243154997367 
0.001770125453154236 
-0.02214053240663753 
-0.004698321524454965 
0 
0 
0 
0 
0 
0.04004403233768199 
0 
0.0007391023258072739 
0 
0.1931250433503425 
0.01021848798993749 
0 
0 
0 
0 
0.06635249946630306 
0.1020952588413158 
0 
0 
0.07735732678484442 
0 
-0.1422018198728156 
0.07729721102988089 
0 
0 
-2.62330933613909 
0.0306104574070476 
0.1901774960331913 
0.02365584279830146 
0.006492156567134554 
0.07956397605200458 
0 
0 
0.04501223052325082 
0 
0 
0 
0.01548834536790758 
0 
0 
0 
-0.02004568259236172 
0.04251157298344474 
-0.2406744921113981 
0.01184448520658324 
0 
0 
0.1605506180747322 
0.01346216941989527 
0 
0.03993913173657634 
-0.09777468917110511 
0 
0 
0 
0 
-0.001680529411992596 
0.09460461501584656 
0.1198233368111664 
0 
0.05477016988255062 
-0.09770421383216907 
0 
0 
0.03821862779068018 
0.06693063446966262 
0.002519976897751818 
0 
0.1189865833419847 
-0.006404192553816456 
0.9544420389295657 
0 
0 
0.07951878570193469 
-0.01205072722654327 
-0.03096133264573724 
-0.07952029265511014 
0.004388809365163818 
-0.07216652558086302 
0 
0.1538244318665373 
0 
0.002398733038737117 
0 
-0.03769135748075969 
0 
0 
-0.006021383059790665 
0.1058196635648167 
0 
0 
0.041059712134316 
0 
0.03685716852743864 
0 
-0.5209180621104059 
0.009177766520497423 
-0.01776704875671323 
0.08075374111539724 
0 
-0.005954089825991979 
0 
0.03981803731180027 
-0.5748641274921649 
0 
0.01379724497177793 
0 
0 
0 
-0.007513246378597416 
0 
0.1373634199235131 
0 
0 
0 
0.05089165053171198 
0 
0.02252778569381228 
0.0158777236176364 
0.02606132671438051 
0 
0.4040706922171912 
-0.05502502100429762 
0 
0.1381972911221528 
0 
0.1636887518072772 
0.02979428544598963 
0.2069398739037457 
0 
-0.03387525072410782 
0.03622013924003253 
0.001805556003158073 
0 
-0.1138021470453819 
0.002959623837087429 
0.001505717936497092 
0 
0 
-0.04034783402188288 
0 
0 
0.01427721173669147 
0.2797315156634244 
0.1392569265738876 
0 
0 
-0.4514789833705596 
0 
0.01368920656569979 
0 
0.03836067092956279 
-0.02583827158205032 
0.08470432646011242 
-0.003518109092153206 
0.1657352943449591 
0 
0 
0.0448099027762198 
0.333691660893482 
-0.2419216170820409 
0 
0.01878206650480418 
-0.01008793211347095 
0.02613235466275662 
0 
0 
0 
0.09464994159048658 
0.06048302961289306 
0.2796756542502858 
0.1100149861650064 
0.1639137262447889 
0 
-0.1037116002590447 
-0.01901873625358493 
0 
0.1131154273899014 
0 
0.1642586874568158 
0.005748177293570352 
0 
0.01385237079008628 
0 
0.006621897078577789 
0.6090558480347896 
0 
0.1564577761223382 
0.001968713065556238 
0 
0.0366653624171512 
-0.01709728342045675 
0 
0 
0.01754891772149782 
0.01632939290986263 
0.002544041340990147 
0.07411140791817937 
0.01444164868365487 
0 
0 
0 
0 
0 
0 
0.001275294071185688 
0.8441614355199979 
0 
0 
0.01769985054746854 
0 
0 
0 
0 
0.0782997593329367 
0.01070832865927766 
0 
0 
0.004869052601172233 
0 
-0.1202356981112415 
-0.002208860424389414 
0.05629164007347019 
0 
-0.007386448560791096 
0.02483012560418648 
-0.04885789136432046 
0.001931579457821153 
0.03944485247178665 
0.04582891599520972 
0 
0 
0 
0.002188493595695668 
0.006001574967925943 
0.008357326082360905 
0 
0.684655184696483 
-0.0257156252898292 
0.1042146671587384 
0 
0.1948135054134441 
0.2126403196313068 
0 
0 
-0.04347344907634017 
0.0941319344075971 
0.04281126777862893 
0 
0.4618720274077595 
0 
0 
0.05761037918799388 
0.0008900588892523441 
0.01834335801968313 
0.01830222286885411 
0 
0.01245643790507237 
-0.03299054152675526 
0.01611171508380518 
0.07870695224822612 
0.005738393499780184 
-0.01299943084240998 
0.00121476712838138 
0.01959878992986517 
0.04020140740794572 
0 
0 
0.1748140773692919 
0 
0 
0.5195657127736243 
-0.06986883570807538 
0 
0.2149515529040878 
-0.09630565622561087 
0.07479323054874384 
0 
-0.007842791589854207 
0 
0 
0.02831381026707816 
0 
0.00169153583251789 
0.06182532400577538 
0 
0.06816050770360935 
0.07538836562067026 
0 
0.3561126513878212 
0.6231313315411596 
0.004653240429857487 
0 
0.03601062520797948 
0 
0.0266853096625145 
0 
0 
0.08622594892437274 
0.1566314955591656 
0 
0 
0.06247828141821716 
0.03193307761388237 
0 
0.001449573807968379 
-0.03271463003595153 
0.02718474709219379 
-0.01703827873935657 
-0.01692291289417424 
0 
0 
0.3423033430073864 
-0.005592711901778263 
0 
0.02077140002561467 
0 
0.008136564941735737 
-0.1225671438853999 
0.08309470002061457 
0.002269257601172432 
0.001678871592151843 
-0.06608696344993858 
0.01863969287343992 
0.01084323870256486 
0.02068867271696439 
0 
0.1225978497559113 
0 
0 
0 
0.00505035083438761 
0.03332985172366233 
0.3954779940760672 
0.0001469260338210625 
0.05343617504144275 
0.01713365564842404 
0.1380394679332833 
0.02327521560587615 
0.007341926402813205 
0.01994112410373639 
0.01384866221186752 
0 
0 
0.3307393172229542 
0.01295314127616625 
0.04675712714268614 
0 
0 
0.005217229919377495 
0 
-0.09634201695165248 
0 
0.1099208230156364 
0.02904513985371573 
0 
0.0236733037342711 
0 
0.8304657542360666 
0.02334573005057769 
0.0005888397812499986 
0.2783133876890969 
0 
0 
0 
0 
0 
0 
0.01469423539448356 
0 
-0.09407533073806731 
0.1105706549340232 
0.1951468832546177 
0 
0 
0.02670675210007761 
-0.03990505231036909 
0 
0.1213564987577877 
0 
-0.2358068238384474 
0.01539798753273001 
0 
0.01969565850780809 
0 
-0.05088577461263617 
0.01712699612997255 
0 
-0.1749985177582181 
0 
-0.1022258157533182 
-0.0330693306461458 
0.02186274080262725 
0 
0 
-0.2829214870354121 
-0.00834591283558259 
0.9776662317503573 
0.04381564315220612 
0.007791030933047146 
0.02153961036825363 
0.009919279036680292 
0 
0 
0.07967411316996895 
0.01351722576320153 
0 
0 
0 
0 
0.09914235273827145 
0 
0.1521971225459079 
0.5396894824110724 
0 
0 
0 
0.0263070799986004 
0.00626279792641652 
0 
0 
0.4120702880069516 
-0.03571697321530386 
0 
0.04217252215672314 
0 
-0.0004657520752999256 
0.1400203177406757 
0 
0.1434054373474581 
0.01913241845948157 
0.06613533608934052 
0.00413648685562371 
0 
0.1049291078536297 
-0.2428823225460021 
0 
0 
0.5093483858455525 
-0.05081639827944264 
0 
-0.03687757985426086 
0.02662974820763559 
0.1003291590306797 
0.01609306301166326 
0.01060406955783553 
-0.009091833273285286 
0.01144672076737721 
0 
0.002577154428104821 
0.06474696120694992 
0 
-0.01549186077750732 
0 
0.01027929984202255 
0 
0.00326672961213117 
0.09027466499611485 
0.03596627187267824 
0 
0 
0 
0 
-0.0128826922010993 
0.01845962772160381 
0.06082823900617627 
0.01868545814451036 
0.0107050637242223 
0.01349525622352198 
0.004661647995286559 
0.05986636722466237 
0 
0.007277697914062554 
0.03697338664465515 
0.07584699282063212 
0 
0.1554598964855343 
0.004426779672955692 
0.004080265000805727 
0 
0.01053117881299634 
0 
0.0299858798108497 
0.07275332670753921 
0.03153968621692699 
0.07843822878853116 
0 
0 
0 
0 
0.01622545120879726 
0 
0 
-0.1176857109449522 
-0.02060340822131614 
0 
0.003974661861922172 
0.001050461854416119 
0.09955078091989995 
0.0298447344570347 
0 
0.0356641202982807 
-0.009058411217807592 
0 
0.01952049374154292 
0.09025176352381964 
0 
0.04150238278539257 
0.05264263288521676 
0.07527675138469485 
0.01411942593723934 
0.070402847929845 
-0.03930945411469275 
0 
0.02041424557633719 
0.004684114734149872 
0.155033491294748 
-0.03655604772223216 
0 
0 
0 
0 
0 
0 
0 
0 
0.1390168892967677 
0 
0.03203836770526446 
0 
0 
0.03172243899050138 
0 
0 
0 
0 
0 
0 
0 
-0.1619792822901642 
0.00698009788040689 
-0.019650069147003 
0 
0.2314101154847508 
-0.05739937773791292 
0.09673248562573201 
0 
0 
0 
0.2676159909235951 
0 
0.05006060802078163 
0.03293420187770603 
0.006346706290483354 
0.04504829389987704 
-0.05292375103444373 
0 
0 
-0.07290971082785318 
0.01200577046212197 
0 
0 
0.004224997282358787 
0 
0.02263794336959906 
0.05544392005774704 
0.01205407309341804 
0 
0 
0.01094164403144422 
0.1393176252375608 
0.001796697109914885 
0 
0 
0.04247232896974376 
0 
0 
0 
0.07532838214019913 
0 
0 
0.003306260442543868 
0.7046401608948957 
0 
0.01359888857291157 
0.1709716876362155 
0 
0 
0 
0.01323793178417986 
0 
0 
0 
0 
0.05306926687745522 
0 
-0.07655973536285568 
0.09180636505607746 
0.03583457084706409 
-0.02818834642419984 
0.03411387052396869 
-0.004637157012150252 
0 
0 
0.08376225048282185 
-0.02282643098342274 
0.02771324933272003 
0 
0 
0 
0.3294238133616161 
0 
0.06435730517256764 
0.03662554764270248 
-0.2280292008914962 
-0.01151809573809052 
0.0305073751009392 
0.3835241812273739 
2.274793493141185e-05 
0.02669285636006543 
0 
0.01085696025415861 
0.06348625089670713 
0.023567031386604 
-0.08701980408526877 
0.1126127290794379 
-0.06680430200968564 
0 
0 
0.01664670210917183 
0 
0 
0.02579940756421029 
0.03477191514488803 
-0.05362794186217798 
0.02217854709581387 
0 
-0.8369818173420838 
0.1923917570650383 
0 
0 
0.1087581599241565 
0.003855319885504922 
0.05286474299346951 
0 
-0.005496858898090672 
0.07774765341258694 
0.0002491906129910116 
0 
0 
0.226419555311238 
0 
0 
0.06820041114623882 
0.1446152159894756 
0.0001857591813224304 
0 
0 
0.03665546221866027 
0 
0.0429845297120395 
0 
-0.04120813332526493 
-0.117567989308757 
-0.006063722122804893 
0 
0.2876740677275629 
0 
0.02254604253545001 
0.1864471525570361 
-0.01805182053871669 
0.1055972204159752 
0.0002914835065531355 
-0.6547718182845833 
0.08005509616966271 
0 
-0.02429769072228987 
-0.200496022546458 
-0.004920455452209059 
0.03197772293956345 
-0.03534969470206709 
0.001436678185652883 
0 
0 
0.01803312941680868 
0.01486363752175575 
-0.03955833160936174 
-0.1558143470918607 
0 
0 
0 
0.03549240642053519 
0.01108825699306647 
0.2276323314788749 
0 
0.05935974505066215 
0.8066839073596346 
0 
0 
0.0313835624513486 
0.03248281867567071 
0.005596940312157136 
-0.03565293566893814 
0.01243929976255439 
0 
0.04072156858328126 
0.08226883278845062 
0.05779066615155666 
0 
0.02953623718884461 
0.1197439988296032 
0 
-0.005637287813677747 
0.07145487137753438 
0.09093144846544891 
0.0001182285721930914 
0.018636598458475 
0.0004064394040227613 
0.08904267113231473 
0.005689613808163879 
0 
0 
0.1875126929006799 
0 
-0.02646526062225109 
0 
0 
0.004618547941076695 
0.01260866747048003 
-0.009491210923686651 
0 
0.4986841033728296 
0.0150719970421046 
0 
0.4986841033728296 
0 
0.03492612702503657 
0.0615298272101427 
0.1679742360800548 
0 
0 
-0.0002603850939858086 
0 
0 
-0.008271557378754762 
-0.03840321589553376 
0.1116595563725326 
0 
0.02338380726808022 
0 
0.0077481276546467 
0.1405178612560503 
0 
0.2179577314933936 
0 
-0.03787375791871515 
0.007070390708678183 
0 
0.3894731505567532 
-0.05457700941982743 
0.007217517939943845 
1.207507810703453e-05 
0.1603666870080214 
-0.0160864132518396 
0.08303613020378629 
-0.03168668054897151 
0.04418743837298052 
0 
0.1848716191410014 
-0.08174486089562658 
-0.2550997276844155 
0 
0 
0 
0.02440115529001533 
0 
0 
0 
0.2431608852629799 
-0.01860686209913405 
-0.06663235167606754 
0.001267970182303067 
0 
-0.0306463436049575 
0.01964481023327909 
-0.04989562566099379 
0 
0.02652017630442345 
-0.08279825210141553 
0.003006959491705542 
0 
-0.1970629890888516 
0 
0 
0.08911591613929204 
0.1345885727553166 
0 
-0.005087495815179228 
0 
0.01393381514922916 
0.01070030447907644 
0.1071239573382872 
0 
0.009090338327235986 
0 
0 
0.1203670047055771 
0 
0 
-0.007073965641146406 
0.0222695504226679 
0.02224932619187944 
0.0878088114464313 
-0.006588596476530116 
0 
0 
0.02282634515780824 
0.1702238339393225 
0 
-0.0335101520647103 
0.064143511041064 
0 
0.1411562938941897 
0 
0.07963234645692149 
-0.00137004716739398 
0.004677915096037706 
0 
0.009727090942745919 
0 
0 
0.07916314405853002 
-0.05505515087678856 
0.025723739520231 
0.5475045489102432 
0 
0 
0.1490820401814822 
0 
0.02028932374554641 
-0.5243302073076365 
0 
0.002878217307582483 
-0.01697402711670223 
0 
0.05253046402452715 
0.05161801528303894 
0.02736814179048727 
0.01145157283251467 
0.3404147474060581 
0.05736545813999523 
0 
0.0168692193162824 
0.01259659928373789 
0.01824565099993405 
0 
0.1428829376025514 
0.05275366520405621 
0 
-0.08268354874228524 
0.005629614428356422 
0 
0 
0 
0 
0.5112917275623203 
0.02435602270138342 
0.004804940740021249 
0.1574322855971156 
0 
0.0003160926101885387 
0 
0 
0 
0 
0 
0 
0 
0 
0 
0.03710811742864073 
0 
0 
0.0001154350996112316 
-0.01337199014256191 
0.002317552412238652 
0.1515575033172717 
0 
0.2366205129579016 
0.0001493625249988386 
0.1272741200703403 
0 
-0.003554157443453619 
0.03739622926016221 
0 
0 
0.02984780006708762 
0.1297722084135597 
-0.004098935369897156 
0 
0.004409471059494056 
0.007089072425279819 
0 
0 
0.03815263269888082 
0.05856935291469736 
0.01512266585834129 
0 
1.15885061705063 
-0.05994902515952932 
0.339057022487657 
0.05299931152760312 
0 
0.03631010563986082 
0 
0 
0.006078023134639609 
0 
0.02559359326872455 
-0.01020026371926603 
0.02191451883366246 
0.151249683723289 
0.03491464886083912 
0.08845475803776151 
-0.01354182420060372 
0 
-0.01617712664073936 
0 
0 
0.001174685500386558 
0 
0 
-0.08107394404322044 
0.123931351447092 
0 
0 
0.06640408355840388 
0.005028399962858928 
0 
0 
0 
0.01605208826076654 
0 
0 
0.03851904482670832 
0 
-0.007578669963130009 
0.001837001415077722 
0.02235639076067953 
0 
0.03273720464926472 
0.01777804507894272 
0 
-7.180920695507346e-05 
0 
0.02175165263153485 
-0.04002891970724254 
0 
0.03171849404024992 
0.008512340893730872 
0.02070135293615516 
0 
0.1105350526583359 
0.04380113753510513 
0.5027997221823227 
0.05499754306366739 
0.002081144694786063 
0 
0 
0.2869488736710137 
0.08170974648412155 
0 
0.001495261249485756 
0.0209465973167339 
0.07923124882395849 
0 
0 
0 
0 
0.004340684023489933 
0.05641844770272757 
0 
0 
0.01121408754716628 
-0.9777375858977726 
-0.02039806698277515 
0 
0 
0.0214402059836222 
0.008108177457549201 
0 
0 
0 
0.02568780353474131 
-0.01411255982049368 
0 
0.001478225364734551 
0 
0.01115736162405548 
0 
0 
1.003857740747814 
0.02791558773017711 
-0.02258086790892368 
0 
0 
0.05623388639512791 
-0.03190267655681691 
0 
0 
0 
0.03774991934636959 
0.003908050444677453 
0.1517299961174411 
-0.05172903100081504 
-0.04775373249944554 
0.02380981298303422 
0 
0 
0 
0 
0 
0 
0.0003201086249587211 
0 
0.05306490288658074 
0 
-0.02668628935715282 
0.006292843429317187 
0.02600043483082385 
0.0253511688515874 
0 
-0.6141197056300031 
-0.01904183606635774 
0 
0 
0 
-0.003692510386955813 
0.02101600907424216 
-0.2451680604463829 
0.004972630165930127 
0 
0 
0.002244873484301199 
-0.005757022465794641 
0.1223150636036479 
-0.128488334398919 
0.04556421249652422 
0.00187404588511644 
-0.006230342122454149 
0.08613185665260542 
0 
0 
0.01687503542720021 
0 
0.06467630669095538 
0.03725948196150837 
0 
0.1124005638345169 
0 
0.0785251440057317 
0.04635115203104917 
0.5273054714109847 
-0.3787936964613657 
-0.01219911394648606 
0 
0.06562928990560338 
0 
0 
0 
0 
0.02226510770506348 
0 
0.1649067729727813 
0 
0.00580251372324655 
0 
0.02429088166938648 
0 
0 
0 
0.01948671110274622 
0 
0.1178336596820225 
0.2324031791543965 
0.03802384845816226 
0.2606016535347133 
0 
0 
0 
0.731181887870771 
0.06236530979665635 
0 
0 
-0.01372613406344004 
0.1784505543069669 
-0.06297373074350933 
0.0749693284111768 
0.269483085734684 
0 
-0.002689212825988319 
0.02376284222098819 
0.004897548057373915 
0.01684644540291595 
-0.1106756664758305 
0 
0 
-0.252011487219536 
0 
0 
0 
0.02038293453311458 
0.01060073593922298 
0.03596008524016962 
0.008247115625570291 
0 
0.05106995492313705 
0.009367415830378317 
0.01744472728935012 
0 
0.04132592354664451 
0.001833455282735733 
-0.001793543869837491 
0.04704730915395471 
0 
0.002668547343050033 
0 
0.166590820627482 
0.4197348004907615 
0.0980978814731578 
0.06407638481261328 
0 
0.04088361434459523 
0.05943928117445028 
0.03904183839904435 
0 
0.01874160135553126 
0 
0 
0.2066713473099633 
0 
0.007424491720556894 
0 
0.09701403136974311 
0 
0 
0.06508552269895757 
-0.05028674337677375 
-0.007943608742906904 
0.03912660245837012 
0 
0 
0.1138657041816233 
0.03776380596765891 
0.08679229917152714 
0 
0.01053173476164863 
0 
0 
-0.03576191576595839 
-0.483738445882701 
0 
0.1630316745130811 
0.5580413971112373 
-0.02856416636820059 
0 
0.002693886980726363 
0 
0.0003804641132160632 
0.02266068238514149 
0.05866308499598677 
0.1391604141129603 
0 
0 
0 
0 
0 
0 
0 
0.01127524811109138 
-0.04555789216079138 
-0.1122355897943009 
0.06251277127733591 
-0.04266635780508395 
0.0289652554279201 
0.3785976111757532 
-0.01212297391725637 
0 
0 
0.006355532579933254 
0.340041878174864 
0.004030641533976041 
0.01572772671349748 
0 
0.03771560329599107 
0 
0.0495325492138491 
0 
0 
0.381321960629923 
0.02398648841249304 
0 
0 
0 
0 
0.0008758717268293693 
0.1783065030510377 
0.331434550808012 
-0.1127537892034568 
0.01871744606994413 
0.1027879725055707 
0.02353516925429673 
0 
0 
0 
-0.7002582385695284 
0.3445155942731165 
0 
0.1883075502457143 
0.007294222871507917 
0 
0.1589763775825554 
0.002306982619335694 
0.007316406268160999 
0.005817657538378325 
0 
0 
0 
0.06844184272923537 
0.03208712688782514 
0 
0.04970366586793248 
0 
0 
-0.502963311506476 
0.008251920632517538 
0 
0 
0.03990761065858408 
0.2035818085240661 
0 
0 
0.01623296810535287 
-0.07320931688534707 
-0.02589518244748749 
0 
0 
0.110746000522164 
0.01617501109991832 
0 
-0.02649982573503351 
0.04847548821735265 
-0.0227165074356415 
0 
0 
0 
-0.01788737440980504 
0.01788875754627586 
0 
0.0006107839029882114 
-0.0009791938354521698 
0 
0.02175801727126818 
0 
-0.009884574333737378 
0 
0.0231854015996926 
0 
0 
0.01519141273399334 
-0.006782240006296609 
0.3072494909217146 
0 
0 
0.1966255897739869 
0.1992274087009331 
0 
0.01315126158571928 
0 
0 
0.02887462130541756 
0.1709080700431587 
0 
0.02218082148929834 
0 
0 
0 
0 
0 
0 
-0.106964943442546 
0 
-0.04195998182832732 
0.02001907572212494 
0.2312327321235151 
0 
0.0004786115459141203 
0 
0 
0 
0 
0.01720602186316749 
0 
0.05960594832077887 
0.007788723780104206 
-0.008779550448195228 
0.02155768716098254 
0 
-0.01146781821859993 
0 
0 
0 
-0.02378526994780867 
0 
0.05664749676679639 
0 
0.9403745697048048 
0 
0 
0.2062754173373015 
-0.003834955548755998 
-0.04140017358221441 
0 
0 
0.03889987292671715 
0 
0.01404330903381501 
0.005699523928760659 
0.01545504760340776 
-0.005824740130807036 
0.01319130980453251 
0.003232583599707394 
-0.01185701849670929 
0.02319028041563113 
-0.07379225040838977 
-0.01674189017974713 
0.05675481755767828 
0.03054293089636828 
0 
0 
0.09831891503134321 
0 
0.03002497644858521 
0 
0.02084934789819554 
0.0291787617262181 
0 
0.05791277750955127 
0 
0.06097330844417632 
0.02021302766265446 
0.0224222660346706 
0 
0 
0 
0 
0.005718324833871346 
0 
0.002592319837062934 
0.05692445376833351 
0.03306653120241344 
0 
-0.0240024927788284 
0 
0 
0.01800357470258221 
-0.02090005527579494 
0 
0 
0.01839233125867528 
0.03811669175647878 
-0.04819520046790009 
0 
0 
0 
0.05705583762558127 
0 
0.04495433729143995 
0 
0 
0 
0.03877810936533076 
0 
0 
0 
0.0238980348978707 
0.003150656498382957 
0 
0.007798106429516431 
0.06648722960879135 
0 
0.0005888321056984168 
0.01772052687924967 
-0.05090897276788451 
0 
0.04663557229618971 
0.413636440422746 
0 
0 
-0.02990558599071208 
-0.02575833235963323 
0.01551327767091432 
-0.01401109588071853 
0.01437315913475213 
0.002565762097044197 
0.01789892276351411 
0 
0.0141605694687471 
0 
0 
0.001417470253088821 
0.009563627138401828 
0 
0.2949586123891045 
-0.01400400498112496 
0 
0.1181952117400581 
0.07561891443930478 
0 
0.02978523553939476 
0.2108722928185737 
0.07527800933678108 
0 
0 
0.01540524700795308 
0.01146144527236945 
0 
0.0303477008473582 
0 
0.02292442824867497 
0.06089694076289805 
0.03156016608155806 
0 
-0.01714328303817517 
0.02327618224348687 
0 
0.03422885369569979 
0.02013782278953613 
0 
0.4628705137752808 
0 
0.02859840474097586 
0 
0 
0.02179862785874958 
0 
0 
0.2335783574952918 
0 
-0.0469753195800992 
0 
0 
0 
0.06349868531493699 
0.09873551704214301 
0.02761985662673544 
0.005097851286526309 
0 
0 
0 
0.1125445020630471 
0.01509468667297302 
0 
0 
0.01357958926516902 
0.0001762218754124677 
0 
-0.05371466889337574 
0 
0.04346182548266781 
0.02357438019959655 
0.0069452329941382 
0 
0 
-0.04746107530848734 
0.0001043627459908781 
0 
0 
-0.01385264517709448 
0 
0.09566963975038069 
0 
0.6425417097777842 
0.1667116213865708 
0.01360317928844467 
0 
0.03403439328146931 
0 
-0.2716038599372805 
-0.01682910750140357 
-0.02429327272983534 
0.07421621393722948 
0.06784779843082756 
0.02347352173819022 
0.01494837794346761 
0 
0.07738131478036768 
0.02038269359592848 
0.01621818961162437 
0 
0 
-0.00906722329370694 
0 
0 
0.002539159322771376 
0.09738989044259821 
0.001325298261186162 
0.02390801605210329 
0 
0.1769106741321153 
0.1531997450653873 
0 
0.05110413020973939 
0.06889395304047698 
0.05074180933712301 
0 
0.0187256277402421 
0 
0.0128304614040613 
0.142510265336881 
0.006894661074979576 
0 
0.02446631408494273 
0 
0.003005347443636154 
0.02063551344633718 
0.09292482410000624 
0.01777567682075848 
0 
0 
0.03531652363056144 
-0.1714396995278414 
0 
0.3529912518739013 
-0.02878319074741315 
-0.1968436953985711 
0 
0.004080141316471324 
0.0897036178808026 
-0.4659175533084284 
0 
0 
0 
0.6697960931321649 
0 
0.1504137180213624 
0 
-0.007933093882888495 
0 
-0.2901315926655433 
0 
0 
0 
0 
0 
-0.008488660909666606 
0.01212825193682921 
0 
0 
0.02629622898500474 
0 
0.01262511897072401 
0 
0 
0.02178026290660297 
0 
0.001617920180805984 
0.07547370889739008 
0.01704852425465548 
0.03623064992167486 
0.04769513721399195 
0.0009093526577618065 
0.0211156018016543 
0.04302967797103892 
0 
0.003941089892600437 
0.007843555599873903 
0.01149172279779724 
0 
-6.181054642151268e-05 
0 
0 
0 
-0.01097474834771878 
0 
0 
0.003047655507059075 
-0.007161935639040761 
0 
0.02382563053204191 
0.08391041888503799 
0.02070214009845834 
0.00770391562438329 
0 
0.06080081170851494 
0 
0 
0.005614696983384981 
-0.1528459584879737 
