solver_type L2R_L2LOSS_SVC_DUAL
nr_class 2
label 1 -1
nr_feature 5000
bias -1
w
0.07820307235666085 
-0.3000749811583127 
-0.09347961757884442 
-0.02066129132951757 
0.04259912022607206 
-0.09809880182759102 
-0.09514610024663328 
-0.1527610676199794 
-0.1734687088161779 
-0.008219493784438321 
0.5357476506063175 
-0.4672580662550382 
0.02274534252116006 
-0.07855374116729903 
0.09404311199013712 
-1.098208484148647 
-0.2391615638865493 
-0.1440697138279753 
-0.01266523894882361 
-2.21033943237754 
0.431040056774296 
0.2654300365191161 
-0.3874637598705993 
0.6976216894907619 
-0.09342915153947415 
-0.3169954442173324 
-0.4540341268560367 
-0.173067187480358 
-3.798695368034879 
-0.2365214859184369 
-0.4303489828034706 
-0.1038166574931448 
0.5944599010348909 
-0.1496002410619334 
1.052183935283383 
0.7657968584039904 
1.091463512092535 
0.5252261220700086 
0.5310374750078612 
-0.3901420913232501 
0 
0.0436986753267404 
-0.4978609136209693 
-0.3330625372232623 
0.3640665489773696 
-0.1256470933979825 
-0.1753580078716088 
0.1703043954785523 
-0.3291118624828794 
1.689770695936539 
-0.07979250642111306 
0.2186815668456162 
-0.2640058468243153 
-0.02188287374677117 
0.253974313376684 
0.1330617364481571 
0.2013360631935367 
-1.271327781227012 
-0.158535013399937 
-0.8728478689564574 
0.1512450312790152 
0.3046775383294654 
-0.7448879743548776 
-0.04284562321657274 
-0.0168913674983057 
-0.7308832308898841 
0.9301854432602742 
0.5993195237261842 
-3.074816839614832 
0.1342712393678846 
-0.1023140289479052 
0.644371131511842 
-0.5758297576583441 
-0.2841259500731471 
-1.394456907540398 
0.4189860496822052 
-0.4956897210784715 
-0.1705694217880612 
0.1379487893429742 
-0.3957251224018543 
-0.5142932454056433 
0.1666002936871989 
0.101722071947733 
0.07807501290239853 
-0.3278574912198823 
0.03942267856378469 
0.8753861773534154 
0.07293622509127431 
0.1618283901387839 
-0.1820421041144042 
-0.1581915940120235 
-0.901958876570618 
-0.001738947979527012 
-0.366804560511861 
0.5640852705213381 
-0.2110056617589106 
-0.06767659388521237 
-0.4479072941864899 
-1.340725554937575 
-0.1247727882810511 
0.008751419767078899 
-0.161111929294465 
-0.2229051101401015 
-2.513081787666006 
0.06888204764277985 
-0.01702690744789856 
0.09504515079199116 
0.1669646569263427 
-0.02752790082316817 
-0.1980530725019475 
0.1629447384496331 
-0.3685131049398276 
-0.006359748703788532 
-0.02374258823733646 
0.1332205190010632 
0.4499513729600064 
0.1047635710893512 
-0.08975024820863657 
0.08097111614776435 
0.404800029595633 
0.5828434457157428 
-0.7218731965108294 
0.04544223857148131 
0.0353254082698763 
-0.5861502043154719 
0.2478853754015978 
0.4634723148875398 
-0.4937799742149601 
-1.546678845990831 
-0.07330443626885928 
0.03281734829553203 
-2.272347247799032 
-1.302086711097821 
-0.09581296894403919 
-0.4957777306769666 
-0.4182436070027926 
0.2791139451868342 
1.321118849750148 
0.1234660008564228 
-0.1876418840133783 
-0.141839509981769 
0.0564422569148123 
-0.001213937606211757 
-0.1250583355731823 
0.4566693113467216 
-0.4775847429329086 
-0.001194227905020034 
-0.01767536565396473 
0.3390196074970526 
-0.07651325722644317 
0.5274039039908288 
-0.5121227670332877 
0.6927105940629967 
1.074004724331502 
0.1912948146462074 
-0.005203862122587255 
-0.04223477230515315 
0.7061925797085032 
0.08972283783475582 
0 
0.5601591551276968 
-1.557222950513055 
0.0630938546755874 
-0.5854941476135519 
-1.697361680085334 
-0.4674870448980833 
0.1654517247185765 
0 
-0.2205432109063467 
-0.0440765828235841 
-0.02779144558698785 
0.107149782699945 
0.439762650987136 
0.1586360099873275 
0.2421094799595127 
0.6443578660749434 
-0.3756604833083323 
0.3455732491629197 
-0.06638276166523634 
-0.8887229493563129 
-0.01824121681548161 
0.5357454801467191 
0.09020025695357418 
-0.1276511478886951 
-1.411984402006756 
0.01438314290471209 
-1.081810007528439 
-0.615238450642672 
-0.1048563148231912 
0.464894453501839 
-0.7025522437740326 
1.691389694199671 
-0.4667662449914099 
-0.06014600342981155 
-0.1126102645412871 
0.1893619919312328 
0.1681335463167538 
0.3018789671184762 
-1.065923214220023 
0.06060520920368501 
0.0314766120537497 
0.03754100226710728 
-0.9005575243883591 
-0.5508006569180298 
-0.003783055732000806 
-0.4550892552292664 
0.02900045087222188 
-0.08571084566471163 
-0.0146192008649202 
0.01688693402987126 
0.1273277704188032 
0.1523201655688631 
0.2783630221426585 
0.3980334721809104 
0.5707803494446583 
0.000422893232232119 
0.2871176961924861 
-0.03309610474826871 
-0.07976027533840173 
-0.4589792243041533 
-0.2174255670453467 
-0.1234903778874473 
-0.05853687404023026 
0.08894235820837366 
-0.7170038517626661 
0.1182675695570937 
0.08288868982990734 
-0.301608079887289 
-0.259560973092531 
-0.269026377908904 
0.009700848346427421 
0.007270212929878198 
0.05960709711257194 
0.5175628769960012 
-0.1847704489381567 
-0.4134171298243858 
-0.4535858422261503 
0.7005130929826818 
0.3972512148930167 
-0.1103282153610152 
0.000778879447242266 
-0.01501435783813537 
0.1984637505480221 
-0.2926497023202714 
-0.1728683451728642 
0.09893402087800955 
0.4250365525914013 
0.1360363951412274 
-0.02364992848838824 
0.400649928481293 
0.5865883942147556 
-0.1336363661699807 
-0.08650009348362502 
-0.7361526517793326 
-0.1598232635578953 
-0.02023403885123447 
0.000169276428935971 
-0.620310054776099 
0.05952309709206739 
-0.06730041564100793 
0.02587896246482984 
0 
0.004310575815574816 
0.1307339427621347 
0.1271355700341064 
0.845703475368865 
0.04506145221522756 
0.2289310027178672 
-0.1754414933404315 
0.007334236238273221 
-0.130293865736664 
0.03155294102822949 
0.003875410517543206 
0 
-0.07937755724997643 
-0.009913179084905412 
0.03990646932982962 
-0.3851436054412771 
0.05785696478265521 
0.5842787027649532 
0.03773403837166085 
-0.00223707208617388 
-0.01178607122033593 
0.7193693539234598 
-0.117454647613797 
0.578870922200169 
-0.2067938741990342 
-0.03520113264274247 
0.0140545034467376 
-0.007042860812202506 
0.8247013799524576 
-0.4955617619071858 
-0.3372925265501523 
-0.1444890032416503 
0 
-0.03775216663256217 
-0.06421556013042463 
-0.4194408418097653 
0.2565571891236148 
-0.2421430965217085 
-0.03974801199329274 
-0.3338517416645262 
-0.09902708321486146 
0.3056549892985828 
-0.04375768819450376 
0.5003982827668965 
-0.04547489011966437 
-0.06040603009290471 
-0.1964621703042655 
-0.5971799583020542 
0 
-0.3061398185197957 
0.1024574269446825 
-1.67574698844274 
-0.3223327163314103 
0.2041675650527986 
0.101260415269456 
0.03389169414723207 
-0.4488062433984443 
-0.2779774264544037 
-0.008260785588090798 
0.04499975479007613 
-0.2231669646965405 
0.1870991301513959 
0.07551508303260547 
0.438963473020063 
0.1847678903192158 
1.564610620937238 
-0.07775258677073528 
0.2030044770851506 
-0.03680046431015484 
0.4986631022867145 
-0.01980216080353764 
0.04876288241313073 
0.1457965302191671 
-0.1223450361722217 
-0.276696089094151 
0.05749532826667576 
-1.394435880967186 
-0.4358600488205707 
-0.005986098398264568 
-0.04512538025458671 
0.3377897203904014 
0.01796188778402488 
-0.3939882132741864 
0.09775723441525554 
-0.04527180289861216 
0.4094547414104191 
0.00435201019562587 
-0.1932016981296086 
-0.1015618779895935 
-0.693626333963271 
0 
-0.01030164927570739 
0.009027907961728098 
-0.03144646444163287 
0.3122341915270495 
-0.1553896033728072 
-0.00246723525717841 
-0.04085525460261131 
-0.002761893419487611 
0.1381052234137019 
0.1220726141673749 
0.7600861476789675 
3.980556417884523e-05 
-0.3179801662610934 
-0.0106463948710935 
-0.6924261397796146 
-0.2543272677868047 
-0.06739932744184376 
-0.5695852064560425 
0.6254035277856095 
0.2796989115905584 
-0.002559374720365658 
0.2774238874037633 
-0.08619835493891703 
0.4379610063105307 
0.4702209229862026 
0.251162185479658 
0.5451489608803457 
-0.455998320890147 
-0.1072681107956018 
-0.04017507428608794 
-0.134469667483243 
0.0102686623805628 
-0.2487304093984536 
0.6739645706030846 
0.1494237692883266 
-0.2118595203769456 
0.6491317305157527 
-0.1306235284001525 
0 
-0.08331043250291884 
-0.333776476592962 
1.133950957828747 
-0.343053863211436 
0.8966695074549708 
-0.242395808088503 
0.1298576522235557 
-0.04603522970016779 
-0.5965758415765798 
0.7913104756132433 
-0.2479188174417067 
0.1892493175555501 
0.04704453693752023 
-0.6635791376424633 
0.1614617183829952 
0.1830613504543434 
0.3936255292346864 
-0.01394082574982001 
0.1907267104315473 
0.5279076029144067 
0.6663277335117176 
-0.2070914647368906 
-0.132849924968735 
-0.2498120154786999 
0.1800606947820255 
0.02253041255476426 
-0.01593964076197085 
0.853723278306685 
-0.01999079193284701 
0.5125953173639564 
-0.1178178935050627 
1.852940893459373 
0.2084921539776962 
-0.1044429555169224 
0.07406128153298186 
-0.006467887595360267 
0.7374636299359022 
0.9283893722851286 
0.5609978450730149 
-0.5746172514074469 
-0.005736696159909719 
0.04560673747616413 
-0.2679724603915636 
-0.2323259710685721 
0.8253543711499719 
-0.01345101201334252 
-0.2518471832754905 
0.9124564207251735 
-0.03742786770153174 
0.2839206920288532 
0.2534508130332505 
-0.09184265353353994 
0.2190073142742308 
-0.3512973174666577 
0.3080173690684355 
0.01124233084457751 
1.086631043095046 
-0.2557260164755352 
0.8213141131621694 
0.4813664479092663 
0 
0.2958990868016174 
0.1912258194888075 
-0.09066702338370555 
0.9185558671160029 
0.118342953322175 
-0.2062122381554279 
-0.01896517395200541 
0.05571114135589616 
0.08158257340153585 
0.2223364521361141 
-0.02076919892065314 
-0.3286494336444846 
-0.3116810879662955 
0 
-0.008079381037640153 
0.1176482381418041 
-0.03070720366730381 
-0.001708820335009476 
0 
0.0008054002360606701 
0.3004761415905939 
-1.646514523118874 
0.09414554702456188 
-0.2304342364597793 
-0.1056364037947963 
0.1740012702438268 
-0.9593840480835494 
-0.4574104706686594 
2.048306749484944 
0.1470969660868132 
0.1332686748522032 
0.002967058785217209 
0.2818035510269309 
0.009988534804071601 
-0.1092156043170153 
0.1651888762323147 
-0.02289717423150285 
0.6945459580276691 
0.6378080898910486 
-0.2917295950706011 
0.02113366840627427 
0.2085197327279912 
0.2661559562129672 
1.374632536818511 
0.1175941998897653 
0.4056044077622049 
0.1740850265373793 
0.2599013559236967 
0.04872113140387505 
0.07669369424944129 
0.1758293400087299 
-0.1857879431978155 
0.1738326008559423 
0.651918637657283 
0.3993852010775341 
-0.01977876967710715 
-0.6239057222998488 
0.3814531088688886 
0.2888505312577193 
0 
-0.5089327463920926 
-0.3654300691723419 
0.1979231723432843 
0.03290654828081485 
0.2429547835312507 
0.5572476030898953 
0.6686961847262556 
-0.05416498397878987 
0 
0 
0.03096590325758503 
-0.1161465092802905 
0.07109128801382554 
-0.6660685496576593 
-0.2240181403016477 
-0.0804211242110356 
0.7701898032736388 
-0.0392880893535346 
0.1097529062443713 
-0.142972951265117 
-0.4129094471297802 
-0.1839477084084438 
-0.05264745137727696 
0.007488332741741291 
0.5764249014474619 
-1.299440437496522 
0.1635021088878487 
0.2337478355859125 
0.6734373522642634 
-0.7511391352713883 
0.02235939511364395 
0.1967885029937776 
-2.796119145966235e-05 
-0.008491752901787294 
0.08481760589287891 
0.002910440959130834 
0.09379126985040094 
-0.5366880385766862 
-0.5444324201266876 
1.012615788663813 
-0.07221659098002424 
-0.03267572628413384 
0.02911881314629525 
1.076425378448655 
1.500490101027669 
-0.0007272174401349507 
1.04517095404479 
0.01354010220180474 
0.6232215328443981 
-0.2412816001458168 
0.5992427611862677 
-0.2980958548286816 
-0.3591709392474438 
-0.08125553242509588 
-0.2380358595072853 
-0.02495262584369084 
0.0102373319168866 
-0.07893558886433062 
0 
1.105495187748193 
-0.1084440285206629 
0 
-0.006497754768884794 
-0.0008524439048947396 
-0.04065821090630344 
0.3615707550573395 
-0.1049960092309977 
-0.07928440002662361 
-0.6128698812149254 
0.2192627233840954 
0.0751468639377018 
0.2115515959931922 
0.754433383863043 
0.1337554757440314 
0.2111412395337244 
-0.01522899501207382 
-0.01258202853220708 
2.168404344971009e-19 
0.006561266600792198 
0 
0.3519490439484483 
1.168362559781581 
-0.8584694489481214 
-0.798821769592153 
-0.3175079551218036 
-0.129594029418413 
0.002337289348706571 
-0.016130418957941 
0.07223022374587267 
-0.7223849040754653 
0.01898777003534889 
0.04374753886318967 
0.3689767824269713 
0.3009898907028756 
0 
-0.5111162836112523 
-0.1196077584948511 
0.0303740014535197 
0.04075546590824236 
0.1361514756922562 
0.04535745554789241 
-0.4966201363919339 
0.4863714327574562 
-0.3044162875958736 
0.09676149087015555 
0.4124736482587525 
-0.050670285484484 
-0.0429933238785452 
0.06467746725763435 
0.06857907639317487 
-0.1780262548018734 
-0.07465504190131347 
0.1859698691866562 
0.02253566037036669 
0 
2.085381701839871 
-0.2343174707140845 
-0.2136937992965784 
0.5692765858249518 
0.9375736524720233 
0.06377892113240141 
-0.2079256866198202 
-1.177974732961796 
-0.5563295959950401 
0.2675869947604193 
-0.09082242417459473 
0.2457347406405501 
1.18087136207711 
0.3070662625143243 
0.1504650248881526 
-0.4726342252699873 
-0.06763106560308192 
0.8522081573632171 
0.00321584005180043 
0.1217703347958718 
1.469155012025683 
0 
-0.0122221792611028 
0.3642469014625055 
-0.005725792095243594 
0.4019650115975143 
-0.19919017785528 
-0.06189044492854444 
0.005261609957394922 
0.4787818743853481 
-0.01075492896117176 
-0.007394794552351758 
0.1315958034858492 
0.1067622771161643 
0.01919305763216892 
-0.1044335349198873 
0.1161358958717972 
-0.003734550080815901 
0.4155051098412674 
-0.09437598011521059 
-0.3537877145202734 
-0.0344539971944198 
0 
-0.1030535689826479 
0.2732533115017359 
0.727202986016404 
-0.02086584723320381 
0.06939410169179552 
-0.2602606839665162 
-0.1576943061116741 
-0.2060253009441096 
-0.1941186219592019 
0.2431303641152837 
0.07524642538677714 
0.3376426595317914 
-0.190965385386825 
0 
0.196965229226848 
0.1046435755847277 
-0.002875779282717789 
0.1740573397446107 
0.01357785377324912 
-0.09543441937877496 
0.04980126861093613 
-0.07462165862327588 
0.3232713782847282 
-0.4236410108697994 
0.04278350083971438 
-0.04661792125507646 
0.3648592938129168 
-0.004226673551184976 
0 
-4.336808689942018e-19 
0 
0.01840088214255665 
0.198411929476518 
-0.2330856740669975 
0.03172065434642787 
0 
-0.1298959749766539 
0 
-0.0192608048789994 
-0.174807498413722 
-0.6057200208307596 
0.2636711488779256 
0.3182206633905154 
-0.4111547484393874 
-0.4022766058839843 
-0.3262717963146984 
0.2657056392912778 
0.002685515775081999 
-0.08896863332080246 
0.255442671881726 
-0.0006723391560852325 
-0.4791973282706733 
-0.008902766537975936 
0.007856158157611079 
-0.7617474529195711 
0.7293756880434668 
1.207848150751019 
-0.07015092049266318 
0.03638038777478653 
0.3328164134335641 
0.003776299717406176 
0.3268718745597856 
-1.084202172485504e-19 
-0.6256781990359115 
-0.1862281584179187 
-0.1580400216186908 
0.3216977315501753 
-0.1543086477531581 
-0.4140725751768262 
-0.455779339986033 
0.03917847321068598 
0.01205669719203498 
0.5471567955824314 
-0.01332186157444912 
-1.520956755635672 
-0.02445691386177913 
-0.1762594708184059 
0 
0.8508047539632382 
0.6015191426015334 
0.01783155122303189 
-0.3066410280247481 
0.8122105238327456 
-0.7151695165121003 
-0.284395927266644 
0.4479225430917711 
0.1384429760049161 
-0.3010657525299846 
0.2426144808663941 
-0.1136285697530772 
0.02383726910294017 
0.4320013683777242 
-0.6354290529218727 
-0.0001987507729027472 
0.3556054698495484 
-0.3422964553774088 
-0.07082479163440469 
0 
0.4183093115637066 
-0.001453237421812882 
-0.1960700920638241 
-0.5634564292939723 
0.2944291475089457 
-0.4254128723203447 
0.001397350015820012 
-0.2531921272035536 
-0.03310397755067669 
0.1965039513860221 
0.03232680762062189 
-0.2458328496818361 
0.103847380834475 
0.5737922426082203 
-0.0164763159940307 
0.1446810867684791 
0.7059163890023122 
-0.08715431750045581 
0.03024132087130293 
0 
0.04428197846150926 
0 
-0.09286217854808385 
-0.03485995693637048 
0.2339292868013595 
1.203776173434677 
0.6882626581172775 
-0.00851680286024278 
-0.02797037817876545 
-0.1155146246778948 
0.2022265719510782 
-0.1015274155084378 
-0.2922577019579942 
-0.02076281442321396 
0 
-0.0321415915342647 
0 
0.09219550275293034 
-0.04954868387843206 
-0.304567228659671 
-0.4408299082656191 
0.002278149808663082 
0.3400299066686907 
0.5887235397611591 
0.01527025139045444 
0 
0 
0.2957814521978708 
-1.19441984408792 
0 
0.1069808998055314 
0 
0.2458474370376186 
-0.04746274992884582 
4.336808689942018e-19 
-0.9989718281735616 
-0.06332868573552011 
0 
0.007499045685616174 
-0.0254060812117239 
-1.135239692603796 
0 
-1.039866613232938 
-0.04730738334364406 
-0.002375065864869017 
1.078483719831697 
0.1583943332872013 
0 
-0.4914136913662994 
0.9402841416395891 
0.02281463676449343 
0.2062344648709973 
-0.5301180811297824 
-0.7946550024234842 
0.5959733936447067 
-1.149012332426046 
-0.08297913272391187 
0 
0.177847040524998 
0.2240878415623054 
-0.1018007241563221 
-0.4146794750928688 
-0.1086094219675602 
0.0603526645049373 
-0.1748888801287647 
0.2828664325247595 
-0.05588243440068622 
0.03741222372841092 
0.4995657661676509 
6.938893903907228e-18 
-0.04802995630328973 
-0.2352724644147225 
0.3176133378601822 
0.166599659631514 
2.778357951751944 
0.1310683777423911 
-0.05861151768787301 
0.03062190015627156 
-0.428474391352862 
0.05488719124404637 
-0.01374207150692139 
0.1150839986614156 
0 
-1.16949106507903 
0.2537594894430766 
0.05236893916772817 
0.2785166458565719 
0.7519362373884396 
-0.4373644848257057 
-0.4541075732779721 
-0.6617793199647005 
0 
0.6692979501226575 
-0.7221418947233539 
1.393366949384349 
0.3436617193006904 
0.8100562047663481 
0.3646666378914418 
0.08624201644149479 
-0.4421097846171013 
0.02053840927856843 
-0.002865037016307929 
0.03257381260797487 
-1.049790996697399 
0.04056086920461659 
0.1686456144736635 
-0.3816485940033222 
-0.05083927074870902 
-0.0082975709792284 
0.2282439902484693 
0 
-0.1085071805529339 
0.3104670466388638 
0.4266306142484748 
0.2578100997903239 
0.03610726495762526 
0.2207867103459672 
-0.3574094339689005 
0.6967963059251562 
-0.2964040695255785 
-0.6219083860585906 
0 
0.3995819885634949 
0 
-0.2960718078587644 
1.295253873621291 
-0.4920183506543535 
-0.3644046752738134 
-0.4926575827077706 
0.482849227284213 
2.168404344971009e-19 
-0.107759875082217 
0.01222230697403959 
0.003035665235675033 
0.02604481541730029 
0.1450365614560144 
-0.509148780399013 
0.04379411141106953 
-0.01216743864854512 
0 
-0.07991594901493634 
0 
-0.02812161648832597 
0.04547099167883612 
0.2545843392049073 
0 
0.01410034989926156 
-0.2498985491664543 
-0.3369721826078489 
-8.673617379884035e-18 
-0.2057095762142428 
0.127369574291524 
0.05319658061846393 
-0.02946695264645605 
0.07025646670570258 
0.5013429152470785 
1.183062610282761 
0.03633140793888815 
0.2266678358838957 
-0.2516007276953794 
-0.4049477192798219 
0.7580870013790305 
0.5594954227868763 
0 
0.262664291608477 
-0.2221848095270973 
-0.8890629868489474 
-0.6663459381528393 
0.5096850011262789 
0 
-0.2926942589255881 
-0.1058718142394011 
-0.02164715088349486 
-0.93876217128256 
0.1604551357702824 
0 
0.1394615972778425 
-0.5298676376298034 
-0.3137059866029532 
0.005324712006988689 
-0.006240977828045699 
-0.8663096297009792 
0.01252216777724469 
0 
0.4573080626334708 
-0.1305628446900662 
0.2172564036734642 
0.6986349480708334 
0 
-0.3501477998719609 
0.05803366512395434 
-0.303308782335474 
0.2623639729456254 
-1.329851954687332 
-0.1453635274673688 
-0.2220508935631055 
-0.1538315319815287 
0.01687518782304226 
-0.02748160245586176 
0.1341478128518828 
0 
-0.1472063092004858 
0.093429014567478 
0.0873076891874329 
-0.07673643198301305 
0 
0.16480844133522 
-0.007744237384695176 
1.403534671430105 
-0.2181912381106778 
0.3661661644309612 
-0.008628614489802176 
-0.4416248833430078 
-0.1715197002702458 
-0.01169609778809217 
0.9377153853070731 
-0.02563269151793776 
-0.05765174577152161 
0.1534842380382123 
0.2869489155913441 
-0.7640664374513568 
0 
-0.3138840810983307 
0.367919877019258 
-0.005413680198536657 
0.143582422693719 
0 
0.1609065935567581 
-0.2841691688736026 
0 
0.01666627466860057 
-0.3369215612320054 
0.2716960551605251 
0.4271898899520294 
0.3343015936372679 
0.5840010138466714 
0.113864905105373 
-0.2239601833435682 
-0.6836512157109844 
-0.2760440467755249 
0 
-0.1683254080506915 
0 
0.2559964312672285 
0.07397082785749647 
0.152564677033114 
-0.002390419402466452 
-0.1393189374524822 
0.3550157967955626 
0.01683084401496554 
-0.01805387589122871 
0.2039967850868076 
-0.2223967133136105 
1.653415696584365 
0.509908195896519 
0 
-0.04521427455719552 
0 
-0.6044542873242661 
0.5024968829140026 
0 
-0.004805297974797351 
-2.815466426625243e-05 
0.08330404669721619 
-0.3007366440540554 
0.1993851236234276 
0.3713804413537766 
0.247557401908489 
0.03820534859583876 
1.165189718163422 
0.316487036849143 
0 
0.5396822162394328 
0.1772732956692675 
-0.0365290741686113 
0.2266414581273158 
0.2553174980995836 
0.01964976117967255 
0 
0.0417733904918365 
0.4112891588560435 
-0.05420970750242343 
0 
-0.4329393998398154 
0.2140822289349431 
-0.01225874360934457 
0.04241505452584887 
0.2955253482857325 
1.306860849746681 
-0.06609423914006281 
-0.9299429577158155 
0 
0.3267573156122761 
0.6274504539581963 
0.3141876051865318 
0.6007163070822054 
-0.01296432026929473 
-0.04857501508585921 
0.05294763528990359 
0 
0.5199230971029491 
0.1229414272530968 
0 
1.320903855636702 
0.1425081497684689 
0.1122096891909038 
-0.0006987076288822214 
0.5443929930159158 
0 
0.01251336365189071 
0.101625240688921 
0.05282083882163585 
-0.02924340429567935 
0.0367500926357019 
-0.1015512069506806 
-0.01494711821640998 
0.3742081900699469 
0.02272726116401801 
0.01706660331065986 
0.05263483926170303 
0.07557552517817778 
1.365815131336428 
0.1361797519530009 
0.1330279892861807 
0.004938359813108892 
0.2998647393880566 
0.09198944319866167 
0 
-0.1983661552874471 
0.5486612532355231 
-0.4191047194665345 
-0.2662318136128103 
0.3112400094311403 
0.6158277199397325 
0.2678778780309393 
0 
-0.04195996732764375 
0.0881993198018671 
0 
-0.6534078483417619 
0.06106180943883884 
-0.9569632340529982 
-0.06314636487070519 
0.5886438119805054 
-0.05519397761696501 
0 
0 
0.06295541195436148 
0.5937869071708871 
-0.04039920176010312 
-0.725870812405807 
0.2097305772262691 
0.1909697138317437 
-0.5618288303062473 
0 
0.03707675582716097 
0.9300820551621118 
0.105644082455157 
0.2272153473059079 
-0.375934735795328 
-0.4310895961681068 
0.3769183591456837 
0.9957175365892729 
-0.1158272206017921 
0.3190102314771143 
0.5897098932381069 
0.3269384350612938 
0.02415115854831518 
0 
0.4691151301278019 
0 
-0.1083496326988938 
0.1865914431111758 
0.464533805928144 
0.6482321446738607 
-0.1360728785370992 
0.01996925646279357 
0 
0.0112650628782429 
-0.0364073185683636 
0.3779515688609589 
0.02078722640107731 
-0.1271884801484781 
-0.05769950290167383 
0.07946168157105078 
-0.05884731863200662 
0.1253831046808171 
-0.00330570962179205 
-0.1867888680160649 
-0.07043873344728509 
0.00125573747506536 
0.1924251366430364 
0.009037117276891968 
-0.3913354096940306 
0.5696407759724462 
-0.3606613083115198 
-1.169530172995215 
-0.006048750782991501 
-0.1294815593500682 
0.03538248636051941 
-0.2242681279000284 
0 
0.2612829264466455 
0.2915989540526895 
0.5380558535175565 
0.6563604815566493 
0.4021302329792875 
-0.153694391961702 
0.2376384072760173 
0 
0 
0 
-0.2843655437838896 
0.03125866450130371 
0 
-0.0458269960830284 
-0.1127913571802716 
-0.8797245077120708 
0.4352203750635664 
-0.7248476630246669 
-0.3991758298953494 
1.289421495273169 
0 
-0.1463368492569626 
0.04091829471520819 
-0.2306438287931325 
-0.6035352958985876 
0 
0.6922383315276761 
0.04878944841798383 
0.2353733376439096 
-0.02120799211929279 
-0.2885831114636095 
0.02747908920977683 
0 
-0.4752101088052917 
-0.1196825148582529 
-0.04288684854994146 
0.1199900612747618 
0.8504073471092496 
0.004610460437681673 
0.1301687174818483 
0.03550561382375719 
0.3869682781435211 
0 
0.2935094212164638 
0.5573420544803273 
0.2766424604000755 
0.5587532645570497 
1.664702342422651 
-0.7263970547383036 
-0.1916353965147734 
0.03353872998840219 
-0.4945837944578197 
0.05395691106344756 
0.3883832645732829 
-0.006163195515838014 
0.009003078742311951 
0.106293331646346 
0.4327624266277204 
1.434429080248993 
-0.06428459840935154 
-0.8963886463057547 
0.1318335231497948 
0.7860361766661075 
-0.9314078698452646 
-0.5110624505826148 
0.9088178938682359 
-1.126055053704434 
0.01177277257288687 
-0.2592821852787213 
0 
0.03653583736334438 
0.533917570089892 
0.2560560000539033 
-0.02934005645341462 
-0.002340874420600148 
-0.02503070395080886 
0 
-1.037599083781827 
0.3742595200441589 
0.5675742091881023 
0.005045823727039186 
-0.3681240094368957 
1.438650483805063 
0.7564395891195241 
0 
0.5835718293052446 
-0.3021710324317317 
-0.07404506305941813 
0.1728230845306515 
0.002337067189856715 
-0.5993568563741616 
0 
0 
-0.1124500787045095 
0.1380138815625712 
-0.09809651335782948 
-0.2077966663112615 
0.2317279600633822 
-0.003139919370315283 
-0.4269133094191164 
0.113056060681156 
-0.06053604511045308 
0 
1.860015454617366 
0.002366657131697822 
0.01641569107241403 
0 
-0.5615000536716462 
-0.0247058833652483 
0 
-0.01006236785448037 
0.1377363749295011 
0 
0.2803051696247065 
-0.04071867752448527 
0 
0.01279845761366325 
0.2587772070618212 
-0.1292963321095113 
0.06637040504323266 
-0.3805221106809019 
0.01615821012830815 
0 
0.4603146349243335 
-0.006150050930184943 
0.06217800535423678 
0.02645577701562954 
0.232038981803136 
0.3082233714152603 
0.41082253598229 
0.06742814508838003 
0 
0.3426958133705871 
0.02693726559643523 
-0.007462986351330559 
-0.1355492100075716 
0 
0 
-0.25683900069582 
0.06149745977001649 
0.008960951644715704 
0.05829161763198479 
0 
0.05811057429738946 
0.2572130456661267 
-0.3743484183368959 
0.1577502793723513 
-0.07472412125325414 
0.07684728723239756 
-0.01310007409633186 
0.1277480995355666 
-0.06658056475735095 
-0.2771920321983935 
-0.2153830583566655 
-0.38523200003314 
-0.2586805655506405 
-0.2858896181424572 
0.3428126061658968 
-0.04730519384536201 
-0.6574806787968107 
1.28451339649176 
-0.128826156688499 
0.1987256660406088 
-0.7304191232993288 
1.017023980312739 
0 
-0.3056378425135777 
0.07714637081892613 
-0.005513926407595771 
0.8334132932233502 
-0.0256300111411365 
0.4779760077645031 
0.7645529013879101 
0.2920294180672989 
-0.2945345653320708 
0 
-0.1170984572827304 
0.1530933137906631 
0.2573790861046789 
-0.263471718194572 
0 
-0.00899556446335701 
0.4354777544650548 
0.03724346409284606 
-0.001398435769497174 
0.01043707011497275 
-0.9207452010073618 
0.1909289024567839 
-0.01725140050364111 
0.08737320686317389 
0 
0.2058830656842148 
-0.2470688121867775 
-0.0002072302373941778 
0 
0.08586525996879948 
-0.01630040538817657 
-0.6369757794809573 
-0.5877689024159534 
-0.2880935450655037 
-0.7787107318102793 
0 
-0.1679184298593709 
-0.001060589266155641 
0.05218665630853057 
0.05777836159833783 
-0.2539449757938314 
0.1731160006538917 
-0.4139549759142526 
0.2825477595543327 
-1.522611224430519 
0.2284671346591553 
-0.003174182178747679 
0.1119890965467036 
0.6290223200195182 
0 
-0.01086649402089006 
-0.6397211165266322 
-0.5565087295583139 
0.01687829070772211 
-4.769057779883262e-06 
-1.064162605521861 
-3.061446105484648e-05 
-0.09690269225947391 
-0.1722424784228003 
-0.07746188589243699 
-0.5898836408706878 
0.6920687300981017 
0.007302621498166534 
0 
-0.04096627817153389 
-0.84831471583727 
0.1760780931154072 
0 
0.06867068670292258 
0.09994823446137754 
0.5703521434198584 
0.1569794115229048 
0.5166243166856738 
0.2393537114993733 
-0.2354884814624637 
-1.728861374628159 
-0.1034116399705902 
0.1538569154664518 
0 
0.2211022608559797 
-0.2241234664140131 
0.1193393026539006 
0 
0.8899881459851029 
-0.1269929296661726 
-0.04721115589567977 
-0.08509201011105667 
0.314004170248106 
0 
-0.1395758076196636 
-0.4739085920390161 
0.2328599782353619 
-0.1849288990568128 
-0.9914839253195556 
0 
0.2582206314905132 
-0.1393654294094923 
-0.05290500353738938 
0.4576061299328431 
-0.6393323400527096 
0 
-0.2912429482360104 
-0.01912017312440702 
0.1671051762923957 
0.3999569965518494 
-0.01885811903765263 
0.3291448936115829 
-0.1555870081575483 
0.6985738703239688 
-0.1997178636032856 
0.08283172598296741 
1.175483881097952 
-0.03404297287443848 
0.1063021491032876 
-0.01934699081412639 
0 
-0.3671152396105647 
-0.7753131335712997 
0.3406026515593336 
0 
-0.6405874976548822 
0.03904359731143128 
0 
-0.0519251992850644 
-0.01079637871102593 
-0.05689023210303572 
0.01345353060174554 
-0.276874644250317 
0.3820331903347106 
-1.734723475976807e-18 
-0.6535054982606779 
0.08379922435536664 
0.2546496387811973 
0.7203723376728366 
-0.1768877680967968 
0.5044479749092402 
-0.2166046761816206 
0.0551780197620362 
-0.01526898219182391 
-0.3049963612261738 
0.03042821358800796 
0.238792889688285 
0.1368087563550498 
0.1529865901158711 
0 
0 
0 
0.0391419021545194 
-0.08340386632194197 
0.1097368772451579 
0.2513901963224501 
-0.7487795092296852 
0.4948323511102761 
-0.4729587146326007 
0.4539356074252505 
-0.326004761289426 
-0.01760308426685111 
0.1805912203065932 
-0.0125949080327314 
0.2964141482260921 
0 
0.123695145529436 
0.07533940705104095 
0.1334487614260363 
0.006386825861529787 
0.005898716385572591 
-0.01339885188049484 
0.4082005424920166 
-0.02175132764638811 
0.02971308586840383 
-0.9304781449421703 
0 
-0.3642565207748505 
-2.605602312871307 
-0.03295619015037376 
0.0246172397880471 
0.7486579852612066 
0.3585528283566082 
-0.09395665711647079 
0 
-0.3725747007219963 
0.01421788925510032 
0.3044338235609488 
0.187121168458992 
-0.06352751487082171 
-0.006403622550260214 
0.4735545518784457 
0 
0.01382403187764915 
0.773181408584083 
-0.03754409924555154 
0 
0.2003677449243866 
-0.1298911623465128 
-0.09433089803478095 
-0.2073597427402693 
0.09031667831857924 
0.07732098043751844 
-0.05525395665719664 
-0.1017566362198339 
-0.01966780883057796 
0 
0.3324375214464929 
-0.5438696208794624 
0.3332874463484429 
0.7785379823487977 
0 
2.710505431213761e-20 
0 
-0.1081443117131709 
0.3826709042180451 
-0.4832489099212692 
-1.110036414664693 
-0.166803355840528 
0 
0.009935970170850546 
-0.2744425922085176 
-0.4313618253326355 
0.004802327681857595 
-0.3400802991641733 
0.12673747296205 
0.3193908093111867 
-0.4453432470197257 
0.2902174453226265 
0.4598224196892092 
-0.03138862529009809 
0.00369624222040694 
-0.05042810506437789 
0.2122131974680105 
0.5706224096518742 
0.09535838759742553 
-0.6819063456513601 
-0.5540050287392428 
-0.01594424473515639 
0.1704321503878871 
0.1590713982056343 
0 
-0.7335606164012639 
0.3868478471026333 
0.380588340308572 
0.01089504968518908 
0.4709644406336466 
0.973735960861295 
0.9336370053636354 
-0.007499936520331652 
0.6103838690441596 
0.2216151853047751 
-0.006345367416425355 
-0.6509532843922315 
0.002917754160504283 
0.4301093277167033 
0.00589524579860195 
0.2225067503317873 
-0.06261821176691838 
0.0006455390563417967 
-0.01189618337785797 
-0.1259793744247689 
-0.2514786505861585 
0.08462178634605712 
0.09236575716319548 
0.007344353600795691 
0.3322356604298917 
0.1667803341421664 
0 
0.386926900975862 
1.821725455387726 
-0.2230297786322936 
-0.2046136711668723 
-0.1119317528933433 
0.6074805052960004 
0.5435459396167985 
0 
0.04739482061990993 
-0.04420605355591126 
-0.002405834166923339 
-1.167394869757936 
0.4151577903068078 
0.8738080356585847 
-0.1009717603018503 
0.01605034456359348 
0.2380480759459195 
0.2421302722397635 
0.002215066511149236 
-0.08038553344128091 
-0.01602995622373297 
0.4657785726682631 
0.01932400983707887 
0.1576214413308357 
-0.06791355800862149 
-0.7909769168593765 
-0.2227077960673489 
0.148650804277206 
-0.1589183677033655 
0.004077055688756998 
-0.5714784570861536 
0.5614693348658353 
0.1419346594714946 
0.5405378847078142 
0.08738540950520407 
-0.5631736285020708 
-0.02988682313242105 
0 
-0.06706726264913716 
0.0135772368443569 
0.1566419474369155 
0.5934397900867748 
0.7083854132806027 
0 
-0.05360529101663833 
0.1789434911683042 
0.06215385017712989 
0.1928608378922617 
0 
0.1415368115567848 
0.0933654609142566 
0.3629488907865727 
-0.01145619697411732 
-0.1055128995801909 
0.383991575943633 
-0.05150188777349364 
0.0171922797793628 
0 
0.4524623774848985 
-0.3301360622162065 
0.1309849270708995 
0.1019984967107156 
0.09328259792276229 
0.3429782241024542 
0.06286246968049702 
0.1183858866517383 
-0.822388451335283 
-4.065758146820642e-20 
-0.4026310535053303 
-0.008082199836575396 
0.003491126464815216 
0.8076621933491634 
-0.03311050594597514 
0.6377769521723738 
0 
-0.1709563191204335 
0.01032886231880118 
0.02635466014989817 
-0.2270024419086846 
0 
0.4598272313931031 
-0.1310850691497106 
-0.01793115837264264 
0.6078139316929088 
-0.707997627244206 
-0.1404655617998082 
0 
0.48646888493344 
-0.01606074309878433 
0.01445248200608209 
0.1227181621022139 
-0.1808945094172528 
0.5513940813090976 
-5.505315440390458e-06 
0.006015915752965191 
0.02375667564941015 
-0.5879143306075305 
-0.01953534999719921 
1.130198804542234 
0.010898561628528 
0.4626511601356856 
0 
0 
-0.2260782275871386 
-0.1577700377419119 
-0.09337841459359017 
0 
1.266233596335571 
-0.03037325719760549 
-3.042621605475881 
-0.1629963015026468 
0.2785731099083341 
0.04082642150631553 
0.4190058123664094 
-0.0252699438265932 
0.07103450605599566 
-0.04813673752664038 
-0.6865897420168421 
0.6364023191798646 
-0.2695304002857912 
-0.02899336771093322 
0.7553522449062747 
0.312779434696016 
0.254589419391959 
0.1907437710850028 
0.5010699800059293 
0.5530348783736916 
0.172485671345911 
-0.01564729271433034 
-0.003426204208891845 
0.007395161091652971 
0.01515736388995902 
-0.1112920979607303 
-0.1175542123604413 
0.1364367959572799 
0 
0.02934223459079513 
0.1487551488252344 
-0.1481236801822937 
-0.5041102612763967 
0.03749146850562281 
0.09391696669333137 
0.005492867596924431 
0.009329886372854099 
-0.01937912313362897 
0.08482914143654569 
0.8593812961910879 
-0.2594618500676985 
0.3449379253903938 
-1.08408473688213 
0.5720303618628171 
-0.4206189960694382 
-0.0475899836479796 
0.1281595979893969 
0.04004089212952715 
0.1504817688373514 
0.3591313912023254 
-0.1218452363756532 
-0.7431517561663056 
-0.3401833621292714 
0.0118426195250774 
-0.709232727534101 
0.5011680395262085 
-0.2301493217740127 
0.5039260986764674 
-0.005558365086079783 
-0.6706603039683711 
0.1121474188601984 
-0.2519738279920447 
0 
0.3342395147054677 
-0.1864956666041581 
0.01928875594575727 
-0.9295742484161376 
-0.02288734283598134 
-0.1115177513072553 
0.05274252201922956 
0 
-0.2565608022999268 
0.27625689075604 
0 
0.1882928098905053 
-0.1546833014632948 
0 
-0.07619083188242662 
0.294258062238952 
0 
-0.001921472984847541 
-1.067193362791253 
0.2928834117658591 
0.8171528009431279 
-0.2206157383072238 
0.0002279987664749278 
-0.1397595681643068 
0.6785682224608395 
-0.4815893333732568 
0.2221431713562648 
0 
-0.002495348618616725 
0.1028907929423204 
0.4811271168648997 
0.04382777887481761 
0.09798823978322559 
0.5052906282399866 
0.03931845521641478 
-0.2362401359163564 
-0.2006733993529712 
0.696402508549674 
0 
0.002081601274055101 
0.05913076279642411 
-0.06801092105639686 
-0.4016691793622851 
0.6112757418811458 
-0.01701443572537355 
-0.01182701195786392 
1.168565190871516 
0 
-0.03869485805098383 
0.2173702732656685 
-0.2003229151281058 
-0.01603113488759244 
0.5683881932100676 
0.6917654736108899 
0.1573120494022623 
0 
0.2215561415499494 
0 
0 
0 
-1.26524736700613 
0.08675559832923099 
0.05805628048300644 
0.7373709158084664 
-0.3635902317980924 
-0.102917709003662 
-0.2011862902511395 
1.361067441998112 
-0.3953375626275415 
0.03375521693983818 
0.3072825917864392 
0.2312935862516572 
-0.275032821765432 
0.02015468447323201 
0.08133622138976886 
-0.1755810460953872 
-0.03235716119487744 
0 
-0.9296893634088367 
0.05800118534709458 
0 
0.5079528053937402 
-0.1295770076380117 
0.1182374278989079 
0 
0.6936388054796294 
0.1284282324326137 
0 
-0.1639353103277532 
0 
0.01792667428391765 
-0.2869208174540943 
1.064380847559428 
0.0408276722699529 
-0.0175521465289142 
0.03306701301695585 
0 
0.3017570264532884 
-0.470234522879126 
0 
0.2198047998037882 
-0.1225510657609408 
0 
0 
0.07319216582169488 
0 
0 
0 
0.4546359941890135 
0.1622849535624827 
-0.2157592188032514 
-0.2473851017656989 
0 
0.03052451489963443 
-0.2478870282412858 
-1.734723475976807e-18 
-0.01821811924347768 
0.4271965509017837 
0.2331049502488576 
-0.2409484509722601 
-0.2132693997484613 
0 
0.2662465630822978 
-0.1901157960398417 
0 
0.8319200122739255 
0.0794980276805671 
0 
-0.0143525727499333 
0 
-0.2395068512370976 
0.4748921719400016 
-0.6869702236872715 
-0.2607518221323422 
0 
0.3004173692792932 
0 
0.9154917608998829 
0 
0 
-0.1413092373029942 
0.01352524517897322 
-0.1570357373224015 
0.226813348111421 
-0.4488571410541398 
-0.1332342943834352 
0 
-0.5402899963337118 
0 
0.4024648227604721 
0.6968949077551118 
0.3496985415450524 
0.2596462577539621 
-0.004250906347942378 
-0.1714526643700083 
0 
-0.03162953904761472 
-0.3436857119385031 
0 
-0.3313684146830895 
0.02071007077070898 
0.910034444371532 
0 
0.06862459609892294 
0.9818788251221042 
0.2691973924988947 
-0.1138437667707889 
0.0984964442226013 
-0.09006355772524711 
-0.2311251508646987 
-0.0681098470448142 
0.4575445794870445 
0.3070776886624339 
-0.06959601876791838 
-0.03138918825962285 
0.006586738680669629 
-0.06687642930363581 
0.2928311676735668 
-0.8631553108950522 
-0.3702907456773663 
0.1298352733421567 
-0.4578195463732339 
-0.1819171835938986 
0.5953194152522607 
0 
0.1287435445929753 
0.2037042198139683 
-0.1245447414547214 
0.0007602166815176949 
0.08349765658554308 
-0.8295354443377745 
0.9402876234789296 
0.02995048712941849 
0 
0.1935260310998256 
0.127020714071189 
0.08732134255064633 
0.4920868345786272 
0.09263438539697974 
0 
-0.09021560004789099 
0 
0.1020813452426304 
0 
-0.2270657250565956 
0.02454483339395869 
-0.2263382870930011 
-0.2640369268211102 
-0.1630884152554654 
0.08335483419539312 
-0.704375428941599 
-0.2386746776586549 
0.2833451331241732 
0.02814592199382189 
0.05677552436897604 
0.1287235220778651 
0.462322361466117 
-0.3124699791159481 
0.6001196725822516 
0.07327019228336286 
0 
0 
0.1911172469006584 
0 
-0.4910534457360051 
0.1119206073531221 
0 
-1.172936735883526 
0.0522172625755199 
-0.2632083227127723 
0 
0.0217516218897832 
-0.01938610872104734 
-0.1643725152412751 
0.9036133317098622 
-0.0312280653797852 
0.2271194042734433 
0 
0.6948949891529722 
1.341993484316534 
2.778268066994105e-19 
0.8146358464721012 
0.1383844507007449 
0 
0 
0 
0 
1.068876514278209 
0 
0.5212191141518129 
-0.02450188795443187 
-0.5564146427866651 
-0.08658093814714288 
0 
0.001962865203868937 
-0.2388318574596912 
0.126682810323219 
0.0004089501507479031 
0.1856595797083813 
0.03184749006499137 
0.08954204528774312 
0.1299836416333023 
-0.1081523241337056 
-0.3090572873047706 
0.3420543027828971 
-0.739375279812481 
-0.5133565319749092 
0.1122394415007479 
0.4182850406484736 
0.002155761336726429 
0 
0.2957678010852529 
-0.2284726629923239 
0.01991067793679164 
0.0374531307793945 
0 
0.4206536114183517 
0.2696295832394477 
0.2054913081912636 
1.26666198507532 
0.007134331856498448 
-0.3879346929917076 
0.3816287451172389 
0 
0.2532041559892249 
0.317208076917685 
0.4627601708685647 
-0.2403081192493412 
-0.09999812481481911 
0.9579638670626005 
-0.3771285331146817 
0.08647529272230904 
-0.2730260198122152 
0.8056973502052573 
0 
0.06262790131979042 
0.3643193840777627 
-0.5912898545114624 
1.031875185331786 
-0.01680544386722995 
-0.7233269003183102 
-1.363682043964741 
-0.6827945869165781 
0.02659896294311872 
-0.07562480280219479 
0.5051749078315549 
0.2572144440259053 
-0.0788039846373333 
-0.9006517033965137 
0 
0.2178702628062607 
0.2326476568057383 
-0.1052388228939625 
0 
-0.09086909996399968 
0.1712667176559841 
0.4553723158419944 
0 
0.007606256098258697 
-0.3673169694853124 
-1.112255875245697 
0.08122542916113711 
0.5736938603044622 
-0.7704772471864417 
0.5029556084483459 
0 
-0.1621676492982606 
-0.004642535679416594 
0 
-0.03011313212977479 
0.02599314483371244 
-0.3230163795921793 
-0.9084406534914976 
-0.02882525675826755 
0.0205522340550356 
-0.5355393313847634 
-0.08520824947367758 
-1.804564804829616 
-1.084202172485504e-19 
0.6396820127677032 
-0.09805407861793616 
0.1182356656632871 
0.696006491328481 
1.875206318025025 
-0.1149870836152594 
0.01731740823597724 
0 
-0.08015912059369863 
-0.05765417111506779 
0 
0.05251482033536608 
-0.1460702443422103 
0.3646221582512275 
0.1221756420850529 
0 
-0.1225549867038937 
0 
-0.7516003244896324 
-0.02367717917169387 
0.2081030067522703 
0.5514169227490058 
-0.918265492308532 
0.07293020652100257 
0.04404619050266608 
0.1049811712266339 
0.01081771911816419 
-0.7277332465113699 
0.2448456538666881 
0.3743448601867512 
1.189482530070256 
-0.02538183182750709 
-0.4765187429891942 
0.03392590353316569 
0.7230908084962046 
0.04935173497747537 
0.1159874200454567 
-0.322211002868934 
-0.3214005171991743 
-0.06208330311833028 
0.06963416533209697 
0 
0.004707684491188344 
-0.02729713639878892 
0 
0 
-0.04646850915047272 
0.0004062293732122315 
0.3351023055438181 
0 
0.9391103288613813 
0.3696515271030206 
-0.658362406331684 
0.02840187602018047 
0.03366839409295052 
-0.1089483282318103 
0.03933276108823797 
-0.001329390026111254 
-0.3869862861446295 
0.2921140736646818 
0.05742811079994108 
0 
0.2358537600103172 
0.9447629126689127 
0.3483413251559113 
0.1159439467283084 
-0.1132163875926444 
-0.02449249685789191 
0.08609235272947471 
0.1517073660946061 
-0.7529429101368458 
0.0007357871943205075 
0.05293415744685916 
0.6295719539959584 
-0.02644945599127185 
0.0427770352238302 
0.4323475151931567 
0.09906047578716445 
0.5678767852888417 
0.6966496195054968 
0 
-0.06345666034447124 
-0.2080927267130193 
0.1071756759256406 
0 
0.3006052626855077 
0 
0 
-0.6281948795743624 
0.1018089371918683 
0 
-0.04435060555934806 
-3.57884349629472e-05 
-0.1094969984637365 
0.3343323656049823 
0.01017541592971753 
0 
0.5632170838481427 
0.004823147841884864 
-0.5892935283785661 
0 
0.04285531014647874 
0 
0.01637257374056649 
0 
-2.602085213965211e-18 
0.001364173938273468 
-0.004241972705762948 
0 
0 
0.1511898214344329 
-6.938893903907228e-18 
0 
0.0502903426137195 
-0.08373019709334532 
0 
-0.006356109650798256 
0.03712549664583856 
-0.01048652472316184 
-0.06839041459048396 
0.5477875255585466 
0 
0 
0.462308493383768 
1.175705516726782 
-0.01901264393227955 
-0.3610503114921551 
-0.6646897450409405 
-0.1949155350636558 
-0.2276039208177732 
0.6300741957192432 
0.648292091100016 
0.6180445144112094 
-0.5429673000595052 
-0.003743359224939771 
0.4539832761968379 
0 
-0.9131381278073627 
-0.02928531455472943 
-0.3920365561277277 
-0.0271817556755084 
-0.4094360080203142 
0.477494459577889 
0 
0 
-0.7534359668419162 
0 
-0.5135578183394449 
-0.1797993794392801 
0.3729855673985502 
0.2677825577769044 
1.504729293457534 
-0.3264857316918949 
-0.4926081826221906 
-0.1174974456210612 
-0.344461775231008 
0.01934328747388114 
0.3740703451053113 
-0.01912402099036934 
0.7923167811903549 
0.3095810332753696 
-0.2456758499515883 
0.05149036896385307 
-0.08702694713062929 
0.7988709174606853 
0.2814165412412584 
-0.03547973139107272 
0 
0.2118624563258813 
0.09005578911389563 
0 
0 
-0.6991215985593564 
0.5014750941333633 
-0.04072417092093041 
-0.7901540048879786 
0.02705100262017135 
0 
0.02660429257754677 
0.3842167010764424 
0.01629569282014573 
0 
0.2242596893141658 
0.02399082366140559 
0.6523692943225045 
0 
0.09237653161574873 
0.3859095957021304 
-0.4246450977199219 
-0.9230081719169548 
0.3770447819359541 
-0.7656608799093505 
0 
0.2329220723044237 
0.7465772503045411 
-1.734723475976807e-18 
0.01415822933662188 
0.01567718769864893 
0.6285733244404669 
0.1669835913354767 
0.9188031136135019 
0.002100265998690135 
0 
0 
0.4225062761864969 
0 
0.3890679819445698 
0.1126413247166266 
0 
-0.07493486695476644 
0 
-0.06953044164635627 
0.1536843903486905 
0.0832374296025901 
0.1207155723217916 
0.2937829990817494 
0.0145629428656955 
0.1738463333939475 
0.1632252733400224 
-0.4448182878376787 
-0.003348826471471595 
0 
0.02209267544784743 
-0.1662201761537178 
0.2433875720747604 
0.004490178554515032 
-0.01081815754315261 
0.3087829811769878 
-0.01959735892192936 
-0.3036869433805091 
0 
0.781005037758418 
-0.2945085388198452 
0 
0.279704371704266 
0 
0.1230482426154687 
-0.35847354488289 
0 
-0.05526827057023612 
0.09695020885617518 
0 
0.1292266910612214 
-0.1212212560697454 
-1.501762430387042 
0.06276361120561043 
-0.8426324738523021 
-0.152655613702917 
-0.1773596474536304 
0.1551483087428216 
-0.2048235053689928 
0.01722918346059655 
0 
-0.05368731991360248 
1.19310502130345 
0.118931728968789 
0 
-0.04425294826770879 
-0.06640933808697096 
0 
-0.7472994256229183 
0.6271094232429587 
0 
0.04160436818510292 
0.2865492830731541 
1.210694632266219 
-0.07169567730263941 
0.04971980373451604 
0 
0 
-0.05281724400303246 
-0.2236894234678771 
0 
-0.1086279067892681 
0 
0.08270968302172611 
-0.05100364830364049 
0 
0.2433978015290064 
-0.1727687035538285 
0 
0.8223316901970683 
-0.4809367928537795 
0 
-3.035766082959412e-18 
0 
0.0819802184096797 
0.03682167532532528 
0.3186582130662968 
0.2090924558648428 
0.1685202092399411 
-0.6312317877384371 
0.6331404770767427 
0.3857116067602757 
0.04522939403801948 
0 
1.032935940376111 
-0.2094935530620436 
0.0004187512119048761 
0.001188386810928167 
0.6765600341903172 
0.6579573234705051 
-0.05791113167383071 
0.2038463904852632 
0 
0 
0.3409154057475013 
-0.5464347309222815 
0.007094608021464808 
0 
-0.2032656008494781 
-0.2067907102734981 
0 
-0.2507908091068949 
0 
-0.04715017675795808 
0 
0 
-0.7971795043859354 
0.7122761662330545 
-0.3604134580447525 
0.009975221679081259 
0.7529703704136385 
0.4164596222427709 
-0.03610761023327048 
0.4357640672576893 
0 
0.4345259353501965 
-1.058589916640875 
-0.1840883725506755 
-0.798623689100362 
0 
0.3372226089058871 
0.4986270397978964 
0.8922180402768014 
-0.3792955048966021 
0 
0.0762897286121724 
0.416351950513701 
0.005438452423465555 
-0.1345197944089042 
-0.3850934680017223 
0.2805711842727524 
-0.3166953318398844 
-3.750362282300622e-05 
-0.2011333939052185 
0.07571639318995006 
0.5396370245449779 
0 
0 
0.2044025598511361 
-0.05032612598146049 
-0.0002476324576793177 
0.007936780492957636 
0.1006231506933712 
0.01612363349773163 
-0.511039261828126 
0 
0.2102259315007584 
0.1615966350671363 
0 
0.3101654504881259 
0.006657379705124237 
0 
1.066215786623868 
0.2456957478573543 
1.047756425206926 
0 
0.03376579698523586 
0 
-0.457312239305315 
0 
0.2210938168243688 
0.02463933703767583 
0.002135682593289342 
0.07463685282780907 
1.812763134710384 
0.3684368043833287 
-0.3939158018758989 
0 
0.1849162427256822 
0 
0 
0.0111303472301862 
0.4461494544554327 
-0.5496554676869904 
-0.009018720970278227 
-0.08128593427940321 
-0.745985931875882 
0 
-0.2850851250270088 
0.06416086283083902 
0.2398664631632799 
-0.0293379701660158 
0.4473657330521629 
0.04632774407133541 
-0.1691920402157527 
0.6576821171132676 
-0.007540588907527218 
0 
-0.6465863704521201 
-0.3355716421978519 
0.5700233338906566 
-0.07568752706468868 
0.2056149423925107 
0 
0.2955395673721034 
-0.06274623458843319 
-0.4811387180281894 
0.0525063418359426 
0.1056365258884505 
1.084593242519882 
-0.01194646757156134 
0.1025971783542826 
0.2149776012760159 
1.007388467330543 
0.1306579813401243 
0 
0.3881554051724474 
-0.01219616154000534 
-0.02206418625928122 
-0.02527972077955806 
0.3235334864222193 
0 
0.2212390540561882 
0.1982512867645783 
-0.242327475786225 
0.4351455612472357 
-0.3048695775897439 
0.02905337008989047 
-0.3677621074007601 
0 
-0.2451864316487934 
-0.05680874630745468 
-0.595937210817039 
0.0708690294319122 
0.4723445554511623 
0 
0 
0.1788020564351347 
0 
-0.04466052612561781 
0.03156389988606679 
-0.01397413778491613 
-0.3409442571568266 
0.1083333068514445 
0 
0.23447260915174 
-0.1570118565705274 
-0.4539649242658105 
-0.1794707642419818 
-0.6897598234261172 
-0.1736567070650531 
0.2636893395155153 
0 
0.002058984173709919 
0.03368414326431645 
0 
0 
0.4630041287624092 
0.07788467548394663 
0 
-0.2822302338916426 
-0.02461574190670445 
0 
-0.4074136906838577 
0 
0 
0 
-0.08010730509168403 
-0.4295046370979365 
0 
0.1183176722315445 
-1.182734341164778 
0.03886954256623104 
0.2936325475592199 
-0.573773517130643 
0.3027225161894234 
0.3326054621138838 
0.1197393106910141 
0 
0 
-0.1150105645598313 
0.1117096527801117 
0 
-0.1370373442272851 
0.1006020128867377 
-0.1730180497416957 
-0.05434331407355855 
-0.06801428309515109 
0 
0.08403558845930949 
0 
0 
0.2167337004652103 
-0.00721591142274437 
-0.4363079475179933 
0.3519380253709107 
-0.3354199578313759 
-0.1247212734615008 
-0.125800718727995 
-0.184353190408618 
-0.2290626960276989 
0 
0.05505405627519902 
0.01766015283026534 
-0.003495110753224356 
0.2159880733146265 
0.5034434925342179 
0.7245980890833534 
0 
-0.2484465093579844 
0.2330805052867978 
0 
0.3806228133366087 
-0.06089135383190917 
-0.4919478690893581 
-0.1709692866779597 
-0.05021698031673383 
-0.03978214284994995 
-0.0559963340015034 
-0.10326572159853 
-0.02091859774368363 
0 
-0.3566891822504466 
-0.5046172465901821 
0.2741277858148979 
0.2242113129009947 
0.4161936671027226 
0.09518091607554444 
0 
0 
0.006317847479795571 
-0.4426513285840186 
-0.02299556794734484 
0.03765561000501477 
0.8361230816846892 
-0.5178748864900985 
0.001065719171619122 
0 
0.03002316200833622 
0.5450477234936361 
0.0308714118479529 
-0.5711966511254771 
0.03946324666151898 
-0.201968982609588 
-0.387778322644863 
0.03889783711979301 
-0.8182391560278126 
0.01431795240472003 
-0.01605897026256364 
0.9014693260823669 
0.4997015446180715 
0.1272065561700037 
0.1826497616090322 
0.575169918212443 
0.3763866449760735 
-0.01147734415037386 
0 
0.1208084306765691 
0 
-0.3092007071642592 
0.005675703592023026 
0.1043131181343796 
0.5336810204671125 
0 
0 
-0.01038282449547371 
0 
0.2287738227805454 
0.5476320119749949 
0 
0.0024594903381072 
-0.07258334991022088 
0.08090344319959841 
-0.6292502341020868 
0.7554573445823547 
0.02248153663596901 
-0.136948781484744 
-0.1787190927927718 
0 
-0.01718784502523562 
0 
0.01128038044109872 
0 
0.2522741628479284 
-0.3637241839911054 
0.007236460126621173 
0 
0 
0.2390301256938791 
0.6362234566608427 
-0.005405693820545543 
0 
-1.546242811783521 
-0.2445479871752656 
-0.03264291420007701 
0 
0.1858882236642327 
0 
0.2984444944920527 
-0.03338755011867547 
0.09791776368836909 
1.150131300209736 
-0.00923503595436199 
-0.005654929537648098 
0 
0.2115456191987431 
-0.1763178330875643 
0 
-0.7407787249127147 
-0.3779083122904084 
-0.6616858814918307 
-0.4016629208054467 
0.4235728811674324 
0 
0.06587687264731304 
0.3038381485212536 
0.007396880853241546 
-0.6906192056407602 
0.07297479713431525 
0.1954708700792676 
0.3416117111362484 
-0.5148360992908826 
0.1930865373251319 
0.1079259393350038 
0.3580308384600409 
-0.9226899667657117 
0 
0.7965940580893394 
0.04400272686210878 
0.706735215700502 
-0.0664511595386858 
0.301865775380702 
-0.2668528529426637 
0 
0.142018481393323 
0.01212614459178653 
-0.0464599598260743 
-0.1449298479372896 
0 
0.2512396729660451 
-0.2051751038860923 
-0.1950740288822046 
0 
0 
0 
0.2764191076601942 
-0.5138350763251189 
0.2208213335488905 
-0.08745326612298876 
0.1907522196121961 
0.158627747608734 
0.4787003003255565 
0 
-0.07842693867891226 
0 
-0.04541547886219429 
-0.1160670796578605 
0 
0.3469366919530179 
0 
-0.3155267390924047 
1.218120588537441 
0.6732681043833938 
0.08772471619984099 
0.01493160102960432 
-0.2188455026299699 
0.03144795699748705 
-0.06086411273068882 
0.01883840858230408 
-0.01371135984662061 
0 
0.1305062213913815 
0.565484084528324 
0.1213245936701729 
0 
0.1581308770454325 
0.976817016496096 
0.001875905726731556 
0.5179684326987002 
-0.3505217917827524 
0 
-0.0177459754017358 
1.053684201931839 
1.004370785765425 
-0.1637507237663638 
0 
0.4198915936788589 
0 
0 
0.1481322448584589 
0.1930741510371861 
-0.06541933971011134 
-0.01516585317161719 
0.2262916954736102 
0.3320770829887186 
0.4489480938162949 
-0.0001430694339690195 
-0.5239054521996491 
0.8624585952407153 
0.2540725367561505 
0.01462725534086414 
-0.7479661632419534 
-0.2030779501558859 
0.03477301285219055 
-0.01270659005870268 
0.09844449675560024 
0.04516847213984138 
0.3744288060445048 
0.4160225944129341 
0.5798994495612629 
0.004473351437647489 
-0.3058663312392 
0 
0.01442627488786769 
-0.6941296744954458 
0 
-0.3225767475733849 
0.1088014291372939 
0 
-0.1488129213166448 
0.199792227963784 
0.6330009678127577 
-0.3102209793093047 
0.6536548530021886 
0 
0.1437152496731679 
0 
-0.1017941819636073 
0 
0.0297620888256392 
-1.034844313314991 
-0.01418920819864767 
0 
-0.004533745455774096 
0.005927829934549701 
-0.1634910759361071 
-0.003290065147282327 
0.07237740035488696 
0.491612102954788 
0 
-0.2317365701299164 
0 
-0.01649207470101583 
0.008002243945898239 
-0.2337665328094 
-0.1462434385850673 
1.284251183521691 
0 
0.2195156625117103 
-0.516385131265128 
0.4136006314409877 
0 
-0.07499210171840016 
0.1512273568175778 
0.6617485929224167 
-0.0494521586263984 
-0.05071702167886662 
0.3633384909349919 
-0.1492688093137158 
0.1356183934083843 
0.5568908202458744 
0.03466863054478522 
-0.1458380950437873 
-0.005313766861493648 
0.2197860772473606 
0 
-0.4036224250777719 
0 
0 
-0.197618219118968 
0 
0.6872900843964839 
0 
0 
0.3655998465143067 
-0.175213308238867 
0.02491619029500565 
0 
0 
0 
0.01050515064414498 
-0.07238658702769689 
0.04788986256043454 
0 
-0.2082243967644897 
0 
-0.5477562380484493 
0.6240646671924414 
0.0291078263486227 
0.2169769629459859 
0.05497043697738414 
-1.18918849137233 
0.004889148295734841 
0.01302785526962295 
-0.03074094236352867 
0 
0 
-0.3761230041752908 
-0.3238894957593892 
0.006257694143473822 
0.5061540123812551 
-0.5711746669369804 
0 
-0.1786062318739565 
0 
0 
-0.3104390576132911 
0 
0.04331137259411317 
0.2781946656876093 
-0.238635637807329 
-0.7070818112747103 
0.6810482774301024 
-0.5629407833026572 
0 
0.1251139819808537 
0 
0.5593185427738422 
0.03102302382248462 
-0.1013445256942238 
0.006420800663957699 
-0.06253413002437298 
0 
-0.2449423596772554 
0.02575625970138831 
-0.1287134471914923 
0.009186594436103512 
0.4117350403039192 
-0.5538912428558568 
0 
4.336808689942018e-19 
-0.1137135677719823 
-0.02173819246614211 
-1.152357702649738 
-1.443184530130041 
-0.2792381077531753 
0.0558047258095581 
0 
-0.3445527833037943 
-0.131071734487768 
0.02168544207781882 
0.7505359702947924 
-0.2537463206656536 
0.0206931517892051 
-0.09541241725574724 
0.007260105484712526 
0 
-0.3094518738849932 
0 
0.706712697858765 
0.5138219032381752 
0.2417172512271585 
-0.007525304750710614 
0 
0.008249327965145825 
0.04262339850284091 
0 
0 
0.43614800585927 
0.6352569014762989 
-0.4498831288798473 
0 
0.1157482765185432 
0 
-0.07846497783402394 
0.01671109900968379 
0.4706731183164137 
-0.2191266255682723 
-0.2287077192330482 
0 
0 
-0.1615996759015734 
0 
0.008324505089817569 
-0.002656781048359711 
-0.0896126525302918 
-0.1106677307683627 
0 
-0.07163246194053514 
0 
0.0002058622131283251 
-0.01307502411578503 
-0.06214825009990949 
0 
0 
-0.7080412908770126 
0.01084032478672689 
0 
-0.02206821326513151 
0.1119216726928195 
0.3273722360564859 
0 
0.2782734599244623 
-0.2450380631163393 
-0.03129979175962908 
0.04531402179646132 
0.3045938694808516 
-0.060356071145038 
-0.09563165057832498 
0.01651020122088004 
-0.02241253069228006 
0.5903449319592116 
0.2555983098317686 
0.02020419508909841 
0 
0.3892024862736617 
0.1084839788942931 
0 
0.8355011019591733 
-0.5674755650364632 
-0.009407691289656191 
0.6573285917104472 
-0.2555402811057869 
0.0739127892256243 
0.988935371683653 
-0.4252888835788199 
0.4715173890212901 
0.01371584379137978 
0.2800288971362403 
0.3263807842963275 
-0.0009268526998863708 
0 
-0.337320631377169 
0.001049643935668321 
-0.3505225160910846 
0.1744164389720025 
0.1737350205044142 
0.2946181747874641 
0.6096710879472639 
0.6961563571566683 
0.5944229985092175 
-0.2053789942109072 
-0.1939434240248975 
0 
0.5501140924311683 
-0.7342508403776088 
-0.01727637166979505 
0 
0.1391772614600549 
0.3830379844839485 
-0.5827679856197504 
-1.734723475976807e-18 
-0.02268365412876672 
-0.2963443762596057 
0.4020828953592073 
-0.03049870869889378 
-1.257773126757937 
0.1668935444174264 
0.02555822584385082 
0 
-0.6169590858668257 
0.08314606960456863 
0.05894346767928631 
0 
0.5931704408363954 
0.01677022264520585 
0 
0 
0.06246226701298716 
-0.5000957008173579 
0.009373240055806564 
-0.03996321671994438 
0.9310132456128091 
1.079353351758874 
0.0603578676656024 
-0.01682670139334994 
0 
0.05875074411774538 
-0.101581880094068 
-0.001065331742092459 
0.01050744431485579 
-0.2069327492397894 
0 
-3.794707603699266e-19 
0.6302771247187722 
0.01024501842456103 
-0.6664269663417913 
-0.3124210896040737 
0 
0 
-0.5231832377713617 
0 
-0.3372655207950013 
0 
0.5183152257032116 
0.5161665139545127 
0 
-0.02955705539540541 
-0.07146061402951641 
-0.05421939938177506 
0 
0.05454084902099848 
0.3096992241217469 
0 
-0.345542919512148 
0 
-0.1728684987222027 
-0.08124548636814183 
0.1009443114935226 
0.1603523581012671 
0 
-0.01702926287967259 
-0.249135808493567 
0 
-0.5321811235364379 
0.05759352199265262 
-0.5106791963140037 
0.3949050272702632 
0 
0 
0 
0 
-0.3657011689553149 
-0.658740054040064 
0.002336360243178234 
-0.4895584648604977 
-0.04761007877272461 
0.4454282394381465 
0.002452766072201245 
-0.06196999789696458 
-0.1348138638998665 
0.3363913881739363 
0.5345195235764669 
0 
-0.1038627961698656 
-0.09638668352409883 
0.177099296193348 
0 
-0.05843694201480957 
-0.1061933773010923 
-0.07181524523219006 
0.03401350549706313 
-0.02152655933101133 
0.09990435229128575 
0.001954630477429211 
0.1476826991889083 
0 
-0.003566026131433033 
0.04193992254345307 
0.1376990380109352 
-0.3305108196318281 
0.3075662569604223 
0 
-0.01057047364243335 
0 
0.007618780715556174 
0.01446248461796492 
0.2341914809947413 
0 
0 
0.3369513580960226 
0.1121743111297568 
0.01425250012221893 
-0.2350733766126372 
0.2179294620873228 
0.2918799250093206 
0 
0.04577358389807298 
0 
-0.2003245232413422 
0 
0 
0 
0.3190085432144834 
0.007558340962062024 
-0.004269932023846518 
0.2251957881883869 
0.4430390274239562 
0 
0 
0.01028770220464771 
0.9257510170719263 
0.5796033237721667 
0 
0 
-0.06792103960771577 
0.132565227146695 
-0.2461380631020704 
0 
-0.007211160063196922 
0 
-5.421010862427522e-20 
0.06327196529129871 
0 
0.1665834234148 
0.0146860569055795 
0 
-0.366649841767958 
0.08708689260411626 
0.07583620115386379 
0 
-0.09699434750042932 
1.969379139165446 
0 
-0.1221539045253773 
0 
-0.337429553891713 
0 
0.6075383819102912 
0.1068552544033487 
0 
0.171026872650606 
0 
0.001061459507792536 
-0.01199262703127646 
0.7320454593674937 
0.6212087056115003 
-0.63884027977427 
0 
-0.0004505008069053432 
0.223294526685042 
0.5690742664091268 
0.1296456350166798 
-0.01501732942601638 
0.005032941033719737 
0.3650215398774676 
0.06382406499940407 
-0.01011530519460386 
-0.368358647515087 
0 
-0.005473034330950702 
-0.1104086285373735 
0.1173025169479756 
0.3141940780016651 
0 
-0.1367666113529868 
-0.5849818807560162 
0.03368664964213259 
0.7474157867190324 
-0.0005883031105994233 
-0.1766079859789736 
-0.008040757601119025 
0 
0.1117277428494683 
-0.04448165287650064 
-0.08306172879922895 
0 
0 
0 
-0.2166630599337466 
0.08175660021017681 
-0.003197463231084077 
0.004767728234207264 
0 
-0.01489656303466936 
-0.6954051435264204 
0.04245022098944169 
-0.3199538614759092 
0.318101354923178 
-0.04918805443601473 
0 
-0.4450252856532756 
0.1339063743614564 
0 
0.2399821290798409 
-0.03351022450042535 
0 
0.501562160760653 
0.03287199448497193 
0.3210492156295782 
-0.03229034778535261 
0 
0.05606354446613316 
0 
-0.03529852166043363 
0.9427410053962408 
0 
-0.6859379460380506 
-0.006919011117839369 
0.243415234133809 
0.004332540694976887 
0 
0.3338008760624001 
0.233966374543496 
0.3385906024343813 
-0.09044520540570448 
0.06118321109000499 
-0.008833983214139514 
0 
0.1475185357812485 
0.00187332065289156 
-0.1928889436471299 
-0.09534848998670709 
0.1558297260798703 
-0.4696654857176924 
-0.140872422181015 
0 
0.08949861789558024 
-0.01070494205397816 
0.3466263796345453 
0.07967392967177357 
1.01247422489076 
0.008915530524066404 
-0.04054146324335328 
-0.04083896990763768 
0.6685486900767729 
0.07866302811274589 
0 
0 
-0.1612044738417499 
-1.639368013087531 
0.08756813042595468 
0 
0.09057519383763582 
0.001577016244117984 
-0.04309997713892233 
0 
0.09059799365842318 
0 
-0.1101466932176963 
0.04448135084889353 
0 
0.647626304087101 
-0.2263259353449769 
0.2388863301664478 
0 
0.02718138779153637 
0.0514230889914435 
0.9348354711813986 
0.559872110141151 
0.07265676969282577 
0 
0.05054343728578768 
-0.235092633476436 
0.2045600768182912 
0.02849456141522989 
0.07853171646837345 
0.03354033206122957 
0.03365044759845899 
0.0129307249248756 
0 
0 
0 
-0.126522002277541 
0 
0.5932963349249406 
-0.2318880268715684 
0.4657769431931739 
0 
0.247986984373309 
0.09675224959284066 
0.5008590358971543 
0.1101884334260387 
-0.3379588347697605 
0.1066349289464585 
-0.3476623003577451 
0 
0.1447126133917557 
0.003317170117829296 
-0.2283410810956203 
-0.1708893484114911 
-0.03794483796860259 
-0.09774610465367121 
1.734723475976807e-18 
0.440806878653253 
-0.007420878491133648 
2.439454888092385e-19 
-0.4779145994243134 
0.04875677445629107 
8.673617379884035e-19 
0.02690473243700009 
0.03070934714189287 
-0.006942305406962921 
0 
-0.03803071797936938 
-0.173932445652268 
0.01393263485908766 
0.3449423849776638 
0.01259179555486106 
0 
0.1452689315138497 
0.09501336520496158 
0 
-0.01836219618595881 
0.282204182529768 
9.75781955236954e-19 
0.04304839407660665 
1.048297329621827 
-0.1454402434896717 
0.002494685292353096 
-1.843143693225358e-18 
0 
0 
-0.470880423051018 
0.3348616700504679 
-0.2748295495064342 
-0.007845616152332492 
0.09422992601045443 
0.1662977436636076 
0 
0.1566608364786021 
0 
-0.1418122759840925 
0 
0.04984831825688045 
0.3269921693336375 
-0.04589934976793695 
0.2431304411732552 
0.02108448761070859 
0 
-0.2698496744619515 
0.0009796960137618083 
-0.09842447245461143 
-0.2579229356938413 
0.1358779612160794 
0.02796586526161001 
0 
0 
0 
0 
0.1147180083424509 
0.05770162894531267 
0.2220806400542225 
-0.3012213477817564 
-0.0168495095185754 
-0.1646613716722249 
0.1440363746672015 
-1.097854550279049 
0 
0.01930869157656955 
-0.1308522436934649 
0.01616971776981125 
0 
-0.003017963621480118 
-0.8189253812468964 
-0.9185920721945728 
-0.08476494913480954 
-0.4344321845076303 
-0.01257984683619853 
0.2901739636768317 
0.3126022894504069 
-0.1823420732432157 
0.01797382016132604 
0.4359947509903234 
-1.335079764100028 
-0.3184228062047584 
0.1703009546552066 
-0.01055247337441992 
-0.1353486994811846 
0.06021879109646397 
-0.03578643736800325 
0.02279230075740064 
-0.1215460518982817 
-0.012810954384131 
-0.00661342558571806 
-0.1303927400531197 
0.04470609573031841 
-0.807351451181696 
0.3221863552963649 
0 
-0.518242846655719 
-0.01110080050446844 
0.2941178168630747 
-0.1616646760309275 
-0.174927440882137 
0.3060386585364158 
-0.02153910440499339 
-0.04710490973448575 
0 
0 
-0.01703422536004179 
0 
0.04023977956672257 
0.6649953189892224 
0.1047837805187842 
-0.6071973236956614 
0.1136536927707849 
-0.09562776920850795 
-0.03581928601128068 
-0.3676160862639428 
-1.473138836443008 
0.09187333091294232 
-0.1425019069774475 
-0.2272867196993466 
-0.1311674006648598 
0.01112074370250434 
-0.1203727419324913 
-0.2245350405289479 
-0.02582834023118072 
0 
-0.1547323374988924 
0 
0.05216052541386997 
1.001608966352002 
-0.2468234187341274 
-0.02245985774992326 
0.08344709031894916 
0 
-0.1224777243029156 
0 
0.006149882859657482 
-0.4224102734959655 
0.2542346546383666 
0.5072682541655587 
0 
0.2476341188157348 
0.5785909791895539 
8.673617379884035e-19 
0.1032905271784864 
0.1330361258273725 
0.2497543547896996 
-0.1394693294813913 
0.04134665427646861 
0.3200024850611057 
-0.5498619299273797 
0.05727850975461183 
0.02777784104103613 
0 
0.1366065005472847 
0 
0.5665537961594064 
0.02556597022651954 
-0.502334470870318 
-0.03171654915576994 
0.7272206250849407 
0 
-0.05855056410800885 
0 
0 
0 
0.6153611935896002 
-0.6624831523159302 
0.0007560488994651641 
-0.330282700739034 
0.2988879784959511 
0 
0 
0 
-0.5490487898811752 
-0.02880709850133143 
0.07779147758232795 
0.03850396948763238 
-0.2535714616892465 
0.2934934919224752 
-0.02902245687292623 
0 
2.193815333388638e-19 
0.293809215377931 
-0.1495354105744499 
0.8539374934821639 
0.3262376060008085 
0.007627593094423778 
0.2228561158950175 
-0.1278580052060222 
0.3881236229880072 
0 
0 
0 
0.334553761201352 
-0.4299669141196152 
8.673617379884035e-19 
-0.6100990447497281 
0.1703655825044373 
0.08142453816041235 
0.5100872564563885 
0 
-0.5684431020711361 
0.1486548180417268 
-0.0968499890741716 
-0.08482457693073375 
-0.1478206518799494 
0 
0.001877874329170712 
0.006075835104407167 
-0.04513525668733222 
-0.09920541645484708 
-0.03932390606153893 
-0.1595604478827744 
0 
0 
-0.08905391475020565 
0.05954161374414326 
0.05215989087943421 
1.190076679632763 
0.007737425854905174 
0 
0 
0.04557085819575497 
0.3843212048872065 
-0.01909181990536767 
1.045515137295277 
0.4371661355063578 
-0.04417504539206985 
0 
0 
0 
0.01007748216417613 
-0.2089670628839665 
-8.673617379884035e-19 
-0.334883767801152 
-0.02718921816107754 
0.09584513591768723 
-0.6636247915347369 
-0.1441987629727977 
-0.006466444783469468 
-0.4896548824129954 
0.1917979872349828 
0.3992476023035824 
0 
0 
0 
0 
0 
-0.1662397511461334 
-1.084202172485504e-19 
0.2509687113983931 
0.5294674338505326 
-0.7408967587036509 
0.1716799051313136 
0 
-0.3082867335266157 
0 
-0.09913857013231345 
0 
0 
-0.1153184402310969 
0.7556515922350012 
0 
-0.2935008939715222 
0.2286563570038944 
-0.04782473308885989 
0.32445032648848 
-0.4106731361452338 
0 
0 
-0.01113378690326004 
0.1840687302070976 
-0.0396934941940101 
0.01903274480151021 
0.2990756806311518 
0.2006596134506571 
0.2091846614107409 
-0.003649269620380921 
0.007884601749319554 
-0.6959769741926208 
0.01487463470831374 
0 
-0.2895834188863744 
0.2021314327887525 
0 
-0.6689685974268621 
-0.3036508279234423 
0 
-0.03861116078612954 
0 
0 
-0.34122308663457 
-0.09085094177553475 
0 
0 
-0.6702318789837353 
-0.3870711162607133 
-0.2712829916920137 
0.3805781642626442 
0 
-0.732244996118165 
0.6431915405823958 
0.004846389247403722 
0.03574555674438277 
1.246339700002363 
-0.004792021302670144 
-1.734723475976807e-18 
0.1370488625625915 
0.1035867095936162 
-0.3234127466087686 
0 
0 
0.3063052366507205 
0.3213184301984211 
0 
0 
-0.1126833567418212 
-0.1777259206032378 
-0.2027719931085207 
0.1177643490785516 
-0.02899445420524749 
-0.5383751920587591 
0.6164665858271812 
0.1887981449802764 
0.1386136337845616 
0.6679015641677576 
-0.05641773463549823 
0.1625132531714667 
0 
0.04392418884298005 
0.0428936108377907 
-0.01979176649986952 
0.5348138031201983 
0.09300137413469049 
0 
0.02368059291626731 
-0.09066560637746209 
-0.3707688175241897 
0.7210401768006139 
0.5074564955059651 
0.09561626215839691 
-0.4459271762216703 
0 
-0.2852461200373839 
0.004989646287192649 
-0.1705369428397811 
0 
0 
-1.198867986138215 
0 
0.02747512949622549 
0.2203709967326203 
0.2790837483673574 
0.09787947323724744 
0.001250961464917006 
0 
0.008557949234172278 
-0.7588667424379125 
0 
0.2674254828366562 
0.708553472335541 
0 
0 
-0.3383891771647257 
0.96990381861591 
-0.1033438243745939 
0 
0.121521866955752 
0.1984973906804586 
0 
0 
0 
0.7011133164079663 
-0.05001991976143658 
0.3310351204754484 
0.3108029092853814 
0 
0 
0 
0 
0 
0 
-0.8358815598571054 
0 
0.169362490608855 
0.07041163393425171 
0.398915009022531 
0 
0.1520274898276585 
-0.08226264753769143 
0 
0 
-0.3630966266668657 
-0.01999582044659177 
-0.09046468436518619 
0 
0.5716513570665618 
0.1596908140234579 
0.3106776748811175 
-0.2318766424223388 
-0.117473881206425 
-0.09730810105384104 
-0.244795593512067 
-0.01109533163804746 
0.06403827399660102 
-0.2877653608136992 
0.005960704390217241 
0 
-0.3950824252288975 
-0.5714321964101922 
0 
1.007376574659677 
-0.5726954569575168 
-0.03200613805192872 
0.02826975548097633 
0.04498449229638137 
0 
0.1003871529066477 
0.3455609609436924 
0.07100545180089693 
0.4182106494816173 
0 
0 
-0.04889109742482752 
0.7585741025350814 
0 
0.06691259882317915 
0.1431821003084487 
0 
0 
0.08360845890415425 
-0.1787457863659468 
0.0172321430400509 
0 
0.04589509681564877 
0 
0 
0 
0.4195658637796851 
-0.0841956807571181 
-0.01561412029199123 
0.08295095265159419 
0.1277410425958614 
-0.8851818668482156 
-0.05486903854446205 
0.1152571213913746 
0.008325274195481234 
0 
0.1307980748463119 
-0.7014344330463321 
0 
0.06299720337365647 
0.01076151511542201 
-0.01029682466424548 
0.06306727082644943 
-0.4539938695150316 
0.5579893435346127 
-0.8027011021294844 
0.6924871973802605 
0.0191555497115217 
-0.1058994402835617 
0.3662684660193988 
-0.12998490143712 
0.6604134942078479 
0.04282773948242281 
-0.007774329988059183 
-0.1946854594857621 
-0.01407280156606231 
0.386985383846874 
0 
-0.2750161306462438 
0.453066710537129 
0.06027677765158924 
0 
0.0611261514375508 
0 
0.08336828269274348 
-0.02895928900648026 
-0.01390566374941122 
-1.041051877300613 
-0.1725963391762129 
0.08163604689468436 
0 
0.7002525419925894 
0 
-0.06526645517304389 
-0.8398792861060151 
0 
0.1057295850676535 
-0.005141361122220019 
0.09686510004021225 
-0.3856730572991575 
0.1451812552487621 
0 
0.1216421535760611 
0 
0.1067560811531547 
0.2173078752681351 
0.08959161250708012 
0.01002584790866605 
0 
0 
-0.01960453991623783 
0.5430747352934361 
0 
0.1463181171765367 
-0.03625221154331633 
-0.3328757405646078 
-0.1367472162816128 
0.06715075222338322 
0 
0 
-0.1997940051977002 
0.1403503694418312 
-0.03104989526763232 
-0.03695502393544944 
-0.022392960980091 
0 
-0.02167406347740601 
-0.2186463890416984 
0.01739656300905802 
0.3410131282083344 
0.004965011324291201 
0 
-0.2450474024587604 
0.002397964318361559 
-0.4300072743589331 
0 
0.2135867035193564 
0 
0.457943027004093 
-0.3153724999318218 
0 
0 
0 
0 
-0.1151276654765341 
0.02024881491142509 
0.02123779119005254 
0 
-0.1432639545045561 
0 
-0.1869501158418438 
-0.5848618287436714 
0 
0.04559327898522811 
0 
0.2313725887733403 
0 
0.05849219914734291 
0 
0 
0 
-0.6138469601529457 
0 
0.3504216703312767 
0 
-0.01375993786125282 
-0.2690483147280151 
0 
-0.2332215349518831 
0 
0.1034127260588941 
1.099505772658427 
0.4100876531920556 
0.2284654237393571 
0.1833342503238262 
-0.2086744127694814 
0.02151506954892966 
-0.0131153629590627 
0.1825269483649978 
-0.6236160479413863 
0.4191598399508396 
-0.2201263123901352 
0 
-0.003198551633595279 
-0.00310764993311436 
0 
0.2731760348087141 
-0.001359857716071324 
-0.2522283855839384 
0.03626636535965764 
1.396129174697414 
0 
1.108034560818882 
-0.1148713631964521 
-0.005049352749769134 
0 
-0.2932868901184781 
0 
0 
0 
0.04864191323179351 
0 
-1.120327878450259 
-0.0292350644118983 
0.6874241908789257 
-0.0002348883990550083 
0.004524380436630353 
-0.3044856035966411 
0 
0.4511389650775969 
0.02656228118144263 
0 
0 
0 
-0.001818179180265943 
0.6858095763116604 
0 
0.03723661126578869 
-0.2380078758092245 
0.7225607358956295 
0.3182178978899797 
-0.01329724923963405 
0.09772440812180176 
-0.2158550498555314 
0 
-0.04475393650637922 
-0.4446141465098396 
0.002942889738324706 
0 
0 
0.3234452430443601 
0.4110317786721375 
0.1144422224986842 
0.2369961394274839 
-0.008964034328064833 
0.3132530152430604 
-0.6997942260612487 
0.1806530171580079 
-0.00449160839669178 
0.3065528598325001 
-0.4146301077717759 
0.02180828924417163 
-0.260566221468951 
-0.6622683418618301 
0.1009027167378995 
0.08696335451714213 
-0.0629684319256744 
0 
-0.09319023958219097 
0 
0 
-0.09359529361848454 
0 
-0.002319913106367424 
0.1188718716342736 
0.3602526301075848 
-0.1497683077105314 
0.2660192784955824 
0 
0 
0.0429217724419725 
0 
0 
0.04751707850693708 
0.09684939094636739 
-0.0760927364767839 
0.09414286035772131 
0.03649044542108087 
-0.1829971130621864 
-0.003888386982844521 
0 
0.03674608386147397 
0.1664746236973768 
0 
0 
0.2600679694112802 
0.605742366475437 
0.01549869636129436 
-0.03530145686821703 
0.4570572453641515 
0.4304705799316967 
0 
-0.293073840044543 
-0.00346871936077277 
-0.1840017264891455 
-0.7091067899484068 
-0.3654788274014456 
0.1192921788878268 
0.4580863964605404 
0 
-0.3826564428499648 
0.06010693276250501 
-0.1309716577654725 
0.2187129895548767 
0.5606248255927585 
-0.5122910721550307 
-0.003000958851095396 
-0.07443916621538764 
-0.5479730462401811 
0.6649971430139426 
0.005029734967050586 
0.02125387176046625 
-0.2471102233312254 
0 
0.371316940564184 
0 
0.1566897802824659 
0.08463182483857931 
-0.4278206664169027 
0.3285187857587212 
0 
0.1206969999784181 
-0.0146842237489077 
-0.587803602319398 
0.05068795401554305 
-0.3200825764439934 
0.03479732177847281 
0.8416788649658075 
0 
0 
-0.7581706427585502 
0.2565076371264444 
0.02694797769720548 
-0.03805397902660177 
-0.2123495506372997 
-0.131895625823628 
0 
-0.05281622312457448 
0.003407729009646094 
0 
0 
0.03981078607792132 
-0.1670581436155381 
0.4955026879015272 
-0.04061368651318429 
0.2672022768360303 
0.5924669454891305 
0.06277063430661607 
0.1385797924182659 
0.2632527279673257 
-0.833996605941089 
-0.4173429751066352 
0 
0 
-0.4647220456350595 
0 
-0.07415255533539453 
-0.4861184128050045 
0 
-0.007384646110973676 
-0.006864915382572338 
-0.4036582940093946 
0.03086548507849466 
0.278107712148757 
0.3193690735783082 
0 
0.3111186112697357 
0 
-0.2244173309497434 
0.1369552803731007 
0.127436260985365 
-0.02485469370198318 
0 
-0.03167432566221071 
0.5410496557378285 
-0.07103686246000251 
-0.02100644729726137 
-0.05962912257335992 
0.3502148474046434 
-0.06211765859822952 
0.3291362503193804 
0 
0 
0.2321502613147643 
0 
0 
-3.469446951953614e-18 
-0.6101299817102631 
0.5564090921269376 
0.1495254310731787 
0.1299892775266579 
-0.4890931709639683 
-0.1287643924072698 
-0.1237604946799074 
-0.1566645276557192 
0.1720668451435046 
-0.003575595816482896 
0.0569616432815387 
0.008970479454127243 
0 
0.03956900012587783 
-0.6722898684267608 
0.5548709157519083 
-0.00256868583181277 
0 
0 
0.616698442151936 
0 
0 
0 
-0.3886929898208258 
-0.01835674691801633 
0.3582094652732731 
0.01327352022007015 
-0.09017278138788416 
0.2757019458182057 
0.08769304292581699 
0.5283255699013759 
-0.004300991512521363 
0.0008338973423125737 
0 
-0.2318826663294419 
-0.3083605293004191 
-0.6299674768700699 
-0.9716868790459535 
0 
0.8445391861020562 
0.001949081652270633 
0.04302517314918548 
-0.07323973376296246 
0.01219458403915629 
-0.2693144700415666 
0.1186275087847016 
0.009148793382808032 
0 
0.01095777181289305 
-0.005662440185423091 
0 
-0.2641748743536875 
0 
-0.03287308603495508 
-0.05336482188839589 
0.4267991191569706 
0 
-0.02964878305824237 
-0.2882688672848214 
0 
0 
0 
0.2269672941740587 
-0.09120199455902986 
-0.01126078123938694 
-0.2405036362161692 
-0.002862113077667263 
0 
-0.09802174465180498 
-0.5906995112500361 
0.080062216107745 
0.01453758777664353 
0.144956564016801 
0 
-1.084202172485504e-19 
0.5558067144828758 
0.4804340864999011 
0.8149729344794547 
0.02967779928659 
0 
0 
0 
0.01171646873918653 
0 
0.02419128165348833 
0.269481455684807 
0.001964888013930871 
-0.1594838905144689 
0.2828234098090249 
-0.2407746481858649 
-0.143506840655711 
0 
-0.03869050280228458 
-0.02626809310824998 
-0.1607031850886967 
-0.1948507259870937 
-4.336808689942018e-19 
0.2035617150879629 
0.3616367365765233 
0.1514210303003996 
0 
-0.2052443038744725 
0 
0.1344603028436125 
-0.2351053297681515 
0.979450741039946 
0.0389523407833838 
0.107451555433326 
-0.01473448060069048 
-0.05339444941473274 
0.06476711791228458 
0.03187015433563489 
0 
-0.0416095741238996 
0.2127715750117321 
0 
0.7297713671211722 
0.01670423957039736 
0 
0 
0.005059758551956477 
0 
-0.224417782808995 
0.008728393133379411 
0 
0.04254428424236902 
0.008492212530555569 
0 
-0.3974770823398625 
-0.09486673403972683 
0.2307474339507831 
-0.2849929302562076 
0.1685675813386965 
0.655667215106468 
-0.3167339909570932 
0.3695508474692459 
0 
-0.1869251710011767 
0.169339885875122 
-0.1750768445700475 
0.01242801029709706 
0 
0.4407307911865337 
0.03712185974747278 
0 
-0.2573694796864078 
0.03781984300713283 
-4.336808689942018e-19 
-0.09332351928224503 
0.2543651316956857 
0.5135429184252189 
2.710505431213761e-20 
0 
-0.3212033950898563 
-0.3954837438581665 
0.1202073615521781 
0.0009559472655964905 
0 
-0.2810329729076139 
-0.02340543850978209 
0.07771940646622938 
0 
0 
0 
0.4139007703462583 
0.1270275712079453 
-0.13163257484781 
0.4539609167049684 
0.1077022265593974 
0.128024258339976 
0.07760631159307943 
-0.004066660872249428 
0 
0 
0 
0 
0 
0.3916582819413835 
0.8822925855706885 
-0.1677883498667471 
0 
0.0002145813744409125 
-0.02733427857560061 
0 
0 
0 
0.2517285863073051 
0 
0 
0.04765331619849096 
0 
-0.01578060180337899 
-0.05360832408615755 
-0.3782583580147253 
0 
-0.245480664079576 
-0.03805639289774716 
-0.04607746472516063 
-0.7682193674760337 
0.3433707078925275 
0 
0.1316535195173457 
-0.03816513272725493 
0.01445533352794849 
0.02294456057847975 
0 
0 
0.3730051953636004 
-0.4058298726311041 
0.9870233363752312 
-0.07100596632281586 
2.168404344971009e-19 
0 
-0.003684460111948046 
-0.2797541332573724 
-0.08377211021480081 
0.1852396212255485 
-0.144364849190318 
-0.03697717978939639 
-0.04837718826996033 
0 
0.04707384729085227 
-0.1451064052062321 
0 
-0.1220597777392621 
0.2430444602212726 
0 
0.02481028603327056 
-0.1245214176160197 
-0.1959539522956445 
-0.05466755672471227 
-0.09207657849739324 
0 
-0.0443115634997325 
0.2805116666854472 
0 
0 
0.6018608570246621 
-0.2230670150557538 
-0.7955841274973935 
0.007524505421616112 
-0.8558102299746649 
0.05830202422152559 
0 
0.06047814784932138 
0 
0 
0.0233192044867444 
-0.3722244438213222 
0 
-0.1338978156794599 
-0.5065514636039539 
0.07320461305276904 
0.02149791230357738 
0.3927278770014755 
0.006444975809365777 
-0.1621710370145361 
-0.01950080818220525 
2.537208545271698 
0 
0.01692498283423215 
0.304991845790797 
0 
-0.2451153982824422 
0 
0 
-0.01506263369748813 
-0.0509200318499367 
0 
0 
0.1365073508898193 
0.05146515570740538 
0.2134996674727816 
-0.02716019967772982 
-7.860465750519907e-19 
0.1499270070969144 
-0.3362503734699831 
-0.3224007126048947 
0 
0 
0 
0 
-0.09640245775298005 
0.6045909521430977 
-0.03917593354994141 
0.2060432461700874 
-0.9432985777278973 
0 
-0.03222784788921942 
-0.006025573488416621 
-0.0200426221438665 
0.6697704557152561 
0 
0.2555058223261268 
-0.1684310758301684 
0.1183774801983929 
0.06410490498399338 
0.1875804304135012 
-6.23416249179165e-19 
-0.06674441002649079 
0 
-0.5599288419921715 
0.2996992309130576 
0.3125478590700475 
0 
-0.02764254654209649 
0 
0 
0.5308163932776182 
-0.0290145974633095 
0.2719549316223318 
0.08568561710274539 
0.08343717205633201 
-0.6808319889113288 
0 
-0.07164106985180663 
0.1827954801210885 
0 
0.2464161281564449 
-0.2499265060903657 
-0.5795459721253966 
6.071532165918825e-18 
0.1110901481348315 
0.05161706616179804 
3.469446951953614e-18 
0.0940444279327757 
0.0006428761695001316 
0.2328589891020903 
0.03258078145806763 
0.2525868112861117 
0.4058896118361535 
0 
-0.07152417330357436 
0.4008971844091054 
-0.02528705426997535 
0.4869107402146912 
0 
-1.829312914130599 
0.1425546494145838 
0.132637075705127 
0 
0.1812368935010924 
-0.06773444372720228 
1.551434012241059 
0 
-0.4724116393195873 
4.065758146820642e-20 
0.003669835793909058 
0.00063316767742491 
-0.2873598214176815 
0.05239601585153741 
0 
0.211495936318285 
0 
0.01242801029709706 
0.02982543245988263 
0.2384071930742365 
0 
-1.13613800084691 
0.984660866207266 
0.1283207646666581 
0.1590039711312897 
0 
-0.4275248277510461 
-0.03309881972285401 
0.1989434789128265 
0 
0.09271182111062364 
-0.3528634635525427 
0 
-0.5466103778455411 
0 
0.7813183253725569 
0 
0 
0.8074861807418271 
0.04653598586638449 
-0.1946658248120761 
-0.6556366413233994 
1.033880997562486 
-0.1478902327409353 
0.01519656695826739 
0 
0 
0.1572969703928161 
0.307545016535095 
0.4220053594079113 
0 
-0.08147586925059815 
0.3517656925266676 
0.07270884488559184 
0.1359875771262569 
0 
0 
0 
1.189342714263402 
-0.5467416049441095 
0.5401019690879951 
0 
-0.1807989840504391 
0 
-0.7102125388792976 
0 
-0.2177714137408203 
0 
-0.1096643607874315 
-0.0318740834580876 
-0.07074632531970315 
0.06813837838580176 
-0.311376851639568 
0.01089348857828536 
-0.04572524896160043 
-0.3201727453825405 
-0.1651887819392625 
0.3389847813153363 
0.1816086163961542 
0.0005770815808551291 
-0.6552411323706531 
0 
0 
0.01245611681440337 
0 
0 
0 
-0.2080996765931521 
0 
0 
0 
0 
0.09431111282238672 
0.1410957468289568 
-0.1082235686472547 
0.3109695300963879 
-0.06055924353642412 
-0.7328817903503784 
-0.02675188842507665 
0.1058680227777282 
0 
-0.07269877664766396 
0 
0 
0.1311047345230578 
0 
-0.02852903397977002 
0.07077351881628127 
0.3687435809174546 
0 
-0.2856472614190408 
0 
0.6780809438456444 
0 
0 
0 
0.444364701564331 
0.1635952323414833 
0.09143471179190509 
0.108567875912237 
0.02542435487804548 
0.3163204733614585 
-1.195325927582302 
-0.2801357342425637 
-0.05757261246919282 
0 
0.03430304099825091 
-0.1812171091396954 
0.04971980862765203 
0 
-0.1077858436940871 
0.6226095482807045 
0.03677465352428277 
0 
0.03228914744338818 
-0.03369891302388622 
-0.1684279416543943 
0.3597029952280767 
0 
-0.203132550032143 
0.1826424702191549 
0 
0.7341083575598575 
0.02022659039052099 
0 
0.008337061377261141 
0.1424585605598125 
1.034270687459966 
0.06342990063389412 
0 
-1.626303258728257e-19 
-0.09227360211552077 
0 
0.006813179776751468 
0 
0.6017709255434774 
-0.5893664058333921 
-0.1018985472377087 
-0.0382003975876239 
0.1994381920093201 
-0.6426994348951174 
0 
-0.004346295269624712 
0.148543239489211 
0.4546878999308558 
0.01487242515826755 
0 
0.007280079964865098 
0.8080323402937412 
0 
-0.1758590229023501 
-0.7225811225464639 
-0.2081094374070125 
0.06962547905380562 
-0.3971002766395238 
0 
0 
0 
-0.3724013570390213 
0.3982866168914957 
-0.09784264688172024 
0.0675881079783443 
0.05279162857332047 
-0.1181032622625699 
-0.07138596914799415 
0.09849201463604754 
-0.02170241789980026 
0.02872029344260831 
0.06984661082118777 
0.05965344453841562 
0 
0.02908698287537602 
0.02263947955971362 
0.2824768015488193 
0.05291587166052711 
0 
0 
0.2610626972591094 
0.7664076874032996 
-0.01870832815236997 
-0.1636382004296231 
-0.009427572948369326 
-0.519056107802818 
-0.04419494025426954 
-0.0942781400724991 
-0.01545465200395746 
0 
1.065084171515427 
-0.05710345233097022 
0 
0.0315708507517712 
0 
0.2507321988884007 
-2.104517180997063 
0.2189005418650932 
0.2962432500203126 
-0.3126938130736585 
0 
0.2740943999504502 
0 
-0.5492352393461141 
0.05268042384687703 
0.3969905670386815 
0 
0.01834633425285304 
0 
0 
-0.05231828321257229 
-0.07804402415809944 
-0.149870114059522 
0 
-0.003963594790132864 
0.1619443105231834 
0 
-0.005328733431963344 
-0.08134241776714919 
0.1488871751633818 
-0.08448278688025566 
0.001080148131113567 
-0.09665075575679058 
0.001122215654694205 
0.5752145956092267 
0 
-0.05933511746068545 
-0.152223754462975 
0.3687493336220875 
0.0927527773353727 
0 
0 
-0.02176007948366977 
0.3678325632964099 
0 
0.06695253725147089 
0.2165652254222739 
0 
-0.3875480801471032 
0 
-0.7993401324842246 
0 
-0.1536800420830585 
0 
-0.194747706803975 
-0.008744886017408832 
0.08093842985892748 
0.6412578424499615 
0 
-0.002898664054115678 
-0.3736991221448641 
0 
-0.1740105885726273 
0.5085239814942056 
0 
0 
-0.3502972771939398 
-0.3410352130852889 
0 
-0.06784589079151523 
0.0535065768959588 
0.1389656523603162 
0.1931773553324129 
0 
0 
0 
-0.1900427551936168 
-6.505213034913027e-19 
0.3020691796440322 
0 
0 
-0.1909118462915709 
0.9899928415146364 
0 
0.1797482339089049 
0.00925706709442289 
0.05002670767422147 
0.5988063032350516 
0.0001305321286209929 
0.01046603066175327 
0 
0 
0 
-0.1759151622009862 
0.2815042760799177 
0 
-0.05958078126419283 
0.1630878919390828 
0.5240460624429728 
0 
0.2702084673249195 
-6.505213034913027e-19 
0 
-0.3619659854857236 
-0.2722878074794663 
0.06433221538453786 
0.08875838111371478 
0 
0 
0.10270086685704 
0 
0.5745292655517835 
0.1136018716558055 
0 
0.367068840712346 
0.05116959566816037 
0 
0.2618409414867529 
0.2278643291503981 
0 
0.203880598760093 
0.7735301348575724 
1.355252715606881e-18 
0 
-0.2235042461204161 
0.003855600201119968 
0 
-0.07657970732910643 
0.1302860410727731 
0 
0.04419769160344583 
0.2894783052141119 
0.02036007244035424 
0 
0.1732159260133172 
0.2842438766204706 
0 
-0.08751556236707525 
-0.09739621648765533 
0 
0.4438990074644358 
-0.04176520044117311 
-0.3220075376915352 
-0.01300216628128568 
0.2355314046807459 
1.301042606982605e-18 
0 
0.0008108773211229416 
0 
0 
-0.07303718041477604 
0 
2.032879073410321e-20 
0 
0.06840237321419104 
0.2801185315976406 
0 
0.01481524673785588 
0 
-5.204170427930421e-18 
-0.03854092166379126 
0.4040374469237225 
0.429253844751447 
0.1842806879471619 
0.02355132985626989 
0.007277524344822372 
0 
0 
0.3991499593830409 
0.08897372780106365 
-0.2740094464880952 
0.2487699062625634 
0.006167154324289676 
0 
0.5415943920098787 
0.2906005962463708 
-0.0756146507134984 
0.1079793551794556 
0.05772908985711587 
0.9167070276046697 
0 
0.02292573067457973 
0 
0.6004370348753721 
0.1763209332622093 
0.1296072762798175 
0.2420283887641551 
-0.001539479957645447 
0 
-0.1301571801740806 
-0.09392477429224637 
0.2197164906705746 
0.1536964226405753 
0.6903766661475178 
0.007147825712119395 
-0.00400705725508385 
0 
0.2782003829660594 
0 
0 
0 
0 
0 
-0.06165736736128501 
0 
-0.5610063567550432 
-0.1742874292653747 
-0.02609703859788199 
0.4323927161450855 
-0.1276991181843298 
0.02873326946619859 
-0.03587047755489312 
0 
0.1753979654840446 
0.07422548655883002 
0.4781647219634669 
0 
-0.05159947598602632 
0.2736756021522611 
0.04728545579411672 
0.1422231675893422 
0.1704926662229908 
-0.01262489053788177 
0 
0 
-0.2563737186767934 
0.1004492481999104 
0.2313450550359969 
-0.7653689878957645 
0 
0 
-0.525411381989967 
0 
-0.02801418751276891 
0.007908299297722356 
-1.016233679827838 
0 
0.003098196546857762 
0 
-0.02453578143903175 
0.3294572946021597 
0 
0 
0.03432213234243556 
0 
0 
0.1830902837134972 
0.8904125273896596 
0.04762394718764652 
0 
0.2456750689942025 
0 
-0.05202698316137672 
-0.03202726101335102 
0.7485553568052691 
0.0625584889297176 
0.07141932039096351 
0.2538673974936962 
0 
0 
0 
0 
-0.2163673816251816 
0 
0 
-0.02665385071053846 
-0.08650572880804364 
-0.09799364870784266 
-0.1205347117590607 
-0.3342555005285259 
-0.3808505249308817 
-0.3552849099010009 
0.01841855416087682 
0.1790236710891349 
-0.3401106671350276 
0 
0 
-0.2396550707899714 
0 
-3.469446951953614e-18 
-0.04186765858774771 
-0.2221146178993667 
0.5840848415270632 
-0.4127861272160824 
0.2480428962567585 
0.03630649494325971 
0 
-0.0006007290869260765 
0.03134350892022544 
0.004079100273093666 
-0.3772814600753804 
0.4111389051040568 
0 
0.04470695412175219 
-0.04479568518329088 
0 
0 
1.228062463069788 
0.2293784074105035 
1.250472271537377 
