solver_type L2R_L2LOSS_SVC_DUAL
nr_class 2
label 1 -1
nr_feature 5000
bias -1
w
0.6522118932772197 
0.306656892482913 
1.581655563553852 
0.7057293349262617 
0.3139596090730501 
-1.049687512850348 
-0.4045592046075167 
6.717595019439689 
-0.04942641229169154 
0.2846712141959616 
-0.06729335800641628 
0.325038650910557 
0.1720383574885021 
0.143904671521292 
0.1497204906359777 
-0.8558672861722336 
0.7616538477561817 
0.725890309653956 
4.847005196560727 
-0.6875107520918439 
0.2018104047867343 
0.6537555549470514 
0.6678814010666576 
-4.685820176155305 
0.1757630046313101 
0.1521839298704555 
1.673353740888696 
0.6568548982468769 
-1.138154863459818 
0.05908685885738124 
-0.1089284380826645 
-0.1296078956805734 
-0.2652043840063323 
0.5949894026340296 
0.4908515007849691 
-0.570723321657964 
1.009196224117247 
0.4548414851964771 
0.205441604016979 
0.3457426556893019 
1.131332537818486 
-0.04276803099834241 
1.404070404022366 
0.6817704109823852 
-0.5991465030426057 
0.7221369496281514 
0.7710687519565758 
-0.8742763764187625 
-0.5183100532607253 
1.200358406881993 
-0.134532054876002 
6.035364933241321 
0.3759356508676722 
0.249215686492328 
1.402023869140371 
0.02589714418501979 
0.3698292328068056 
-2.760330997148866 
0.02684030795730753 
0.04711987524608795 
1.736972275476805 
0.29722463485475 
-0.01607500536809008 
0.3035731035808744 
-0.3678392012839641 
0.6543620860183696 
-0.1807633324370755 
3.551997372623995 
-1.569907867038046 
0.2846162475900057 
0.02733856809061371 
1.361673181112098 
0.5768298144509139 
0.2482155855754323 
-1.129119131621672 
-0.2399683658757738 
0.173732946013249 
-0.5625574540482372 
0.2435249927586851 
0.08770481244962564 
0.2756605300956423 
0.9241050563738722 
-0.04353559997965339 
2.155900806133445 
-0.1465148917425669 
0.2394465087746962 
0.273865135042595 
-0.1820526144583323 
-0.6805014781744565 
-0.1391833445487276 
0.2389592484214222 
0.7142992168292344 
0.002988759072855497 
0.6298828480189523 
0.199834252744692 
-0.1213697404548806 
-0.718251599095329 
0.6400339022758812 
-1.791086852112427 
0.6659325785319156 
0.03989702150507676 
-0.09823767626097961 
-0.6649974772015919 
0.04887567492312364 
0.261809370064403 
0.4321741596160809 
-0.333066907255627 
-0.2917755025536322 
0.02800049709756067 
-0.2090531911205601 
0.4600631012081088 
-0.01947737388049119 
0.5688898207328668 
0.6563579169121599 
-0.2966530303826048 
0.1212206347940846 
-0.3856073839528089 
0.2539620721610387 
0.6316654458250778 
0.4615832845725423 
0.4848202575075309 
0.514788465376291 
0.2263105109421643 
0.5496244188323907 
0.9027019444079775 
-0.9081319648230219 
-0.1625852372028252 
0.4994621138027878 
-0.2413367475722497 
0.1315918326577558 
-0.009553115125708608 
-0.2720726303646362 
-0.6236083170053743 
-0.6043451802218547 
-1.290263143909218 
-0.07514173560526521 
0.5866783610598536 
1.648689819202084 
0.3053650870584292 
-0.08175960643491724 
0.4953618999544461 
-1.774481036069891 
-0.1487483090467748 
-0.2439959568685773 
-0.1155180058428242 
0.4247341904391701 
-0.02997445849465898 
0.004052922151646202 
-0.1102260272225882 
0.1302878952813703 
0.3107402026514299 
0.2072260653855753 
-0.4500363319152264 
0.9180977120628534 
-0.07351077821690248 
-0.195915680516934 
0.005522004695659472 
0.7333201838960695 
0.4022785353288366 
0.5225408402689145 
-0.1938836795220213 
0.7251874149351578 
-0.5885939668013236 
0.3112685385226514 
-0.9601556536451848 
0.361842974146241 
0.4862969379358207 
0.02379366108205633 
-0.4532373263216283 
0.06242716999027197 
2.192160314472643 
0.2637671526120173 
-0.696665149461783 
0.2820358507404918 
-2.609447464904032 
-0.2596727176875268 
1.045950006582862 
0.2122426511816472 
0.04259669164828983 
-0.3688911174582359 
-0.006756893166430853 
1.178500455431659 
1.256335196859742 
-0.00534671058595601 
-0.9386453584384019 
-0.02333744476362742 
-0.3555844470513516 
-0.05724007621519132 
-4.440042346647084 
0.5179500089659224 
-0.3350645669863321 
2.334916096638584 
-0.1903938954414124 
0.7259195340670228 
-0.4713704372025281 
-0.5683855851001756 
-0.1973750007869468 
0.4579979063241585 
-0.3145331931000268 
0.4223885000334762 
-0.1621094139057405 
-0.01351670664760768 
-0.4672383822489561 
0.27511206280646 
0.05680513979261476 
0.4819235043044122 
-0.01203999671712891 
-0.1808943186205978 
-0.1485463852819342 
-0.7558158448289467 
-0.4189795980364405 
3.378883084322401 
-0.428400379108167 
0.2606313750943358 
-0.09262295312967231 
-0.0731307083247706 
1.023671671705942 
0.1948900210468655 
-0.1403179290862872 
0.1950134661347336 
-2.156922391070069 
0.3564267317792558 
0.02861485548691505 
0.5224717628371019 
1.035227786066948 
1.046486208498005 
1.221684260339785 
0.2059291048445187 
0.315770819866466 
-0.1561714605096137 
0.05056259003298139 
0.2201429289813775 
-0.2950181380726167 
2.26878806605411 
0.5865657092352642 
-0.6287283929496402 
0.209995858302265 
1.585613689856058 
0.8464461539582584 
0.3889144861537689 
0.05215442967412384 
0.2253029622937001 
0.1811139763097041 
-1.658113585317094 
-0.06943471468946848 
0.4974589577674415 
0.483072665372546 
-0.09870272193681633 
-0.4925072304491961 
-0.7030274620139921 
-0.427638971594062 
-0.897340048255983 
0.9002241643972194 
0.08352410150988032 
0.2378611428220552 
1.541181300827399 
0.09976255706207865 
-0.6679712113864217 
-1.879946495427841 
0.3303862612487768 
0.1411472555406441 
-0.05095388339577577 
-0.06015994585458423 
-0.5478168877366598 
0.3035507967851262 
0.3237622994222865 
0.7060794808760513 
0.2208428122676716 
-0.3785114993406172 
-0.1555454106675027 
-0.5665035729508213 
0.4625251685549154 
0.8235715309075579 
0.004130593480593622 
0.3958679453666312 
-0.03186266390414814 
0.4119737397279184 
0.2903401363694969 
-0.561204227144467 
1.024975220282724 
-0.02915857711592577 
0.498836337642021 
-0.02133187537935091 
-0.5940048645660748 
-0.04739193845963638 
0.03681918112547533 
-1.04729074023246 
0.4191170909769738 
0.210182102773729 
0.1215333191258802 
0.2263786022453 
0.07455840353791761 
1.336315297599745 
-0.296678472354616 
1.314852220170843 
0.3768173907655852 
0.02355187491113467 
0.6730250472213958 
3.010074684900282 
0.08699174138451793 
1.571038687476549 
0.02252941200668816 
-0.2830167667534826 
0.7011541191639156 
0.0670027536357705 
0.05253914131965328 
0.04805434464904006 
0.1872662224701012 
0.2099059288796218 
-0.5531618266221457 
0.02691865285364909 
0.01598933709375 
1.71627707883189 
0.174325180227554 
0.002446866202209092 
0.09560111338510778 
-0.4093768056021505 
-0.4280083497870882 
-0.8790210382705297 
-0.2420812673289744 
0.5878528548231587 
0.5758827179114019 
0.4188869757339018 
0.4460651981980156 
0.1563741262269122 
-0.3948625182228935 
0.2392478768936103 
0.9826499594777426 
2.150276286221595 
-0.264267385105216 
-0.1119688848263448 
0.01738947841690771 
0.3820930060185809 
0.5785354197472398 
-0.08534094688627808 
0.1143432968742377 
-0.9753217547260722 
0.7086833381815553 
-1.175325983964041 
-0.9553540618071403 
-0.01822473284785007 
-0.441795286843809 
-0.2473073923538186 
-0.1303623456497427 
-0.8343452446988211 
0.271711113552105 
0.22788620589456 
-0.3457228250725504 
-0.03364175222738127 
-0.6093398994145582 
-0.4890172285064214 
0.5667030399384865 
-0.03889497337129573 
0.04212950601887451 
-0.7317905186854644 
0.3333449084153378 
-0.8167339008593886 
1.101466267934526 
0.03911888789810907 
0.1650944335437851 
0.05553452308474511 
-0.9093751462809107 
0.09852925207877759 
0.2036283135339366 
0.6435512129224854 
0.7817885515602986 
0.09491468595783993 
-0.8242281368407116 
0.1146058958313653 
-0.0238842052069698 
-0.7027662523932015 
0.1258977596823 
0.4331398804245684 
0.006392647105462173 
0.2962771205168576 
0.06765874170825088 
-0.08214652682845587 
-0.7487553286272052 
0.1276383376713646 
0.1945283842073625 
0.7123130051704368 
0.03332553060044009 
-0.3124555898566205 
0.1539312307991459 
-0.5817916055873003 
-0.3863542540717379 
-0.1938753095493058 
0.6539981160265507 
-0.5403423790692459 
0.3031557743853134 
0.1980219581553794 
-4.336808689942018e-19 
-0.008237828397634364 
-0.8234433470757361 
-0.1339157710111307 
-0.1464289354797862 
0.6830064406785199 
0.07116494090215564 
-1.229804909248613 
0.1508899215202144 
0.4265638788966468 
0.5228896977383473 
0.4649420441354795 
-0.2518306776962273 
0.8229556697015592 
-0.4322380215745189 
0.04213317359712632 
0.7670577966730887 
-0.808527510579911 
0.1134518614256709 
2.256270206151437 
-0.3937813956998689 
1.174141446342897 
0.2949866229888596 
0.4072529554420896 
0.02769340293221149 
-0.6097555278722736 
0.02219362783630225 
0.09593610939852677 
-0.2862773706057913 
-0.001884835931431649 
-0.6585913754559782 
-0.2501496203733474 
0.9876858737008826 
-0.2430333431711515 
-0.4083646936220166 
-0.3087290763238341 
-0.1102788160369081 
0.5505940817313938 
-0.06472463488550378 
-0.2525476528196321 
0.2636644667912042 
-0.2486335669631007 
0.4068794631660924 
-0.6112975729519144 
0.474156892677531 
0.9406500610169519 
-0.2175490056208218 
0.09642740403476757 
0.001736235090912697 
0.1558260520490013 
1.881582457159826 
-0.05650193140594875 
0.1156787516717345 
0.2529896480161268 
-0.3138467050556141 
0.3668418870951682 
0.2641007186557914 
0.8969687485429506 
-1.047845131934509 
-0.6238091973190575 
-2.398291157358405 
-1.913670411297837 
-0.5424938799053092 
0.07827798599188254 
-0.1707332694958997 
-0.5501920865262266 
0.1154344681827326 
-0.008928824590549979 
-0.4810123157558959 
0.3878286181847059 
-0.1086333783292285 
0.02988732846941912 
0.2442349471976794 
-0.316823974351485 
-0.03738011510510842 
0.1737698450193255 
1.313255445863811 
0.6333879941163075 
-0.112641872604288 
0.1518635836719301 
2.240305491849233 
0.2133540804186899 
-0.8348715487581743 
-0.8043453957956854 
-0.3605209287043216 
0.222071379370633 
0.03679261047973869 
0.3808391846556064 
0.3131926568985774 
-1.337557091736788 
-0.09521742921201215 
0.1404565370415701 
-0.8557343318973983 
0.1725473787521887 
0.5712543370785383 
-0.03304604104858624 
-0.04915595978120949 
-1.150532976682519 
-0.6957545511236781 
0.8316343553240592 
-1.0308322453306 
-1.31353053598199 
0.25162573245764 
-0.2958187566717921 
-0.6521531357565111 
0.8560593241140215 
0.1607891818911763 
-0.6109066055003095 
0.6259527075437404 
0.1348905445512493 
-0.2531229678875863 
-0.04268743016826619 
0.6304706097247716 
-0.6631614656166936 
-0.1828757389080192 
-0.5945985716211341 
1.066659880815991 
-0.03426691944542229 
-0.06191652905276595 
-0.5400002677318881 
0.9812890693558198 
0 
-0.1825461023644686 
0.03063556224034048 
0.1681090552353462 
-0.6813679211017345 
-0.7227921242691058 
0.4591383031007435 
-0.02891124550378281 
2.075853317663761 
-0.005062626992169188 
0 
0.006016403511504194 
-0.459427128470264 
0.04868966272768231 
-0.2453071170849578 
-0.5034764897997603 
-0.04966235237524379 
-0.0305718668866088 
0.0014866770413705 
0.2406491722734556 
-0.9760735744229816 
-0.6557314587855598 
0.6304735135558246 
1.408966848323515 
0.4112910462264899 
-0.1284727115636685 
-0.2625800084357706 
-0.3262629566770585 
-0.09297254805339102 
0.03590565459744924 
-0.6135741058568702 
0.02550036553424096 
0.3273140828792682 
0.2301434536076187 
0.1430904864841689 
0.8366789648851106 
-0.537659519754962 
0.3049206066803444 
-0.4560803614634952 
-0.03321903790654798 
1.841380803356689 
-0.06679727482818906 
0.2968336269335828 
0.1823330487964021 
-0.4568158586433435 
1.440603598146945 
0.01629399571670158 
0.5218601921312543 
0.1255478253946616 
-0.3893417848913895 
-0.06896512247752208 
1.655734620709471 
-0.2321950633812422 
-0.1005270254033666 
-0.02036604332810385 
-0.397675197088479 
0.1451179392434416 
-0.2736280384570104 
0.5285798705569469 
-0.02460678591265691 
1.043588860266194 
0.01047878068647957 
0.03443362694381664 
1.044225391363797 
-0.1656254260629914 
0.1828940740899084 
-0.2129784883288177 
0.09904934648154812 
0.4562790536788526 
-0.4915743688436816 
-0.0210185566246548 
-0.5843791264300816 
0.1657163987977901 
-0.8411191788551867 
0.6197529312533332 
-0.1368990498450806 
-0.06029375053992048 
0.1708487929386824 
0.06495329643221523 
0.4407286699139465 
0.1387568173459587 
1.210518180438026 
0.3203748934226132 
0.570200416385928 
-0.4798404610009497 
-0.1504140874668237 
0.07572464156762684 
-0.07433096513115246 
-0.1376756748745313 
0.8780352796280746 
0.2076805175490903 
0.2048920048997128 
0.2327019180213466 
-0.1390111121578424 
0.8316862535229013 
0 
-0.7812683593576135 
-0.4294828899865836 
0.04282493528681013 
-0.316820571537252 
0.3550771573159796 
0.02202152167175226 
0.995011421754167 
-0.1010719527554444 
0.2964967925346137 
-0.06318000573272387 
-0.6622899159729644 
1.210634337583456 
-0.4935449302396039 
-0.454852745884074 
0.1030547096609442 
1.139673313896949 
-0.0003073073201366349 
0.3698354709669222 
0.09653038864444619 
-0.01117596032029903 
0.7855258155297759 
0.2910701653678388 
-0.2012241907271714 
-0.04515967950917278 
1.0145956579061 
0.02907000180522905 
-0.5242011466437265 
0.2689650993063673 
1.163139798861764 
0.533077322848109 
-0.09530190478698555 
0.5254349786743262 
-0.1770607315125421 
0.3878766765605023 
0.6148684425582089 
0.2691074430807001 
0.0344126554092722 
-0.1300396832456959 
2.105260437055536 
-0.9040356199721221 
0.9681084420416161 
0.06341669933459282 
0.4855229742327101 
0.1374867229116508 
0.01559146337861544 
0.1555750825473817 
3.54860776402766 
0.003672596691138087 
0.1197189518703682 
-0.6060193109867257 
0.07126814053818023 
-0.9322866002931597 
-0.9877546171800891 
-0.02583627176937736 
-0.1008513142733887 
-0.3102487158345509 
0.03667245113531738 
0.4717357002349398 
-0.8044383521343748 
-0.2419333284551294 
0.05406936756186406 
0.2252363743829197 
0.9285837379981723 
-0.1846970911553079 
-0.5349149111007262 
0.5257737776552525 
-0.2786398500286268 
-0.5970582101378755 
-0.5056571785057627 
0.1934694000235221 
-0.07649332447045701 
0.2838523734168495 
0.1330252490000947 
-0.1734667415310198 
0.02976917647382817 
0.1681789040246219 
-0.005571458979554634 
0.9731349250086484 
-0.9238083609001579 
0.01681383665251733 
0.03544455759617744 
0.1368091909089772 
-0.2716158014743425 
0.2602985932877311 
-0.783155149101998 
3.271266517757147 
-0.07696156521944759 
-0.3162442580036787 
0.1125295587756834 
-0.06608706376365413 
0.03066032038785023 
0.2538274429058692 
0.6972976065166823 
0.8611646094839343 
0.5587671850793973 
2.731317147359083 
0.6441206090233925 
0.07903645580180919 
-0.05068532386446144 
-0.4638163647194791 
0 
0.0874867508691721 
0.3353504239286328 
-0.3149414436612707 
-0.07757349090531697 
0.9766646848430443 
-0.1058007565440268 
0.2044037360308709 
0.8090263861402466 
-0.137841298401308 
-0.386969905516532 
-0.5345732936260156 
-0.8663026749065642 
-1.733640458572856 
0.6975285822819953 
-0.01807459146986921 
0.1340910631629074 
-0.8354257965569186 
-0.1475536402049135 
0.5994174837631759 
0.7836229889075512 
1.244583981684962 
0.3482954764292138 
0.08165307016796958 
0.5121471466557982 
0.3185855312967981 
-0.5270520138796079 
0.03434728174615722 
0.0244571491002409 
1.361480201102318 
0.7353043711070472 
-0.1069599516488391 
0.7721746787047062 
0.2148967687762835 
0.02717503609479182 
-0.1876873800700656 
-0.1404006084839036 
-0.2290484037686618 
1.255610819993145 
-0.3302680578848635 
0.06043053436724977 
-0.5244383234142614 
1.009478793507187 
-0.0300127958011388 
0.05438380234380076 
-0.005850396858281929 
-0.2795736295163475 
-0.3743075926800284 
-0.5688652503276814 
0.04951856938148166 
-1.462452536103239 
-0.1727483264911992 
-0.4073546529656612 
-0.1415338641571892 
0.1277874616216451 
-0.1778452016252211 
0.08426058221757356 
-0.6253007331733414 
0.316086092687149 
-0.4726059449373979 
0.3616600491796964 
-0.8019324366160829 
0.003969945299989532 
-0.2669158407096018 
0.9009764930330363 
0.5418824825969139 
-0.2508495404698745 
-0.006283313744754802 
-0.7689749901825068 
-0.1703487366359908 
-1.305070983905814 
-0.1834135579910646 
-0.4664422274742501 
0.5532621688715811 
1.848279249584639 
-0.4075162596485954 
0.09061606634927995 
0.2334162136119506 
-0.306025642054405 
0.2654229019992217 
0.8828715779609069 
1.295920947362928 
1.668397183510823 
-0.1151781762251681 
-0.05691490294492941 
-0.2671986190809936 
-0.6112296209980344 
0.1749521432290561 
2.578657204439568 
0.407258077879441 
0.3092267852873931 
0.5917624790516828 
0.2395414928011572 
-0.3006553457067561 
5.016079285979441e-05 
0.1734882506624162 
0.5629378682231617 
0.05098801892325722 
0.1655818028288245 
1.185267984400687 
-1.534025933373663 
0.2517181736346435 
0.05463880191924813 
0.05536220383954149 
-0.01605063703969554 
0.004510223373800516 
-0.64400839883196 
0.4259791064613737 
-0.4078192928927034 
0.6707981288030251 
-0.04865458069259052 
0.01323301330794662 
-0.20789875105972 
-0.03247407439756564 
0.5751110028599754 
0.006290909663041557 
0.3580629033078201 
0.2472775905134374 
0.02697759476465518 
0.01877750718070994 
-0.01495348582011531 
0.1784913426071192 
-0.08563731729521933 
0.7190077506601368 
0.03822161347333796 
0.2335852062128225 
0.04803889522740335 
-0.160438766620703 
0.002560945282297976 
-0.1982012461068982 
-1.492284410656453 
-0.1831764720493474 
-1.081134656275661 
-0.1239229886577661 
-0.4331892998944971 
-0.8653595976240236 
-0.07908047219159123 
0.3835438301792871 
-0.02994053548868982 
1.175160655640498 
-0.2220762542381574 
-0.6932277685481336 
0.9281009991548118 
0.002372023226062409 
-0.006521454767444172 
-0.2889139854776288 
-0.03682280237125726 
0.9919883564193196 
1.664070574804694 
0.2022750115462685 
-0.1416395754491398 
0.05371428558373444 
0.3945599433603155 
-1.939260676471584 
-0.04199105016660466 
0.342662239623863 
0.5955614993856619 
0.8962647316048766 
-0.169495706704069 
-0.6073065062560405 
-0.03285659908552769 
0.4599933476395964 
3.937272161871242 
-0.2741936415840616 
-0.5581576978226929 
-0.1631108931839803 
0.02614847321405284 
0.5229064116910001 
0.2355932831790697 
-1.208487705635845 
0.4483134049389252 
-0.8094857163031606 
1.276261796281416 
-0.4791192720928584 
-0.3010557556228782 
1.862008135540252 
-0.7424059063583657 
-0.5753963592388588 
-0.7557650115835117 
0.2027668237934892 
-0.4510166649451103 
-0.1059398452652344 
-0.1874909867079498 
-0.3423772218332818 
-0.9461075523352622 
-0.0448671020083946 
-0.4386593959078867 
-0.05709427975413044 
0.1947291049753391 
-0.06897196714191713 
0.8314570259040828 
0.01327941511012527 
0.2887941043571996 
0.1211332303097588 
-0.7631993105722107 
-0.2641741204369835 
-0.6622623396425624 
0.1571987939797952 
-0.1499988142534608 
0.5442523354950766 
0.08159773136345308 
-0.4975403710632114 
-0.04091416527195514 
-0.09738533353698196 
0 
2.622497113275944 
-0.4314667753466371 
0.3517984134617615 
0.2704798440305765 
0.8009187032780656 
1.944629592783233 
0.5487662945119118 
-0.04690358693241237 
-0.03500803141130591 
-0.05945583150787293 
0.09272252988473728 
-0.664056682002058 
-0.862091510260929 
-0.1768450201501012 
0.008752921234434649 
-0.06214021078610891 
-0.2244304698718715 
-0.03939427098804898 
-0.02593262798667742 
-0.1270407035793699 
0.06154765488609523 
0.05455627071249709 
-0.6252298060795651 
0.1417855459069534 
-0.070315733805659 
0.02634142042878476 
-3.064184454089415 
0.7255012407076334 
-0.01700279959722248 
-0.6452891901729437 
0.3882735409742491 
-0.3771925956811257 
1.517097490014059 
0.145580589891463 
0.05345306587183253 
-0.1524181745376798 
-0.01567454110703017 
-0.4057453808483626 
0.7337803303124032 
0.06329283126362509 
-0.08271380480397333 
0.2122316587642328 
0.6414058266946585 
-0.1828915069726813 
-1.21505464576752 
0.02060987996923841 
0.0546241292201449 
-0.1679557225936221 
-0.05041298491578276 
-0.3611412724685011 
-0.3378870606801123 
0.01680456137674766 
0.5095105798084113 
-0.4170355587069541 
0.2409432054040171 
0.2738337039276167 
0.1079972621968569 
-0.2085377181290815 
0.1920597014549811 
0.2765706360336983 
-1.885654268103164 
0.3132124591555501 
0.1673834556756204 
-0.8983540376917012 
0 
-0.4347822121621641 
-0.4365430790928274 
-0.3316199114170942 
-0.1819625899258346 
-0.305727786228466 
-0.1153339029438575 
0.05092051417268154 
-0.2599447309096496 
0.03371083117609207 
0.01208819631704526 
0.5867196016263238 
0.08095164196455926 
0.4335355835471738 
0.4769855487691361 
-0.2885500183111612 
0.1613979453604809 
-0.01301871253806423 
0.583631773897838 
-0.09006193533945946 
0.1136582556962525 
0.1602429769179582 
0.3393634927861873 
0.01320878509433863 
-0.3672084892477913 
-0.2314316507181622 
0.5133602823714833 
0.5968422496146099 
-0.1928554409920725 
0.246053931960607 
1.516896609855919 
2.904069847927337 
-0.1255362404554495 
0.5814887378001029 
0.6544854942520001 
0.5626582867044578 
0.1014493053136825 
0.1617515461673308 
0.005592638726520531 
0.06456144852080657 
-0.1574223025273414 
0.159921810805551 
-0.03402051440913808 
-0.3890108513342161 
-0.3015195906528554 
-0.4220730970796941 
0.1684249783503472 
0.07354230693227515 
-0.02404049525409107 
0.2152818275727087 
-0.2755566514262011 
-0.07095834733208825 
0 
-0.1013826546453844 
-0.06633432086823461 
0.09780914165405671 
3.362539100506236 
-0.6864176523345121 
0 
0.1859529409626218 
0.2856970923293992 
-0.2912704502997612 
0.03600828614711658 
0.4529512343751257 
-0.1102989430337276 
2.193871781051494 
-0.1276890233560251 
0.3359999092394843 
-0.43025835183084 
2.404007632471201 
-0.4355510926078643 
-0.5320421987933406 
-0.02167492571957587 
0.008800386508304043 
-0.2979474540151293 
0.01762640455110963 
-0.2163350894033755 
0.3938538162908139 
-0.8654745784261729 
-0.700731533833428 
-0.9229307477850188 
1.187878952694241 
-0.1213990129523418 
-0.09009793587345551 
-0.5194074141874399 
-0.3690614831604109 
-0.02514121411769988 
0.4677442255506565 
0.1962691107351673 
-0.1239930173927304 
-0.1380238134027556 
0.4299845062378048 
0.2436812610219963 
0.7660477199971154 
0.05087826921132822 
-0.3503061202618678 
0.1623847529396413 
0.3237341289229108 
-1.553334062520987 
-0.4470293292083719 
-0.012872108430834 
-0.1155710896928319 
-0.2679009778078902 
0.0386018864747122 
-0.1372956537895505 
-0.3292589080615612 
1.070252212307818 
0.01303790033351198 
-0.03352064568912129 
0.08571314330458897 
0.0280608816497351 
-0.1672152484371919 
-1.006783587092376 
-0.4022790750407201 
-0.008534276421790301 
-1.652843579361666 
0.05028416762152194 
-0.005717777904410408 
-0.1565660897552971 
-0.385680782368526 
0.06118570652778195 
-0.01389058886953877 
0.1433025927060329 
-1.912521109838381 
0.1400299485041785 
0.1187188903757103 
1.713142921232831 
2.150293675757154 
0.1346084379826534 
-0.2406751965245222 
0.1010736774916331 
-0.2867990114100785 
-0.05103655386182614 
1.72371712923154 
0.7024913001626609 
0.4498985114138942 
0.4250788178450385 
0.0669526871479611 
0.7093575720947167 
0.0265584555666141 
-0.1838866970100047 
-0.440879274851594 
-0.6449956405233469 
-0.09154633250166112 
0.1769352081005771 
-0.4150098562946705 
-0.2921008216766072 
0 
0.4438190203220619 
0.502941763428034 
-8.673617379884035e-19 
-0.2250685253653521 
-0.05661150764651669 
-0.7520274960355288 
0.7371929738637404 
0.5731468525617063 
0.2345798601470195 
0.1149860705294416 
0 
-0.690645395016526 
0.5159484910205427 
0.01116071390156411 
-0.0174350935091148 
0.1184510711157443 
1.121345764729307 
-0.5998665330572605 
0.01315829015210291 
0.1507858443885883 
0.07492263613697644 
-0.1379435064946748 
-1.142237108126337 
-0.6500833250759083 
-0.2323808374649982 
-1.124867332762343 
-0.8360725744089269 
-0.287905483421345 
0.4505490711871734 
0.3534071202610392 
-0.3484740830463549 
-1.105483326693178 
0.4011159697336423 
0.108834101248645 
-0.00977775280996567 
0.2757138047863644 
-0.5712754472845862 
-0.2138950261397794 
-0.3744967796517565 
0.3417684232233036 
-0.07768922059944536 
0.06385558140571387 
-0.1685529664284202 
0.6065674573092973 
-0.04003766011106523 
-0.9304141361025047 
0.6367325546418657 
-0.0138992584896984 
-0.082092090169089 
-0.01403368006435621 
0.2753466153661936 
0.007149610990706984 
-0.02940149231756958 
-0.9047613500311669 
0.08982565771631607 
0.06910791527182059 
0.3360669975017542 
-0.2412880751743704 
0.3769422511371451 
0.2154601772469515 
0.5403618493188433 
1.11107998478952 
0.1649839680929442 
0.02766169949200849 
-0.8747469468022072 
0.6817411579989431 
0.2467707633682787 
0.6055504305541545 
0.7824246500921022 
-1.07475281278073 
-0.05710733969267227 
-0.1770486246569783 
1.012723841886783 
-0.2559257442637668 
-0.01586259445019355 
0 
-0.01298351857279509 
0.1295005363709106 
-0.6887151486721834 
-0.9618511347133468 
-0.3733692494718716 
-0.02697639475584857 
-0.02506579260960936 
-0.8271306765935749 
-0.2292997620009274 
-1.118029193817219 
0.1929866589693592 
-0.3797640967107382 
0.01546713748150013 
0.06337803235441018 
-0.8673109371472847 
-8.673617379884035e-19 
0.1355215654861945 
-0.7045339106333147 
0.2534335619149265 
0.03345576483888364 
-0.8181166038681692 
-0.30303451920234 
1.6640426761152 
-0.2614449160167665 
-0.4168104455053996 
-0.2738145397156044 
0.5441363876217885 
0.2219192930203384 
0.0974339525374337 
-0.04166663444485929 
-0.03173980987312239 
-0.3752550768528911 
-0.113933531119733 
-0.0726912822990638 
0.6061465459380486 
-0.3649632743474805 
0.4872566381976232 
0.6082657711328969 
-0.1481351306304626 
-0.2146520582867324 
0.1919951950980813 
0.8498714736242132 
0.3181955840447369 
-0.1473034362767023 
0 
0.007902134375028114 
0.4482443815129605 
1.192954483672607 
0.4046443130233163 
1.155355501466678 
-1.035549696425155 
0.460784637442254 
-0.4221307179852601 
0.1715110002662484 
0.7212906050591271 
-0.7743199087781166 
0.05059197094764193 
0.01303921820371773 
-0.08069914871506845 
-0.03390537102928302 
-0.274427820842267 
0.6015260486015536 
-0.001572821792506149 
-0.01071814341799454 
-0.4387020333528421 
-3.533174913863036 
0 
0.5861151387371359 
1.221307867492867 
-0.8018412968201754 
-0.5438932231023651 
0.07560438363728521 
-0.4799606595190531 
-0.09961444219720589 
0.001403601761900269 
-0.511247942412225 
0.240612811484631 
-0.003067733789898872 
-0.2285707612184978 
0.01972604288953371 
0.2510169824450155 
0.03217940153234976 
-0.01368615175482908 
0.1595926972565261 
0.4328366623458559 
0.2883100006399604 
0.05330810715418459 
0.8942847888258872 
0.02048447505892245 
-0.2775166436247954 
-0.2540315593325852 
-0.1059917190764745 
0.04449506229994666 
0.1207544904896656 
-0.1113975865606082 
-0.3539333349704697 
0.4255102640793242 
0.4493437861086889 
0.2373202545296759 
0 
-0.1198975500298266 
-0.4040662004723959 
0.4523357738010236 
0.9534199174162498 
0.6634981120749254 
0.04868051954927352 
0.04177715073043124 
-0.8399722615607209 
-0.6912140600199249 
-0.1213976846334913 
-0.3579185063784242 
0.8546833357455061 
-0.01592932468386233 
-0.5898474343816704 
0.0222848077337192 
-1.106133253051206 
0.1726702837071111 
0.01678811232034463 
-0.6582363973694172 
0.1207310968374746 
0.2031354094642673 
-0.04399457989406799 
0.05202180974541314 
0.06568881268815653 
-0.001165552599309709 
-0.02230127108446437 
0.1052470629925202 
0.1514633711989675 
0.2452536689547706 
-0.3324514310946416 
0.3592362678942235 
0 
0 
0.03420183734318794 
0.03181930503251996 
-0.0101164267920762 
0.4214090502775405 
1.412135493047027 
-0.5700532834360177 
-0.5763063558864919 
-0.5169721411247526 
0.1131313543336409 
0.2952540048878716 
0.2616474861968435 
-0.5858800232612615 
0.141636102603432 
0.3528240904353863 
0.08956289352425403 
0.2506241639531748 
1.09612866684308 
0.6661718655738386 
-0.2076320630208709 
-0.6562874175602874 
-0.01926074049389076 
-0.2533286716830173 
0.2477175384811643 
-0.3414269376331361 
0.4407922846056909 
0.1313073644542276 
-0.1251824739364225 
0.2135640823857359 
0.6839364472156444 
0.1654054950379198 
-0.01386468759228777 
-0.3446029050455179 
-0.2557978465647967 
0.02043181849968898 
-0.05788919426113331 
-0.4774661871476229 
-1.615306012039888 
0 
-0.1365840908583719 
0.4670398413340469 
-0.02606733955750492 
1.039984982573795 
0.6010779573079698 
-1.354716741982837 
0.1286465616683322 
0.2646847391679686 
-0.4781368671358939 
0 
-0.2878245921669509 
0.9676854342526181 
-0.4827830530008326 
0.01680478546198842 
0.645826886441109 
0 
-0.4895599727388628 
0.9277809633776851 
1.085519101214808 
-0.01123050036063847 
0.06732982540325977 
-0.6350780529248291 
0.5489249052678793 
-0.01624352579015637 
-0.2382182992998054 
0.3285102168334881 
-0.3707129436237486 
0.1350301072621249 
-0.06211924811437875 
-0.3257448923860004 
0.6112979633808617 
0.002501341867390733 
0.4512243427101853 
-2.159641684967443 
-0.1653203660287842 
-0.1811692032948937 
-0.3185376592653779 
-0.1393059144761542 
0.009589809093572425 
-0.3482901714400723 
0.2970355984934546 
0.03390212952795951 
-0.3023921487217938 
0.1108060976703878 
-0.536843502857221 
1.017605455700286 
0.1197770102972514 
-0.302914482946102 
-0.08500435689715154 
-0.05913617471669248 
-0.2701873311181255 
-0.3140315586536881 
0.04040896763591084 
0.24960195873009 
1.240915543313591 
0.6189412925483869 
-0.1077887009551572 
-0.001981445982635985 
0.6619356440498529 
-0.4660990421940915 
-0.5561205553898373 
0.1912669794576412 
-0.3620139552999963 
1.361647039361493 
0.2834725301812314 
0.04467081973126574 
-0.1840844096044604 
0.0419859213965731 
0.6136436696841513 
0.6075944371793845 
0.2283820590830813 
-0.04641024778406785 
-0.8982965097633844 
-0.02934820457094033 
0.146068452008939 
-0.4178316149068433 
0.4422752484432149 
0.05603680247519715 
-0.1818400841233484 
0.4622277143757411 
0.3199107202973018 
-0.2567007822381935 
-0.04959954315831602 
-0.1149665375836889 
-0.06849928699982774 
0.260049906489247 
-0.1892871427281571 
-0.3356587418601097 
0.0907632038561097 
0.02386394067646484 
-0.1456714404444311 
0.242959259986789 
0.7327790446852664 
0.1108653841411405 
-0.9941539688878673 
-0.1236622511317032 
1.798523871196068 
0.7064457152090798 
0.7643498009525138 
0.168416225375273 
0.438959609900217 
-0.0956498194196891 
0.114775252619344 
-0.6936713049767269 
0 
-0.8373496598169253 
-0.1409765779196827 
0 
-0.1541831144648566 
0.5691583237166229 
0.8294551893193928 
-0.1064445997339859 
-1.134022277296459 
0.04326597003611687 
-0.2261500336243144 
-0.5280475198836839 
-0.7734344351581827 
0.225931361757744 
-0.5581410459956704 
-0.01144728012122797 
0.2166638703366663 
0.639579359535783 
-0.1052949468281292 
-0.005124670950872564 
0.4618692594814112 
0.4640731382156069 
0.5359339329798235 
-0.2551021321188738 
0.3936131074518567 
-0.364097065069873 
-0.3691528614585844 
0.1643446712877074 
-0.09476532032819386 
-0.3109857192528485 
1.041283887446966 
0.04076593415201404 
-0.07129189777839033 
-0.462242882958492 
0.133702153083799 
-0.4437411236872645 
-0.04479087521372438 
0.5475625815496959 
-0.692021359804793 
0.0583321980703629 
-1.12372707635508 
-1.375618529571251 
-0.05300468308579769 
0.04946976592105328 
0.4534659748432913 
0.3619851598364119 
0.3643279023673985 
-0.06926987404333174 
-0.1343436943198515 
0.5078900523788166 
1.900445337589998 
0.1179441398730421 
-0.002051818289318473 
0.6723499565096813 
-1.262070630557937 
0.01212714069536728 
-0.2229885037826743 
-0.3319224599840517 
-0.6937846039176357 
0.3815552068389415 
0.05148491880174544 
-0.05643787818860533 
0.1447740445111959 
0.470205813557749 
0.03549355651365593 
0.1932025339150052 
0 
0.004422072562944614 
0.2727855218220946 
0.208625788817426 
-0.2625306498167411 
0.4883755956319548 
0.03583902809971972 
-0.1375290976518632 
-0.5100473547058404 
-1.166570522447873 
-0.1519672157218114 
0.2874984682887523 
0.3065033410100468 
0.6718287845271922 
-0.1526947101459933 
0.5681276169059256 
0.1159232574969181 
0.01374424231820674 
0.8065820586565958 
-0.04154637856510198 
-0.9200559738912919 
0 
0.04083120818025295 
0 
-0.3601418914525197 
-0.3264686952570631 
-1.203443778636837 
0.3595818144860088 
0.3030427128002974 
0.003646862734985855 
-0.3181001718881349 
-0.01076768833636219 
-0.4113804256794407 
0.9145736226844093 
-0.5724673396497564 
0.5745842487904415 
-0.07300626260216138 
0.4609081559001624 
-0.5336354163267633 
-0.09627327211967554 
-0.05491520920590595 
0.1168080408286457 
0.2359534571002459 
-0.8078370139079645 
0.4079929400582122 
0.03409701010189728 
-0.7215714682446333 
-0.8180908038637407 
-1.734723475976807e-18 
-0.4093621810634632 
-0.6202495387382151 
-0.3631417537407493 
0.5843099299872763 
-0.01303021427190846 
0.04573391990258072 
0.8013151405113511 
1.650721603972194 
0.09296624980067011 
-0.5511658321987791 
0.1720219828246147 
-0.1296766734167083 
0.07713540015204512 
0 
0.1032721651223358 
0.04014755837600138 
-0.8193580602939085 
0.1006984968899004 
-0.07477550076419763 
-0.02180477619863483 
0.4001974514109307 
0.003227251647835213 
-0.4455863160652173 
0.002924581978833002 
0.6641526527241681 
-0.08745137004858834 
0.6233474108805165 
-0.1284288106115573 
-1.417183209300839 
-0.02086925336465438 
0.03004802907409342 
-0.1035909083651891 
-0.5774483749079324 
1.431128270734332 
0.1795083028350921 
-0.132338200423126 
1.053167873945713 
0 
-0.5611831325759693 
1.352164626319819 
-0.4136847053567339 
-0.4661825326398342 
1.054952760973198 
0.3285499552044178 
-0.01937250088111381 
0.04967240549713928 
0.8335055549360343 
-0.3743527386488757 
0.5749033368838784 
0.2503975338271678 
-0.0521136387378733 
0.4583753440650835 
0 
-0.0862306846985251 
0.1820582095373049 
-1.169554577119235 
0.3848068928181063 
-0.4667121276835805 
0.9882123453335558 
0.04339413628878753 
-0.6371775566265634 
1.043633413020725 
-0.9382352531331745 
0.8326165930720048 
-1.839577606611197 
0.267584572841832 
0 
-0.3845485130121089 
-0.002695896240608576 
0.2197749112659518 
-0.8343528574615388 
0.06210922489580818 
-0.2233334449585324 
0 
0.2044808237349532 
0.1375422541543952 
0.5525898077610485 
-0.1056994604591194 
-0.2100446685920151 
0.6203990095676966 
-0.00994625642912203 
-0.03375158863721015 
-0.02574646371814756 
-0.07983133348430561 
-0.01310033954120114 
-0.1658135024842383 
1.120175543188289 
0.01439778338861447 
0.1881165089813818 
0.01884113102620997 
0.5907591257112064 
0.1805810495603531 
0.2630861525169478 
-0.9635100806538591 
-0.1210436763827396 
-0.02596608940099932 
-0.9739666165080608 
-0.1984449220204508 
0.074140049321635 
-0.02546117495342263 
-0.06422422147509474 
-0.194545281689161 
0.1163030899687648 
0.1667049326609124 
-0.9525418328420928 
0.1706206540499206 
1.100588546895953 
0.6147866305401591 
0.02177792578445046 
0.02940034006082501 
1.497061355632703 
0.374348051069262 
0.02319580510027617 
-0.601868149269585 
-1.726398771223028 
-0.2868121331664937 
0.0363395441349811 
0.3442268514193741 
0.01436848005663623 
-0.3777681699318362 
1.32013761916085 
-0.2677039031444652 
0.1666499700480851 
0.03061856470508005 
1.555267167271023 
-0.004984589687051898 
-0.4121906126635038 
0.03235932562693409 
-0.1462261074402794 
0.8680860420223797 
0.1298680366138281 
-0.06710746126195381 
0.001266694389807176 
-0.7052987213148713 
0.01403343207406432 
-0.02469783084189763 
-0.09680036659550081 
-0.127548911914715 
-0.4469135573874397 
0.1466866525710101 
0.6100731561733567 
0.3899357661794574 
0.727001212402863 
-0.87139452865046 
0.002996570667414097 
0.8096754537374663 
-0.003743021615914278 
0.5963945618112165 
-0.938619880853957 
0.2479222699410569 
-0.568375247013055 
-0.07452037113893267 
-0.9029095654161154 
-0.6237607906999608 
0.3937412843095765 
0.08719311272268768 
-0.1554750316623581 
0.09084568619090272 
0.0722658876279921 
-0.1345706694488643 
-0.6258427257332589 
-0.07904426278908057 
-0.4179380986784793 
0.6774034295001102 
0.102913033993311 
0 
0.4806526573978248 
-0.4705509477967531 
0.4429468068601151 
0.3639196242523136 
-0.2087524576331833 
-0.866468160170249 
0.1092593747255105 
0.2150881602753649 
0 
0.08474707070982324 
0.448357449084256 
-0.8099738591309904 
0.2931181061067764 
0.4226073576765333 
0.6864658030984193 
-0.7579087726886138 
-0.2955738406817002 
0.1884587232161213 
0.03296288534652696 
0.7164313314364301 
0.05003583660112595 
0.474701316562147 
0.8374468667639166 
-1.004367510452575 
-0.1086733379869558 
-0.2060446779586436 
0.1413501190327712 
-0.1214963220984368 
-0.04463614389973141 
0.002048160730326472 
0.7251663468446978 
0.3103483752103693 
-0.313918391263652 
-0.9781308253146347 
2.305227205688605 
-0.2016348893618456 
0.7390895366558328 
-0.07811533027466 
-0.1315145882236661 
0.001168946718081785 
-0.418608425872058 
-0.02110255296564346 
0.09282663991999529 
1.303460037242742 
0 
-0.03194077719416775 
0.3466866584297764 
0.7768424658981199 
-0.4876299916979063 
0.5378490035780975 
0.03321005100105675 
-0.3543215762940596 
0.1922613589645548 
0.1775766451195959 
0.4862015857339909 
-0.2463232292745246 
0.2130412844863133 
0.2016005991908462 
-0.03858847086190711 
-0.3660449379398467 
0.4525182113649447 
0 
0.02787309771228991 
0.1068761132317011 
0.5373721827835947 
-0.1256701667550716 
-0.3241425227695981 
0.5211791047556237 
-1.361852847987824 
-0.3907795686763075 
0.4707622939677361 
-0.2624939642146704 
-0.0132561575157249 
0.09036827187455904 
0.9876424825700322 
-0.1365157935484915 
0.8155811262890813 
0.2752227034661707 
-0.09603667266493091 
0.02162666816419415 
0.40559705796778 
0 
-0.5489206604237763 
0.1081245412683499 
-0.2694591783015091 
0.4222665531773451 
0.8759718201522946 
-0.4692415970507376 
0.4084706065345071 
0.002762436300930181 
0.01263111161719137 
0.006635982325672651 
-0.009997104048198202 
0.2689890181422348 
0.6853621522294651 
-0.8994915129136031 
-0.4566847187363299 
0.6851382609156863 
0.3996202277807813 
-0.480560428715105 
0.02736148400390497 
3.22278254438041 
-0.3152777378225197 
0.06420169899355874 
-0.2673325801869933 
-0.8132825177706342 
0.3365334517941736 
0.01115056492589234 
0 
-0.3807861524354014 
0.03448350355188429 
0 
0.4427644692837103 
-0.01845044702759764 
0 
1.189544166591389 
0.711035162255949 
-0.1570625249669031 
0.01676812802249213 
-0.3119415971114077 
-0.2488195956986501 
0.1254330189115885 
-1.103003029206965 
0 
-0.3242451514216149 
-0.4780852981297055 
-0.1490210697906326 
0.4209649799407773 
0.568275800788053 
-0.3036937155274299 
0.5022955129949302 
-0.02837383887554459 
-0.2928085383827791 
-0.02046929382525628 
0.5161163741884521 
-0.1679390791430981 
0.02919524756886008 
0.02329043207074792 
-0.01031566355850661 
0 
0 
-0.07207679546826339 
1.163013469810629 
0.1906388984468841 
-0.4067008073716875 
-0.772536840275336 
0.8643475146260817 
0.1408349433351977 
-0.0549142569177653 
0.03925511343029194 
0.428673323166068 
0.7899896077763723 
-1.471384604038669 
0.07574544713941733 
-0.3511979176264898 
-0.035134642312916 
0.04843771051367617 
-0.04081415448383097 
0.003833915824125139 
0.4043571263085992 
0.3405073517942467 
0.002580567339874031 
0.2731008546152511 
0 
-1.039774738205504 
-0.1402031937615346 
0.02420953249549364 
-0.05191885641172574 
0 
0.4884929425506787 
0.5331141582931127 
-0.4322356811136461 
0 
-0.002835338884419394 
0.838365871523857 
0.9812916332932246 
-0.5646676119696162 
-0.1226681303640339 
-0.1268553591144082 
-0.5739251001350896 
0 
-0.155459640924237 
0 
0.2365578798580153 
-0.9348790569397202 
-0.06463404989511071 
0.3859370466689651 
0.0709644542584328 
0.3873680322107352 
-0.2255348528141484 
-0.2473272118948036 
0.1203664133537547 
-0.01890702331152789 
-0.2912628747324998 
-0.2670379449423974 
-0.4512728031255346 
0.1278060663808472 
0.5486409872296076 
-0.2186353004806308 
-0.01370890029502929 
-0.8577738743636691 
0.1626059568383433 
0.01956553968705793 
-0.1065570203364473 
0.01023890659653834 
0.1294213959712842 
-0.01912026277679788 
0.3396191912715291 
-0.2406963535086731 
-0.3820930840421223 
-0.009024029303819828 
0.657880269141206 
-0.6089307793397507 
-0.9297761979882188 
-0.3062487834782778 
-0.3127700143687466 
-0.06148374069038136 
0.09987121014387759 
-0.06125571810938858 
-0.4328943822434854 
1.040492317405699 
-0.02277348886054218 
0.5879134850060368 
0.5514721692019344 
-0.5951230161428661 
0.1877061934265583 
0.9783864540123518 
-0.5660688146915458 
-2.072331157114596 
0.2235810706285031 
0.3176507657896216 
-0.5510064678293675 
0.1693985508384376 
0.06214510981977357 
0.2560017327536144 
0.1868584854141722 
-0.09747576588833801 
0.02115640584538305 
-0.1631270458700826 
0.1714550584721377 
-1.072643497026954 
2.688823534756631 
0.2289911225470926 
0.8871686927843602 
1.157544146282889 
-1.000582173580372 
-0.3874317554860225 
-0.500386406392051 
0.07916460753953394 
-0.3362685832583602 
0.8098081108208373 
-0.342467087269744 
-0.2747148950812113 
-0.1062244908121689 
0.1482107731213803 
0 
0.3451115358833092 
0.00913676642377634 
0.7764538801662392 
0.4243313631094149 
-0.01253542398981474 
-0.01661661574953148 
0.05411201484928565 
0.4574504486610197 
-0.01978703540611929 
0.5385503955843961 
-0.02543304503858 
0.2081215977841872 
-0.05387623028262963 
-0.1813849599301909 
-0.09154530711516301 
0.02001930106058749 
-0.04211251085902439 
-0.7971755410363216 
0.1996282264472515 
0.3373073742023263 
-0.1061622610649129 
-6.505213034913027e-19 
-0.002717451735547742 
0 
0.01526322337390308 
0.4177843249683482 
0.5931032762716344 
0.5993576058365292 
0.2488705408022137 
-0.1491206894691447 
0.2483036568255708 
0.4126246951567697 
0.001754054264732008 
-0.01144343757046153 
-0.9149238688303849 
0.01596368806628607 
0.1831161567708776 
-0.8405142746856289 
-0.03948921915928043 
-1.550194463281173 
-0.404064150532102 
0.6442818693104095 
0.3717314752508865 
-0.6498281632342486 
-0.3865514156011755 
-0.1764381608624551 
-0.5148432695850989 
0.4781864889522447 
0.8275982683373843 
0.4160604997619176 
0.501250016941674 
-0.7372020252110546 
0 
1.154502921563075 
-0.8286554862073268 
0.1171499617856848 
-0.2503150767304583 
0.07269188878569807 
-0.1012285161359176 
-0.03509275297329053 
0.789870824209664 
-2.168404344971009e-19 
-0.1787815264090192 
-0.03727332089679724 
0.5563379972378052 
-0.5214433009423015 
0.4916652023135601 
0.5041506134960997 
0.6494290637879399 
-0.436748323740164 
-0.1430137608395921 
-0.3942543289347065 
0 
0.6008780061987543 
0.2009893872469538 
0.4402546044173988 
0.2444907283029031 
0.1251570093575912 
-0.0150362569502964 
-0.05681883484649131 
-0.2462649889334456 
1.536471387409691 
-0.2808084932836158 
0.4356213504447768 
-1.153441408306325 
0.8613985341175596 
-0.4370750525354672 
0 
0.5787721869565212 
0.03051290340388109 
2.244231453897017 
0 
-0.003013449118847764 
-0.7427114844379923 
0.5871001914763748 
0 
-0.007078504536640273 
-0.648695144635109 
-0.2506781064977485 
-1.790892540484771 
0.72709410861716 
-0.1331900051035548 
0.5080292181329454 
0 
-0.2673494034669845 
0.286512895046338 
0.04002795663250406 
0.01266081045276063 
-0.04881738698765264 
0.6354683292728497 
0.2927354000000856 
-0.1774277123021295 
0.2459276357667173 
-0.1562343682918298 
0.01348402552594115 
-0.4520675422816728 
0.09689701423967763 
-0.177391871672559 
-0.7096525792185413 
-0.07749568053668732 
0.3978740567658859 
0.4660117498649791 
0.2966429273023691 
0.5943461240214698 
-0.3702970019505852 
-0.0207322911722338 
-0.08088412320285732 
1.193058495991436 
-0.1626716383522837 
0.3366072530435607 
0.5291961315867391 
-0.5062932541753274 
0 
0.01212042721954501 
-0.03380771241567394 
-0.7617424022159814 
0 
-0.3611698645784824 
0.2717048834333984 
-1.236983778353727 
0.05621645460830747 
-0.1163998871774024 
0.5685617693240146 
0.8031614618199091 
0.04496795718641538 
0.1302206872122381 
0.7024863090499543 
0.4638023004952401 
-0.02600730245128788 
-0.05913059667872223 
0.1085596487696587 
0.435013115421736 
0.03417928188510108 
-0.5535136115510304 
0.5571191557008417 
0.05256025889451874 
0.1138677631553181 
-0.04470672936207257 
0 
0.2100503123308665 
0.4030888040892485 
0 
0.004562553175277324 
-0.1828903219464785 
-0.05498477517537311 
-0.07729301660020374 
-0.4518030624907667 
0.03250438966188848 
0.2331260896526582 
0.2715340253685132 
-0.9941914306540049 
0.4644250160260839 
-0.04511305589227285 
0.6682792086843606 
0.4075313175073336 
-0.4106735627849433 
0.7188768712640466 
-0.6474221029182344 
0.4115904219795647 
0.584793574757712 
0.3760481854553404 
0.7195329956535275 
3.253165483383032 
0.1424058651300481 
-0.8337515822871382 
0.8647822214881394 
0.1244314690109114 
0.4103133512487596 
0.002798390215776884 
-0.5706420979357624 
-0.8680945167375514 
-0.07920754900661754 
0.3061697144699826 
0.6144746502161267 
-0.1339596033328689 
-0.6360463354745867 
-0.8196920318067357 
0.01540084016667045 
0.3248533323148483 
-1.535603128785331 
-0.7431292680618202 
0 
-0.4728943382604686 
0.4205003179594575 
0.08039087115787638 
-0.7464858477014539 
-0.2461439814047117 
-0.02469444026567561 
0.03834623679056439 
-0.2921038425535894 
0.3161467428474545 
0.0849571523971214 
0.2878179893397766 
0.6365606942794393 
1.158975110948508 
0.008418473465110939 
-0.7870874241907211 
0.007909464934334379 
0.6472720748666861 
0 
-0.02455695874442541 
0 
0.2590164655424805 
0.1591985523715502 
-0.133750084114115 
1.033234509151731 
0 
-0.06045956366672355 
0.1618775058447863 
-1.07105067954671 
-0.5037278872172071 
0.8689741026859645 
0.1960759095826169 
0.03801927892274622 
0.03042068503414093 
0 
-0.2064734052080426 
1.165666770432348 
-0.09821087069954808 
-0.2734149968432867 
0.1592582039722316 
-0.008272373686495332 
-0.04161302278391321 
1.057098773882912 
0.170016488735128 
0.3583116906053911 
0.5158642555917865 
-0.2990878938863909 
-0.1582273260130058 
0.1166759281837835 
0.2947403250111832 
0.04882201326095582 
0.2902666630801336 
0 
-0.5617596798264329 
0 
-0.0172122581228801 
0.3300338538897735 
-0.04213808010834975 
-0.4629923830704852 
-5.637851296924623e-18 
-0.0284177969730729 
0.9885592905171556 
0 
0.4479110905441461 
-0.09801426887830073 
0.01310307569175596 
-0.5593868068482388 
0.4714112451921741 
0.214934403403015 
-0.6062695647931724 
0.0580180478232696 
0.5799185278740496 
0.2184475182440683 
-0.4878091558569499 
-0.9103182773593563 
0.2577360645422292 
0.6203527041643638 
0.01183905165329106 
-0.2441947041092905 
-0.07897569340101997 
0.4011529898204599 
-0.1995796581171271 
0.3882710225806784 
1.077414143914331 
0.1671651400057624 
1.194907177112974 
0 
0 
-0.7036989932925128 
0.4736242905082596 
0.7562578910210926 
-0.7649646121209268 
0.5269242419871171 
-0.006460967310199145 
3.117269016779289 
1.882741085911892 
0.5914897840211351 
0.4388106483006154 
-0.4357738044598847 
0.00557597693159998 
0.01905241786565322 
0 
0.06860322613588246 
-0.04511036255184123 
0.8653152155472821 
0.1906655606927425 
0.499356156983816 
0.149390016408828 
-0.003798277121164993 
0.2973369790992139 
-0.08163449675753873 
1.009884627283093 
-0.06350720614906431 
0 
-0.2362946863811166 
-0.478209128342925 
-0.1724679902146358 
0.05256976019319871 
-0.1990983710403582 
0.01750981084077138 
0.4236766171967613 
0.1813393444165323 
0.1147984050165009 
0.3698476158059305 
0 
-0.09159235220320891 
0.1369567290058377 
0.6426804764583148 
0.4356054291362546 
-0.3153382292187803 
0.5645596997131035 
0.06020312337815469 
0.0453129723619177 
0.6886363729857582 
-0.02324365389802398 
-0.5190613143829985 
0 
0 
0.09479360507878072 
-0.09939904767455229 
0.06665517759490276 
0.5000369242685657 
-0.3439801117668703 
0.6546725738223775 
-0.1071041572281474 
-0.6444079445939007 
0.003399998404716127 
-0.09821964611063187 
0.004632907718372877 
0.007485400377535831 
0.6755899133393511 
0.126283702723122 
-0.1931624912521892 
0.177613481214969 
0 
0.2447978374691449 
1.528086156420468 
0 
0.1823300328097355 
-0.3660137202588169 
-0.05193457719044395 
0.7462822521660146 
-1.599603478270763 
-0.2773951619228089 
0.6416030255592525 
-0.01881668936094114 
-0.1433634631305394 
-0.0668904002524517 
-0.03902896559275425 
-0.04833992660114924 
0.4453259256809818 
1.301042606982605e-18 
0.0009263717659303327 
0.6318373320028823 
-0.09536352495712451 
0 
-0.02239598534630447 
0.2466769147721427 
0 
0.004629931850047865 
-0.8264557092397055 
0.1870151339147164 
-0.9237783558083678 
0.20944034440633 
-0.145443518912634 
0.0293661919904101 
-1.324577961814693 
0.3323614643807639 
-0.003231410727910907 
-0.7350651264833845 
0.1763805467066826 
0.1124463312680038 
-0.4020249308180825 
0.1029148301374967 
0.2275057865605958 
0.06731085221587929 
0 
0.4104740681981506 
0.9273273515960938 
0 
0.401777869047106 
0 
0.1916161897417708 
0.2428818327800236 
-0.8691873286670975 
0.06386953475832943 
-0.3725772510087171 
-0.862554278120491 
-0.1447959457224215 
-0.2743835882301551 
-0.294706065115625 
-0.9493454915597485 
0.07250647728763812 
-0.0102625432579554 
-0.342127589905624 
-0.02132760453151608 
-0.09713369199685967 
0.06698303869744815 
-0.5175368001904498 
1.240183819080443 
0 
0.0006830512264031787 
0.2589915951568826 
-0.3217404807882192 
-0.002360117881528194 
0.0890011152156111 
-1.083379984696162 
0.2392408111005702 
0.2111368026343363 
0.03333360449069205 
0 
0.1884859380808199 
0 
-0.3774844459523519 
-0.09485335849330506 
1.182288680241087 
-0.4533075442298641 
0.9604780947568304 
-0.2626186375118999 
0.2484455940285079 
-0.8448503787689982 
0.5311306088333904 
0.02614350400692689 
-0.3645660338865851 
-0.1033933686849478 
8.673617379884035e-19 
-0.2102953081289649 
-0.2870084414012715 
-0.2689535258234906 
0.1163514171798494 
0.4857105828780678 
-1.69135730064227 
0.005384442468314778 
0.4319063931302677 
0.05274348769944262 
0.1735926841666062 
-0.04236322208925886 
0.429404822727688 
0.1957670828928192 
-1.014790786701968 
0 
-0.7889443852801435 
0.3147039323787394 
-0.3502033954360073 
-0.5951875920091948 
-0.2453146795697153 
0.1594461056889593 
0.3763453498661268 
-0.03452916348139068 
0.01970997474390421 
-0.4073454152184154 
-4.336808689942018e-19 
0.7751492820252587 
-0.6952558970433041 
0.3604896066693247 
0.14422212489772 
0 
1.208973001152324 
-0.04113244919150888 
0.04679994387898388 
0.8461166663133219 
-0.576658436555912 
-0.3547065091858295 
0.3452768327355352 
0.2672649249758642 
0 
-0.3269892885185336 
0.1669302747420212 
0.04516323473435391 
0.06631126718436232 
0.1730418572844881 
-0.2819562833969827 
-0.3712008757986218 
3.272028314455736 
-0.5283932732224482 
3.252606517456513e-19 
-0.07667127657880132 
-0.6762149618083454 
0.3752683532996387 
0.2696199425098109 
0.6860087146912424 
-0.6729895914992067 
-0.01956095686647486 
-0.1290833079758132 
1.140874145046495 
0.118847406988124 
-0.4438789963832211 
-0.01469575077957748 
-0.0316731080291079 
0.1797096978505293 
0.4932540942369928 
0.1537504843562888 
-0.5953177819137419 
-0.3606985491407833 
0.07828459494481425 
0.1561689088661359 
0.06036137011590122 
0.9394313974983061 
-0.8369564873410139 
-0.6491673180435248 
-0.9977477946879968 
0.006865554342189126 
-0.4616136228583144 
0.04574220081543821 
-0.06934376561433733 
0.3969418161483073 
0.4510687936198349 
-0.08261652306865479 
0.943934071746946 
-0.01208501150436088 
0.6340721339425114 
0.1537952627271823 
-0.9224791604067895 
0.003436545448725602 
0.7479020092284129 
0.02465206451226047 
0.005510901672321992 
0.1068911655717827 
0.799233653751402 
-0.007319602314732167 
-0.2744044014901498 
0.2062823719871288 
0.2854182062777953 
-0.01308263629559196 
0.2608556344319997 
0.1817765090158051 
-0.3614923904884676 
0 
0.1585216457364197 
0.7210474872020682 
0.4659203617081942 
-0.4739440716897633 
-0.3567633911010487 
0 
0.7223525598772452 
-0.1421125187683691 
0.004401981099193639 
0 
-0.04799754691564354 
-0.03479566455942514 
-0.6379184827392386 
-0.58749006839995 
-0.1680352151132206 
0.5233001489503029 
0.197171331426012 
-1.009589706770932 
-0.218159869134229 
-0.2719568308563891 
0.05713425660824107 
0.02142770301062587 
0.007105449186024733 
0.08931619532974473 
0.05061093566188118 
0 
0.8493931337630705 
-0.378625234987214 
-0.2542322118066593 
0.03693652152926738 
-0.7323617923829484 
0.124533751386354 
0.1579498455966038 
-0.04393453764831187 
0.5654756616031834 
0.001395976171725162 
0.8853535861577656 
0.2639946733860385 
0.03185466167181348 
0 
0.1085314304105533 
0.2428808955916326 
-0.05341767667180845 
0.004959149668443109 
-0.1734904387087072 
-0.3915625497230815 
-0.9583677666883831 
0.8440879175597574 
0.1814256458509424 
0 
-1.232419933045049 
0.4805839730645409 
0 
0.4202702348004932 
-0.006806205069667134 
-0.2233354486623606 
0.2676514393576383 
0.5708535258590653 
0 
0.00538802788144598 
0 
0 
1.113956148591385 
0.0177010233940425 
-0.3754304576166477 
-0.3094836301571671 
0.9109642997188059 
0.07247215473009103 
0.1670635147696859 
0.2359235493102545 
0.166482472440228 
0 
-0.1051228224003084 
-0.1181989207529853 
0 
0.04355295451343619 
-0.380535911689356 
0.7935647817792134 
0.09824019438026539 
-0.3790682846567007 
-0.4637859992450657 
0 
0.05759472324836441 
-0.01858928932981125 
-0.3350943894474685 
0.3373998808304525 
0.3719275788765124 
-1.729003904669161 
-0.1713052154717856 
0.07686150082404196 
0.003068736313052904 
0.05784245556122389 
-0.2704885583035564 
-0.1927015314325061 
0.004757221920945719 
-0.2068838640807265 
-0.703475524604761 
0.001010550144207658 
0.9368146687010422 
0 
0 
0.1018473842555861 
-0.1188887612980028 
0.8531199418692017 
0.2068189996571377 
-0.5717882768802739 
0.1960075072980424 
-0.3067192081953941 
1.088257627547394 
-0.5220551034522486 
-1.058081473702586 
-0.6787691346750063 
-0.01871694926017539 
-0.1481039791179232 
-0.0407934595952713 
0.01264952374317176 
-0.3422994007213946 
-0.691205902356174 
-0.007458665797208569 
0.0616047794545804 
0.054953868159783 
0.5479099817327295 
-0.2581888624203804 
0.6601360610515019 
0.04997949097167999 
-0.01015943645594798 
0 
1.071183019951031 
-0.001101033987456687 
0.04292066869256854 
-0.7749970297413261 
0.2838517966944822 
-0.1969039480033627 
-0.03520978978303163 
-0.0295453379391606 
0.0551806732541898 
0 
0.09921754704829965 
0.2864050870693671 
0.5213319182320818 
0.4561715688974126 
0.03536851563354229 
0.8724371195595281 
-0.05946373947976016 
0.3661505969645847 
-0.1747967048284228 
-0.08936670550925262 
-0.09543295715957853 
0 
-0.0706706996065547 
0 
0.1962210785916099 
0 
1.185213328286626 
0.2024381896821884 
-0.8423838042270675 
0.1406166676219693 
-0.118354060561964 
-1.222135437309618 
0.2602252469274724 
-0.2789872248824933 
0 
0.5309099750323993 
-1.097103956338399 
-0.03168949259277393 
0 
0.430696859036733 
0.1583053923487542 
0.04975684153771065 
-1.099441817909449 
-0.1104419597137409 
-0.1622230449147459 
0 
0.2098121610684052 
0 
0.7477829864653731 
0.7227321833696466 
0.0004904811727883433 
-0.8134898419808856 
-0.08929903551664993 
-0.4638978965565044 
-0.05853071871825556 
-0.1594754040321439 
-1.096808809700416 
-0.2212883544680304 
-1.302892549574435 
0.1309771434839686 
-0.2259623598757854 
0.02591985128446494 
0.6222475111242342 
1.17000919679038 
-0.5230553851614388 
0.5553947824511337 
0.3558384003888618 
-0.3573472805388061 
-0.2636371862107085 
0 
-0.7034580375756376 
-2.245142272783869 
0.265052642137402 
-0.01178592555592647 
0.4519762621397442 
2.016933608497342 
0 
1.048738528351661 
0.1157802970985075 
1.400492058039371 
0.3240017907063515 
0 
0.6748971619626584 
-0.9552946273429855 
-0.6521167584206342 
0.01175262691049036 
0.01185698172057192 
0.4014567423292575 
-0.05159110342034417 
-0.05685533801471655 
-0.2368904788979515 
0.2951585957224208 
0.1422590713058628 
0.6870189549479582 
-0.6008039814190984 
-0.1572593436043437 
-0.0503216554564112 
0 
-0.05710238810860246 
-0.8269071979441106 
0.01982982283534434 
-0.5016759680932923 
0 
-0.7172362470405843 
-0.1828432457043065 
0.1767752519819641 
0.04076464315380465 
-0.1810202812557254 
-0.6843601548877569 
0.4616634273687102 
0.0395016344062142 
0.178336025571584 
0.4209186832646362 
0 
0.5149037394306843 
-1.184657071991971 
-0.10246243013562 
0 
0.9923139760165067 
0.03113040034233876 
0.6675133356541428 
0.1067858562987455 
-0.433604443759063 
0 
-0.463157854880289 
0.8105231658174774 
0.275231556983537 
0.2380947720188997 
-0.133092044016641 
-0.8655044222481755 
0.008091767849072279 
0.004610970671381598 
-0.9677191657975031 
0.07745920770374258 
-0.1422113283697185 
0.05463759743312618 
-0.0520197988442643 
0.06278304976293289 
-0.5427994746210758 
0.4496437849446482 
0.6511852589707314 
0 
0.2192944257854702 
0.2548654855347973 
0.1875417667160183 
-0.8053364531774039 
-0.2873547177338436 
0.1814190031984255 
0.1531626681797957 
0.5310603571853005 
0.30972432138232 
-0.05766799702101326 
-0.2815763306703001 
-8.673617379884035e-19 
0.04738590869824556 
0 
0.08766159586303533 
0.710527606797798 
0.09226560327190468 
-0.09469100846959164 
-0.8192044421807553 
0.08811449538201134 
0.09073450211978167 
-0.1141665062039769 
-0.1410952338342713 
0.2360433684126213 
-0.7795070008033608 
0.001658384671785215 
0.2947961268658917 
0.04381017737716199 
-0.1408655608490564 
0 
0.7653834592682367 
-0.4079426522550811 
-0.3937207632793587 
-0.964005141137524 
0 
-0.4402803589832774 
0.1911691948806868 
-0.07008867123103775 
0.4825991196502754 
1.312947397242469 
0.08009476577669015 
1.376325966612057 
1.585692896673326 
0.03597955569748476 
-0.003304944380790553 
-0.3380823364372307 
0.4641985927764324 
1.009341441679378 
0.2959983450056642 
0.4055703088833922 
-0.7861390241081341 
-0.08482864376288154 
0.07150355467969159 
0.5961846861629052 
0.6763543941283331 
-0.1536029023079882 
-0.1092848754793394 
-0.2648763135237163 
-0.001411870421931663 
0.1489217679999483 
0.06788122286020472 
-0.4795922525071111 
-0.02674305094865917 
0.01645076114037917 
0.3313136471329098 
-0.1949850748751343 
0.01422346073042828 
-0.4523464856966413 
0.0057348773813024 
0.8912104458093322 
0.09356583178894291 
0 
-0.20762000391616 
-0.04587456706008014 
0.4225162269349525 
0.7722204254773127 
-0.5366270799029564 
1.301042606982605e-18 
0 
0 
-0.1166830361458654 
0.003251191438661634 
1.279914280077622 
-0.7397519496294263 
0.1998316354443776 
-0.6248588069787999 
0.0001011965407212594 
0.0457931473047093 
-0.1742223183305937 
-0.07946215589479069 
-0.6204510082915872 
-0.08871432977967601 
-0.2284614593714835 
0.01286230369174402 
-0.1412498558470955 
0.6075149304428454 
0.09949115718822414 
0 
0.03115691263546953 
-0.1642984276479921 
-0.1982393831624281 
-0.1439120615897445 
0.3343408808855858 
0 
0.03698558126431316 
0.002557567292112684 
0 
0.1545510376085536 
-0.002880236748548162 
0.2315415964981192 
0.1707998645750483 
0.5962823498047232 
0.3293587906146315 
0.09464514596845687 
0.5615821184297587 
0.03396211628941659 
0.2415021142583586 
0 
0.1599891001389614 
0.2643923858829133 
0.005337446414672078 
0 
-0.009943636461970428 
0.09576713633489441 
-0.5188968842713525 
-0.161648676686922 
0.2818445722792055 
-0.1731247009845117 
0.3944031259841571 
-0.06934279017534846 
0 
-0.02241910822546508 
0.4545859887458634 
0 
0.7422898486801589 
-0.2594883206156723 
-0.2702208476977324 
-0.2605873301849812 
-0.3492055456154442 
-0.004354322382039238 
-0.08193141649489852 
0.1052966833641089 
-0.5346058684098955 
-0.2185759627544193 
-0.01208651974298473 
0.02852463543600194 
0.6998363104420263 
0 
-0.001517107415996201 
0 
0.5545835538832099 
-0.2915673977520319 
-0.0001441155589247319 
0.1420753144650949 
0.02967569256453344 
0.001665651491179878 
0.192804242533048 
0 
0.01334101058159983 
0.1507790841675573 
-0.4454678980429524 
0.4761103729985104 
-0.004664913845780928 
0.5349470294380995 
-0.02674527076027976 
0.8926218934895871 
0.06808456048039604 
0.428433583584652 
0.09661416560371966 
-0.3933200223016348 
-0.1660472026251189 
0 
0.4678510972425279 
-0.6398271066490119 
0.6917963540253117 
-0.04299542607483946 
0.1159858066060762 
-0.1398510286655608 
0.01942803075522872 
-0.00771033035725495 
-0.01396767459215076 
0.39414691078529 
-0.2967272572504384 
0.3264495012927202 
0 
0 
-0.05570115342769814 
0.01666819690212015 
0.000696392958093121 
-0.02082221254134638 
0 
-0.1353784095024462 
0.06756891161593676 
0.3565878604832856 
0.2490495475073878 
-0.1842496594144522 
-0.1259226555556016 
-0.752263887915415 
-0.4659161590325521 
-0.7157413883592805 
0.1371911844800572 
1.391520210126279 
0.8989917786184642 
-0.02775318689029648 
0.01001976831839313 
0.4087279409858385 
0.444812857782005 
-0.04936342620582091 
-0.3207096219489769 
0.9291150784759271 
-0.9249016610636182 
0.7182869552308575 
-0.7057659868783843 
-0.01360823614277642 
-1.127570259384925e-17 
0.0122746842563638 
-0.6217622485544755 
0.103294697073527 
0.07400428938773652 
-0.1551166989440178 
-0.9645966110063203 
0.003855347676630521 
0.006835769555196708 
0.03338425246187614 
0.1592626340564506 
-0.2280287113268003 
0.5023928470426353 
0.02785339467002005 
0.345077098344442 
-1.145480066262549 
-0.5600020145478587 
-0.9032845119706721 
-0.7668899477749654 
0.07746042776361073 
-0.2674812524165067 
0.4206462566936736 
-0.7289803133781133 
0.2077068049652844 
0.06671421513746793 
0 
-0.2815149496117191 
-0.3995084367654209 
1.644229982941348 
-0.6003052646318199 
0.440788633680869 
-0.06930838280369341 
0.5449752206591003 
-0.1017351263249319 
-0.0008219631832197159 
0.260707042817221 
-0.031717422471255 
0.3072836801527867 
-0.3172776148220108 
0.09997803354697721 
8.673617379884035e-19 
1.477520364053753 
0.07397192790680293 
0 
-0.0881215407990682 
0.04756491142563839 
0.3286992338541192 
-0.7540831763954987 
-2.542882273267049 
-0.4994119308347258 
0.7827714143471665 
0.07676783436744622 
-0.2920295788019903 
0 
-0.1643165372790643 
0.07500470472846277 
0.01486268939017905 
1.166953038914148 
0.1576017259355144 
-0.03696844602534274 
-0.07399695128462534 
0.599981696269412 
-0.0134493106988748 
-0.4534613184779874 
0.21671052408954 
-2.168404344971009e-19 
0.6666810017421549 
-0.2615743249748825 
-4.065758146820642e-20 
-0.2754895081152172 
0.1950082737973294 
0.6196484888878472 
-0.631672809991903 
0 
-0.02027576764343056 
-0.2772436804937187 
0 
-0.07033799543521535 
0.7737438271213901 
-0.3658114509428821 
0.3954958502732511 
-0.411062288596044 
-0.9821502617367336 
0.1989276872637717 
-0.09608804676332357 
0.1038216402673808 
0.2039399771516406 
0.00354711024221191 
-0.1080424609966091 
-0.09880356560791612 
0 
0.2185845859420714 
-0.1443103187911796 
-0.4719286651377622 
-0.3114804889685636 
-0.2053876808120664 
0 
0.0006715340685477459 
-0.1065650241528801 
-0.3947765582199103 
-0.4642475211167562 
0.2323095947286504 
0.01591571671028206 
0.5845726710985913 
0.9247269139641834 
0.347523714330968 
0.02544814869107822 
-0.8155214923472702 
-0.3803945636111964 
-0.8391000287829146 
0.01119534976632169 
0 
0.2892148593579909 
-1.158801387726778 
0 
0.8361846422578177 
0.0348983814218422 
0.3049583449841024 
-0.2137506364607409 
-0.1827251503832085 
1.098132056666529 
0.1939987789228955 
-0.04954319834462788 
0.005567874631517011 
0 
-0.1268149915270035 
0.7956900136036335 
-0.951615223526963 
0 
0.1248146080076528 
0.03269269404421158 
0 
0.01212467221656868 
0.1259166812736048 
0 
0 
0.9313272579326558 
0.1963068922361801 
-0.5660430038510846 
-0.1876962548058198 
0.01967983090794262 
0.2572195881453725 
-0.0508815687688747 
0.7429205265475464 
-0.08400821728439753 
-0.004523810205258762 
-0.7242642516227777 
0.04010150027889663 
1.49999086680355 
0.3439521765985352 
-0.04355150731753796 
-0.2324467758200392 
0.09186308879361933 
-0.01281682883498039 
0.3089528052266992 
-0.05793549169024918 
0 
-0.02061395709849936 
-0.4928130099362961 
0.3432532110502151 
0.2376935856950994 
0.004710140077434539 
0 
-0.1659748351606458 
-0.1184893036078068 
0 
-1.247808801953376 
0.001438444085854482 
0.01272298593600701 
-0.06285777182017734 
0.004637233510413786 
-1.72299465268764 
-0.09379536481478198 
-0.003467797946470375 
0.2085512257139257 
-0.1234666296505293 
-0.5339023272390507 
0.02244268461349629 
-0.0438644240972197 
-0.1248219916250275 
-0.04077156070332765 
-0.2218639624936491 
0 
-0.7145938227440168 
0.03754975302650613 
-0.3524180702526132 
0.1337374690916945 
0.005323722464480441 
0.2688961437338947 
0.3987011112513531 
0.3481773077197761 
0.0254332325161519 
-0.08469193580332648 
-0.8031509209508466 
-0.7203303382548044 
0 
0.1743530890561984 
-0.6060010153214472 
-0.3139217696758129 
0.1034007649657162 
-0.001310440167535734 
0.2512871054242179 
-0.3431315406707781 
0.6609040810955277 
-0.2286744187544764 
-1.169475130227159 
-0.04520636260983575 
-0.2591340956788578 
-0.4895632912174088 
-0.00610655761351314 
-0.2487456001180373 
0.00344000522183259 
0.0008988901171761677 
0.4254703659041723 
-0.003362143170254204 
-0.12766735422823 
-0.1483247786241291 
-0.1318830733500966 
-4.336808689942018e-19 
0 
-0.565627356045261 
0.04993789367667976 
-0.4021819446462399 
0 
0.5903808810091228 
0.002409253342839603 
0.2695673385693867 
0.01244800624906266 
0.01508574595106115 
-0.3430790338775798 
0 
-0.2872945939221809 
0.1266011475717925 
0.1069499229510475 
0.578184620330651 
-0.6686115993744869 
-1.247683277637371 
0.08671615738034859 
0.2200752520574542 
-0.1318417296820822 
0 
-0.004590755306562066 
0.06248845658932878 
0.06603011015463012 
-0.2206135619067193 
0.4835471405492431 
-0.1310880289334898 
-0.06256913292965513 
0.1463693377235158 
1.408981263162596 
-0.009873319805121053 
0.271498536728545 
0.1401963254460443 
0 
1.256654820721936 
0 
-0.160832988470359 
0.1508330151665813 
0.07748953828888487 
-0.6100996249513629 
-0.6956581804382019 
0.6993797888884771 
0.139040258523372 
-0.2886411744602735 
-0.3241377201424471 
0 
-0.7027846782220123 
-0.00156010606033956 
0.13836459322092 
-0.1486486428621202 
-0.8427049441873792 
-0.5274252544654621 
0.4037989451964841 
0 
0.8040288685442938 
-0.1275270753854346 
-0.1989552635812098 
-0.3301093807571978 
0.2937866113416072 
-1.030392548556278 
0.3861396932353913 
0.769085665957879 
-1.09473603519636 
-0.04509231211483745 
0 
-0.3958490368085258 
-2.273774519461516 
-0.01485412890716014 
0.2753064738598652 
0 
1.041706863869526 
0 
-0.0005167035449572693 
0.790721674131927 
0.3108039319385623 
0 
0.7072596052618458 
-0.2663093435181103 
0.3921391491810808 
-0.5107278442021931 
-0.523938928330923 
-0.7887810931941602 
0 
-0.2303873834666079 
0.06431175816337668 
-0.5494592843987327 
0.3151252921642427 
-0.1684407632914423 
0.002908367768478632 
-0.5904963683397858 
0.3838797733127333 
0.1019371447539367 
0.01289674059753055 
0.0704831690160747 
0.08006662402984603 
0.5779486930409258 
0.3196951475371353 
0 
0.5381043334031983 
0.1348037915269858 
-0.04239316624525918 
0.193059088380966 
-0.2756336839850966 
-1.409339305185499 
-0.4814978842917116 
-0.09990639489339045 
1.192649924475957 
-0.3920462477275623 
0.6037834997494803 
-0.3011529667921728 
-0.3248256116092408 
-0.8843869897739526 
-0.6973404673435043 
0.6835790302709015 
0.08158252677742021 
0.1212922170848039 
0 
-0.0004497211198704646 
0.5508943235711453 
0.02018260109428951 
0.1786538282581267 
0.01178243727715361 
0.291062375108192 
-0.1694829888173639 
-0.3618263839170455 
-0.1068685590017708 
0.8180264382242045 
-0.4651282353201497 
-0.3448831852427457 
-1.960854303148031 
0.004828931796716401 
0.01223475155379417 
-0.4783984129696132 
0.580494056048058 
-0.6560442556650857 
0.1577609508635152 
-0.3038979093430058 
0.03034295420292093 
-0.04391452667308449 
0 
-0.01225550088308435 
0.739331909075192 
-0.2092999624077296 
-1.794988077472746 
-0.2520027923071375 
-0.5953727465949884 
-0.9297945520270327 
-0.03309178640608638 
0.7207505107379965 
0 
-0.846347817692566 
0.07150235005558887 
-0.2411513719599486 
0.04011304590533983 
-0.1333046224247769 
-0.2298971037236492 
0.05315901749938523 
-0.298118877295085 
0.9689354038762422 
0.02461013739576659 
0.08512913515882024 
-0.5833719899783398 
-0.4265154565122434 
0.07236924141918914 
0.01974164107526342 
-0.09756477110360515 
0.003020137559428602 
-0.04502455701928729 
-0.00658037682549822 
-0.4391176536981596 
0.05613999542846941 
0.3446542926503832 
-0.9065551881784443 
0.0587836316391122 
-0.1748524524275211 
0 
0 
0.26335400905335 
-0.4257522141376542 
-0.005707775306323718 
0.1536206757996232 
0.3373586885488183 
-0.2285509398898047 
1.046436017929882 
-0.1633753506065018 
0 
-0.396491585957194 
-0.4533147816412801 
0.005886737979356207 
-0.1984308221412613 
0.002283476008741121 
0.07847316000755733 
0.08235377461548685 
0.1937780632096963 
0.2817191042151334 
-0.7040377854950557 
0.6802778837968608 
-0.2621144098288907 
-0.007774620660901366 
0.1005386471264863 
0 
-0.08684965084806667 
-0.1217998674253531 
-1.112262370656436 
-0.17910923012337 
0.6439013586052215 
-0.4026707707755129 
0.06366042891032386 
0 
0.08867129982064781 
-0.6053191339000293 
2.168404344971009e-19 
0.6074543008027659 
0.06776299641878533 
-0.1898431457958479 
0.1433483589765517 
0 
-0.2964438733230096 
-0.02672647101378439 
0.2665421675513122 
-0.4626589855984547 
0.06479442500183136 
0.03944684619818373 
-0.1060824068245196 
0.06640513866077898 
0.01460297263169247 
0 
0.7231040669131402 
0 
0.5626499166332982 
0.9386005989733227 
-0.09423825192630091 
0.5796367817804086 
0.2382987760219266 
-0.6175400697631641 
-0.09263326207603038 
-0.7196870356383809 
-0.4055897613762744 
0.9382494449679627 
0.02077991158976222 
0.2719878337667799 
-0.4436690663732775 
0.007779954010411121 
1.732839407136402 
-0.688590081738423 
-0.05157966051471874 
-0.02671593463629434 
0.2538672916057848 
0.002476354902175472 
0.1667809315775434 
0.03537587326722864 
-0.00730764545797926 
0.6284811544568961 
0.02596058951826459 
0.307841629189512 
-0.5483716370711674 
0.01327340827641551 
-0.1856679855655979 
0.1518297040598692 
0.1403704319781443 
-0.4335957405339019 
0.05594611849650814 
-0.8660252847858283 
0.1427081691864404 
0.1498621368087616 
0.6732514344141918 
0.6823193118933817 
0.4272398828078299 
-0.5101675754806284 
0.2321159725191786 
-0.516922429695727 
0.1928676447734545 
-0.4588031029906413 
-0.3697707066810852 
0 
0.504719745414536 
0 
-0.04793306762185107 
-0.1080946703748443 
-0.4201879846454228 
-0.859380385683536 
1.40069386232379 
0 
-0.005536075972504015 
-0.01367284852480759 
0.01144633027781867 
0.08800508620555511 
-0.07677250100513712 
0.1256993896767443 
0.2519836596766676 
0.2664157819143097 
0.5792827429947756 
0 
0.01730629384654603 
0.003472566308263767 
-0.2179891157025995 
-0.1633237753423708 
0.1349635145354925 
-0.4206824186730842 
-0.1179915929488129 
0.2682572669283074 
0.0149923840906487 
0.04776139954402164 
0 
0.8026408954352408 
-0.367619123650599 
-0.4090166847630043 
0.03374010152921612 
-0.004179367298614041 
0.2968455547215922 
-0.05073711389899287 
-0.1417948681758065 
-0.02142861841962125 
-0.01040309669719319 
-0.3634473491148647 
0.460899750338062 
0.488598315080875 
-0.6396587687363857 
0.4671581322651934 
0.0983345252625234 
0.1799759296574237 
-0.6152508178753363 
0.9001304065077865 
-0.03468202004442462 
-0.5168391649848495 
-0.1244705232359973 
-0.1383715002917842 
0.09203186990044099 
0.003614728734082584 
0.2261520924757982 
1.578847660263869 
-0.3889010624936051 
0.2837544676861823 
-0.1615099169938644 
-0.8412122394693869 
-5.421010862427522e-20 
0.2177753427522121 
0.1382785128856485 
-0.685433714580695 
0.1282417406042281 
0.05858487823019511 
-0.6841068196929704 
0.1200529943830443 
0 
-0.2857532439915957 
-0.0594573379933567 
-0.008257744884648262 
-1.072904912519185 
-0.04876910199642626 
0.1100414642828102 
0.08324173456009519 
0.1220669755332302 
0.008220459822868313 
-0.005870290068099059 
-0.4861417584457812 
-0.5196301263539103 
0.1464813904217369 
-0.03037878922578019 
-0.4167514016397555 
-0.3100536651073368 
0.08774497233721722 
-0.02562489929168976 
-0.3054735988894652 
0.5372906127440047 
0.4177813074817265 
0.05799303752771047 
0 
0 
-0.01847311633428921 
-0.2328695837727777 
-0.5107942599254228 
0.2796094021309378 
0.1743006908174644 
0.07524939106445895 
-0.7544362046712001 
-0.006769730524325362 
-1.405448148367422 
0.158311060439772 
0 
-0.009945132257612619 
-0.6079819079226764 
-0.1272579073350752 
0.03415826796566039 
0.2501595397635659 
0 
0.006413489756182854 
-0.2023257396753208 
0 
-0.07834459454192588 
-0.3691406144192935 
-0.01821341501477756 
0.3086852559011133 
0 
0.9586246634126473 
0.2447077925547544 
-0.04878501460845593 
0.6466624061894002 
-0.5824127236489338 
-0.6577362575146988 
0.02941920132977786 
-0.02315189195648607 
1.112936431341088 
0.4326038742703572 
-0.01803390869887 
0.1422192311928993 
-0.7710106274243348 
0 
-0.6009948178553054 
-0.02133791084957811 
0 
0.2285003765687786 
0 
0.1283164231916687 
0.1618492167738617 
0.09697713994431797 
0.007497377192219322 
0.5836663156463811 
-0.3791706613542512 
-0.3609935196928475 
-0.3199082698113027 
-0.7465329377637552 
0 
0.2707737239506436 
-0.133783060601656 
-0.1784674891863386 
0.4759320143732149 
-0.7501501715390577 
-0.1625530137441734 
-0.7320738899036665 
0.718722340062362 
0.2278484999634889 
-0.4965818871808197 
2.168404344971009e-19 
7.37257477290143e-18 
-0.2654389172090386 
0.5550151637452819 
0 
0.001500552255882189 
-0.09524493117396722 
0.1350473373515576 
0.5896142459528773 
-0.1557597635963673 
-0.09707579587258379 
0.7195432487603216 
-0.0441084272891753 
0.68556309477977 
-0.430672166943536 
-0.5658406018797244 
-0.285248635381474 
0.02656035857534768 
0.117337881815058 
0.1745112991527726 
-0.5198869898233162 
0.1276808536283098 
-0.003292557185910934 
-0.012756775915327 
0 
0.3695806918464324 
0.2192539984596118 
0.1246447466217889 
-0.3121492441248556 
-0.08835066160095535 
-0.1060537593930358 
-0.2378442929263436 
0 
-1.053112479250846 
0.1254081788802928 
1.515173650678011 
0.02174439064356524 
0.002466800657083969 
-0.3540184548648265 
0.02782138399693429 
-0.02624084157758099 
-0.709901084191246 
-0.04242053622162113 
-0.2106335282431085 
-0.08463905084097008 
0.09258564180357051 
-0.3813409338129253 
0.3736501299765702 
0 
-0.2990153889701427 
-0.3405246230990516 
0 
0 
-0.2396978694462484 
0.5861325215856356 
0.03263332857187819 
0.3226788707780669 
-0.3376698575563382 
-0.3906058617737877 
0 
0.008483535034920683 
-0.001285638394616097 
-0.7734017995343816 
0.9085803250513239 
0.1483868445148868 
-0.4336892514612807 
0 
0 
0 
0 
0 
0 
0.1791504252440785 
0.002181981934385929 
-0.2403790937559454 
-1.057923584490437 
-0.085108766539706 
0.0007221532826213697 
-0.05665313080559641 
-0.2081816990753637 
-0.0256906657946158 
0 
-0.2429263850729156 
0.1554623727583971 
-0.2896727084101471 
0.1266844028010189 
0.1744034209554523 
-0.3826685248845464 
0.5330855270181516 
-0.1779349194497141 
0.1962161876553168 
0.07478163463347214 
0.1031879352058111 
-0.5494624896946849 
0.09603955635078329 
-0.2182779597655978 
-0.1770682062596089 
0.3163074885573006 
0.566321503050966 
-0.7006655403707613 
-0.1051612114208082 
0 
-0.321896679285585 
0.0113370157201646 
-0.1210453873897208 
-0.0445176248868033 
0.0137322524287234 
0.1885559950537072 
-1.472952976434263 
0.09651757876449278 
-0.457511991007823 
0 
0.01857979301164548 
0.5297782461789597 
0.03534419564724491 
0.3262830618926316 
0 
-0.2233542559016164 
0 
-0.1379872760491806 
-0.1808553469367444 
-0.1486974822015499 
-0.993093638813941 
0 
1.548129202159832 
0.03482842081853924 
0.001622943738321464 
0.04188567486418159 
0.6959529720048003 
0.4596014696764029 
0.1414325953388716 
0.01747947509210203 
-0.08465049292376373 
-0.2804656549888707 
0.003251327862067336 
-0.0197234496892152 
0 
-0.0889227842437053 
0.2409837150553702 
-0.5065600066578972 
0.7168471428424783 
0.5272843074758158 
-0.03256520578407841 
0.3414498808930141 
0.2446006627339336 
-0.1944291101146527 
-0.1058138240858547 
-0.1710889107505915 
-0.4805616436227056 
-0.03190917331711614 
-0.2597888560604008 
0.2635940706299584 
0 
-0.244914540769453 
0.2484168019488492 
0.01779823700194682 
0.5261759723655913 
-0.1563080006099459 
-0.06315720707323545 
0 
-0.3016127782409233 
0.1926092308738176 
0.1389399604031918 
0 
-0.7444202792173754 
0 
-0.8282587705302623 
-0.7215749195608232 
0.3864938997923752 
-0.247393167745968 
0.06005247566130964 
0.01665356407021388 
0.016911197702542 
-0.8666143729845848 
0.03470537756828904 
0 
0.3654473052901707 
0.1723055521465454 
-0.2376260588224054 
0 
-0.08956363007138744 
-0.2629763690315747 
0.3303837524346151 
0.006137419167348364 
0.3328058329452133 
0 
0.003983715521892686 
-0.3117318102390704 
0.4049809445275642 
0.1132350099394605 
0.1177750584071559 
0.1382049965222203 
-0.03624279672477559 
0.3144475439708531 
0 
0 
0.1763829656930114 
-0.09615062305009575 
-0.3626909933417123 
0.7290347568771802 
0.4734921330197112 
0.03290727236372817 
0.2676388105026437 
0.07747423137894288 
0.7187074122852956 
0.01569810670152129 
-0.1004089682597265 
0.04212209030821342 
-0.2058325930027092 
0.6323977546987201 
-0.1729128483318893 
-0.6078662339696227 
0.7503543033309811 
0.1942647225864963 
0.4393157247379882 
0.01648358278950932 
-0.2876005592585061 
-0.04531747067358379 
0.3006192935270404 
0.1603989017307145 
0.2806907022700619 
0.8692417937636179 
-0.4371920156009612 
0.04986118242334023 
0.04195288075789554 
0 
-0.03489053041162228 
0.1435065821941212 
0.1485047903840134 
0 
-0.03699404372547544 
2.710505431213761e-20 
0.498183150411637 
-0.1715927363849684 
0.0009733170882805206 
-1.46206968822927 
0.003766088385055777 
-0.5298670605577541 
-0.0172088359788273 
-5.110956902324727e-05 
0 
0 
0.03879289245532078 
-0.181005606182652 
0.08241293328334252 
-0.1643265928039007 
0 
0.1530076787472486 
0.002116277144755359 
0.3745157255600089 
-0.3250389671689324 
0 
-0.805997257868441 
-0.4365467719964061 
0.1506213472862786 
0.2071730657305716 
-0.2321755655289662 
-0.389729337020878 
-0.5825073970923312 
0.6096976114066829 
-0.1106212805832246 
-0.3972684501976839 
0.4093853979929378 
1.472087584529499 
0 
0.4655557876398002 
1.309544803697932 
0 
-0.3275178838893871 
0.4242163571357566 
0.1304355935419598 
-0.5581143228627039 
-0.05728998907330302 
0.126397715710319 
0.05584519593720245 
-0.06183991023824057 
-0.6760684577533703 
0 
0.7230785561841082 
0 
0.01983967269615489 
0.03456023653213909 
0.2303408288517693 
0.003534802369990543 
-0.8658533878284284 
0.09413165096841081 
-0.005131154484124933 
0 
0 
-0.492112139759538 
-0.01842074320944375 
0.04582861703761668 
-0.2408988670737995 
-0.007626964934127072 
0.004583599395146082 
0.02248069357665186 
0 
-0.01682709144182441 
0.2025023297375314 
0.1354312426833556 
-0.3111767849200278 
-1.207892340828138 
0.7144039888047252 
0.183199353829299 
-0.4209975884381689 
-0.3742057216701469 
-0.008020129867150396 
0.007185138030386585 
0.8427666948476678 
0.1293512346478725 
0.2028101339867597 
0.4208403827081165 
-0.0965409351782248 
-1.067875068017163 
0.1479802072283678 
0.3380647648610074 
-1.018850644185318 
0.5619710681306315 
0.2586438783924744 
-0.4511215970690641 
0.007393638806076858 
-0.5003429697622955 
-0.02950925492645867 
0.1683420894062813 
-0.2432428244390485 
0.05473706995310471 
0.247455955785992 
-0.5343642139883489 
0.1934431544033223 
0.06040529678208389 
-0.4288586352554605 
0 
0 
-0.4294543989578648 
2.168404344971009e-19 
-0.02043920010431553 
-0.08770842464601722 
-0.1109905444479143 
0.1233769366414275 
-0.06266453445010185 
0.4128660020788673 
-0.01203072871927503 
-0.04076090221377489 
0 
0.03194955497417983 
-0.05628512618626596 
-0.123757407181617 
0.1930112228648472 
0.163208850243285 
0.04272875023782958 
0.3946005803710426 
0.04737921356957923 
-0.2775023009784905 
0.03107415167919646 
-1.209454000802391 
-0.1277772716018553 
0.01299698819491074 
0.1049772171843717 
0.7290725180409485 
0.3257028227349093 
0 
0.2043795506524661 
-0.09480812592324887 
0 
0.2200017064688303 
0.02656629507833453 
-0.07974078476105358 
-0.3100553674430299 
0.4848004351414854 
0.1493949627320444 
-0.6003478907765704 
0.3210594797972655 
0.07748758052184303 
0.6900569413375687 
0.3310983551156401 
0.4974200458023874 
0.642652365848856 
-0.1162044590044889 
0.01562622131230295 
0.6026640379797044 
-0.0583207511551513 
-0.4978042233910998 
-0.1636286818913066 
-0.03728434050322796 
-0.3216459116884183 
0.05366810018335137 
0.004607378450758079 
0 
0.07621062307272705 
0.1204947264567359 
0.1239044584783336 
0.1192779288742147 
-0.5234462547957391 
-0.7496521035557469 
0 
0.2935986118453984 
-0.8446719767640506 
-0.08285722969430198 
0.02596308620018225 
-0.6558844717680383 
-0.1756962599307302 
0 
-0.48174785912915 
-0.235097002023141 
-0.02433203082735265 
-0.3037027508579042 
-0.8722532297316021 
-0.540479050270564 
0.09093188837893564 
-0.06552104315375205 
0.1981209536835007 
0.001434952320686231 
0 
-0.1635428760238928 
0.1073145114438926 
-0.2865057380070816 
-0.3477270493196477 
0.1660627801312113 
0.1570728743120963 
0.4204572522016816 
0.02141224875747444 
0.08629256365687658 
0.2299753761220392 
0.4886454146046574 
0.1772600022298062 
0 
-0.9576736394325664 
8.673617379884035e-19 
-0.473307728099177 
0.03678960850544079 
0.005725493436870711 
0.1441149521608684 
-0.08432937278983044 
0.3512133796686904 
0.001321485004121566 
-0.8313971155538931 
0.1655333974925163 
0.1694367278981718 
-0.8199525691281344 
2.710505431213761e-20 
-0.168780628365065 
-0.02072929667771265 
0.004162364651896866 
-0.1154807055249665 
0.5691604861631337 
-1.380773212649205 
-0.2559598036292033 
-0.8644910544405444 
0.4389450856286863 
0.9753278071031179 
-0.4817025869445204 
0.0104146008597731 
0.1836682481868278 
-0.8849990936080946 
1.151874150533428 
-0.1534259097556309 
0 
0.012501767819307 
0.1740578932382481 
-0.5980004060208427 
0.3224148706521794 
-0.6182331160797175 
0.3564243240986905 
0.4302918638170629 
-0.1323024582599538 
0.2822828644497315 
-0.03507221221443896 
-0.3433961202925896 
0.009540940412995668 
1.788982703106714 
-0.8043846969783884 
0 
-0.7796502222467177 
-0.4760685828613359 
-0.2038445508392567 
0 
5.421010862427522e-20 
-0.5270926590472906 
0.2092102704221057 
-0.1977933855421488 
-0.0355783756977264 
0.1230575015800408 
0.1272465569921121 
0.07840778985579329 
0.4889094107953954 
0.1523490198134113 
0.4686073433362228 
-0.2059179508445594 
0.2488555783722913 
0.1916572706333588 
0.0373908173166736 
0.07707639736178851 
0.009529363249804555 
-0.5789696576979273 
-0.2359234653362445 
0.5105186124301162 
0.3454495882105986 
0.04020699899480993 
1.228972652547218 
0.05569482146144617 
-0.07693551032125405 
-0.3469496019745233 
0.06695752397803874 
0.8486830013385054 
0.2466858485320885 
-0.6658367355898257 
1.005620915274544 
0.0007693679619613879 
0 
0.0127654001933611 
-0.3727802927858212 
0.01074874335131575 
0 
-0.2082061673767778 
-0.3815865475900294 
0.1013379467505727 
-0.4398671193276064 
-0.6619617863972939 
0 
0 
0.007954530506742056 
-0.3713525432727839 
-0.3568631644761004 
-0.9326513488602369 
-0.09155930371746597 
0 
0.156198135800494 
0.5709395739890687 
-0.2884630863881827 
-0.2183884753213318 
-0.1848581452438108 
0 
-0.05461445194797861 
-0.04728776833534779 
0.4095431487579497 
-0.389721283075234 
-0.2642275459897788 
0.1676753688619764 
0 
0 
0.04677358911757763 
0.04859780130094606 
0.05596521281999599 
0.2848357161333971 
0.1073073281997371 
0.5330147250012855 
-0.0211455472155212 
0.2300195670592426 
0.2591939070072958 
0.02401236424872465 
0.1504110302936008 
0.1398547836064065 
-0.01342350446286811 
0.1787995995359875 
-0.4116328823838455 
0.001049296239340183 
-0.1182106798843959 
0.389805431241753 
0.307088828123321 
0.001324584418880387 
-0.2401466155925704 
0 
-1.303568070355762 
-0.2272966161512585 
0.3167290539482302 
-0.5504322678102321 
-0.02049740885704427 
0 
0 
-8.673617379884035e-19 
0.03843514299923473 
-0.4599789550414241 
0.1276056003406161 
-0.1220162611321809 
0 
0.1731221558248756 
0.6454721909094441 
0.6511032446726469 
0 
0 
4.336808689942018e-19 
0.06725311646520206 
0.5673591613710204 
-0.006710892322961365 
-0.09426334245934954 
-1.843143693225358e-18 
0.1305857641602408 
1.308107968274091 
-0.4077098147267071 
0.8010646072510644 
-0.09687563460129524 
-0.2085612814383413 
0.3398808240076159 
-0.3698980353805285 
-0.02724001878835922 
-0.002994586476647537 
-0.1410946053904353 
-0.7206686243916008 
0.06239594666395969 
0.5337948586999538 
0.01294759993594615 
-0.4025942134298864 
-0.2092086730740489 
0.07689355304391028 
-0.03230807158702039 
0.002230925881635307 
0.2076474574458558 
-0.08678905841214955 
0.03892953840764211 
0.4925218670686036 
0.1337228181653525 
0 
-0.4312051515033569 
0.426896914484365 
5.204170427930421e-18 
0 
0 
0.449036406699808 
0.03525257150103093 
-0.6574860324712837 
0.2084211422860818 
0 
0.01463757731811925 
-0.7366780314282392 
0.3060418043246247 
0.2534599603457551 
-0.8159131442095096 
-0.2347226184114811 
0.1265354926336345 
-0.0144553901324799 
0 
0.1960378955760843 
0.05379499575448185 
0 
0.1365470505944315 
0.2457615513823317 
0.2644704223500551 
-0.8135246300022277 
-0.1069415667130869 
-1.302618883068601 
0.01319509034215754 
-0.3885286386905242 
0 
-0.2416056230403763 
6.586106566112797e-05 
0.8575467305237867 
0 
0 
0.4626425639771823 
-0.0821633516753979 
-0.4480682912423369 
-0.1893921046057219 
0.09431597387154311 
0.4525122462565856 
-0.106378430092839 
-0.1130047579506831 
-0.05382935027198574 
0.03307586098955469 
0.1474147855570035 
0.1221395723728357 
0.01241259473560782 
-0.2553883975665507 
0.08886422404813418 
-0.3972509924272929 
0.01166304006451063 
0 
0.3570669471213833 
0.5815133199232713 
-0.003986145262639848 
-0.7778569161237507 
0.002199235001994261 
0.01638674310589605 
0 
-0.07387093031676976 
-0.08545670067942682 
-0.08817123162525663 
0.2054985004076209 
0.5688043716537542 
-0.06681562633720389 
0.1558432121057839 
0.3505101465437176 
0.02359520240912509 
0.8447578773704665 
0.1854588597805114 
-0.1903750382207863 
0 
-0.884309525333414 
0.007535386133530816 
-0.313197955197658 
0.07446297549767741 
-0.8715776420791692 
-0.01070523113259447 
-0.1610017438936531 
0.3933029337925776 
-0.2352824697501867 
-0.7302696644868494 
-0.5884671668721113 
-0.05122230761255204 
0.1425026160707405 
0.07228951414709954 
-1.198150190481767 
0 
0.2121122886504204 
0.2683548879160107 
0 
0.09851931547755628 
0.1180679781842509 
-0.4025261241845899 
0 
0.04703417617124732 
0.5591975077346424 
0.7037077931515814 
0.02001510894026629 
0.07051503674095899 
0.09731980302683492 
0.2550312675863984 
0.2632378900333618 
-1.026250520365779 
0.02046577518018788 
-0.2711074781756109 
-0.6344893659450696 
-1.29020058525775e-17 
0.1746068463629986 
0 
0 
0 
0.2062384976768536 
0 
0 
-0.4678839010333735 
-0.08498170990307329 
-0.08094594795122817 
0.1044183023477885 
0.03888683699435513 
-0.7575307671559999 
0.599768423948455 
-0.4929960624650896 
0 
0 
-0.3252114797176663 
0 
-0.06561478187097358 
0.1217617320342475 
0.03111457005695381 
0.9823185181423069 
-0.09623580829216817 
0 
0.03269283434246276 
0.2626022682363158 
-0.4966090512287664 
-0.3092765162451858 
4.662069341687669e-18 
0.705397606144248 
-0.5892715947724569 
-0.1909633268518503 
-0.1172051852579009 
0.1993913090345665 
0.08930025820582334 
0 
0 
0.06813825029031356 
0.2779705315984115 
0.3357842390211929 
0 
-0.209483096542442 
-0.006681335073135933 
-0.03983311988780454 
-0.4322194597886891 
-0.05859698100168556 
0.06871275974059657 
0.4077565280865709 
0.3949820379316317 
0.156808522889999 
0 
0.6143301026036456 
0.02850060472106504 
-0.3264824830847414 
0.09868857837820184 
0.1217009604304105 
-0.1032483673836066 
0 
0.008409931131060099 
0 
0.1348101022569889 
0 
0.1419492185466832 
-0.5992741169152549 
-0.4249023344689993 
0.08939895174815431 
0.07399203432220026 
0.004050730996032382 
0.02519592043340422 
0.1776401868134194 
-0.2260510049575883 
-0.01899788905090108 
0.01119504087603925 
-0.04026488360799157 
0.144628219147608 
-0.125465019275849 
0.07150745610401808 
0.1650296918064816 
-0.1184143096998401 
0.1246098580170627 
-0.1213376142810192 
-0.2074524319840204 
0.05215902613544738 
-0.180379132471158 
0.1706094955907678 
0.7567769964164693 
0.2568487849350204 
0.1259032819857089 
-0.3958797166674899 
0 
0.01644380664728521 
0.1732527128369304 
-0.2744133548430331 
0.1269579959065394 
1.164314695144355 
-0.9501575283123618 
-0.007053468457086466 
0.755734069165758 
0.0111512085405519 
-0.1576539590741786 
-0.5714465056988598 
0.2739324742038495 
-0.3393896641400585 
-0.1490683545708851 
-0.7387392850958743 
-0.00478784941176963 
-0.1256261573621289 
0.1440457341984736 
0.2837716494749887 
0.03106748477193532 
-0.01379987941514611 
0.01366204020676332 
-0.1688414622059707 
0.001862213267346923 
-0.6286470807557302 
0.5544891905187082 
0.01175375546560552 
-0.1600039865059638 
0.04818748271000062 
0 
0.2108924525147925 
-0.2772083309730469 
0.3164324058690008 
0.192927182815543 
-0.2074542781270466 
-0.3310970861308083 
0.014289246344093 
-0.5185643654538462 
0.003459945302227495 
-0.005014203465809496 
0.01453893845014291 
0.1619577864389239 
1.228597612352774 
0.3591738318981699 
0.005171316331923719 
0.2304412528054165 
0.8771988191927569 
-0.4962741579849205 
-1.514785049304002 
0.1827894429238866 
0 
-0.01169076960488644 
-0.06092854128112197 
-0.05774921920451739 
-0.01405258596315175 
0.1140936020494596 
0.02800274451754584 
0.2935270295042283 
0.4018513756213307 
-0.04262144948035574 
0.7961995357876792 
0.6959748207933598 
-0.7529683725022411 
0.1972923614979882 
0 
0.2357606795127803 
0.01648099507286262 
0 
0 
0 
0.5365933428124303 
-0.0009246247423375747 
0.009688009809045177 
0.1193511427072217 
0 
-0.5514580113874256 
-1.155607752158021 
-0.07911404914648698 
0.3128692892969373 
-0.1912963488523072 
-1.282890870727197 
-0.07006037733339156 
0.1847586015301994 
0.253248569841699 
-0.48242513915428 
0.4492967239961146 
0 
0.1009828935393763 
-1.24806244971954 
-0.0262939562698502 
0.7490112497986344 
-0.8879623268786366 
-0.1802239246549287 
0.3911879633624908 
-0.01987554877406167 
0.08706678045365042 
0.1339344029111751 
0.4437370667084743 
0.04518626543678146 
-0.3793604118901052 
0.8539881623458816 
0.3405470850617097 
-0.004131583594624675 
-0.8665961704249668 
0.4382832879571659 
0.2089975789849615 
-0.1452593392091611 
-0.7026612262584019 
0.02804065736679305 
0.39651144989187 
0.4580654767859538 
-0.7902638684799198 
0.08224771046106878 
0.07198893020068814 
-0.4834007132364167 
0.7156817063967019 
0.2018126478159121 
0.2403023765436723 
0.01406273597693143 
-0.08444900493208041 
0.6078035593450648 
-0.07034986595099292 
0.1875081859788083 
-0.05221901219157085 
1.186768731701763 
0.6175976182253887 
-0.07134003489469243 
0.05338203767344303 
-0.2429132611500575 
0.6798666325895931 
-0.8227264424501635 
-0.6696948682127952 
0 
0.1384227319434925 
-0.3467073037750347 
0 
-0.1074483137681773 
-0.6131415549250402 
-0.0173456601173133 
-0.4447951570165433 
0.2740035669715384 
0.09878748505253729 
0.7629323233995913 
-0.4471164843912013 
-0.04185604046612143 
-0.1936063574469306 
-0.6122658958207639 
0.2707225903194682 
-0.07371571796703281 
0.0007906643206499883 
0 
-0.1903653057738194 
0 
-0.1585064649729777 
-0.8540920848067487 
-0.2805416732108187 
0.111492929422657 
0.6616090714217185 
0 
0 
0.07476842952499732 
0.2402431153573841 
-0.04456876853927209 
0.2387522479045502 
0.8415342004034285 
0 
0.5751027782851048 
0.005395529722823826 
-0.6965163591621882 
-0.1430469394140972 
0.724483614890426 
0.2130436084776912 
0.3485993083265533 
0.1067168131981839 
0.4127087329776707 
0 
0.002279707539745544 
0.1698414103716682 
1.734723475976807e-18 
0 
0.5877586858364459 
0.6405810061464126 
-0.00967112518619522 
0.2155124049284013 
0.1265405219339561 
0.2917810293757684 
1.115651438454958 
-0.09427576470011334 
0 
0 
0.1472181834423216 
0.03445400298888052 
0.01045261250077949 
0.08098559658753127 
0 
-0.6072976686564461 
-0.1801594451792364 
0.1449634389883066 
-0.8637486366997286 
-0.1270466878257836 
-0.130308873542496 
-0.3826853469607215 
-0.008459964756634041 
0.004613422686864795 
-0.3165724191645501 
-0.01800200107775181 
0.8450733962142065 
-0.1083376474996308 
0.06937399340501028 
-5.204170427930421e-18 
0.3014502878726759 
-0.3623637717354638 
0.3783563389532504 
-0.5450260508231612 
-0.5680651540983338 
-0.3979939243503532 
0 
0.1300953874922975 
0.3036915316902506 
0.3520450298399135 
0.1233606129120852 
0.1436619048161265 
-0.1984770567646361 
-0.03638972019689925 
-0.1587539885156976 
0 
-0.1849972526776269 
0.5981307228047786 
0.03658452889935292 
0.3702441706782776 
7.860465750519907e-18 
0.002085617175667152 
-0.001031928219067625 
-0.4654316987187245 
0 
-0.2690311497610011 
-0.6215111108130147 
0.005920678616713096 
-0.05243398873038242 
0 
-0.407926537830264 
0.004674820588131793 
0.4413696262996732 
0 
-0.3509817642126107 
0 
-0.3091088169482001 
0.2383480408853477 
0 
0 
-0.1008233364812467 
0.03186947964400001 
-0.0665151676095506 
0.08801943628771752 
0.3232014287368428 
-0.0945837948667395 
0.3942440788444719 
-1.050659131062958 
0 
0 
-0.4690584664128283 
0.1240838168531298 
-0.1422940726105217 
0 
0 
0 
-0.1550920239443788 
-1.318263824759118 
-0.3423977776080023 
-0.1161829027537782 
0 
-0.4632855674615738 
-0.7422965103069528 
0.01022031594080319 
0.5664714931801176 
0.4231986523185258 
0 
-0.06610524578042715 
0.04380578073445845 
0.1528287473591694 
0.05058594073968382 
0 
-0.2135830066527284 
-0.1908539996382151 
-0.2187633878774757 
0 
0.4603363962647744 
-0.277123066934047 
0.4188101313158488 
-0.01420270840212667 
0.2544515577996004 
-0.03588541491460769 
-0.02828606623941134 
-0.1544103637980031 
-0.6127590439208543 
-0.6163705506567673 
0.1399651955148545 
0 
0.1399858395300381 
0.6462642344834609 
0 
-0.252130271813288 
0.324233902387231 
0.3566352364341023 
-1.791940815171101 
0.9261176291707128 
0.6121882336811539 
0.02297953866864049 
-0.1620554161452547 
0 
0.226811258025582 
-0.1997460023747343 
0 
-0.00312162378385969 
0.1197080118319217 
0.9279642258010989 
0.4328116369284629 
0 
-0.3831552411858513 
0 
0.2264454160776863 
-0.1818938619028564 
-0.1018796929564811 
0.0004154654040657016 
0.04036776970967429 
-0.354729303123946 
0 
1.515388905752397 
0.1017596217755891 
0.5806839867927968 
0.008017614498958475 
0.1461825870076697 
-0.8312817590415679 
0 
-0.589433391345683 
0.03183935093951256 
0.1247981843380481 
0.2233090364692751 
-0.0007286923650126919 
1.323836754942505 
0.4379179830061571 
0 
1.181872660166601 
0 
0.1646625337303833 
0.07492882601368481 
0 
0.1982134596532899 
0 
0.1293680517489917 
-0.0826415539600662 
0.7860362912854475 
0.1339137428571273 
-0.658698943483759 
0.7099483655533744 
0.2293926443428781 
0.02349181344594104 
0 
0.01404189465045494 
0.157496393176689 
0.2576900180994871 
0.2272289996510702 
0.006414914514926123 
0.2633150618586598 
-0.1919908170644557 
-0.01378943231407825 
0.4200167624951077 
0 
0.209243870756804 
-0.3155008463313635 
-0.4518419515010718 
-0.05676567273370976 
0 
0.2585636422506567 
0.1372638430778715 
0.4238767616611472 
-0.2473471846602282 
0.4431267311683101 
0 
0.3272570778137623 
-0.4114321400369406 
-0.1773227980604683 
0.08686780929073978 
0.2802325752184389 
0.1647911853903517 
0.5061668230344455 
0.08815725030748785 
0.5631403371407449 
0.003618536494745664 
0 
0 
0 
-0.02221470070051386 
0.1494742219864764 
0.0124724515596501 
0.2753373514417969 
0.3727654424741118 
0.247499480944757 
-0.4752257905648504 
0 
-0.3096414257593988 
-0.4080102443058287 
0 
-0.5452857900776041 
0.238034541434459 
0.05145231946307092 
-0.1411202827765045 
-0.418130657458517 
0.5344809713756491 
0.3005963152886577 
-0.6444037180616349 
-0.006543692132338062 
0 
0.1717445676050985 
0.03677905407598244 
0.09596536070977162 
-0.05190993850159957 
-1.497634358237691 
0.441468397980137 
0 
0 
-0.4995568810102607 
-8.673617379884035e-19 
-0.2173975107867653 
-0.2790080331781093 
-0.3030099192763534 
0 
-0.03782856919889477 
0.05252768227996209 
-0.1431271416889487 
0.1405837370558379 
0.007946691745354572 
0 
0 
0.01613019296444075 
0 
-0.8354004527023541 
0.2189694118889451 
-0.6102589797328676 
0.003882246245870402 
0.502920132895764 
0.01149983761687728 
0.6437969107335717 
-0.4679773839252841 
1.108926700958418 
0.06389567105541662 
-0.1845600562480411 
-0.743343384561889 
0 
-0.0004995706561348429 
0.03335310788751861 
-0.009293283188273721 
-0.4589316031913026 
0.02248332675181023 
0 
-0.6925150828544385 
0.2077134509290076 
0.06448357165384704 
0.2826634627855285 
0.08887432793575725 
-0.1962054051133612 
-0.1701117236371527 
-0.4165332789638872 
-0.3424832517372646 
-0.1331014408123628 
0 
0 
0.4092679260808273 
0 
0.4010827602818265 
0.2512396141657207 
-0.4940373124821717 
0.138013911281348 
-0.3045262611070823 
-0.0973521104108386 
0.01555709841303087 
0 
-0.001548049130245158 
0.01149991744181398 
0.01351937222485424 
-0.2176427841224733 
-0.114141452454576 
0.004043538740613037 
1.10066288706503 
-0.2542653977367465 
0.1063125746351093 
0 
0 
-0.1377773366053466 
0.4217189221510894 
