solver_type L2R_L2LOSS_SVC_DUAL
nr_class 2
label 1 -1
nr_feature 5000
bias -1
w
-0.2555300901895367 
-0.2938421693279485 
-0.3994451029105808 
-0.3552577008553828 
-1.521141817972433 
-0.3484210615261114 
-0.5350677141388747 
0 
-0.3800921122086436 
-0.3744379037105418 
-0.777342318853297 
-0.1987585655558452 
-0.7258509911697618 
0.1558345652059062 
-0.6444405578570812 
-0.6856833248600824 
-0.9248007616876851 
0.4137667002817424 
0 
-0.2817282410420592 
1.102816422150405 
0.07843896970917311 
-0.9690643454273462 
0.06998063314729762 
0.233561718582215 
-0.5470769879571572 
-2.012826278923973 
-0.5724324972902688 
-0.05953664724999705 
-0.2167951969486914 
0.5520601571954714 
-0.3669641801123059 
0.7960590895677208 
-0.5366011669737352 
-1.154747928976899 
0.04099678702783176 
-0.1071733490569696 
0.2502010768051591 
-0.7591791785237942 
-0.4537338715798356 
0 
-0.08811085115242104 
0.4057386935456117 
-0.05247295056809333 
-1.250385562564699 
0.8878720756569838 
-0.0220781851535943 
-0.07524973588824775 
-0.02435908225706698 
0.2286852750722201 
-0.4642725940409019 
-0.01084133774070975 
-0.8714859783122987 
0.1838173681013288 
-0.5542365886621551 
-0.3579063797518612 
-0.7892371897142967 
0.1670119849005276 
-0.0219143846156305 
0.4949090307557188 
0 
0.7059197891558698 
-0.3983606132229713 
-0.291785640583568 
-0.6728788282763325 
-1.091479382737266 
-0.9398342293697952 
-0.01794288046749232 
-0.6662832086189514 
-0.3015862840872822 
0.5144497306753668 
-0.9192810669196843 
0.17201420459662 
0.06980261429275446 
0.7479001750610098 
-0.6039876405451965 
-0.5446876257398369 
-0.4612338877823706 
0.1099551610972079 
-0.613710467792608 
-0.654423134744019 
-0.4401250534231939 
0.1880159966996009 
-0.1239515138373934 
-0.5264140547575437 
-0.6240791369122017 
-0.5034304748875381 
-0.5757383790550398 
-0.7140244303151553 
0.5591074021010746 
0.1660000196764348 
-0.4655152159524082 
0.06810299448602301 
-1.119237958716368 
-0.0183031394668661 
-0.362318513919699 
0.1759875023860028 
-0.3068570807800482 
-0.3017667865940375 
-1.214059851129203 
-0.4660265905865147 
-0.4741282216475299 
0.0478938873061315 
-0.06542844410715673 
-0.1060544153152019 
-0.6963136354989452 
-0.1270531476175613 
0.3898710607053536 
-0.03392239316581046 
0.1618568973885594 
-0.5385299931643349 
-0.2079565365544471 
0.02951703134182185 
-0.6692221929304405 
-0.225280648977371 
0.3938523560687465 
0.1536117244593237 
-0.1590983343204664 
-0.577034374709132 
-0.8305199285868254 
-0.8589347891106358 
-0.5121736370038115 
-0.139674005175849 
-0.3795609695199177 
-1.552482683659233 
0.8358684720125613 
0.0369185994119169 
0.4108541175292683 
-0.03026905098232498 
-0.3284706481245984 
0.02006539185996649 
-0.1293562917415242 
-0.3992947153420863 
0.4023236976791942 
0.1232316107982936 
-0.6795648371210748 
-0.3947202853874189 
0.2461233095041363 
-0.1837933658322952 
-0.432743911695479 
-0.1949373625385399 
0.2466279155037326 
-0.4380931068459624 
-0.2195931044689312 
-0.6621497840282535 
-0.8668358015169788 
-0.2844846570377937 
-0.08868917423236647 
-0.4045795660448623 
-0.5765116051168977 
-0.2158576384329941 
-0.07644811567760083 
-1.380573337082042 
0.05794806298568528 
-0.2994421873511741 
-0.5741207537834175 
-0.2525906180968397 
0.7124014994764679 
0.03882651809564128 
0 
-0.6669230841396359 
-0.2136664049509579 
-0.2789971503184395 
-0.921592554801733 
-0.03927245318915862 
-0.1446921489152617 
0.03734049650937271 
0 
-0.3370912603680015 
-0.2037964830975637 
0.144657553126071 
-0.5366811486251256 
0.1335642027856924 
0.4352949298374519 
0.1396539761428847 
-0.3377330940978459 
1.732805792675276 
0.4466528672681681 
1.909812813415928 
-0.5663461742748177 
-0.2123676163746856 
0.142870431023222 
-0.1386673890422663 
-0.2333925356032642 
0.5152230295398271 
-0.2261407935423459 
-1.107081693218052 
0.2570584003212062 
-0.5889036025729977 
-0.4860671873144531 
0.09917153744132622 
0.2647591410606313 
-0.09003898570455793 
-0.2410914369864345 
-0.1569427673825521 
-0.249735970863502 
0.5058542212252594 
0.2381447167803352 
-0.04345667898974732 
-0.1535799778580142 
0.03097526333306376 
-1.129279278064759 
-0.05378084195511024 
-0.1124337131293749 
0.3257589261534292 
-0.3384676703114942 
-0.1100871126687404 
-0.4557966894834259 
-0.5744152872130788 
-1.026369779773393 
-0.3160922977805303 
-0.2958736714588655 
-0.03469632224496398 
-0.7678860049032462 
0.3216721152129744 
-0.06025402847123485 
0.1567212003852236 
0.07923147380048992 
0.298732837746866 
-0.1202249243534436 
0.1555731677652951 
0.4027143760446127 
0.4643882234326876 
-0.003862988959085242 
0 
0.318314527919944 
0.7359146164530996 
-0.6511246147916451 
-0.6429080493101224 
-0.7193910405373632 
-0.270920221541993 
-0.6549889874452027 
0.09851226143047448 
-0.3743220662193696 
-0.5805054904854505 
-0.1543505185252362 
-0.02166895043014528 
0.3705494290555468 
-0.03599687674995512 
-0.2364831622796202 
-0.426269967374973 
-0.687839120051037 
-0.6724938189343824 
0.2664704872633861 
0.04283341296070729 
-0.07420611430661433 
-0.02405597492203752 
0.1493799618139189 
0.2623558303451983 
0.2420899192039448 
0.5218311991006006 
0.1899872837165744 
-0.4167357585422825 
-0.3673293757765749 
-0.7644148701560143 
0.7417407369274592 
-0.3325398886364659 
-0.1606126437277302 
-0.2960140889279509 
0.6184276764294898 
-0.409236971550638 
0.004626594318538805 
-0.9012304338255931 
0.2352944552943891 
-0.3201142366008645 
-0.4398404601991521 
-0.01516769430615992 
0.600089291224195 
0.2366775088090165 
-0.07490426165361171 
-1.787214350458244 
0.01366139099154668 
-0.3193953680670137 
0 
-0.1451882315166865 
-0.1360297746957375 
-0.08229039263336865 
-0.4343532598554828 
0.08804522693570586 
-0.2405662649478704 
0.4412730324363505 
-0.05321421069159769 
-0.07807098737405116 
0.5963438366570385 
-0.5043633250612574 
0.5435380066170414 
-0.7325421594780852 
-0.273235976117141 
-0.04205095129267819 
-0.108087609275375 
-0.3689774649022723 
-0.6040319577067936 
0.2495064033485012 
0.2640356323151734 
0.0773906075223061 
-0.1413540339053299 
0.08315675904897263 
-0.02613706082351655 
0.05138165972952849 
0.346218445806211 
0 
-0.4364231003594654 
-0.06863714158390963 
0.3972284397744161 
-0.01918297379315748 
0.7236187970493922 
-0.0674229449722564 
-0.02149353935982867 
-0.9840547540023111 
-0.1450682499879982 
0 
0.2872714800882287 
-0.01951399013375484 
-0.8803673904537725 
-0.08350755502619479 
0.1884957036807122 
-0.1661616354367011 
-0.5458565545669503 
0.8239632435628415 
-0.5906595804303386 
0.2659340246998608 
-0.1780425136118549 
0.1638696084913678 
0.09370740076584352 
-0.05095799576507283 
0.4868082687949156 
-0.2588721722674003 
0.2353394928366467 
-0.09988660355663197 
0.2380485801820638 
-0.4891616856912248 
-0.7254287328295415 
-0.02507668411627216 
0.05331708730941484 
-0.3781202068542673 
-0.04496313202758069 
0.1768247394797174 
0.027063925340887 
-0.161143987904552 
0.9805297671455041 
-0.2542030792136182 
-0.3595064216822144 
-0.3422078460406324 
-0.2518540947586357 
0.2288835785865633 
-0.6090863228683794 
-0.1409835232924311 
0.1763997874314212 
-0.01509763455912336 
0.06795665582728827 
0.04906058244998499 
0.05603245782106893 
0.2154006538536572 
-0.2658782643590231 
-0.8804629596264081 
-0.524868861294521 
-0.4297946458621493 
-0.8326802420484291 
0.03937493028605788 
0.6208694568193097 
-0.3558632345241212 
-0.2682734429019863 
-0.03102849489729197 
2.280458034910918 
0.06358094094874209 
-0.4518618667627277 
-0.2798459745211489 
-0.07831703220469804 
0.07903330473228236 
-0.1121264305808707 
-0.09898650879960487 
-0.08621869061730389 
0.145681280454018 
0.04617840972771833 
-1.179159855298902 
-0.3693090999941464 
-0.7945401861865904 
0.2390739364578222 
0.1817410922552669 
-0.03191806027199647 
0.1534070386704136 
-0.2230386021563604 
0.06750424225585634 
-0.2965394598133481 
1.201277619913113 
-0.271628225835548 
0.2561797540425474 
2.146117492608468 
-0.5952612143988859 
-0.2488764570171696 
-0.8260691036908785 
0 
0.02574726543602756 
0.2878821411686824 
1.236793582223588 
-0.1745444733143303 
1.864676667267613 
-0.0108179037625984 
-0.2450680687249875 
-0.2538708697107286 
-0.5160083427085502 
0.1331163042297565 
0.08627868869513114 
-0.08166207112344068 
-0.6063641013983024 
-0.04902041447925749 
-0.5605015787633435 
-0.424774377952368 
0.3799492112357678 
-0.2439169996459385 
-0.1362722222337001 
0.159674023055065 
0.4914834322007782 
-0.1686168950293506 
-0.7072177559947603 
0.4223254916062852 
0.125867645034417 
-0.6067812017584377 
-0.09648462557918693 
0.2070399656781028 
0.7982748130505098 
-0.7539089885976653 
0.01219492206943105 
0.03342858921045552 
0.6731604927368053 
-0.2986141811630353 
-0.5162098122729218 
-0.2793316432448481 
-0.2554906786729242 
-0.1376799746192661 
-0.2331841578598302 
-0.6623556453206767 
-0.3120343178023049 
0.9556524002922762 
-0.1129152690021389 
0.5175607511717849 
-0.5570085418675322 
0.1234562838151361 
-0.3172996076633908 
-0.1126483482604972 
-0.6990257736999979 
-0.04482722172220135 
-0.15458083677409 
-0.2981766916946587 
-0.08734383374875979 
-0.06738256622567454 
-0.4512911264108688 
0.03342421182239568 
0.3829637572449912 
2.168404344971009e-19 
-0.3804458330672265 
0 
0.0003108196267076195 
-0.01760766160548802 
-0.01353022549834822 
-0.4331444842769052 
0.2338034016531882 
1.039414754426264 
0.2599593312864046 
0.6386110952194333 
0.5332753251727064 
0.1122505998247932 
-0.01106345288779106 
0.3303205501600379 
0.664821685735108 
-0.5819638959943074 
-0.03868295031888197 
-0.0990495666869133 
0.1515362792888224 
-0.2055469802542423 
-0.629249072354168 
0 
-0.2498934740879929 
-0.1002993401237049 
0.1547092432287364 
-0.06508882988825651 
-0.5820938938941531 
0.7155886343700189 
-0.2137225984773694 
-0.1520404299237701 
0.09424108423167393 
0.1144774590443276 
0.1192754279368254 
-0.4427713439967867 
0.1041009981154013 
-0.06834812660410544 
1.702393544717469 
0.002819200231886001 
-0.2985592281032288 
0.2820435499446156 
0.01463872821643053 
-0.2058605799355437 
0.03822185826300836 
-0.129488683398957 
0.09585909033694025 
-0.2402517618293945 
-0.5821625293268832 
-0.4282311436489623 
0.220729085909951 
0.1785689057534474 
-0.02632481684923442 
0.142381440331749 
-0.5838440627540893 
-0.01133326878899696 
-0.2132156436156113 
-0.3026884736662062 
-0.1907001135260268 
0.9163061753469603 
0.2074542000878654 
0.03497947204967435 
0.1521341392075586 
0.01241855711638264 
-0.21581115102533 
-0.3266700416884432 
0.03145018822938705 
-0.6617355237632316 
-0.4691146202026295 
-0.000137176071938732 
0.2817134707806233 
0.2695159311688154 
-0.1006635984329706 
-0.37195706971182 
-0.1182311348437183 
0.5633676239479443 
-0.2112918439327089 
0.01290007447521798 
-0.01755039089664845 
-0.02938442860215545 
-0.2274904943368421 
0.6883117073988823 
-0.1020405887678018 
-0.1177943287587623 
-0.4539372334534434 
-0.6316915678714401 
-0.160958291388793 
-0.1714409135283767 
0.2449195693495173 
-0.3373168990275171 
-0.02796679411734625 
-0.09516775243863553 
-0.4377039129344116 
0.55053942489856 
-0.2456801656968037 
-0.1043542796666416 
-0.04793688031971099 
-0.09859418761891742 
-0.4679262557669799 
-0.0002205067053737046 
-0.01740672730835592 
-0.03713916046731815 
-0.8691679600593204 
0.177502440690546 
-0.1923474697386293 
0.00541149082763171 
-0.2601633501548399 
-0.1623301379324336 
0.2349900029758802 
0.0088579956836127 
0.1415699622294952 
0.512624365823424 
0 
-0.06827456301676683 
0.2687105191509558 
-0.2672558298946824 
-0.0561397330483419 
-0.2737322299191715 
-0.2561072716578683 
-0.6283706511912741 
-0.6666371234235936 
-0.1466302012036276 
-0.2975695919147982 
0.9847896306094062 
0.0368360657085444 
0.009490857716563049 
0 
-0.006668064282161931 
0.1479994570381036 
-0.09754205110402499 
-0.5339462331463377 
0.07428439379233258 
0.5851195775307998 
0.5913112205992787 
0.2861432934435146 
-0.0871184251934157 
0.1078320053440047 
0.7074817485101833 
-0.1805280700207291 
-0.4269073064040154 
-0.2636307905827435 
-0.1362224872746263 
-0.1805602044011233 
-0.002753305403271236 
0.1780318179576628 
-0.3483760525342054 
0.09496220054756432 
-0.6832109128342897 
-0.06716885942227044 
-0.157631886731804 
-0.7057697750810052 
-0.05670773108671798 
-0.2223241392889928 
-0.6233255280055586 
0.00349694513402043 
-0.1113677646755123 
0.1246249578941476 
-0.3457673931605762 
0.1452094276568469 
-0.06887738150158619 
0.3839086374162435 
0.08558875633684765 
-0.02593448757446445 
0.07290926500376425 
-0.304656367150158 
0.2292534307789629 
-0.07157203174009108 
-0.2175998316486752 
-0.3125414685230167 
-0.1060533051026147 
-0.0989753603240326 
-0.7106487533587346 
-0.1910502403933511 
0.003299879099257908 
-0.009033311202097834 
0.05776107781346189 
-0.05491453722650263 
-0.4606788419819134 
-0.0679076013856741 
-0.1651449967716941 
0.1694949833525577 
-0.5149288539448418 
0.7315508198773188 
-0.2005153706336206 
0.5193033790899279 
0 
0.6298376181359199 
-0.4705650638883854 
0.04520503038553077 
0.06184302893017679 
0.3036986169633999 
-0.06937898298921753 
0.4072045650213734 
0.1394281457576757 
0 
0.6979977212553219 
0.05731730608641885 
-0.1432061472189324 
0.001966820110790205 
0.2680385746119422 
0.05354067453472295 
0 
-0.2434634443943559 
-0.1398318084190672 
-0.00950763543948871 
0.02753406932596835 
-0.01979791846060718 
-0.6797532206145445 
-0.2596686757270748 
0.3942271923486668 
0.103241591426692 
0.1016137982059745 
0.3819830990034611 
-0.08294742128055904 
-0.6524371590058921 
-0.4072584361587543 
-0.01023041285916083 
-0.761266360258586 
-0.9795156098754024 
0 
0.3049574474280381 
-0.1172150137254495 
0.1192894259271805 
-0.127475089314063 
0.156735131738802 
0.1266887434599636 
-0.3292590567008062 
0.307761177779845 
-0.01064622557553356 
0.08668752747148468 
-0.02346759381095071 
0.2192835187518656 
-0.5833177221952335 
0.4659287855440322 
0.2319081604329803 
0.4043385853195196 
-0.09558221499020284 
1.261280153132336 
-0.6280787690081748 
-0.07468086574907566 
-0.559534347448856 
-0.06184084600659928 
0.3274370188258915 
-0.7531152285098446 
-0.5708391741801098 
0 
1.241997752745425 
-0.2323088869423402 
0.1338242950948019 
-0.1321930715232137 
-0.0304562112671266 
-0.2041573365938333 
0.09982677731375851 
-0.5124668220390477 
0.1098019956721059 
-0.2991449978264876 
-0.3558615467393343 
0.7058624526660576 
-0.06507829361696948 
-0.04423385858622207 
-0.1593707877397068 
0.5041810126039268 
-0.009205787564683232 
-0.2247085623839858 
-0.2213430834699631 
1.428137705801387 
0.1024784056935262 
-0.1517061601756459 
0.340001499595033 
-0.3737648090450095 
-1.249957701615001 
-0.2616431615657522 
-0.1103502586508227 
-0.08053380584277513 
0.1410957982537802 
-0.2145165807823294 
0 
-0.03580707152530532 
-0.1847605686808607 
-0.09550285366439407 
0.1042818211872114 
0.06843119866309379 
-0.2296728045581844 
-0.3888307520213961 
-0.05559528120935942 
0.1459988785385498 
0.05630731459448743 
-0.6279305167333519 
-0.2560460285736293 
-0.0009534620671713108 
0.05077518833702346 
-0.1807210944312601 
0.1112510224508294 
0.02029695410931144 
0 
0.1103701784281708 
-0.5386833212976136 
-0.293331536095264 
0 
-0.8947450737336832 
0.2533417054662163 
-0.3188829205098419 
0 
-0.5639853916432548 
-0.4848268055698161 
-0.3442141731951864 
0.3270461202785371 
-0.2555719376027403 
-0.1709287624416198 
-0.1212406523748504 
-0.04166352077912876 
0.5629754183734137 
0.1308965020004048 
0.3982396278198138 
0.5754915898533877 
-0.3198961650068404 
-0.04943834722381363 
-0.1766128652729712 
0.1415299419802643 
-0.2037433647195603 
0.1624843999378686 
0.2682887680244838 
0.5407086313110612 
0.4678983836411629 
0.2803858932077429 
-0.954788763403643 
0.03942715742351991 
-0.9242433703243612 
-0.1489910643480841 
-0.2332785249978815 
0.1257042754970575 
0.1235186153636999 
-0.0474795361649663 
0.5483230669013565 
-0.05578342316342685 
-0.05209624742132872 
-0.1113919614442794 
1.014064847284933 
0.2464510237962426 
-0.2568705300224561 
0 
0.0005459529855663265 
0.0152929993070374 
0.05316423979160746 
1.128538949015216 
-0.02520224381163164 
0.5807715503832573 
0.1793588070634552 
-0.006594340239864827 
-0.4938510708127469 
0 
0.8817282283897635 
-0.4670725693926743 
-0.07476561023817356 
-0.06185509042443967 
-0.1003820317855127 
0.4495571937202596 
-0.2580761365791261 
0.1063200355172433 
0.2681497680539537 
0.03376170569114795 
-0.1896501598693398 
0.05988295987913826 
-0.4988051229149148 
0.7816988557217135 
-0.04763390490468076 
0.0004244850770885476 
0.9104434328313439 
0.02594262948578802 
0.1572982335083149 
0.5199959046778456 
0.1383438011804599 
2.000439593944231 
0.7217355659678157 
0.04209610895355104 
-0.1280388340098169 
-0.6222306027872671 
-0.627023868126111 
-0.2617474127382848 
-0.09295186164809542 
-0.07910325385688655 
-0.1162911384975202 
0.03249717314295535 
0.02457781866531417 
-0.2759895692567966 
0.137050102833777 
0.3739368949013093 
0.05942137440352598 
-0.4110546318831892 
-0.8256130794459933 
1.067671633722162 
1.722079727895469 
0.9093572390756752 
0.1464973480697939 
-0.5605368796741206 
0.05832173832588135 
0.7054359117365543 
0.08228229942071623 
0.04675822173123809 
0.163973650611288 
0.0558598572268648 
0.2412844844910285 
0.0331643451633305 
-0.07842937753207171 
-0.2809342298022459 
0.6985732184285159 
-0.01141405790237753 
0.188827114616979 
0 
-0.1143482118403974 
-0.3204655602252909 
-0.7010227632551858 
0.4333560799829739 
0.1074062826233897 
-0.3443456950812519 
0.4133792288390093 
-0.3103963613522863 
-0.2038453039110741 
0.3426180097017709 
-0.6302538484473116 
-0.2466675965262524 
-0.0157397188126871 
0.05328014068214592 
0.6707288055303378 
0.01069688951873846 
0.5397192256487762 
-0.1000356656805536 
-0.3145060181626355 
-0.3584299500960388 
-0.5214306733680449 
-0.5043177393078875 
-0.08707506360449317 
-0.0199016586099128 
-0.09681387881272634 
-0.05101068454855468 
-0.3962917863551782 
-0.02491978833181731 
0.5404838752093908 
0.8857838947416999 
1.661360584962754 
-0.8059466383236303 
-0.0505074162092413 
0.477524829119486 
-0.09264918085432285 
-0.5142482627069089 
-0.1019923813797344 
0.2285722822163741 
-0.08907079453131574 
-0.4301626400962381 
-0.03431874601661605 
-0.33266196823767 
0 
-0.1334123280703635 
0.158117106225013 
-0.4792156738792029 
-0.7414349224576298 
-0.8742605418906719 
-0.2790173606819524 
-0.2206579790841276 
0.07431799852660798 
0.1848857012857305 
-0.09187276491195041 
-0.3302509090749188 
0.2089020549407551 
-0.3987729315096085 
0.1641115517691237 
-0.2659620514422192 
-0.1307795884841424 
0.1325027050287047 
0.01231930618705116 
2.175246867483145 
-0.05530083769795033 
-0.1355430552820776 
-0.2124526590440712 
0.2082040058009443 
0.05040254236657063 
-0.5451705235175452 
0.07054120790776984 
0.1880414028732828 
-0.04211117282015575 
-0.01164522853521645 
-0.2988875670821737 
-0.3847749157485319 
-0.2299111275236784 
0.02405918374505983 
-0.07421092836542663 
-0.1461615749481559 
0.4319496004462545 
0.04103635258452411 
-1.558050148828826 
0.8646703992505071 
0.07637457103584348 
-0.4885593372278002 
0.2052677398552075 
0.2504834989910261 
-0.1215079869241312 
0.1304416588528006 
0.04440656039221809 
0.2696086442470116 
0.5462236385749566 
0.03210073498332273 
0.5873925865382605 
-0.396498009282615 
0.1153475621651512 
-0.0493799509127442 
-0.3231255870026051 
-0.3410129623867813 
0.2759415549808827 
-0.000349753426036595 
0.1806996861362146 
0 
-0.2651319181076118 
-0.08180837962142767 
-0.3584073537360385 
-0.281036670269666 
0.005744371420628972 
-0.1847263744599121 
0.01652433533910438 
0 
-0.08856611069427479 
-0.4992040052143494 
-0.9383339772666259 
0 
0.06230442456445036 
-0.06010307338087611 
0.0190136829004249 
-0.1064795838823268 
0.01364657442470841 
0.02747802814982226 
-0.1231385253246729 
-0.140937146524663 
-0.3188302141081452 
-0.1352556032562929 
0.00540999218649115 
-0.008508382886330259 
-0.2006538942773304 
-0.01018629706664084 
0.03468877619728125 
0.08876497431771412 
-0.1009652165557114 
-0.2223365622170746 
1.288975479854971 
-0.2065037984293747 
0.2517381840017237 
-0.202832971140903 
-0.1334585969027906 
1.282097647804467 
-0.03338466283068607 
-0.1158902184076613 
-0.002831686335473793 
-0.04398796030792213 
0.05649587351302669 
-0.2693376864226612 
-0.03945550763761574 
-0.05899490597928225 
-0.08134152813706022 
-0.1443824386797729 
-0.403317574616414 
-0.01533296583519119 
0.6203405739149327 
0.09925953914813176 
-0.1060809998820878 
0.3206903931988577 
0.06708988329721417 
-0.4434132556264554 
-0.1688059770980121 
-0.1799322945276202 
-0.1561032998332677 
0.03951110480754099 
-0.1298331550081931 
0 
-0.2728313527771588 
-0.1204656154904047 
0.3324381891366279 
0.1816966872512779 
-0.0623990321516717 
-0.1230256612903165 
0.388929100098827 
0.002635153960553515 
-0.1558185369064452 
-0.08183277739122923 
-0.001200571622172269 
-0.4911398811980719 
-0.06308025516780434 
-0.02327352919084234 
-0.002849209316947492 
-0.04702312436566899 
-0.4299389132042323 
0.3175922122614214 
1.084966069656431 
0 
0.2095587074596811 
-0.002176579663033736 
0.01723528892633322 
0.06418526933738795 
0.09228271037968894 
-0.7761644173108793 
-0.2236761774257662 
-0.04129311805437842 
-0.4610562387058952 
0.2482359803347563 
-0.2499509271250353 
-0.349967948316444 
0.02016589371413722 
-0.2821355458815646 
-0.3977707671343391 
-0.2327595986386447 
0.2459888803961421 
-0.1275645488085166 
0.08993963664218366 
-1.043122084788734 
-0.006758867254167267 
-0.08144704572271345 
-0.5595009558161121 
-0.1425528577239381 
0 
0.04301539163549428 
0.09275588435572801 
-0.8583883030315222 
-0.2063785911330766 
-0.2438369507427018 
0.03041122095179782 
0.01926234480948975 
-0.3773361381459555 
-0.6920066984785858 
0.009391221875899898 
-0.4802646363711123 
-0.1166480965346381 
-0.01515486142809057 
-0.03136621143916739 
0.8138064967413824 
-0.04869073032864257 
-0.2986093271884881 
-0.5574717582862285 
0.2263416487824201 
0.03514019885989995 
0.404245960376486 
-0.1093061576818022 
0.004898263583098577 
1.743524526109632 
-7.904750085632372e-05 
-0.06213078094093674 
0.2493062482365036 
1.297297435448037 
-0.3508130111230036 
0.1101461675759302 
-0.1676028108463227 
0.330535717945751 
-0.2522083349045791 
-0.3020240060690162 
-0.1182115940760884 
-1.321675926503364 
0.3937482294588428 
-0.1422540975284442 
-0.01151028561221889 
-0.4187574548686482 
0 
0.09419406765483887 
-0.2162817911407758 
-0.3626997193765814 
-0.08068596943117599 
0.1102285000397637 
-0.608156311544656 
0.1068899452936431 
0.1856755347726607 
-0.308140628744842 
0.04042324628036767 
0.02014632287089471 
-0.76266209029887 
-0.0009160801543392269 
-0.3204111490736398 
0.3414316489366668 
0.03092203217820921 
-0.5330695646438113 
-0.5453201474479007 
-0.2210965601252411 
-5.753867758589008e-05 
-0.1530805741373596 
0 
-0.1063727705086496 
-0.01716380462774557 
-0.02051981017371002 
-0.009330808532655058 
0.02346802874891356 
-0.2002287110298769 
0.0136575197472255 
-0.3197766262618442 
-0.04976143216462631 
0.009816399831637347 
-0.0117660111158325 
-0.2461323475188291 
-0.001814738133184152 
-0.04414646400511959 
-0.3181169302794292 
0.1983418225912148 
-0.3300622564953988 
-0.4713209812058753 
0.005035752466508316 
-0.5219527345764046 
0.09945288791647967 
-0.1873074289960227 
0.004843973130055615 
-0.8308120260636499 
-0.1530634645443891 
0.2727573327214097 
-0.6401818024336144 
0.01462150795618893 
0.2266212662247289 
-0.6836164589811187 
-0.2562587890592524 
-0.06473104782715822 
-0.1232397220983672 
0.08294734541925286 
0.09458041532572545 
-0.1367254046187256 
-0.1502998131754606 
0.01547018901227559 
-0.05956995221278576 
-0.1707132606305083 
0.2908477104435893 
0 
-0.1689260233865963 
0.1714064401059979 
-0.113693144125744 
6.505213034913027e-19 
0.310630505135514 
-0.02695631922222902 
0.4084859381671978 
-0.2388018274079051 
-0.1019602978794988 
-0.1056139374859506 
-0.07982431044653159 
-0.03160311234974791 
0.1385341984069059 
-0.3605395500023327 
-0.3337270013719887 
-0.09836865339563861 
0.2003058184579183 
-0.08451104930639348 
0.531297562297763 
-0.05726151063946226 
-0.08833808413210495 
0 
0.04391731234136428 
0.2239973813863524 
0.4305022009342298 
-0.07557696937890558 
0.28630325811238 
-0.2492574146574668 
-0.2922769797705267 
-1.663604647144318 
-0.9005861809922047 
-0.02490372625292976 
0.2156170789574465 
-0.02725890346355376 
0.1564171985206828 
-0.6629930287616312 
0.7995292830506091 
0 
-0.1582497500057324 
-0.04683068769700776 
0.09362465842111949 
0.2138477248103398 
0.0774165185289854 
0.07356405530195377 
-0.3051115382367745 
0.419768900183694 
-0.5023770579267124 
0 
-0.023871725488008 
-1.112489097508844 
-0.18872681019243 
-0.02046992155446085 
-0.1490543579567843 
-0.1326440497489832 
-0.0009021041471517744 
-0.5736765220335122 
0.1229735459167552 
-0.4501399028926732 
0.06232249963109069 
0.2485233497958691 
0.04691330414891901 
0.2807583609159159 
-0.01725525591500903 
-0.02197277862233913 
-0.08253869293568789 
-0.05770194351215071 
0.1142608428857799 
-0.2713519802514516 
0.1655940721005808 
0.6021457610319174 
0.006538824463866625 
-0.4922620699036845 
-0.04056880045331336 
0.1798295577021849 
-0.004574828674247386 
-0.3651358595619782 
1.734723475976807e-18 
0.00999063813886758 
0.04091684348233852 
0.276116191871017 
-0.3912146118703824 
0.02008009099775473 
0.5681329029042929 
-0.2199773246330903 
-0.2667595549060066 
-0.00423352971398328 
0 
0.1097554415198094 
-0.04168111401956116 
-0.04058755885379987 
0.1867875474691254 
0.9193595128485181 
0.1103594797749119 
0.6562361074912162 
0.06700554410380809 
-0.06086283617089305 
-0.2604907083626432 
-0.009090461311182662 
-0.6017315143381966 
-0.05396905050208979 
0.3333624273928644 
0.3895602427322603 
-0.1033073657513469 
0.9398111839624602 
-0.1358403495811738 
0.1168704330080083 
-0.01294072729040241 
0.004586102854772397 
-0.2319950652947652 
-0.1678933760970069 
0.4216406847820857 
0.1424251559823357 
0.1008429304745142 
-0.1097210621518134 
0.4340421321121009 
0.07861616441317394 
1.443512664407552 
-0.2910422334594652 
-0.2118443167178271 
0.2065921857967597 
0.006531607639971326 
-0.02232901885906548 
-0.05249162914038355 
0.09515717104326407 
0.01902678506878413 
-0.1581380726626374 
-0.147643482533945 
-0.4899334253556559 
-0.5967135671122751 
0.06126768393617213 
-0.1046957377730221 
-0.06906845808739021 
-1.337151224598009 
-0.1561189564265112 
0.7861954589916805 
0.2128583271788964 
-0.07362217499154949 
-0.2003326337291141 
0.1959144152154902 
0.2793143115659433 
0.3584346557372471 
-0.4044700340003484 
-0.006875770157268028 
0.1495255310701244 
-0.1326601398489329 
0.2348950802309896 
-0.2996276188195098 
0 
0.02817734097056237 
0.5839434391260443 
0.01046124488217127 
-0.4660274074098781 
0.2430460110530516 
-0.5725044889899311 
0.000740808628530816 
0.09486298782283878 
-0.02051015733313501 
0 
-0.3563892156595697 
-0.3276589486480371 
0.1475187653222683 
-0.03226679392795695 
0.6352978074492819 
-0.1969842878058673 
1.534232662830732 
-0.07716930245220502 
0.242049524844142 
-0.01966607285453093 
0 
0.002779927655898835 
0.2657629192192262 
-0.3656258639522685 
-0.410267779781545 
-0.3076809855100069 
-0.1938510674126427 
-0.1508517079676632 
0.03336800674990666 
-0.8825540407560462 
-0.1331182923900912 
-0.4328139856205387 
0.00638362384629181 
-0.05086330087553355 
0.02517348659769557 
-0.3086648876422601 
-0.003222220142451768 
0.6857390479345269 
-0.5340999505455558 
0.3626329640536502 
-0.7076002533057588 
0.4896140666256262 
-0.2205365171361703 
0.2184296551814752 
-0.3396571221409406 
0.9027439674982378 
0.5847650264989429 
-0.001895229649224815 
-0.2163282897822816 
-0.3999801632729594 
0 
-0.2516912860711656 
-0.1618422768041007 
-0.5449042863952362 
-0.03607621991112671 
-0.141283953154314 
-0.4130767969643014 
0.07671222187184719 
0.03753074394870441 
-0.001063492387391617 
-0.3154432035998117 
-0.1070784739980879 
-0.3291037251672479 
-0.01304478099294771 
-0.07179408571041886 
-0.1091381553099873 
-0.1704387145123938 
0.1821773447112625 
-0.002735556200244905 
0.1250095158086543 
-0.03447003104765075 
0.1861696022707157 
-0.5031102357309165 
0.6235808174175335 
0.07363142430074329 
0.8626115207977043 
0.09903260633055194 
-0.1126986658838699 
-0.08404646045262562 
-0.2644204308083177 
0.246122749364501 
-0.1487458071156706 
-0.02180189703159608 
-0.09818382874814899 
-0.08006966198572953 
0.3657729944306818 
0.153470053515974 
0.01160851771155143 
0.06467516915113718 
0.02899575642232114 
0.2159942615858226 
-0.002838807779284416 
0.4958109845115339 
0.2032864319570216 
0.04406675425675082 
-0.1584015578210336 
-0.008525005300325218 
0.3395524243454117 
0.2930464545639957 
0.3629027698263979 
0.1836726945286256 
-0.234053214223843 
0.006450701707011487 
0 
0 
-0.0707857312263447 
0.1296409141519432 
0.00809662673445995 
-0.04168631263449767 
-0.1811022097439267 
-0.2863751969637087 
0.02588642904106921 
-0.3939096168743133 
0.2184818094019036 
-0.0001705261567052305 
-0.2071176222723367 
-0.2510037919027026 
0 
-0.01717001809286469 
-0.08511052611559183 
-0.0129016829593289 
-0.3154253013169058 
-0.05820742273641651 
0.03378842301621097 
-0.1223463428213791 
-0.1548508337309906 
-1.222492761886969 
-0.01646348000041985 
-0.0291547293340682 
-0.01535972831387199 
-1.071258873496957 
0.3601425544203783 
-0.05475688077831922 
-0.001848914020837608 
0.6211644733875928 
0.06113350911352858 
-0.1446713859917472 
0 
-0.1300799042067182 
0.06423365957496165 
-0.09104693418265586 
0.3484819778130684 
0.01961093003177085 
0.4667929712995165 
0 
-0.11051823527574 
-0.3833615610622743 
-0.6842171801887286 
-0.1194209768589916 
-0.1432214722313339 
0.3550063490763875 
0.255477266920246 
-0.1858079507838331 
0.2084213138748919 
-0.1137574034653947 
0 
-0.01699684904015965 
-0.08054739332808838 
-0.0339427779048817 
-0.00342196830035513 
0.02499476611776 
0.1565162619985749 
-0.01036836580572257 
-0.1861844631710749 
-0.0548877080752749 
-0.1863112746728509 
-0.3064324843156924 
-0.007481895526879057 
1.550143006416757 
-0.3571827875579628 
-0.04870143731614534 
-0.01963503143532743 
0.1203511111033632 
0.2999127019578659 
-0.1397445654526352 
-0.04365865350634589 
0.06836771466213086 
-0.1505593846306103 
-0.0692294037616337 
0.03204275160258522 
0 
-0.08370469898599731 
-0.1183058862876424 
-0.0268405465089944 
0.7533300617613861 
0.1476944979800466 
0.03517436361811496 
0.2000600119392845 
-0.2547772607476114 
0.004855720692883417 
0.02025259620493797 
0.2666834669047747 
-0.09379770336714457 
-0.3308554777872935 
-0.2470605214208601 
0.3335822334025376 
-0.1072996139295215 
-0.5138843861127201 
0.0413373570858283 
-0.006543930964409807 
9.75781955236954e-19 
-0.03251730139396954 
0.2377979810736999 
-0.5736225946524524 
-0.5319739385278613 
-0.06204005357048403 
-0.06975769449507285 
0.1019068217718347 
0.02493584349173798 
-0.6534196607713054 
-0.6527483191299285 
0.003851054066231888 
-0.2748593812467321 
0 
-0.009633690479145654 
0.4084573434803026 
1.021325312099071 
0.07222969580290647 
-0.301611791000801 
-0.8468014719773591 
0 
-0.2260140317115785 
-0.5064627620480134 
0.4793803663159695 
0.02689839439912641 
-0.05446783173492508 
-0.208745732348162 
-0.4102298563730436 
1.383479591714618 
0.2754449813113714 
-0.0211835455347228 
-0.09033714797680009 
0.06237424516946675 
-0.03685562001522417 
0.4500584462124607 
0.2925431727984174 
0 
0.01709593514749558 
-0.4399532955786934 
-0.9763997435828559 
-0.2862883346683606 
-0.5959777844153632 
-0.2744917112067094 
-0.04992301152261471 
-0.1696899967937065 
0.07864581439511971 
-0.2275991137728104 
-0.02874041685177344 
-0.05413568226070832 
0.006352177754053133 
0.489394533395616 
0 
-0.1922950112162692 
-0.07004560888061875 
-0.1140866142209007 
0.3954396540825312 
0.6154782566194422 
-0.08694779374783305 
0 
-0.4387979225897138 
0 
-0.206523540983574 
-0.2417474779721813 
0.1808421526952583 
0.05834797405307827 
-0.3440109393884366 
-0.3726887379258241 
-0.2273528473119224 
0.3684086971685078 
-4.336808689942018e-19 
0.04485250825217731 
-0.1150694586154442 
-0.2638513565758941 
-0.001403754790433856 
-0.137219202175502 
-0.02668454312729239 
1.077939098892454 
-0.9068949190501573 
-0.2961904886876494 
0.0306524676396142 
-0.6278049199678879 
0.6628370983983569 
0.4245713104819862 
0.4924911870635899 
-0.1058992091782568 
0.1011357304280433 
-0.01509079232260789 
-0.1173999307126507 
-0.02520406530145081 
0.3531113495560941 
-0.1518580856087458 
-0.2417603860790812 
-0.1400569850101378 
-0.2660258311156042 
-0.0447710017156213 
-0.0886024801762503 
-0.4078524896744515 
0.2345942751545531 
0.01909117989207442 
-0.1379715619370758 
0.02349019865715805 
0.3823059109347717 
-0.02186250230746004 
-0.1419713474846981 
-0.214387473643653 
0.009959081652415469 
-0.09466628848913659 
-0.002684670931639442 
-0.05838811102386503 
0.03983442954279223 
-0.1937762551772918 
-0.07866618097450591 
0.3736294738794338 
-0.09429150225722362 
-0.102248800978684 
-0.00259111872797571 
0 
1.621420848087838 
-0.2677075788422429 
0.1029976738124372 
0.1226783643592987 
-0.3440949585837166 
0.08610142180290967 
-0.1463341986847314 
-0.1708151509625656 
-0.1532234747415098 
-0.2973935501907591 
-0.3869848035655177 
-0.06917811291991002 
0.471127974618319 
0.1426972555585511 
-0.472366627046243 
-0.03685800327455332 
-0.1426063163571926 
0 
0.2007842261561483 
-0.4284968919529081 
-0.05221070645570779 
-0.1269705049088714 
-0.4127101406692862 
0.06133926479735279 
-0.7555859079611776 
-0.0005517681697000598 
0.02304630932832284 
0.2057043420171492 
0.6761480214488463 
-0.6410995058932561 
0.2563025882938206 
-0.06564793748670689 
0.7054173041927512 
0.9118231915464631 
0.1530712786897006 
0 
0.0006945249332522493 
0.02413464364767559 
0.00213323274895556 
-0.1160870368221258 
-0.02899207543927807 
0.08512414304669924 
0.1113585942057626 
0 
0.009280379059639313 
0.5179103007509906 
-0.1216977149908665 
0.1715393269939677 
-0.3072999547139225 
0.6905126504856213 
-0.1501504836048371 
-0.1405818706269366 
-0.1151334677824424 
-0.04052175884890605 
0.1000427714509626 
-0.2609777278867877 
-0.2564762989918558 
-0.03118495648655948 
0 
0.1033166209318603 
-0.1932816000781765 
0 
-0.05865284715799424 
0.7475791209757704 
0.09521843142606479 
0.06483519589856468 
-0.04328640646533539 
-0.05259757938951316 
0.1636981641622169 
-0.06265055082447074 
0.3408305202449801 
-0.2871457000272077 
-0.3257955425230563 
-0.18868372266676 
0 
0.08681620814109013 
-0.002832489838308354 
0 
-0.2328040815303322 
0.01138688540509128 
-0.06844173809760276 
-0.2789899750856797 
0 
-0.9935224738659971 
-0.24225090830811 
0 
0.2077731661962378 
-0.1631038096471362 
0 
-0.08907232564133372 
-0.3474009746580795 
0.1550062599531944 
-0.07816039723908343 
1.236714558765377 
0.1189734886943406 
0.1847065745975499 
-1.049017841974908 
0.19738699064345 
-0.05290385018487869 
0.4284200825849692 
0.5194006869960827 
-0.621784512494158 
-0.01812581763946256 
-0.04430918026110822 
0.2594810478689688 
-0.1425792546687548 
-0.03515409223704413 
-0.00290450093822334 
-0.02921531984957695 
-0.4635259914205895 
0.2325114994891725 
-0.2033474014824428 
0.04085832281240759 
-0.09408316521814519 
0.02331648170063847 
0.3186939757680884 
0.07900424565153054 
0.1594859265725393 
0.1179602406596643 
0.1000457304790578 
-0.1615001199617619 
0.03481340942999115 
-0.03192301917717952 
0.1154942562946915 
-0.1530652784491449 
-0.09654864986613861 
0.03982885592472145 
0.410281022411841 
0.3943374726457848 
0.03060734646110158 
-0.4915682506265548 
-0.003720720380450795 
-0.1450216182530925 
-0.0912809817711715 
-0.1321069522772401 
-0.04042762937779398 
0.7320278625675231 
1.755046839804844 
0.1822486129975799 
-0.03276642566210591 
0.1772656726689728 
-0.1497808885245609 
0.04361955087974832 
-0.3598325439547291 
0.1572970438879185 
0.1487001544821192 
0 
-0.04748824390192601 
0.03026466849450651 
0.2528635252306891 
-0.0618465700770405 
-0.2776087720302341 
-0.1392953370552104 
-0.0836793890067254 
0.2211878920984008 
-0.317001220424466 
0 
-0.02903760601546984 
-0.09552103947855231 
0.8100740355331999 
-0.03653980234375877 
-0.06688838734647427 
-0.208830308974564 
-0.03180035851498895 
-8.028760149699609e-05 
0.9016128126922802 
0.1943868142398658 
-0.01811443580031489 
-0.4520152765285436 
-0.1549923805093064 
-0.07849967117817552 
-0.09106526879108739 
-0.007464467619468609 
0 
0.1226160459806449 
0.1099016063037361 
0.05046447443915834 
0.5078409465157045 
-0.002421758390539987 
-0.876782648872317 
0 
-0.004316981450304785 
0.1399252541302582 
1.137416742885058 
-1.084202172485504e-19 
-0.07575208654178026 
0.1690054647117882 
0.3338572944368355 
-0.1130743831260891 
0.09339902304574724 
0.06749421537739266 
0.9227200018780476 
0.2215102743218573 
0.2903650645808847 
0.2341707329641416 
-0.02829871429767598 
-0.08346165337026672 
0.4498687524930951 
-0.02135058363191484 
0.09774947232339878 
-4.336808689942018e-19 
-0.1659445382198219 
-0.2880927109330953 
-0.004842672783906834 
-0.2691463581011538 
-0.1810696203619343 
0.06547679189231927 
0.7024391692278246 
0.08565875936064331 
-0.3919226494529102 
0.939251773297729 
-0.007679316626766154 
-0.1763596535216611 
0.3724083334960165 
-0.06550563324707102 
-0.01749779627383661 
0 
-0.06525893560455495 
-0.003753856637658872 
0.143604907636341 
0.4161155087364674 
0.1006748414647519 
0.1749350769572877 
0.2149014260957988 
-0.07413938347264479 
0.09409954735441198 
-0.009816148225272615 
0.04270717811956402 
0.3262578709683691 
0.08040813507906261 
-0.2793798036249829 
-0.1363533608135196 
-0.2344637177232894 
0.23963790066707 
-0.1202168258707922 
0.02406364292999246 
0.06531180868949216 
-0.0354318293150556 
-0.03669747825711127 
0.04581840714320073 
1.547227503518064 
-0.05857677903476112 
0.04607735780718122 
0.01683325382228686 
-0.2024293462844157 
0.005531281791637497 
-0.07549896195356794 
0.0976554280364561 
-0.3429153068737239 
0.4828700763435471 
-0.06518492883347976 
0 
0.1220536750795074 
-0.03748376755059964 
-0.1238742133698188 
0.3267817485484574 
-0.00188669367961915 
0.1816074887505507 
-0.07753628124500811 
-0.007307041085277945 
-0.1183454707606789 
-0.006930510539385611 
-0.04869933914678055 
-0.1046866179662153 
0.02929751341042083 
0.02222185590853321 
0.3176695378482496 
0.1779117387300342 
0.3483150571404127 
0 
0.1094828115510633 
0.005802271119917656 
-0.002169242709268886 
-0.1438318144801091 
-0.2014312350408254 
0.1543135920123697 
-0.1270833557114686 
0.4495080091292236 
-0.04304396831255008 
0.06523488351004116 
0.1599419539137105 
-0.03826244222819613 
-0.03739939785587013 
-0.5390366258692275 
-0.2595598875733034 
-0.003878444942801886 
-0.02331140641337322 
-0.07368163303244943 
0.4285653179165461 
-0.2097871776637627 
-0.01407576507920599 
-0.003531484099241789 
0 
-0.006436149326571545 
0.6168970487640998 
-0.0297319061907784 
-0.0326513766286022 
-0.004915137535485333 
0 
-0.1561526410371931 
-0.5928718336111206 
0.373781675702659 
-0.220598364030078 
-0.01117367780228936 
0.160866123984491 
0.08079993674580147 
-0.1058433609853193 
-0.2071286233908927 
0.02597229946707777 
0.232789553436453 
-0.01661743416607112 
-0.009229160843520857 
-0.02471610090159121 
-0.03732193526986282 
0.00683372483622917 
-0.2553682380383188 
-0.06266389440901433 
1.551942010101865 
0.3331654657175402 
0.1223144192330678 
1.417994645442727 
0.1505547491645682 
-0.189721208775945 
-1.061350529078126 
-0.6132973554548963 
-0.3094472849368887 
0.01021596584791424 
-0.05340208815795105 
-0.01923409251745437 
-0.5986515649143872 
0.3734469721078583 
-0.2030295819583584 
0.06904142356780489 
-0.004989704717605767 
0.06465165087697007 
0.2806304603120287 
-0.08683808632106464 
0.5843551934332774 
-0.7511068214683244 
0.01472843406573444 
0.3101746789231331 
-0.04012383294487518 
-0.3053792155503574 
0.01683317981937446 
0 
-0.1357668719248524 
0.03164107313847969 
-0.1893518709493527 
0.4867195942721613 
0.2387213165914649 
-0.005157788564090519 
0.05603333322025885 
0.01793754674283463 
0 
0.5148675490576941 
-0.1593445336244009 
-0.002940879207521598 
0.01536366147307798 
-0.4538210224814709 
-0.02176219703058501 
0.01664635131205111 
-0.002944904344673076 
-0.005227848242488285 
-0.04400938760218195 
-0.08379866884377188 
0.2938985935581434 
0.3872158399853846 
0 
-0.1880759019544256 
0.2489834074862106 
-0.09234295010638052 
0 
-0.06067304112368848 
-0.03655829387856575 
0.1818790869419194 
-0.1259254080543198 
-0.1538304087815318 
-0.0668586996059449 
0 
1.098120332985342 
0.240099977184219 
0.4578748860483711 
-0.2474602211953233 
0 
-0.4662896344231628 
0 
-0.1554577123332508 
-0.1502904007244548 
-0.08448666598032012 
0.01377404360427403 
-0.01988265939126241 
-0.04350881761024394 
-0.06352095635095542 
-0.2973073125914131 
0 
0.2182280000025168 
0.1527231724643625 
-0.01147568434896518 
0 
0.2393131975557355 
0.5190404655675115 
0.001183795697869692 
0 
1.626369790864628 
-0.3350170243695605 
-0.05003168240185683 
0.4776413372960968 
-4.336808689942018e-19 
0.01221882222314691 
-0.01862054717752001 
-0.02059500260580221 
-0.2363300573823821 
-0.1835027810064413 
-0.1362424677916107 
-0.6635966529573673 
-0.01857295208421298 
0 
0.1128597876882409 
0 
-0.09793374317946733 
-0.1133691409673678 
0.3449626733632653 
-0.3215759302344239 
-0.7711074167719274 
-0.01126373697813388 
0 
0.01020949602600598 
0.09064668764964591 
0.0715528158374973 
0.5262007628524835 
0.1781316951571104 
0.02300616128562089 
0 
0.4485926295978191 
0.2644502064380108 
0.00412273251336736 
0.795917092959274 
0.007751166602724345 
0.4857190756813231 
-0.004645675850568368 
-0.005184520448340339 
0.01710842154789213 
0.09418680567555608 
0.003452031418672855 
0.007890008852537716 
-0.4837574988344807 
-0.5879836108611795 
-0.4620030910389497 
-0.1542961799265546 
-0.0331865615459704 
-0.1728097904416714 
-0.01303045308478917 
-0.3207543410932274 
-0.6137674107553558 
-0.2542913113061773 
0.2556056562453347 
-0.004572530725651761 
-0.1245379317691574 
0 
-0.04178976508654857 
-0.05030687015918479 
0.2564766956204932 
-0.1271357487521664 
0.002035265372790961 
-0.01442758676495686 
0.04944545497197494 
-0.05544873407305311 
0 
0.0992476061874078 
0 
0 
0.02424104822070159 
0.3635793445132221 
-1.626303258728257e-19 
-0.02781757058916409 
-0.03959835389806547 
0.1742361729407084 
-0.8919965107528156 
-0.06234026383622342 
0.1484147576914518 
0.3712596857626245 
0.1548548523491216 
-0.02825109408885634 
-0.1343686747586158 
0.01290886330163835 
-0.1375611017334594 
0.02510798766533303 
0.02113926822740184 
-0.1845946919268272 
0.2137519912260208 
-0.02879501773018731 
0.2478609595117469 
0.07178990846335656 
-0.07745568015095186 
-0.07632787425300391 
0 
-0.03145052868720524 
-0.1771240193592732 
-0.07865245926909403 
0.6258997635406908 
0.08724364652490484 
-0.3371237851906678 
0.1067185340445004 
-0.06510096624988401 
-0.3175888055547379 
-0.2106920683710743 
0 
-0.1222513979199196 
0.2113887762385499 
0 
-0.1714934484898361 
-0.04244610223752269 
0.06780147734130416 
0.8299819898396243 
0.09853235760733259 
0.1124518557263026 
0.9093382996409008 
0.1609068393714198 
-0.05928258259604587 
-0.004215982665934607 
0.01132492101972337 
-0.4228941619605581 
0.0131573956834939 
-0.1717356105898012 
0.7102955577676462 
0 
-0.1476976334051855 
0.2969519291118062 
-0.182972538741735 
0.08260157519012118 
0.00967182276388103 
-0.01483302007958864 
-0.3467395114803026 
0.05437069304296627 
0.02029428469660901 
-0.09790611243627481 
-0.01812828645648277 
-0.05596832750595307 
0.0007063742243459245 
-0.1238994038214143 
-0.04780186009511758 
-0.1599305794346836 
0.1048260814635536 
0.01344550812776318 
0 
0 
0.2247269116571443 
-0.215215574473571 
-0.09950981100750396 
-0.02527207680072538 
-0.07978525993819642 
-0.09227218447689144 
-0.01462887008629274 
-0.1282504648777007 
0.2076221229594767 
0 
0.101072261511271 
-0.1954696632251992 
-0.4413558113221719 
0.1738395687241064 
-0.6387948337875209 
-0.006987751770638707 
-0.1206046538986694 
0 
0.2750898479215745 
0.01440223963675413 
-0.06364715203979211 
-0.09364822603462593 
-0.03426565793485724 
-0.09595902709494875 
-0.2518451098260128 
-0.1803379860792249 
0 
-1.028677547434619 
-0.0100832884912078 
-0.2618612768358201 
0.9582793104518456 
0.03558587259844576 
0.2885355388603323 
-0.02713697416031028 
-0.1479727613288508 
-0.1755972773707225 
-0.0208750189648373 
-0.2830701121236712 
-0.007571191777976506 
0 
-0.1053554769226161 
-0.1545711910568925 
0.04301747276278268 
0.1117128426062725 
0.03135082465407164 
0.4530597687186949 
-0.1185138942731142 
0.0978647657524797 
0 
-0.4908495810244063 
0.3093325917246242 
0.1708031640648316 
0.1255381439789199 
-0.01124062422652783 
-0.08871753923745512 
0.1101288101731432 
-0.07220260975625262 
0.02965483722090684 
0 
0.8156861843469561 
0.2455151566306214 
-0.04350049046259756 
0 
0.142528876101444 
-0.01103130767966018 
1.268478436743356 
-0.01473639210458571 
-0.1488506010438251 
-0.3408315788174332 
-0.2028929735512386 
-0.01956003160262208 
-0.1637369025049411 
1.582832970190762 
-0.06561092898248337 
0.6195009271322275 
-0.04290320878784741 
0.08104979479897499 
-0.05965398486060733 
-0.184113481228473 
-0.02566399033310011 
0.408165356733685 
0.2987641290721228 
-0.04808137312522914 
0.1730698981556109 
-0.3584886752029079 
-0.5432480653607541 
-0.1313445612256985 
-0.04508542722512612 
-0.2985028326818372 
0.0579244408994264 
0.1522217041765488 
-0.1907088341067875 
-0.2679103730031859 
0.02552018492578201 
1.137640445288776 
-0.3292736146896804 
-0.004459248833998485 
-0.1053057345450474 
0.1352429528783018 
-0.05258397155374849 
0.00281837591755755 
0.07527310953393551 
-0.2928848809079292 
0 
-0.01181812368478562 
0.1807543873753934 
0.6298921334953443 
-0.9025926759378385 
0.3082115085696502 
0.02483254265609954 
-0.05007828594368803 
-0.01204872358241496 
0 
-0.01344126764994174 
0.01822963249980964 
0.08921548816595185 
0.3343224977174871 
0.07429115172806547 
0.02221130227340692 
-0.01779675068931998 
-0.08517720704614951 
-0.1658666114898926 
0.08641502092899349 
-0.3008012607143042 
0.3854403529624109 
0.04006008454546516 
-0.004225647963806764 
-0.07921800661429135 
-0.05118541275234823 
0.07753152230058484 
0.2810610590599925 
0 
0.5863874421071931 
-0.2891236831142611 
0.03452795683332349 
-0.146590094445286 
0.0588419247734 
0.5171038759343763 
0.0654127523095666 
-0.8919641972441987 
-0.016211143043356 
0.2112807106479324 
0.04913046297315153 
2.608861477543245e-19 
0.4030623596627187 
0 
-0.146065212794345 
-0.01661078564306665 
0.1884262646390894 
-0.9573810423567546 
0.5472540682062209 
-0.002259675051551834 
-0.1298843570356045 
-0.07383701810118494 
-0.1633911810728574 
-0.4090584880432314 
-0.06140563424708162 
-0.01834962383159971 
-0.001755815878345241 
-0.2846355170674414 
-0.1579595386312573 
0.3208493120106133 
0.08833659759541519 
0.4116371705852306 
0.007126403304328156 
0 
0.01587353466643289 
0.08994030819637966 
-0.06144398972729983 
0.1724886890848144 
0.06722443884121307 
0.0822052606055924 
-0.507339889868436 
-0.6817230357878874 
0.5381106995156866 
0.2719840907115699 
0.01777994808739488 
0 
-0.03759573131995692 
0.1167313419995317 
-1.076120304443733 
-0.08863578830631337 
-0.2822040600056148 
-0.05479402881154995 
-0.3179443626305108 
-0.1198017939794358 
0.005100639967622943 
0.1134827055610951 
0.1140172371428002 
-0.2380500274861102 
0 
-0.06189587278186715 
-0.002176638293121594 
-0.1544975574206834 
-0.01776067307018175 
0 
0.1381193591999421 
-0.1403498333692232 
0.01843965595551614 
-0.3087781226187203 
0.2550806012163833 
-0.04992430074001237 
-0.1482229464350577 
-0.0233487504261112 
0.1013654540471673 
0.1602967529293242 
-0.05331261916470222 
-0.1440713710641125 
-0.6625425493724902 
-0.1987895009693959 
0.04326244098042109 
-0.06527647740074893 
-0.01127090540694111 
-0.1019750750885002 
0.1949678532551262 
0.07668200269387079 
-0.9414680882070517 
0.2570890497045715 
0.6197474057405499 
-0.002198869592511793 
0.06862023222304892 
0.3348475094151065 
-0.1849926046747982 
-0.04364986254977556 
-0.3388029746376465 
-0.09853151332339835 
-0.3218737682509373 
0 
-0.009621691924306747 
-0.6332286732046705 
0.0009232752669245511 
-0.03275419281847831 
0.1558998423268376 
-0.01271957107035643 
-0.03392965519100621 
0 
-0.5196649386023903 
0 
-0.4082040544147368 
0.139141000390749 
-0.9450145857904532 
-0.3095346336564343 
-0.1577193888578476 
0.0227256709883381 
-0.09019354380271381 
-0.5578451433915639 
0.1088028906537135 
-0.1494093109773956 
0.05929841903992555 
0.6102173876922686 
0 
-0.4698742512045788 
0.07625368771918205 
0.8532929118068597 
-0.0265178401869815 
0.02563419885071236 
0.09372084990905134 
-0.02037563762297998 
-0.06980535416901862 
-0.00751290372458406 
-0.4149610744828582 
0 
0.0438566643297943 
0.1381504029847169 
0 
-0.0438780412716495 
-0.1125999303601187 
0 
0.08516113911729806 
0.02910195523184977 
1.084202172485504e-19 
-1.589133080018148 
0.05314489618148244 
-0.06291215428914908 
-0.1196974336795003 
0.1930090692883327 
-0.1097397698334954 
0.1354375209779144 
-0.01177611223424349 
-0.01116109838568496 
0.2394448780393891 
-0.1631790557810239 
-0.02006177700856979 
0.002007089298013267 
0.1639807276216395 
0.1084730697843675 
-0.137306369347798 
0.06199211256589342 
1.620279481107726 
-0.2423271726660588 
0.05607483094856307 
-0.07348046151207788 
-0.1459061121769047 
-0.1169795114942863 
-0.008511069466494494 
-0.4089464956156225 
-0.04805102779891653 
0.6903546439400197 
0.1448134048593623 
0 
0.03764150871959129 
-0.207163950997947 
0 
-0.3700136156548611 
-0.4050305450800943 
-0.1166235788600074 
0.05074355252682906 
-0.0394486968146714 
-1.209446438727385 
0.1345929148775297 
-0.0001903145156345424 
0.1061994919356231 
0.9231141324928228 
0.2594841228433454 
-0.003894400392536324 
0.00111708758809759 
0.1517665184902141 
0 
-0.1179187375266108 
0.2153718662038077 
-0.0282455888794533 
-0.02099213113407085 
0.4557909003229565 
-0.2296308809445652 
-0.3405180833664848 
-0.157191043837644 
0.03415406351288017 
0.08098241272941066 
-0.004159891289220629 
-0.06098451444885685 
0.1590437124083827 
1.084202172485504e-18 
-0.0009516157208308931 
0.003836315818699441 
0.7616767328465054 
0.09036782465804907 
-0.09389647434518018 
-0.0009077806221296245 
-0.1630827467547174 
-0.0242059604600234 
0.3950274484079776 
0.04015695155085193 
-0.03793164379987203 
-0.007370120476181461 
0.5587654522347667 
0.2498757053732412 
-0.1386942881242431 
-0.09444226827991382 
-0.06020030904257672 
-0.006439265819022752 
0.01940519363419068 
0.1203804937002027 
0.204357348140062 
-0.6271343590196216 
0.1400597394768726 
-0.001028260109770736 
0.08606160367968842 
-0.1695487433669325 
0.003107100362229636 
0.2225104460064177 
-0.1800467021857535 
0.2871140762197101 
0.03566950841238308 
0.5639633371680737 
0.001076252197732796 
0.0475178443260675 
-0.16490842065737 
-0.1141113349647753 
0.02976204623431504 
0.89105132680981 
-0.2002712026527933 
0.2144014398279456 
0.04313702111930474 
-0.1323214373638315 
-0.02295648421425555 
1.988426242154922 
0.09962836225946015 
-0.006458011014014673 
0.006605258039179846 
-0.5749404057731554 
0.06051890715043898 
0 
0.2044842296562752 
-0.1506705003888942 
-0.2043704200530783 
1.162846855268922 
0.237558395484523 
-0.004687931158397028 
0.09793851857866688 
0.03351602962097055 
-0.06409486713909711 
-0.1239022718545213 
-0.007674268871467927 
-0.01082463519190361 
-0.1202330383900175 
-0.2585973989638956 
0.7082148764242654 
-0.2528366451518478 
-0.3624476938759238 
-0.04257468667620645 
-0.01412636704193413 
0.5204499082390471 
0 
-0.1086994488876513 
8.673617379884035e-19 
-0.03222216155955955 
-0.04624487420231747 
0 
-0.00238806888552243 
0.2849163302070927 
-0.0162440786376171 
-0.04191599134418221 
-0.4790666034249799 
-0.07299197985905805 
0.009704660913068777 
0.04917682595464858 
-0.06885524210925013 
0.007334169720893184 
0.0220508018209582 
0 
0.1860744019048683 
-0.009551604025168131 
0.04052876485728717 
-0.06558450111587477 
0.02011260545965284 
0.03751098949482109 
0.3475869632154166 
0.5027215200046132 
-0.07696504372630443 
0.1989359506474728 
0.3981025421170769 
-0.0008519360982499021 
0 
0.06974021546232505 
-0.2702349295837691 
-0.09442384948225412 
0.1017034909308903 
0.01222584780004516 
-0.01401242800114365 
0.008866981838267512 
-0.02443284110187759 
0.3827160158087621 
-0.01803964424383009 
-0.009050836450638949 
0 
0.08585868104644737 
0.1160231907540644 
1.115038125660659 
0.3914341408470345 
-0.02231307916288574 
-0.03260988486069602 
-0.1671393996526788 
-0.1105120626600528 
-0.04213995329023226 
0.1961785670510847 
-0.128454580889089 
-0.5177465131150603 
0.3285242395571263 
0.003266316552530953 
0 
0.01917361741241717 
-0.03329896048429318 
-0.1231108404660567 
-0.1968450357764572 
0.1492483866727149 
0.04364962033138746 
-0.1492285299663942 
0.1534678840755348 
-0.08922598385028253 
0.1167487356997733 
-0.08029149672823638 
0.3335254835234718 
0.2418301594511698 
-0.02547811574780329 
-0.05228122112251293 
-0.1826558004723582 
1.558574837558433 
0.1381822087169977 
0.2338430991354742 
0 
0.08540347701935448 
-0.5947997760029808 
-0.09233192394541895 
0.09172040399447293 
-0.01296243284600272 
-0.2068970184896665 
-0.4151578747593547 
-0.01703043207399732 
-0.2656693569439075 
0 
0.004999951102219801 
-0.2453038294581621 
0.13065025318793 
0.02866200906352112 
0.005082200246897229 
-0.05639935852799483 
-0.05146573883375091 
0.01209075458007478 
0.13864959584141 
0.5733681100533848 
-0.0004752418896153667 
-0.002643879792704982 
-0.2034281790084136 
0 
0.03915220018087746 
0.04076335714296395 
-0.06001433602788881 
0 
0.0489320447767051 
0 
-0.04809385870919976 
-0.3228436938657075 
-0.09132025986236852 
-0.01368827714883283 
0.613426536784611 
-0.102009703777703 
0.1331361104805678 
0 
0 
-0.0408553196072479 
-0.02477500478977997 
-0.1138660639007443 
0.1622260115793293 
-0.07826851548752763 
0.146167389637334 
-0.4649183736958056 
0.04875059499700544 
-0.004958158479319635 
-0.0007280033219427072 
0.04648220325141333 
-0.02139841925562918 
0.005436846809174677 
-0.3692106460858682 
-0.00311926154300786 
0 
0.5230480189065648 
0.1281924998916893 
-0.2678661119867 
0 
0.1399480318411295 
-0.1358463061549377 
0.6600108730383752 
0.02157601529208594 
0.4974099700101693 
-0.1615926434852051 
-0.2355245414909387 
-0.002305406655023195 
-0.1491110892588497 
0.1883479332911542 
0 
-0.6311824900665938 
0.07675167377983817 
-0.206412101557927 
0.2052111706337074 
-0.0802105038569904 
-0.2347251030230843 
-0.06490226081519546 
0.3342074330233806 
0 
0.0379295885303266 
-0.3585110562151037 
-0.07575351437384244 
-0.8533276145389477 
0.09124981622848784 
-0.1244919614570021 
0.2700171486256724 
0.05289189748409155 
-0.6150149168389977 
-0.2475689701461465 
-0.386676335483539 
0.03616742005398501 
-3.361026734705064e-18 
-0.3831607332659029 
0.2449407365343351 
0.08514454010844079 
0 
0.03806417889151744 
0 
-0.005539855328165071 
-0.2055882647073247 
0 
-0.05134034036853811 
-0.1261672591519721 
-0.06637996271603018 
-0.06656722718852907 
0.002965202318411787 
0.2908791956116353 
0.9646708404860667 
0.0007095702176117069 
-0.3073410599077019 
0.238230374231502 
-0.3230183984209215 
0.4525804414533922 
0.0648159802043512 
0 
0 
1.052000753187183 
0.3683587581272548 
-0.1275831188742558 
-0.01768280304699598 
-0.08863172802734537 
-0.04239034350482929 
0.6245225111136687 
0.2761235918736458 
0.03305873090712193 
0.01541563788943647 
0.05537116500846994 
-0.06922645481758451 
0.2477445451394568 
0 
-0.2351082908839449 
0.07996042746996057 
0.01599087129474834 
0.02333117480672055 
0.2774709718589143 
0.12210921859161 
-0.02001845027896888 
0.1342489069428794 
0.374833406904251 
-0.03843749394615326 
0.006668500650877024 
0.038612608524303 
0 
-0.0005567448679976615 
-0.4892146620318205 
-0.0533966959732321 
0.4771967189836329 
-0.3480276433609337 
0.001559050617969391 
0.0599102983293387 
0.006500422423492315 
-0.3037305871416176 
-0.3783871021241585 
-0.02481044137836757 
0.01011011554068756 
0.3433108218661746 
0.04262717084812494 
-0.1497089352224737 
-0.0978437734073556 
-0.1241889861162786 
-0.1517019721963016 
0.1200647785714562 
-0.09442755664232061 
-0.2559881655197089 
0.1154413680053999 
1.734723475976807e-18 
0.2175334121175982 
-0.1009008784733233 
0.01068220606248269 
-0.1199085159443312 
-0.003208631343310512 
0.02913953985094775 
-0.1431703243144475 
0.04748752386110128 
0.008908023290863239 
-0.6663599995139804 
0.8529980381020069 
0.01346220310261686 
0 
0.03756281511663046 
0.1312466155068436 
0.9456346286363226 
0.09668776483338842 
0.07171572021864311 
-0.05221251281768129 
-0.003484892066388829 
0.5889939149666233 
0 
0.1111491711474234 
-0.005935835961499223 
-0.009287625273848875 
0.002096768699036904 
0.01749249751574117 
-0.3286693961246291 
0.3920358216673248 
-0.1996670021118202 
-0.03103601282630272 
-0.1913417217467944 
0 
0 
-0.04621998036051318 
-0.1567225207776911 
0.3855605395177709 
0.02610221177592309 
-0.005355395688879896 
-0.02173262563153213 
0 
0.4034417518985993 
-0.0007692500240443307 
0.02083245188938841 
-0.3050225152733836 
-0.03499895213564799 
0.01328443420755909 
0 
0.106972827755856 
-0.008218652245719318 
-0.6899562493071701 
-0.03965357347334453 
0 
0.01794880336647546 
-0.02012510544671445 
0.3671152338168901 
0.02028201393539416 
-0.1011904825139302 
-0.01741266859731561 
0.03270832125989951 
-0.3835916059880388 
0 
0.04095779502861606 
0.0621351361594474 
0.1375189697383092 
0 
-0.5275136224811434 
0.1690435105328539 
-0.02282574483508745 
0.04888824611570546 
-0.5009891694152129 
0.2979579148055626 
0.1170745655746828 
-0.03098355889585607 
0 
-0.2654875684232323 
-0.08186141543578301 
0.5061205358060293 
-0.03914703299643427 
0.2749439574612662 
-0.5650935597285581 
-0.105053867392098 
0.09430646965036366 
0.6156355273805024 
-0.01335940870432938 
0.07954838678685799 
0.4000690162218461 
0.7805837141274957 
0.1707721632431082 
0 
0 
0.180425898393333 
-0.4911364674073454 
0.2648427759024135 
-0.06344480010083638 
0 
-0.5011263731828236 
0.8154449718471449 
0.04233677583394619 
-0.1129800263859357 
-0.2139917507517446 
-0.3489314503922001 
-0.2185787094868731 
0.45808806341013 
0.4371417745302596 
-0.0004217436465194698 
0.1909027089536169 
-0.214600432776876 
-0.0174320249449707 
0.3860705877076132 
-0.0939220042832109 
0.3060965598984131 
-0.01075859999494179 
-0.004630793778260376 
-0.01594787167992378 
0.01855873617033527 
-0.04875074901292566 
-0.02573359986386801 
0.2895175885132432 
-0.04917655995523232 
0.001128968110171084 
-0.1912452369447217 
-0.002421650684604925 
0.1262385953693436 
-0.116739540607265 
0 
0.1725123805639968 
-4.999479150464526e-05 
0.03963381969965035 
0.08130631687271703 
-0.02354482840227614 
-0.01366316638283227 
0.04471718847388449 
0.03275588448566438 
0.4872145002314935 
0 
-0.09017371268435972 
0.3811038796076996 
-0.005332536407423104 
0.0496547977765311 
0 
-0.4653458450947531 
-0.01084135052169811 
0.9624718575567051 
0.06215209488349879 
0 
-0.1611945620736018 
-0.5686612499180728 
0.1109921800084978 
-0.01393895745664597 
0 
-0.1665182939946295 
-0.00346597614021723 
-0.1867771440525223 
-0.08787122272144302 
0.1175926291422278 
0.2235477169046454 
0.1010579036182036 
0.03300531543503745 
-0.1785499677262281 
0.007966814550227286 
-0.06140173630892759 
0 
0 
0.1432857110412732 
0.100713617422191 
0.01157284461699719 
0 
0.2510806840180234 
-0.03303826477682426 
-0.05384065828608615 
-0.08542590192006962 
0.2842356841457545 
-0.1454016980219049 
-0.03923044126517843 
-0.01867699324053551 
-0.1014804696230737 
-0.3388043196421701 
-0.009215587988252373 
-0.3932547975584299 
0.06009079328002086 
0.1163816873259152 
0 
0 
0 
-0.08084137475722823 
0 
-0.1174825738636894 
0.04088962876724396 
0 
-0.02146735431807147 
0 
-0.1194662811692278 
-0.02780163513461755 
0.09596246731710149 
3.794707603699266e-19 
0 
-0.1240815079129728 
0.1337160907804401 
-0.03689016735186398 
0.2579621122162962 
0.8217765622236228 
0.8793438500774003 
-0.2327475067739716 
-0.05978272589835851 
0 
0.001037704165662682 
0 
0 
0.04600345200802346 
0 
0 
0.1509381847863192 
-0.2530745848535902 
0.1234048564560257 
-0.0947272718587383 
0.00652072008947399 
-0.165586758406623 
-0.04405509334131621 
-0.001790563002418892 
0 
0.0737730780534782 
0 
-0.05662573872142639 
0 
0.1093832660342414 
-0.02027572303601851 
0.05760929798449471 
-0.5018707017008841 
0.8027567917984648 
0.3098828551246394 
0.1529342257359044 
-0.0105818576428587 
0.008642321940313278 
-0.004326750727119338 
-0.4045278737171679 
-0.4361018278153013 
-0.5139542349911304 
0.4167294103827714 
-3.469446951953614e-17 
0.4260061287503651 
-0.08870746558031271 
0 
1.372995987347209 
-0.008936194702793325 
0.3297955806655314 
-0.353578790492781 
0.3786016735798434 
0.004617820931072371 
-0.2789030915811589 
0.1754849857269121 
0.2538492382501185 
-0.4083563921908641 
-0.1429144951746502 
0 
0.000590260732274489 
-0.02604440392418114 
-0.07046688813445273 
-0.05911698770277066 
0.8586630622857503 
0.05567225319757686 
0 
0 
0 
0.1954043841195544 
-0.2221946570370663 
-0.1388497354196969 
0.3485743146542907 
0.05875604464524034 
-0.01198332648083101 
0.1238918578630141 
-0.08039055731566516 
-0.03465670634757202 
-0.008724316639391452 
-0.1535360594222575 
0.06142327335253819 
-0.1259530673786649 
-0.01476097194031857 
0.6285450023986027 
-0.03534002870975207 
0.826608153954379 
0.1823733913496644 
-0.07063608935710668 
0.1780548548649902 
-0.02512712665964196 
0 
-0.05782219337667361 
0.4680890403296758 
0.004788721430741579 
0 
0.03099073549762437 
0.02157919981801008 
4.336808689942018e-19 
-0.01054161088123754 
-0.1041530917914652 
0.03739307962645586 
-0.03310168666355552 
-0.0004345358411764608 
0.2878740033100804 
-0.008809962353354449 
0.04188193194391167 
0 
-0.1854656165256131 
0.8913086086979732 
0.003580435994302744 
-0.08457091913486064 
0.2250915430942746 
0.174747184985751 
0.01893446614364658 
0 
-0.6723401304551357 
-0.1075077500907069 
-0.2205414242419662 
0.1300828012581498 
0 
-0.007126622733974287 
-0.09714344571035444 
-0.1076887105253676 
-0.006834737980294259 
-0.8017619355597747 
-0.2456869834396609 
0 
-0.1725435557531045 
0.4713014231392762 
-0.1078786575418257 
0.002084416278393902 
0.2157664630513536 
-0.08216029627120731 
-0.01513871098658609 
-0.004069973745115264 
-0.04880890086908851 
0.9929501182466292 
0.6557507715983858 
0 
-0.4546854037752767 
0 
-0.001726002509319833 
0.006021556592949317 
-0.03564077056525607 
0.2321408995541736 
0 
0.331488923424978 
0 
-0.004598417008884608 
-0.03665452487288066 
0.2530430098329713 
0.1727370210882151 
0 
0.01077623206626634 
0.1643633828954453 
0 
0.006583864883875161 
-0.04626161115367485 
-0.1182648551483553 
-0.05869103439742706 
-0.01906081531936862 
0.4551320824544399 
-0.2772399105853573 
-0.03296280211162444 
0.08534862358089761 
-0.2674544688314842 
0 
0 
0.06923263616040248 
9.540979117872439e-18 
0.002627471346269332 
-0.003619045448249028 
0 
-0.005904134366345238 
0.009934727016538041 
0 
0 
0.1789152789657912 
-0.1910222405438249 
0.8298605223633333 
0.02606881513957331 
0.6401666820781218 
-0.06545305172916011 
0.1466156182187331 
0 
0.03971770989841679 
-0.02401167159351325 
-0.6680884715941595 
-0.007712326261149091 
0 
0 
0.06123995339450727 
-0.01596230469634634 
2.38524477946811e-18 
-0.03315102369343858 
0.01542896846106418 
0.01794663613606338 
-0.1577323957300507 
0.3271710271967779 
-0.09348003990728784 
-0.320400803943193 
0 
-0.003036544242160273 
0 
-0.006538779120648387 
0.467310774560479 
0.2717731162066153 
-0.07015774054160015 
0.7977926078481975 
-0.1778525967975375 
0.01548242931018195 
-0.01546270260193608 
0.01866561774943704 
-0.0452179231162335 
0.2375026763441878 
-0.1527617610317507 
-0.2080534780537568 
-0.2834103733495693 
-0.06275536992251855 
-0.1987446616491597 
-0.05810837882619543 
-0.0868387392029014 
-0.6033389363719512 
0.2201208664242857 
-0.04140447791038631 
0.3037957051392307 
0.00452697493528784 
0 
-0.02925444642351066 
-0.04662300724802832 
0.001807324624496061 
-0.0123673496100629 
0.07083726629846782 
0.05413830425837395 
0.0337918799558082 
0.520047408324791 
0.1247486186894578 
-0.3245892556204121 
0.4896274987370712 
-0.05271027110264787 
0 
0.1481574100490204 
-0.06800730710496308 
0 
0.08742221027155669 
0.0008640011987723112 
0.5724678059922556 
-0.002561026151002841 
0.6138892464254037 
-0.002382910643195004 
0.0499857367415165 
0.02873671787148984 
-0.1337807701876728 
-0.02407999840493837 
1.084202172485504e-19 
-0.5703451168348548 
0.1380201561277436 
-0.3352622671794404 
-0.1800871375959177 
-0.006550497323620969 
0.3687403864720784 
-0.06076319868160122 
0.009386291970623135 
-0.01163360282871547 
0.1536654626091914 
0 
0.1859632615356739 
0.3890265348399111 
-8.673617379884035e-19 
-0.007499064335113625 
-0.1508487044654549 
-0.2509181455645121 
0.3540889803738698 
0.103655648873635 
0.03054434289368329 
0.1731192136768645 
0.01482893694182579 
-0.02658467448868365 
0.08344175194607237 
0 
-0.2307647549672276 
0 
0 
-0.2855182697164707 
0.05615036883139581 
0.4346747953899134 
-0.008417833383024268 
-0.1248964958259968 
-0.2343054287026353 
-0.01325451641815983 
0.07638514946138245 
0.4413668287836257 
-0.5093244986392037 
-0.07760349057011372 
0.3992550173189935 
-0.250941453595778 
-0.1455688601567237 
-0.0276332546191796 
-0.02522431594096741 
1.108087658628984 
-0.03272429417004546 
0.2293471601896003 
-0.1831843831118973 
0.1307109033858954 
0.1194130883685368 
0.07051898686944766 
-0.01627356969061067 
-0.1378902492182175 
-0.02369924072696763 
-0.08245070027154852 
-0.01533871029287905 
0.001359609893375483 
-0.001612850366796261 
0 
-0.6020124734225378 
0.5685949349635625 
0.01369864626697932 
0.02763032097345332 
-0.05329056716188327 
-0.02988489257549527 
0 
-0.07887408294618048 
-0.007637160692630524 
0 
-0.6188469838733133 
-0.008247104140986406 
0 
-0.04924719785747585 
0 
0.04691457987370152 
0.1378286831432633 
-0.6407128614156251 
0.1293066330854276 
0.1022309833474549 
0.00423607983893156 
-0.02908135417232659 
-0.1399856687988277 
-0.02795657187213954 
0 
-0.0001289544412720826 
0.1469046096584269 
-0.005220263308019334 
-0.001227257730220674 
0.02837193399827299 
0.3048248185869243 
-0.0002396085353521397 
-0.07646266998159534 
-0.09820608840238627 
0.5867992712367004 
-0.07209182783720731 
0.5277308351915883 
0 
0.02356031335056145 
-0.5244162090444564 
-0.04733795321319663 
-0.1794711790229452 
-0.05644403025932698 
0 
0.01123799377460996 
-0.02053288302130575 
0 
-0.1096384320895653 
-0.1022559163605313 
-0.008290803895459792 
0 
0.1983139994796764 
-0.01758168373481145 
-0.001639517605867373 
-1.148922738050933 
-0.1155668663034169 
0.06751960659744706 
0.0004432752657669303 
0.003555520255827813 
0.07866083121110529 
0.01153627248597508 
0 
0.04167309259633518 
-0.04584034520351347 
0.1752381831694682 
0.05987183585157645 
-0.009132342641026931 
-0.004792369328425443 
0.0007330820824598505 
-0.3006433657852943 
-0.02961308277461537 
0.0713879687387457 
-0.07043489719905871 
-0.07800281392477174 
0.7536044490574217 
-0.2332382507912209 
0.11845044818326 
-0.04089558106250615 
-0.01813477885963716 
-0.2446068820515365 
0.03364860188577193 
0.1282107935951156 
0.008253398324225662 
0 
-0.1024229617180332 
-0.2576184063351896 
-0.09440499361285339 
-0.2699885750131057 
-0.05684254429199549 
-0.00159029501845376 
0.007217379087054262 
0.4209328089129857 
0 
-0.3987742214089273 
-0.05250918920194313 
0.2280134168099922 
-0.05432837408493955 
0.1765427369191783 
-0.1087630006049138 
0.2529959274008611 
-0.5224799815513667 
-0.409400250614714 
-0.5482025694859162 
0.0069475700456175 
-0.005828007184351242 
0 
0.008986682201940866 
-0.009000156772177992 
0.08844279176345295 
0.09000942953741324 
-0.0401367253969277 
-0.01643192077763491 
0.01066586938381778 
0.00426040213691067 
0.07830142478974059 
0.08014074414149257 
0.09941169377699449 
-0.04065110538886452 
0.1630089823509356 
-0.1017798406067967 
0.01172045307684585 
0.1055221086831518 
-0.05219297054841086 
0.1863272377404605 
-0.01365290284543558 
-0.05279432194695891 
0.1719754645345578 
0.3214015680012481 
0 
0.008370664408770497 
0 
-0.2436841399855752 
0.1159539831448667 
-0.02041818317297208 
-0.09029569417104599 
-0.002253086946346978 
-0.01862699551671945 
-0.05930587492892338 
-0.01968469500034133 
0.02879418501887979 
-0.3089975774544308 
0.6023911177786881 
0.04759939829151145 
0.2054280512552446 
-0.1793126793323639 
0.04848445348096649 
-0.03997327007862076 
0.07190536787545637 
-0.07823210856043605 
0 
-0.03990654877524959 
0 
0 
-0.1462889524538113 
0.08801733368018683 
0.01471984796044352 
0.02004936322736997 
-0.01806218494419021 
0 
0 
-0.01784681467341747 
0.02600875191649813 
0.06094802781575575 
1.157692221424715 
0.009997073238297963 
-0.0421613648813535 
-0.02487988547643899 
-0.144812770291682 
0.2409411996696362 
0.9727530482959195 
-0.0769900040099819 
0.1452404434529548 
-0.05786088908395449 
0.3202559278056937 
-0.006035892932852062 
-0.03848241939205792 
-0.03228565332616042 
0 
-0.3176687381562642 
0.2106645093958409 
0.01951932641077871 
-0.07747466726289301 
0 
-0.02322717657638421 
-0.002418264652029279 
-0.15728995770121 
-0.06398058855200227 
0.8990545367473131 
0.4451057270486248 
0 
-0.1236257240412528 
0.7709920358015545 
-0.1446880829120767 
-0.355492059576306 
-0.001346146334674104 
0 
-0.005528154451340236 
0.001048916910296243 
0.0490277103529612 
0 
-0.07435057032989127 
-0.2352320331121413 
-0.4803711485560899 
-0.2613475818156287 
-0.057862472570285 
-0.02851562675440372 
-0.02277629867762414 
-0.06577854444897122 
0 
0.4765394749642897 
0.2353690783580881 
0.001138304164976397 
-0.04892824751548987 
-0.1393866240948759 
0.1290322671195373 
-0.112546151017664 
-0.1096725478144472 
0.2257606470518191 
0.3459236483534654 
0.1861959124497169 
-0.03450362247711852 
0.2739618867100267 
-0.06889393779606953 
0.1824096055614067 
-0.002349206576578459 
-0.4698031624897583 
0.3438916550304255 
-0.05043332066671037 
0.3984786924447724 
-0.06854613361275989 
0.01894543751599147 
0.0344045043097259 
-0.02980800114541705 
-0.02320758635863945 
0.8617814345453795 
-0.07103321893762622 
0.08186481655306505 
0.3324670306762841 
0.03959908343447661 
-0.1292280884269573 
0.518240546615605 
-0.1643723138768588 
-0.04556759530020815 
-0.1491872229804663 
-0.9484609633395436 
0.1484003318316361 
-0.0009748349405609123 
0 
-0.1320003503517192 
0.02493770446025249 
5.610746242612485e-18 
-0.9074530576171572 
0.004546816183877352 
-0.07718591351487249 
-0.1144164747079623 
-0.01234834350248323 
0.08419646560965233 
-0.2572228300606114 
-0.02817438017707686 
0 
-0.02968310878947553 
-0.03011054963410126 
-0.01435948909041938 
-0.001192481368298266 
0.07103403681945916 
0.03544079347985338 
-0.1305297117935031 
0.01365571993020043 
0.05422207039452397 
-0.001389878326562578 
0.04905174655929304 
-0.1346178057539617 
0 
-0.00207517837166491 
0.04713485310968322 
0.167184530278358 
0 
0.1383324302512019 
-0.2244697294706822 
0.0254046827961171 
0.03478456697255172 
0.1964587407769353 
-0.0458245249739813 
-0.0005841050304852296 
0.04172525909266184 
-0.01058626211110926 
0.2435515291062149 
-0.3700484099558168 
0.02697833918488961 
0 
-0.04141639952053457 
-0.1018305219265326 
0.2014119178892155 
0.3439631664284973 
-0.05420320343975461 
-0.05690356013936277 
0 
0 
0 
-0.3330253552251607 
-0.04488873047380678 
1.040809248676473 
-0.01730180788437477 
-0.04112322639388206 
-0.1738742494176302 
0.04052584931607553 
0.1968164337902077 
0.04645502985412035 
-0.1284449674792265 
0 
0.0007232172627051789 
-0.02904387392329839 
-0.04345923569080409 
-0.07899274350122 
-0.1691169372798743 
0.1272727288881788 
-0.05456997734612302 
-0.002590218486916899 
0.2525812196448483 
0.06141983026477711 
0.02592127897439307 
0 
-0.1285625298619807 
0.1154574659633409 
-0.3456456927626847 
-0.01298356769985307 
-0.2760357621298049 
0.07501733354362183 
0.008117982176931283 
-0.01575002726667394 
4.662069341687669e-18 
-0.06764772764299473 
0 
-1.084202172485504e-19 
0.1013094305369802 
0.01899205912883497 
-0.003392570170340655 
-0.20438624529507 
-0.2099736363281425 
-0.01431179895418095 
0.0417433112237749 
-0.09786305657396345 
0.4581058564057233 
-0.1747309805991026 
-0.204487551147075 
0 
0 
-0.2003598610779357 
-0.300806314394018 
0.5086609656133916 
-0.6345452606261028 
-0.2365838881390883 
-0.4620966964996608 
-0.3894395475344195 
0.00637234251725712 
1.271386837895961 
-0.3192701627183248 
-0.02451944731023312 
-0.004522708429161062 
-0.2406825049457539 
0 
-0.1934061426532462 
-0.02125626410735602 
0 
-0.3249065001826885 
-0.09545812734838863 
-2.710505431213761e-19 
-0.06730891048882284 
0.00711637338509163 
0.04754012938321735 
0 
-0.2961227189131491 
-0.1981587850696533 
-0.1077106061914514 
0.178393530417166 
-0.1986358499480559 
0.3356731722219774 
0.03262819545667743 
0.3086203900709217 
0.1420170572114988 
0.002041052942529574 
0.263376176963423 
-0.004568236891296314 
0 
0.01758826786249689 
0.0659197486942678 
-0.001015329617298108 
0.4685021832508863 
-0.6284987285750806 
-0.03517648231129701 
-0.008181783846609269 
0.606992890087488 
-2.168404344971009e-19 
0.068955750152065 
2.032879073410321e-20 
0.05421936684324372 
-0.004710581386884384 
-0.05043173773174023 
-0.02060121234148091 
0.07655142162835681 
0.02525742918245957 
-0.0808353776779312 
1.099120990660311 
-0.6044198548618575 
-0.08607445951965972 
-0.1269732236897927 
-0.0003596362791502759 
0.1748223888147797 
0.5372878222958387 
0 
0.3707144027393248 
0.07736463484193556 
-0.4727995834658176 
-0.06375934417969345 
0 
0.14835003212885 
1.626303258728257e-19 
-0.1008520943218158 
0.05356975978214688 
0.5289298528390259 
0.08831600842439642 
-0.01227678983145235 
-0.09795545345056363 
-0.03621293777825926 
0.2888415279490286 
-0.2711775829063449 
0.1284591597441822 
-0.119912939364905 
-0.006081374047776057 
0 
-0.0002154727465843452 
0 
0 
0.06832857521255251 
0.229884275770306 
0.1222611685135336 
-0.3271542462399823 
-0.161382304532587 
0.00393103227472508 
-0.05308834239387259 
-0.1646852195611129 
-0.2272573656616793 
0.2377979431844126 
0.03297958773741706 
0.1619271249483249 
-0.06023316910898186 
-0.08390195375295392 
0.2897878508937313 
0 
0.06640102918607524 
0.05109529361506646 
0.03967506929322251 
-0.02106998982003953 
0 
-0.1282635900726293 
0 
-0.2847313149057296 
0.7874766134928113 
-0.0773123156769888 
-0.3374308558994971 
0 
-0.2398103710289913 
-0.001149640293930572 
0.06497830211336797 
0.4500733478230211 
0.005805168546817121 
-0.02655088512407178 
0.1417956039715506 
0 
0 
0.2851447462427568 
-0.05407869085815024 
-0.01592044455964249 
0.4404941140386922 
0 
0.07820388176966538 
-0.4106097538672628 
-0.3452216107156518 
0.003136931341133172 
0.2281243846460856 
-0.02853815778535041 
-5.421010862427522e-20 
-0.1080441945795156 
0.1122802999406888 
0.07177118116055065 
0 
0.1919193820319811 
-0.820785933756695 
-0.2572430638383072 
-0.01075475197875112 
0.04825632437595678 
-0.13537121418071 
-0.03189128853109419 
0.1125119781842608 
0.2621876767611823 
-0.5840626683828452 
-0.2962606066972087 
-0.004424296991179461 
0.05780476444073022 
1.734723475976807e-18 
0.00770355784058979 
0.3257077842156427 
0 
0.7422615504814286 
0.05589500857810874 
0.1281605756153896 
0.0008775938101666042 
0.3894669271075352 
0.02584564930498455 
0.1647168866487689 
-0.002678769278783473 
-0.05343776671668548 
0.04550873802160117 
-0.2644250337254522 
0.4857488853855595 
0.555878809626876 
0.1216931308359708 
-0.02468621672491604 
-0.01034859736994767 
0 
-0.1934418214007623 
-0.001346606882056092 
0.0863062112950844 
0.2252398061440923 
-0.1893533190539979 
0.554125031144943 
-0.3533920707326186 
-0.02178091164708795 
0.3784360038763673 
0.07251270292476969 
0.02155738112891331 
-0.03228452196651169 
-0.07928896065037079 
-0.01694262213517517 
0.6583878575065459 
-0.03951610946878689 
-0.0297978246588795 
-0.006695761664183466 
-0.03825213119231612 
-0.05785363163442247 
0.1195888305663272 
-0.6265252690011079 
-0.009489508693095077 
0.009496157519722864 
0.01030091093058864 
-0.004192732299698341 
0 
-0.0857981271558339 
-0.1522210690740415 
-0.02997238630642848 
0.2573152772623803 
-0.2579823495991382 
0.1929645447797662 
-0.04873425182608147 
0.002638832500491111 
0 
0 
-0.1148640897665041 
0.5239982329798898 
-0.2973533520273852 
-0.2021527371375688 
0.216159647261931 
-0.003755312667589611 
-0.07260386337082525 
-0.08234862414191824 
-0.1945811065846502 
0.04807051231213906 
0.1827134635874611 
-0.2325227037051165 
-0.002651151639370045 
0.06494461195119383 
0.6819871989151965 
0.2148359996964841 
0.0219901170386398 
-0.01083788735427324 
0.02863822302194254 
-0.03639128869741966 
-0.02925180618491639 
-0.344687855787483 
-0.004453921303933994 
0.2495274606010303 
0.08331769835383386 
-0.04849332070390914 
-0.4931324047713989 
-0.07151598317901828 
1.734723475976807e-18 
-0.1213061873516146 
5.421010862427522e-19 
-0.03948275418025202 
-0.002499819679319187 
0 
-0.001106271646510581 
0.1387750291544519 
-0.006371360558468463 
-0.05277721269779927 
0 
-0.1241123942572195 
0.280727764766623 
-0.04074176281128758 
0.01019563684325955 
-0.0172224557644153 
0 
0 
0 
0 
-0.1030743188882639 
0 
-0.01996445122808177 
-0.03989754929639143 
-0.1277057308873447 
0.5469691465934633 
-0.02420010325203512 
-0.1404525013491207 
-0.01101561537505381 
0.281336024698865 
-0.1096401218627926 
0.002969943111745875 
-0.08242613485799832 
0.1284624569355756 
-0.003964866670792179 
0.1354331196306907 
-0.1303772816670078 
0.1206853861598993 
0 
-0.166397224762876 
-0.1315910503998703 
2.168404344971009e-19 
0 
0.6261076374636159 
-0.01278685226950189 
0.03931330472017343 
0.5846110971662809 
0.06023913562506737 
-0.000715759130987438 
-0.02570965073391163 
-0.04987789087757807 
-0.09182350160950503 
-0.03721672356440908 
-1.338550142659456e-05 
-0.01201889975612582 
-0.09769930026944083 
-0.04321333289799455 
-0.09734308578714505 
-0.02374712933771018 
0.1491863948609534 
-0.2161967402528377 
0.01155209689738992 
0 
0.02028725817055816 
-0.01289910253450895 
0.2306111735677069 
-0.05945615841980364 
-0.1375480493794166 
0.4729070992297365 
0 
-0.103136656290027 
0 
0 
-0.01474300068268792 
0 
0.01597263031798277 
-0.05855154687985381 
-0.4756867276302343 
-0.3714268768754685 
-0.1614520359916419 
0.484789192722713 
-0.02348355933666739 
0.00560931986331345 
0 
-0.04515491519600516 
-0.1640582418783307 
-0.01055747393405564 
0.3515649334413835 
-0.02278276820749307 
0.04450302543723757 
0.06750619746573201 
0 
-0.650222207628719 
-0.2945143939859278 
-0.1513792366604255 
-0.385085889465662 
0.01194750332705552 
0.001922512137267218 
-0.03761589592635695 
-0.4237023652330428 
-0.07622371771525151 
0 
-0.2035380315953569 
0.0921794238642839 
0.01460202627354091 
-0.0268165750782381 
0 
0.1622577058927027 
-0.01887393624205716 
0 
-0.4502649407383854 
-0.08588480762595756 
-0.1958193152053729 
-0.01168851614424938 
0.2044161672977721 
0.9822728262048163 
-0.0204005748944179 
0 
-0.2866498287105266 
0 
0 
0 
-0.3034383770423472 
0.2420875063531883 
-0.247450219985822 
0 
0 
0.03258325119525295 
-0.245757910606145 
-0.2033994518559211 
0 
0.2270551829150665 
0.01502834491373815 
-0.5461491647489526 
-0.4148259828737548 
-0.6256607157742143 
0.01921542253449643 
0 
0 
-0.2510423593904827 
0.04479714808720082 
0.05992751425828569 
0.3177601993739887 
-0.01746074660253488 
-0.4858709234461299 
-0.1056350473838767 
-0.1115618915691617 
0.02484791910106671 
0 
0.05725695762372145 
-0.2950814122898371 
-0.04508800004393351 
0.1286811378396559 
0 
-0.415647263287646 
-0.1521221088608802 
-0.01804241403503555 
-0.2988275000243825 
-0.08440386181489515 
0.06702902417740017 
0.5553193131752208 
0.1145354267765892 
0.2149057563046833 
-4.98732999343332e-18 
-0.003855098315127428 
0 
-0.5521903848849771 
-0.1323494482100663 
0.2438331448452603 
0.117744029869406 
0.1129311495916757 
0.1446737832389963 
-0.018334290671667 
-0.03865466635048829 
-0.110744565263909 
0.02254744990358508 
-0.1811566533910029 
0 
-0.1002994674656201 
-0.01730253172496472 
0.06490984237070581 
0.0948793496964157 
-0.2036063794234232 
-0.05354652556149422 
-0.004549659141277967 
0.01183943433977707 
-0.08100683398883896 
0.06881224991889609 
-0.1122824657426304 
-0.002841636355913396 
0.1154984195085129 
0.2013006976137559 
0.07620366119233687 
-0.2069973317666255 
-0.1906167977609228 
-0.1981015524226754 
0.07644011037521004 
0.188531828492676 
0.2681181236585834 
-0.3196211347213064 
0.09104054944658538 
0 
0 
-0.5671373017119276 
-0.2029054176278185 
-0.1283509615920525 
0 
0.01842416429374557 
0.05811633563821296 
0.05833550883433227 
0.001076319293121476 
-0.01510292859481252 
-0.3549184847720728 
-0.02301891773793793 
0.02919304917104297 
-0.372801927975768 
0.1474854758162568 
-0.1300093324078893 
0.04486851713847326 
1.286246325445974 
0 
0.05253399505770286 
-0.3911057505649129 
0 
-0.01801830767694471 
0.3048953671539408 
0 
-0.01685063612496256 
0.02254729554213621 
0.130227648729803 
-0.09097339175786892 
0 
-0.01090492473723105 
0 
0.00806108647229108 
0 
0.03173567186614469 
0.007603011223722791 
0.1137147736451761 
-0.03859308523417935 
-0.238847585759446 
-0.03563738919245257 
-0.05529716771524996 
-0.1301163166095563 
-0.06752058081007715 
-0.1095321001308081 
0.1097661078531809 
0.5272168525379228 
-0.03819566465893203 
-0.1323756908840453 
-0.7791134453764762 
6.505213034913027e-19 
-0.004628516960744686 
0.06592586507466117 
0 
0.02732418004590863 
0.003781241688925215 
0.02753617538056005 
-0.08052587804404898 
-0.3563843216850733 
0.07123508562969197 
0.07368790033349257 
0.06459007430714847 
-0.1188220154812494 
-0.1811622739571945 
-0.09011319780756952 
-0.5373939720019245 
0 
0 
-0.003246959594173063 
0.006683021689955262 
-0.2471523967432399 
0 
0.006941920601872877 
-0.2433653087320577 
0.2025005797890652 
-0.2129277973067313 
0.9181431218780294 
0.03350930542696648 
0 
-1.681451959478639 
-0.1175928596576818 
0.03789988377038268 
0.0004251099960628622 
-0.04101760830711886 
-0.005628028472194106 
-0.1597137882486257 
0.06867265938572027 
-0.09357905134391239 
-0.00935543555425457 
0.004501466751491384 
0.1039681402334569 
0.03345290601008276 
0.01531937582673265 
-0.08972958840794559 
-0.1158226212151966 
0 
0 
0.1911183187079754 
0 
-0.07774040657771966 
-0.1257788159901892 
-0.02656170796575531 
0 
-0.08329737405302562 
0.08531487366170679 
0.1972660037234281 
0.02904252104075567 
0.6062627095387524 
-0.001529872987833986 
-0.04414271595749961 
-0.1478246263609642 
0.3590684448893779 
0.180070746323208 
0.07124098983897835 
0.1864913895429853 
-0.0009706150194351509 
-0.004082503243996062 
0 
-0.07908001429936991 
0.266185269232241 
-0.3013531910162733 
0.0318559763845255 
-0.0632149175059398 
0.183410242208484 
0.2560659805773031 
0.2779802261129688 
0.06418702527867093 
0.401985404899584 
-0.4541040106578149 
-0.2104652135524403 
-0.03188314483085446 
-0.07451792626527398 
0.1329522022950848 
-0.01211951070985098 
0.1140572851118179 
-0.1167804920733298 
-0.04278456814778427 
0.3116111132365636 
0 
-0.05661838064172819 
-0.04545131877606527 
-0.05120056957200628 
0.07225530900184488 
0 
-0.01692647546938324 
0 
0.3309726060666223 
0 
0.003310599730043316 
0.3073239984769988 
-0.2803511050376483 
-0.1336967345440745 
0 
0 
-0.03065155385777517 
-0.01397470445391274 
0.153046458018498 
0.02113876466555363 
0 
-0.002021264359282682 
0.03111555499621778 
-0.01719847648608751 
0.08707814846598619 
-0.08830055867366073 
-0.04596960129408951 
0 
0.07996550977343 
0.002371430763420998 
0.5581437678984378 
-0.07142759067247217 
-0.2055144037063477 
-0.08386032196128232 
0.03481851875706737 
-0.3918501728034819 
-0.1484354733354726 
-0.06059711219584512 
-0.3643456644405189 
0.02480995682074742 
0.1456977042273268 
-0.001378814578602455 
-0.07941865811761994 
-0.02000217961721015 
-0.07852731273715037 
-0.06341178977908446 
0.1620885557541046 
-0.3679166081629578 
0.09101081137454574 
-0.2372536456558955 
-0.03158615258270921 
-0.04039197205088708 
0.3632318368935741 
-0.08444005376286889 
-0.168447219118768 
0.04436002926211837 
0 
0.001062784580503881 
-0.04877442129411955 
0 
0 
0.2691440546847165 
0.02839858865271258 
0.3074944612011867 
-0.1945945741890901 
0.0007826232125435086 
0.07133089352261068 
0.08914318954149986 
-0.09508250948339468 
-0.1178410137127356 
0 
0 
0 
0 
0.1099249642864451 
-0.3879336958831012 
-0.1251563836151577 
5.421010862427522e-19 
0.09208762808772696 
-0.03252515766244377 
0 
0.4145057188469456 
-0.1828316855917052 
-0.04940773503393249 
-0.04692097565051514 
-0.08921032408751124 
0.1306977570117887 
-0.2032505988167981 
-0.1425305208016816 
-0.1120907597077976 
0.06446322625125533 
-0.124990572225373 
0.111154106803626 
0.08650100526108473 
-0.06864244048996725 
0 
-0.01702995411697842 
0 
0.003565328913687167 
0 
0.003429942241494746 
0.09760823022741855 
-0.01450243521904819 
-0.01296969910487301 
-0.1299032574797528 
0.001901888303796685 
0.1724630707641027 
0.06745644160630664 
0.1059394131950168 
-0.03454520050239597 
0 
0.3785066624142241 
-0.04523435615504859 
0.066564111677374 
-0.02779592109482723 
0.03616912139081246 
0.04212812608248828 
-0.1032783933123037 
0.01104152450496066 
-0.01758192764559212 
0 
-0.02206747949959555 
0.2750001670150899 
-0.01686063924622514 
-0.007632971004212522 
3.388131789017201e-20 
0.2547337486893394 
-0.0006411627786592853 
0 
-0.03279948570103806 
-0.002673957938805226 
0 
-0.001826597251641708 
-0.01779514517525055 
-0.05618676408050046 
-0.05908843224718581 
-0.1010130391212859 
0 
0.002296204470818439 
0 
0.1223179292013891 
-0.1558784030292573 
-0.01123691680644827 
0 
-0.0001578377142056864 
-0.2986913661608012 
0.01261402560082368 
0.02214757581672058 
0.03054949074700124 
0.05750916762455261 
0 
0.1333021382257835 
0.03615950342889331 
0.1400583601385075 
0 
0.002027320541450321 
-0.01399679517562648 
0.5527048998810231 
0.1311831233240528 
0.01874844631234075 
-0.1207301235828852 
-0.06297624668710307 
-0.1898633548652716 
0 
-0.04125825470444328 
0 
0.3978145992580914 
-0.05849804038604068 
-0.1269549865244748 
0.2462752692313822 
-0.1504390903996747 
0.005942465126328048 
-0.07898416638230732 
0 
0.05676986875274238 
-0.02028566898374826 
-0.01493073168146705 
-0.01454292392515037 
-0.05142368386680135 
0.04245192422936313 
0.07084386085128228 
-0.06196292062277419 
0.07970893116058123 
0.006630608394318125 
0.2542691691117303 
0.005206420999247522 
0.1327654391904583 
0 
-0.1775542235501462 
0 
0 
0.05711048095509311 
0.04777353397838073 
0 
0.2298689634305807 
0 
0.1043942532056922 
0.02875864324099691 
0.185304085548745 
0 
-0.4248354979986595 
-0.00402285501736852 
-0.08676617016725352 
0.08258454069743755 
-0.2697286013120846 
0.4898092545637882 
0.4199820898224512 
-0.005470513457854958 
-0.02566330189782131 
0.09005750794983552 
-0.03239157834367659 
-7.207896133265311e-05 
0 
0 
0 
-0.333801303973506 
0.006661101248017433 
0.3155489957430512 
-0.0210041370445386 
0 
0 
0 
0 
0.1147823371451241 
-0.2649186290251664 
0.1076013264600708 
-0.1030883639857886 
0.1042496615446841 
-0.01606698425539627 
0 
0 
0 
-0.4005875929707102 
-0.006849597028190284 
-0.04696443769303416 
0.018340482014961 
-0.3649779635277834 
-0.04060865589942882 
-0.1196687536921991 
-0.04129481517087546 
0.8122504324206271 
0.4006907912976698 
0.1570204751900206 
-0.007604167622876725 
-0.1375237575297448 
-0.03579201413852252 
0.3931144087050486 
0 
0 
0.3833880107214249 
-0.02046199509477547 
-0.04456283662631183 
0 
0.7457655271432361 
0.2765059810796172 
-0.2371728390759257 
0.1890862156138312 
0.1296916893406109 
0.1674816259029347 
-0.06704221135802184 
-0.1360409978595037 
-0.008521858496658043 
0.05808356706448074 
-0.03187340202642257 
0.02007426101802525 
0.3587850998333252 
0 
-0.08766792264112949 
0 
0.2519468460401258 
0.06977954400169439 
0 
-0.01356108188264006 
0.3141697429528478 
0 
0.1531510424002948 
-0.05944872017198163 
0 
0.00892994495500413 
0 
0.03815567806943378 
0.2465567450238849 
-0.1303710415377685 
0.019329420927701 
0 
0.09705488576528891 
8.673617379884035e-19 
1.211335362863036 
0.05026967512398673 
0.04980643147980929 
0.1473846880481788 
-0.0481456017509134 
0 
-0.0405014633387824 
0.2554002524439182 
0.02228055173136181 
0.09633047618138199 
0.09413760570713042 
-0.01269806005376517 
-0.01187406802878686 
0.01860530461475165 
0 
-0.04882886817064205 
-0.1153630604889494 
3.469446951953614e-18 
0.2578425405175086 
-0.4636662160397116 
-0.05319235562211858 
-0.07363052034878353 
0 
-0.03580849636447463 
0.1306015061337768 
-0.0503074471528507 
0.03291213050868758 
0 
0.04126206670910872 
0 
6.156970616375251e-05 
0 
-5.421010862427522e-20 
-0.01535622372292633 
0.06228283580367773 
-0.2371404179686775 
-0.01413278803432736 
0 
-2.168404344971009e-19 
0.01090051813998288 
0.2323943600806884 
-0.1004670728439687 
0 
0 
-0.08165581250796225 
0.00572328822827725 
-0.1542316560106276 
0 
0 
-0.005255881746878325 
0 
0.1000605683321626 
0.09274847494471487 
0 
0.0553474967555949 
0.02320783373136993 
0.001909898963713569 
-0.0509745595467116 
-0.09003441503018562 
0.04701071821031878 
-0.2438172450544969 
0 
0 
0.05894567016174692 
0.003308349205987015 
-0.02844298517289337 
-0.05718190530807262 
0 
-0.005505416875741034 
0 
-0.06893619972953798 
0.02196038343579624 
-0.004602153570292221 
0.117279407955537 
0.09271016214813416 
-0.1279724188299691 
0 
0 
0.04284411943055273 
0 
0 
0 
-0.01177196799539604 
0.1485654517526486 
0.1805809161761099 
0.004656541162106875 
0.03461504810788663 
0 
0 
-0.1342468009385047 
-0.0120445275512332 
0 
0 
0.1075842630661075 
0.3470488251436903 
0.07870466804806771 
-0.005377260852198021 
0 
-0.05410662730212303 
-0.1291810014195411 
-0.08568082283567983 
0 
-0.0904742836237845 
0 
0.7785128530236971 
-0.07819470956699218 
-0.2025347564716327 
0 
0.01758240386421739 
-0.02612432205449561 
0.1193072525672308 
0.1457124705660952 
0 
-0.1398341312168808 
0 
-0.05815355895039074 
-0.2570270405236713 
-0.2698692921495322 
-0.01754213791964331 
-0.08005563583786489 
0 
0.1275518307593108 
0.06886444937343031 
-0.04494718819594961 
-0.06963553386777911 
-0.04888143940031797 
0.04832403515646413 
-0.03384281122893652 
0 
-0.236065868388604 
0.4231838480145489 
-0.007667125575154088 
0.05823741848492271 
-0.1072351483160697 
9.291634477101069e-06 
0 
-0.2098613453849197 
-0.01945119755569953 
0.06824796239867569 
0 
0.01125909014290208 
0.008276564386555945 
-0.05782076928946754 
0.0309764588445067 
0.1277000173309959 
0.2960660140879702 
-0.004995801544601831 
0.1172292318358017 
0.05749158090705535 
-0.07381234606295484 
0.09919420988268274 
0.03356071725543076 
-0.09049393089339551 
-0.01289202451431033 
-0.1789325714655154 
0 
0 
0 
0.01412698563679394 
0.07345464395781535 
-0.07155393370142939 
0.1864083745671926 
-0.02789261400990951 
-0.01130147802251762 
0.03178388217667977 
0.006232293175596179 
0 
0 
0.07655001069653766 
0.06375795404338389 
0 
1.264531205370616 
0.01017903492916039 
-0.1071928873968679 
-0.01544437447864815 
-0.2030138982481497 
0.0491121030320904 
0.02020039187576049 
0.1794567411428394 
-0.03390346650674693 
0.09801227599389854 
0.07489313669659331 
-0.01724815666386961 
0.08071605857310225 
-0.0772697655689606 
0.04320772537283332 
-0.4060325136007348 
-0.01143942214072344 
0.04406359527023138 
0.2043388773973368 
0.02102473706493835 
-0.07109981708802487 
-0.125558260661826 
-0.007603711390641063 
0.5963081113396591 
0.01824765694249736 
-0.958716651912346 
-0.1513740663726892 
0.112292139995837 
0.1593237994171354 
0.002825967192660284 
-0.3820689686132422 
0.1175934734853138 
-0.1008195841992156 
0.1169219379844466 
0 
0.2792090790127852 
-0.01023382627501679 
-0.07631319138649707 
-0.004611607870031243 
-0.02398881394246895 
0.6968493131846659 
-0.001954762170967958 
-0.06218476391352421 
0.1508390103374002 
0 
0 
-0.1942784912293002 
-0.00250199359721244 
0 
-0.1222662726546765 
0.1504957563894214 
-0.04616297093416954 
0 
-0.3006935498423947 
-0.1577640495572681 
0.1412303542195631 
0 
-0.02841378864948193 
-0.01861313160736486 
0.4429627667885414 
0.06892457778017419 
0.1205802604238636 
0 
-0.1067546779052012 
0.4671623172443497 
0.6781397782099736 
-0.01373171083127949 
0 
0 
0.005249984521349917 
-0.2833714780324006 
0 
-0.009569487492032713 
0.1135128625717123 
-0.1653432653583954 
0.02841690327002954 
0.1257069319333193 
-0.1419499465707427 
1.301042606982605e-18 
-0.05553279849650594 
-0.2228284691978141 
0 
-0.003937111532695943 
-0.5196726900377353 
-0.4836856445733566 
0.01158478865376707 
-0.03415930470612964 
0.06397738027064716 
0.05620586915646025 
0 
-0.009268861799532862 
-0.1397089540617832 
-0.2003042034982961 
0.0314921605220943 
0 
0.009574404279529063 
-0.137788927757622 
0.007020110329985109 
0.01812293553766401 
-0.285800649258282 
-0.00600272185798957 
-0.0208229043357394 
-0.00184955914451779 
0.1820636213670678 
-0.07637281891929121 
0.004165123045266862 
0.2379275093396389 
-0.004594189060376871 
-0.004921944922081563 
0.07700044869303525 
-0.01994962578416273 
-0.1939346832852441 
-0.007406494339252874 
0 
0.5242144342138159 
-0.01426281485880745 
-0.3220026432756293 
-0.3228784484096537 
0.009155337571908482 
0 
-0.07098534253687747 
-0.1042608547078082 
0.0422826707533518 
0.007144834660358125 
-0.1203007818541862 
0.08540988396598105 
0 
-0.001202473779670501 
-0.01138194720010921 
-0.00526503225550812 
0.005587749899369624 
0 
0 
-0.1414830156684117 
0.390620514894008 
0 
0 
-0.3470201318754769 
-0.5783925496071838 
0 
0.4146979672881404 
-0.07068181626576581 
0 
0 
0.09465060180498218 
0.02907327096910644 
0.04651758581983911 
0 
0.03869524439542119 
-0.01927703000727253 
0.4083122237915883 
0.2831006900458261 
0.03005830772523195 
-0.1165810691435239 
0.1227791534027618 
-0.01431573721479252 
-0.02929628487071363 
0 
-0.05969716098497681 
0.08611301455674875 
-0.01680476139060014 
0 
-0.02455502808024624 
0 
-0.6013250723800712 
-0.004549370863308668 
-0.7627835908063989 
-0.01392651074431977 
0.2165482744675114 
0 
-0.6112557625446253 
-0.01673768606512441 
-0.2738220904229352 
0.3677080888492226 
0.04708690036990954 
-0.02858654140287973 
0.09550070134318307 
0.0324035754383028 
0.2027784706504498 
0.06310924539840881 
-0.3261026847266358 
-0.094269317839344 
-0.07972827601932414 
0 
-0.004407311625137873 
0 
-0.02335972321955064 
0 
-0.1495776128269239 
0.07818223749773073 
-0.01716694921692626 
-0.03013409150611235 
0 
0.02348646557609682 
-0.003038799302602156 
-0.2384016217757036 
-0.2587975359428621 
0.05563695073628051 
0.01687658108020273 
0.3708186145749339 
-0.05986207807816887 
0 
-0.3544760227757659 
0.02440668959493788 
0 
0.02676430045941823 
0.02053605131695055 
0.004776893124784883 
0.01590013226694037 
0.0531703224486675 
-0.1120159021822228 
0.09775305353100622 
0 
-0.001654140932266113 
-0.005543267865782821 
-0.1560392604884115 
-0.4609976225611481 
-0.1097059617600849 
0.3319006535483687 
-0.008790167530275105 
0 
-0.003792755440246664 
0.1274693095907904 
0.2261228924754209 
-0.003180187179866863 
-9.649399335120989e-18 
0 
-0.1073571551767167 
0.01390470659130794 
0.3361412779433036 
0.2750719875511292 
-0.000112745834593401 
3.333921680392926e-18 
-0.8536597957721811 
0 
-0.04209471719390231 
-0.004517958749469904 
0 
0 
-0.1692805902144008 
0.1004386221707076 
-0.04934570312968692 
-0.1274510903558097 
0.004731015302366048 
1.036308168995749 
-0.108984469284025 
0.006323462324278666 
0.06923140060878302 
0.09611703162139471 
-0.06928708847751824 
-0.02979347551422784 
-0.1070200136599471 
0.06621540081743582 
-0.03925336263396956 
-0.0655816206471192 
0.04971374583699936 
0.3474500718387599 
-0.1470681796561193 
0 
-0.004806851532762035 
-0.05642292622547877 
-0.03962189244360785 
0.2024806147195009 
8.673617379884035e-19 
-0.02470803356934752 
0.001936259894518792 
0 
-0.06784383313299264 
0 
-0.02412503370576823 
-0.001858621314893212 
0.2962431027707817 
0 
0.06315109522198704 
-0.00852431192489936 
-0.01573676936548579 
0.006849936703203066 
-0.03509426446485355 
0.0528139626825385 
0 
-0.007225142546945216 
0.4831276152404678 
0.3117334673210686 
