solver_type L2R_L2LOSS_SVC_DUAL
nr_class 2
label 1 -1
nr_feature 5000
bias -1
w
0.5710980873118182 
0.4171870523947729 
0.8379709865577234 
-0.07349328137726188 
-0.9453094035243459 
-1.011695481385118 
-0.06512824321408019 
0 
0.03298332356725514 
-0.1870876256963266 
-0.2123108025431148 
-0.2149471716524808 
0.04891171208541409 
0.3339242082861942 
-0.3026162232347817 
-0.1384023435790618 
-0.1774460450063806 
1.116707490190955 
0 
-1.256529191760914 
0.3529278522232646 
0.3115404648479426 
-0.6758386209208962 
-0.0100662104245406 
0.3320435998116507 
-0.03374308355000259 
-0.1531085798407287 
-0.6191624070116819 
-0.03387690186155905 
-0.0639044601387128 
-0.0147330221464252 
0.2075040251380922 
0.2846541026663623 
-0.04413558579113374 
-0.08421963397804647 
0.1280708037163034 
-0.648907968729489 
-0.07763798816044827 
-0.6172127082852882 
0.07033664707373415 
0 
0.341550029273741 
0.1468932203461117 
0.05437037627903427 
-0.9734771774946379 
0.1731568945944856 
-0.1036945738314303 
-0.4579197454106297 
-0.3711998964332693 
-0.2443652565345203 
-0.02849940032523132 
-0.01952411964270939 
0.2893823993211902 
0.08278474478892513 
-0.2121398861416419 
-0.2710330638022922 
-0.2939638405028513 
-0.5597957377064918 
0.3197414689096328 
0.4344293920886934 
0 
0.5825045793491708 
0.9293012444724725 
0.04036472198531513 
-0.2405885899119437 
-0.3294317292938077 
0.07138820722696768 
0.03971513570893753 
-0.3588753239624853 
-0.06025143155110468 
-0.5936652694554306 
-0.8758413826154905 
-0.04156925258043846 
0.4296577434691843 
-0.8467250169506451 
-0.3524942046127711 
-1.605961883431477 
-0.0758220272499053 
-1.012208681776267 
-0.009116391896366673 
-0.2883744708568858 
-1.921486305937478 
0.2819051874044496 
0.2945363559836076 
-0.03546192836027328 
-0.3252069754293879 
-0.06018518784493372 
-0.01322141618399567 
-1.115530726035486 
0.7929035077506882 
-0.09860374141345404 
-0.8085410836966356 
0.07840383007104043 
-0.8836841379149942 
-0.6197877697561813 
-0.1923534176500831 
-0.1763677152146081 
-0.8776880469026541 
-0.03564585859246969 
-0.2235970242924383 
-0.1300550937117332 
0.01056425157816428 
-0.4236824310305689 
-0.08238723992267778 
0.1041476769415744 
-0.188924538215918 
-0.1285305838085206 
0.01337824261225938 
0.008857526699432496 
-0.2546888485752135 
-0.1779779902847724 
-0.2149290031613677 
0.4697970101849153 
-0.08028446184932683 
0.0824089070301021 
-0.2655919972673745 
0.1909097299276233 
-0.005679920635918955 
0.2010826930867559 
-0.9106130439075949 
-0.9485246967700995 
-0.7765178379274327 
-0.1530684615546568 
-0.3393196713637761 
-0.5016324793720223 
0.5638997065825249 
0.07990375342512405 
-0.461066512970182 
-0.04017404882508642 
-0.1974438135932474 
0.02991877159923936 
-0.1000042578402905 
-0.6083213522857907 
-0.5292742273848433 
-0.85775793421881 
-1.061803272051211 
-0.2714142890736056 
0.1278173840406856 
-0.04251183991817326 
-0.6690649246765294 
0.09203395497480442 
0.392198694913119 
-0.4018403473049095 
-0.1129027654194463 
-0.2022069382314724 
-0.2143189427670748 
-0.1839878154449615 
-0.2193669436092708 
-0.1371061662860472 
-0.01156193220306061 
-0.1288857121139672 
-0.02151390618372378 
-0.6498346449910724 
0.01648624170979687 
-0.2109956782930277 
-0.05520682342368601 
-0.1852755901821703 
0.2599301209032272 
0.5126638502649953 
0 
-0.4325425423307445 
-0.8123237407688534 
-0.2058552206547125 
-0.9043197306499975 
-0.0414340714872585 
-0.3389536792428305 
0.1202325906411379 
0 
0.01645134729061267 
-0.1579616007872298 
0.004907831513988525 
-0.3571518333380777 
-0.4838787963795303 
0.3872800034818827 
-0.1559387152163379 
-0.5462832507921411 
0.877522644897417 
-0.1574206127592785 
2.784336639798879 
-0.3534119104392883 
-0.1415299955350793 
0.1248257503250485 
-0.205314529207727 
0.01695921492982102 
-0.00316550682313878 
-0.1250308816784568 
-1.103749706337865 
0.09347209998194134 
-0.3317149156408129 
0.1278628710967015 
0.1681709916164444 
0.2400621784408937 
0.1169958951402492 
0.06462846962546735 
-0.0988219652638683 
-0.8095483475315622 
0.2800992651721768 
-0.3766716451337125 
-0.51772468953999 
-0.02248100857968812 
0.1033972854124832 
-0.5818482808445702 
-0.02105830164290574 
-0.1233989178618467 
0.1096786361256212 
-0.3984775166210919 
-0.07634329378766901 
-0.2616829214936462 
-0.1520160584387201 
-0.2065718450834723 
0.2831652770817162 
-0.04600251936799354 
0.07440743134074197 
-0.1238050606218753 
-0.136102810920732 
0.03225593561086633 
0.1227644312711791 
0.07780807551141911 
0.08825905024725161 
-0.6264244596676348 
-0.04488100221887209 
-0.1493398459421963 
-0.01208690261654579 
0.03036786845676689 
0 
0.6047423692616658 
0.7740679265001494 
-0.316273653981586 
-0.2373487431007829 
0.1580285804526345 
-0.04557614923263944 
-0.1925270498799665 
-0.5489744030673193 
-0.03123815552492953 
-0.2576734926092471 
-0.3413499754293094 
0.04255488403620019 
0.2948384196635514 
-0.09288286742401425 
-0.07626502539212619 
0.02008459955046919 
0.04867638684171939 
-0.06918484227419271 
-0.7113400220012478 
-0.1623398772201262 
0.02704939117853767 
0.09467132430588218 
-0.4047102275550105 
0.5410884542797089 
-0.2307267501625692 
-0.1698137731231334 
0.05536406728043253 
0.316848847852385 
-0.9218976001230232 
-0.05819853328392333 
1.091408985426765 
-0.2803844676413578 
0.06322592440383785 
-0.380308447178181 
0.2666332240416169 
0.1592207345112126 
0.0823615457158007 
-0.2652466464648685 
0.5454866681237853 
-0.07838900840600997 
-0.2376813948677994 
0.09577786967018662 
0.09515853449777804 
0.4478902267245392 
0.1073846778686892 
-0.2343412301176576 
0.07158676446208641 
-0.1847519364074063 
0.00487916170678451 
-0.001551477235520425 
-0.0538394713985982 
0.03153218493204155 
-1.016502248314399 
-0.06216026241418163 
-0.4292502405645957 
-1.723029402054955 
-0.009428147425042359 
-0.009789503522408566 
0.7762771957616755 
-0.112782452969947 
-0.4316015531572416 
-1.720120166244238 
-0.1496964660090552 
0.08526116135291352 
0.1184883663923912 
-0.1337472552830528 
-0.2614690376588983 
0.4395374515225239 
0.2234020625437382 
0.07075825515040655 
0.122265956621657 
0.08137025908176179 
0 
-0.003973683176693422 
-0.01276838404944946 
0 
-0.2020809641811273 
-0.01187608026918562 
0.4799861495487977 
0.4346760336995374 
0.7416127019109039 
-0.03248603057977956 
0.2117811816443551 
-0.1947100186758448 
-0.1627767940281468 
0 
0.1693636197014478 
0.06880972766298378 
-1.538925405343883 
0.1028979449607351 
0.09274393190490013 
-0.183474873759853 
-0.2458615784443144 
0.9610365893995204 
-0.1364293896480638 
-0.1027891222606077 
-0.06669036057529065 
0.0835498966001112 
0.163389411030636 
-0.00537367691431551 
0.6536198210049581 
-0.09642338144490682 
0.1688666607096962 
-0.07203781803793924 
0.06626833976834506 
-0.4833335359506147 
-0.2808125347152582 
0.2400434373860647 
0.226993412988838 
-0.2052456150873342 
-0.006938999072519395 
0.250773368846743 
0.01736596618923081 
-0.4208243427599768 
-0.6579486897537191 
-0.003307567972521151 
-0.4966722568673695 
-0.2408032194687848 
-0.1913486237949899 
0.3387010155097555 
0.04294348640988732 
-0.2707494394187942 
0.1173029068029542 
0.1592041975236729 
0.1977718668087126 
-0.1034152787939308 
0.1961903182347695 
0.1434075075781278 
0.010389399823238 
0.03454019486577194 
-0.06121801390753458 
-0.2998888268093186 
-0.725860604021496 
-0.001552384694059938 
0.9567257435724636 
-0.05939849441710394 
-1.138302640448933 
-0.3944444637575784 
2.669586135386917 
0.09080517235284777 
-0.5289308843884359 
-0.07830405571547558 
-0.1585366008014587 
-0.3790365808189473 
-0.08215242937327383 
-1.061734591424589 
-0.01352219357862679 
-0.0469460808050668 
-0.03197502435986706 
-0.8559493876031461 
-0.2043077487016077 
-0.004609549483335361 
-0.1478832082417095 
0.07114783051129991 
0.01246401117142117 
-0.7067329603868371 
0.06555385343849336 
0.1858584836797532 
-0.06076647874525747 
0.8467698600535547 
-0.1028833736355926 
-1.009806909072935 
3.283963308434767 
0.3091105661633733 
-0.2922548427031805 
-0.5142718787254825 
0 
0.09565403602152345 
0.3675711808212916 
2.043560191269202 
-0.5837292646452288 
0.7283138404190319 
-0.221226306746612 
-0.3177807042850874 
0.007582221031603831 
-0.3732266291825018 
0.601712220578997 
-0.2764365642514842 
-0.02294122883907239 
-1.501429200362543 
-0.6062177054789264 
-0.08814932282950058 
-0.7101597542525968 
0.09043826421468891 
-0.0992434756584156 
0.00856653475372024 
0.2312961684494081 
0.7765751067913558 
0.4691618491364806 
-0.6873450182343941 
0.6770824828754317 
-0.2252358457120144 
0.09095835979160483 
0.2979107255945325 
0.2106015715107433 
0.8299460625436806 
-1.095818823728893 
-0.00371876461630111 
0 
-0.3462923935531338 
-0.08525029093361264 
-0.149860482204957 
-0.04359953610293918 
-0.6237056254928961 
-0.1162408042072387 
-0.4890594849056257 
-0.5258810996386588 
0.09783069224124187 
0.1764866186950486 
-0.3665663524795682 
0.3919364083969861 
-0.2378742796183196 
0.1108474030567764 
0.07585074932575531 
0.02683610690492431 
-0.7680498961714203 
-0.01091024974642928 
0.1547422277119405 
-0.6084814863168277 
-0.6025540102016888 
-0.3731495649287868 
-0.1717392733797677 
0.3205966573696761 
0.4132301999696719 
-0.1651318798076943 
-0.20186989102736 
-0.03173888116982802 
-0.2868412696618128 
0.0479994629489869 
0.4414252575788341 
-0.05564710914937987 
0.8651624048870991 
1.973302415916675 
0.68672033525277 
0.1819425279165064 
0.536591749158038 
-0.07987296026015948 
0.239595213538656 
0.7633445539856268 
0.5713511857136495 
-0.5288570277041419 
0.1116607524179663 
-0.07276449713353764 
0.8583295711213198 
-0.0008951057561258566 
-0.3177275868540116 
0 
-0.01467991014883295 
0.3704009846827142 
0.1030123549261737 
-0.408189009950677 
-0.1589278922327142 
0.3172758540382446 
0.5477673285224928 
-0.3062875646696007 
0.0457247172823254 
0.4028583957144847 
0.5108809733118975 
-0.2573219215825523 
0.1753860913090302 
-0.05580218002426013 
2.713580593544197 
0.008194783150244779 
-0.01900884853676659 
0.2357986805105033 
0.1545296946308707 
-1.262820637335754 
-0.6185465636800688 
0.02970969412375395 
0.2065117371675929 
-0.1876223371913366 
-0.4750395511625964 
-1.006977419370629 
0.6385912487468247 
0.5577845453258317 
0.148964963429174 
0.0619069723256767 
-0.3850760708373002 
0.03402290173897182 
-0.3109161829477222 
-0.1388906451356512 
-0.06201934020203406 
0.5847183091985396 
0.1258755113610031 
-0.4638450461719017 
0.2220204765483522 
0.1078298848029318 
-0.04445838636329733 
-0.1663498904394148 
0.104922016462959 
-0.1705592359294971 
-0.08501891574295622 
-0.4743330295981454 
0.09024560090436759 
-0.1841271031272976 
-0.08253321688873116 
-0.04331423208551745 
-9.821781990335011e-06 
1.129390635479574 
-0.2861123624955458 
0.1644689359355737 
-0.1713137373919915 
-0.01055990549066048 
-0.04323621486530695 
0.1854806484359847 
-0.05192584960810238 
0.08556215639808408 
-0.1562593673617701 
-0.3881887464853683 
-0.3417921996586457 
0.1591006336647616 
0.2020916688174866 
-0.2564519448125501 
-0.1738445878122341 
-0.2498919138169476 
0.211450656023427 
1.058434191453575 
0.1732384660787263 
-0.02316748341891326 
-0.1436553652392227 
0.3081738654207816 
0.03170575338596157 
0.07556381100140665 
0.3011611731078153 
-0.1097061558073051 
0.2890531890497848 
-0.5176688256375969 
-0.001691804980722526 
-0.01415519251004937 
-0.03356696644903252 
0.01117051068737256 
0.1258965605480256 
0.163977664823853 
0.1029841963489693 
-0.2167707077504938 
-0.01579952726202914 
-0.1385643229510795 
0.3853431561799266 
0.1770737485241336 
-0.1585189519397154 
-0.008284887801386177 
-0.1594996715644565 
-0.8586628434160199 
0.08136721470034873 
0.004552468956255239 
-0.03001121965923892 
2.126733213476391 
0.1588756367096066 
-0.03519189486541659 
-0.02893045820381459 
0 
1.034999281982664 
0.0184535709846635 
-0.3691592040079789 
0.02186340499705977 
0.4019814109116241 
0.2941222935384304 
0.5808347118682188 
-0.5081845641474576 
0.02943315536333651 
-0.04646335932679144 
0.3398940740744982 
0.001120976012066709 
0.03887792098742895 
-0.3311575151957251 
-0.00634881958425376 
0 
0.1842929829098635 
-0.4211967747863066 
0.3282265425866176 
-0.2801190432295836 
-1.742275365568184 
-0.3705054621416524 
-0.6915425880343363 
-0.03213904023346872 
-0.01105605488825645 
-0.1753609166351118 
0.0006398912985250554 
0.05898131759391474 
0.03002337854163011 
-0.1428793764340564 
0.04931442084802991 
-1.019720547660072e-05 
0.0273980077639722 
0.2174992399243482 
-0.05652690520242488 
-0.2320838054573307 
-0.1718911911035147 
0.1604504789924021 
-0.05294501073378581 
-0.6145305074866734 
-0.05005382712897824 
0.026236931349881 
-0.2255105222393044 
0.157503089484346 
-0.2634097923069057 
-0.03281310352677495 
0.06731857267718591 
-0.4737444335456193 
0.04148879396398392 
-0.02988365177954212 
-0.3294734317208409 
-0.3533196631889123 
0.1446418485088427 
-0.1736541079073719 
0.5456884378346261 
0.1180339892415201 
-0.2053957714457298 
0 
-0.07952692322918656 
-0.04723968736895687 
0.01393286696391839 
0.1543635496859644 
0.1402792704406605 
-0.120046519234099 
0.1698122475102544 
0.3260535956348989 
0 
-0.1013410589847119 
-0.04913764606006422 
-0.07424721646796627 
-0.09472101169640453 
-0.05921385948308027 
-0.03023694995468826 
0 
0.2641801901142434 
0.2704211604025815 
0.0297585950262493 
0.05157428973229816 
0.05428565991883968 
-0.03703700216242004 
-0.1036528125915025 
0.452894142919382 
0.0179465574842764 
0.2468774577610057 
-0.01541331467894798 
0.0261847568413311 
-0.1892982425637147 
-0.04851771320346435 
0.002940708995379172 
-0.169972186392268 
-0.5946017893967538 
0 
0.5154843278761514 
-0.02085881164926497 
0.06734573045484939 
-0.09665574346049718 
0.7479759087835431 
0.363384501073971 
-0.2392273393475937 
0.02045170837963071 
0.007649995385807127 
0.06377067084823886 
0.0484333747987911 
-0.3889161592648612 
0.07077796060584765 
-0.1018607015660284 
0.003945756632015511 
0.3561760825595512 
-0.02615027280384078 
1.762566493900298 
0.2595049333142673 
0.04015733239555614 
-0.09061039472062736 
-0.02203280101990045 
0.02539503152942557 
-0.0691846649432418 
-0.6681302191472009 
-0.009009902648956259 
2.39363344508357 
-0.02878610245188678 
-0.1066796764231392 
0.1573558672801453 
-0.0187593840202297 
0.006840881795218398 
0.05183208943424859 
0.02351844162211454 
0.7879689347910978 
0.09810150863680875 
0.007977815776679317 
1.71359800416033 
0.000109558702877797 
-0.1709832004016988 
-0.06406723937381587 
0.1408161219080451 
0.2483004550592431 
-0.01356219742310367 
-0.5086599510477281 
1.473409400190499 
-0.3110783890136712 
0.08711207492515159 
-0.113973627960411 
-0.8584647944680601 
-0.09504402392076056 
0.1289846441071638 
-0.1147490562671172 
-0.6379606794627187 
-0.081278404000361 
0 
0 
-0.2614561592501228 
0.1734831615746291 
-1.068091984935418 
0.1653508401349195 
0.06291375211446458 
-0.2505871867233787 
-0.1946806711128956 
-0.1452804325284678 
0.02780347972168931 
0.01876328218770283 
-0.1446742325668529 
-0.04888869301548293 
-0.07120600120449158 
0.1721072006105441 
0.03976477790868031 
-0.09369498621837456 
0.4002348747455055 
-0.006078157595139435 
-0.2452898906420078 
-0.5059913101358321 
-0.02693590509499928 
-0.007671615299373566 
-0.4066027081806765 
0.1483740304137754 
-0.8165067656468822 
-0.6810126931406101 
-0.4816961721687368 
-0.3008767025579402 
-0.836508854716865 
-0.2774867547823716 
-0.5119858606652363 
0.4524041905902251 
-0.08563073432315327 
-0.3831283244961891 
0.3078161543158676 
-0.2840517079980553 
-0.2092808234988672 
0.9655069914369865 
-0.2270200572799843 
-0.03471876914992272 
-0.3003270362027093 
0.0345576170612845 
-0.01078270768382273 
0.05223815028074019 
0.3428990686832242 
0.09480884428655009 
0.6219317482206482 
-0.2960533944675303 
-0.009048085152997647 
-0.1856153391590923 
-0.4100541956951835 
-0.3664101697580976 
-0.02717213396863464 
0.1775719656875918 
0.7079660026875927 
0.3804425256810819 
0.2763271256561207 
0 
0.2178624770184739 
0.03365611600922116 
0.1566954897364499 
0.4927076842965592 
-0.04374061014718889 
-0.03188429499094772 
0.06317314474622715 
0.01945994214112747 
-0.01776528342329566 
2.183664374715184 
0.1299315539201393 
-0.9830247117319098 
0.09440186392869197 
0 
-0.01313497246306712 
0 
0.6838781626528696 
-0.253831246267065 
-0.004107705454176932 
0 
0.2638874631546549 
0.3138596048911046 
-0.0846612095501077 
-0.1707217297907697 
0.4672219196812792 
-0.001944851327205836 
0.1510531169947256 
0.01417527867301265 
-0.675642643668747 
1.119138412268036 
0 
0.04040131997667171 
1.220729358181616 
-0.4268713163051426 
-0.06259644008104842 
0.2135743262275887 
0.2137397627991174 
2.077060348098217 
1.652303653473842 
-0.1762252587249596 
-0.01300613228646075 
-0.5128454437137269 
-0.3894226684662563 
-0.05780969107681285 
0.008756221788692453 
0.105127442581192 
-0.1923624986656091 
0.01591482248355676 
-0.4208106065096492 
-0.2377610447947738 
-0.1157875020989264 
0.07680053251339071 
-0.005004675691693388 
-0.007422779125968789 
-0.6898176610155047 
0.1516219056296991 
2.601712162413386 
0.6159425222125843 
-0.006345445180531878 
-0.6213913448291163 
-0.09574009939337288 
-0.7184147981846825 
0.08424980968791181 
0.05411780413320165 
0.1969959867861157 
-0.1748089378711053 
0.08460672543473015 
0.2537066286929064 
-0.0150590046034994 
-0.001209020904031496 
1.017398966144918 
0.008752325404632312 
0.1755960684769869 
0 
-0.7442353527845468 
-0.02053207028320705 
-0.3327348519898807 
0.3899878012462881 
0.01579137945769194 
0.1179011246960683 
0.0451841073165183 
0.03052141016733058 
-0.04207689589264384 
0.2131165608944972 
-1.148209382663258 
-0.02250225359517248 
-0.01390659737525701 
0.0180553252426541 
1.514186884573688 
-0.05709161386451805 
0.3552913887630667 
-0.1103647177423915 
0.1530961589061762 
-0.5907206918268446 
-0.4960821983553222 
0.04548482385611219 
-0.3264816458547973 
0 
0.7271206542765625 
0.2976940766432138 
-0.06693047377335257 
0.1300778269101642 
0.6272141964625583 
0.43312143761654 
1.461812756254696 
-0.663368509865161 
0.01658854049969231 
0.2819200478480997 
-0.0547438180334709 
-0.464597974558099 
-0.08488766715258135 
-0.1446124353346176 
0.7292737630606588 
0.04949858015883418 
0.02054275204328597 
0.07523438292838702 
0 
0.02943023809969335 
0.06353506817397332 
0.7135254594336918 
-0.6772500526290955 
-0.1223511654050777 
-0.08435213086751098 
-0.4998479979423914 
0.3392557892901982 
-0.3639317549567972 
0.02210982780463149 
-0.04629696892525126 
0.7873647921473524 
-0.01879610975913455 
0.1907965036986986 
0.57397058214824 
-0.4606174061155552 
-0.01268546874160804 
0.1992388687625756 
1.480818804205398 
0.01525546122457239 
-0.2431729339115188 
-0.03350535548234217 
0.05554002467018288 
0.04861297930147639 
-0.7753476371455634 
0.1437996476179806 
-0.4311514708629905 
-0.0466944704711831 
0.002299822862957901 
-0.2412618174557301 
0.06535149516518769 
-0.01076279798758868 
0.391251664630715 
-0.2183989260806735 
0 
-0.3773438004525331 
0.2433046263212103 
-1.390091333310241 
1.660538294519804 
0.04403099058846625 
-0.2232105159843921 
0.06630356260439019 
0.4932310394119226 
0.04731687433808762 
0.1859900637349557 
0.1077545492898433 
0.5864169421477637 
-0.09963105825630977 
0.1619194416715772 
1.19117495090119 
-0.265081698713958 
0.151680871424293 
0.008129276086244894 
0.09601667052258828 
0.01579549589846872 
0.5300853475116549 
0 
0.2374326180556137 
0 
-0.1768098020243675 
-0.1427416760165583 
0.06579288199633868 
-0.1407438511880655 
0.08421090951387251 
-0.02056856209419175 
0.02174111409623506 
0 
0.1147212680835568 
-0.4223035938542375 
-0.4140524839869489 
-0.03541912598584217 
0.1773399470444505 
0.003424213610191659 
0.008154251919132129 
-0.03457739063572277 
0.1231000460474006 
-0.2475715399469272 
-0.01968006630835199 
-0.822484343626242 
-1.409221072750593 
-0.4416130689333315 
-0.04906505726605023 
-0.05486841427287708 
-0.004822630087870356 
-0.1659751279593807 
-0.04962666723152925 
0.2068795106638578 
-0.05656272221140679 
-0.2352858842534969 
1.845202124978325 
-0.07431219489932446 
0.2579844845832624 
-0.1510632106354226 
-0.01645585051972982 
3.498553585559816 
-0.1346765601511763 
0.007693943068728084 
0.00536722177112077 
-0.01709327159205584 
0.0505095124034021 
-0.01281259908249104 
-0.147586532605034 
-0.497662113711719 
0.06917081429974524 
0 
-0.1701686633720065 
-0.1716331654102193 
0.4594744297910449 
0.1836528932768726 
-0.295902646296521 
0.2971991180938157 
-0.1325299348598332 
-0.3397753006326872 
0.07278549541926368 
0.1054912898001062 
0.008014455712531168 
0.0787730582938948 
-0.9150602287340198 
-0.04935846890196603 
0.01857063383547749 
-0.1116281101572378 
0.01559107583880312 
-0.2587524804678977 
-0.005373027012643359 
0.02488229991298781 
0.4081319323927538 
0.09927263214441059 
-0.1673552830544244 
-0.02000710279163269 
0 
-0.02766590104075624 
-0.09886934087464144 
0 
-0.2170545009906753 
0.04652395102343684 
0.001257900423971732 
0.4576603130476353 
2.368638963482362 
0 
0.1650308249361988 
-0.2757684901843286 
0.0452910688591131 
0.01562564840718958 
-0.02615028733111191 
-0.04403075960767071 
0.002541273059861237 
0.002455615545744146 
0.03002981228727027 
0.7026551442462944 
-0.0180007250271241 
-0.005681611295857631 
-0.04767043289855551 
-1.271791262943729 
-0.1542082026945598 
-0.1961792375350523 
-0.01621876317163959 
0.5274226463696525 
-0.6518432771962922 
-0.0910901611976964 
0.06983597501911169 
-0.01052450109317882 
-0.5754546898185003 
0.2076429990472947 
-0.01405464595207667 
0.05142843782053651 
-0.07153839033417898 
-2.231379065390541 
0.04037778964184073 
-0.7364182060698166 
0.01960322249885287 
0.07434923057928419 
-0.08001012805900123 
-0.6677575080128904 
0.03818267668990837 
-0.6069354128168929 
-1.291347397832169 
-0.3965757328319702 
0.1910450708349758 
-0.4201243377576858 
0.1922336677398306 
-0.2713683512457751 
-0.9091228898904792 
0.1653780807566522 
-0.0307872545276563 
0.1949018166605981 
-0.1043160105510108 
-0.0003581510346830397 
2.51354620307599 
0 
-0.6466086545827648 
0.596947639474099 
1.909940552259423 
-0.5088935715858002 
-0.01295275884648555 
-0.2235714560606044 
0.1370786841324896 
-0.4039142371917257 
0.01702549914282719 
0.01125795393721292 
-0.3718871251234018 
0.4204049620675618 
-0.2809476740006389 
-0.002105584241411663 
-0.1254242038807126 
0 
0.2441351535873144 
-0.3967289072511591 
-0.8954048067417236 
-0.03092155321768052 
0.0400463502407209 
-0.4437172570463304 
-0.1902456347983097 
-0.04147901299628474 
-0.03511908546971738 
-0.1823763788723081 
0.1032313839331542 
-0.02017133634886752 
-0.05417453862020141 
-0.2869972845733423 
0.254315592415559 
0.05372785873415668 
-0.7516161094601659 
-0.3570763633153117 
-0.2567145836321599 
0 
-0.1580163488974972 
0 
0.02231933942143074 
0.02761862477770757 
0 
-0.2379606235673145 
0.02155034328936611 
-0.07956407568076423 
-0.1671854520982144 
-0.02574445780872231 
-0.001415787532181735 
-0.3125614116326177 
0.1298881232542231 
0.02333067862012772 
-0.02472028536548373 
-0.4297073987011795 
-0.4770830220068859 
0.2457747145365656 
-0.1719525522370292 
-0.1226119880865711 
0 
-0.4020821036001889 
0.1800750847703276 
-0.615477385508797 
-0.008725016503096393 
-0.5176272927660931 
-0.03009290754343644 
0.6860220236993205 
-0.4157523138861083 
-0.09126390638032547 
0.1723742413614981 
-0.6432002673991447 
0 
-0.0384260812340675 
0 
0.015119413246636 
0.1473221699906891 
-0.03330579584204165 
0.4323905641007981 
-0.09572799820815701 
0.01102009546912108 
0.04979464785016782 
0.1575837751469429 
0.0174923744129982 
-0.1944766822908915 
0.4038340853340851 
0.1293435880094141 
-0.002733797220205462 
0.363814161070019 
-0.00270388340756391 
0.8033817421119757 
-0.0196380286366163 
-0.09917512242330744 
-0.4437645181311706 
0 
0.04417665059470381 
0.06687105497708368 
-0.5709987065792781 
-0.02835690964428969 
-0.07328499734226897 
0.364709257523288 
0.1627188874455102 
-0.2588755728906019 
-0.02378161291575327 
0.01599375107792592 
0.03212914965234013 
0.0634356187416347 
0.2517245697550781 
0.7458220862246728 
-0.07412397389938402 
0.2763314076472043 
-0.05946328425112053 
0.04751424897855559 
0.2031688602751759 
0.006146228267013734 
-0.1819267655852752 
0.6722647272979504 
-0.1391714276880336 
-0.2576701271389557 
-0.08431038593946741 
0.7417836821520675 
0 
0.116865672590706 
-0.3636126624981114 
0.05945312442123895 
0.3330838112988797 
0.01269020243336492 
-0.05287207247648294 
0.06501678138076558 
0.03833204964106987 
-0.3128396689761402 
0 
-0.7227120811664579 
-0.6696796353859877 
-0.02766622195838607 
0.01573555332416397 
-0.02352930549154204 
-0.1047908497977045 
0 
-0.4332835520376515 
0.3490177185252193 
0.08519354473717314 
0.3007665004078998 
0.03689690593682292 
0.05070524698365764 
0.4604541613381891 
0.2083394597974421 
-0.7997988622140396 
-0.08409391676171327 
-0.02098397751880742 
0.6556787547418846 
0.01315687375690809 
0.5150834526167347 
0.5610941088442165 
-0.09846422452034009 
0.07962176196741695 
0.04888989673431924 
-0.02725897463598861 
0.08376853849430979 
-0.03907608346113965 
-0.009635182383734576 
0.001259396877305972 
0 
0.05101352510994921 
0.02200864259649375 
-0.02771409020725422 
-1.282343738280707 
-0.1011052251795708 
-0.01180858442438712 
-0.01064340168563604 
-0.02950101249885665 
0.1517947436016535 
-0.03522381315437496 
-0.006223584638543192 
-0.1654775700095235 
0.5995595092867123 
0.336967486474255 
0.9232201726364129 
0.02624865930507891 
0.01887508796204482 
-0.263514494998742 
-0.0001837230421760077 
-0.1307279682681613 
-0.07415903979127156 
0.1160692005179874 
0.2340702107041573 
-0.2513050809110789 
1.973908983887832 
-0.06708690343241649 
-0.3347792930055672 
0 
-0.614744169251966 
-0.3845433684779681 
-0.004774234017991176 
0.2450678545790381 
-0.007683756866725591 
0.08259148401589878 
-0.002997912719102597 
1.107075766927922 
-0.2163894968591403 
1.656674189830268 
-0.0506723167392489 
-0.08675999493443924 
0.08603331571480814 
0.02287738597175477 
-0.01687588307012384 
0.01485358628975939 
0.7190781685042787 
-0.004750856101062895 
-0.003051843374592911 
-0.3293256247267522 
-0.2768947309565523 
0.06194668933236454 
-0.4914160650662412 
-0.009492674189064593 
0 
-0.5764510810781844 
-0.319669819759215 
1.481435605205611 
0.1634239351413785 
0 
-0.05309939215346823 
-0.1152676709069219 
0.2589361336687669 
0.3449209081668998 
-0.004786639589050267 
-0.6881625637830593 
0.2012831798115856 
0 
-0.1668288144149261 
0.03875486106704155 
-0.02403987028679714 
-0.01356160871161238 
-0.8080920083460543 
0.2678192765620167 
-0.1467431032635808 
0.521719593347335 
-0.4822948894604487 
-0.03287209717989056 
0.0525915772332116 
0 
0 
0.02788778684714989 
-0.002970058854657784 
0.5592987458686428 
-0.009627400993227149 
0.6694909041767844 
0 
2.04283694273636 
-0.05881613248832221 
-0.1334842136192645 
-0.0406463414649922 
0 
-0.005129380235920564 
0.6817088963301143 
-0.5229487283963098 
-0.1215183127354038 
0.001237771305430943 
0.009115763215911225 
-0.009178205679425459 
-0.008181019002351617 
-0.0004515339525668982 
0.1373338701933767 
0.01173827178936173 
-0.2734947044516566 
0.05384866664302276 
-0.2254650161526595 
-0.2202857697764088 
0.2807524593392498 
0.5471226241962428 
0.04012989806286428 
1.746700231852896 
-2.579650897741254 
0.2056059467963392 
0.0008215312287132293 
-0.2014392580620615 
-0.4798364567586768 
1.195401824260548 
-0.04523749183529784 
0 
-0.09829296237494385 
-0.03705471356081452 
-0.005714343830052899 
-0.1089000280682755 
0.02152040190769712 
-0.4802167762225488 
-0.0008526601516856865 
-0.009894639843730941 
0.1760628804352415 
0.01756339337995746 
0.0624276199497833 
-0.1446851911663618 
-0.2512656180879905 
-0.0165384663618065 
0.126181414189192 
0.2289214713052813 
0 
0.0515342506831916 
-0.1152877061172819 
0.04996738383417051 
-0.00166626941955157 
0.3350807588935561 
-0.03888929703010768 
0.0718677370308419 
0.1477583773539953 
0.4438697092856829 
0.02896353976096823 
1.691650546983764 
-0.1676545543583437 
0.05253388423448985 
-0.02020395275634207 
-0.01857173122111668 
0.175770322917218 
-0.09539052183609234 
-0.07428268023421111 
-0.01285911649177159 
-0.3089227568014238 
0.5193768117868204 
0.1213039994817245 
0.01314589763084162 
-1.414520847620714 
0.03003446526844789 
0.009078269487048598 
0.218116726401488 
0.09935319708425924 
-0.08540271452945858 
-0.178101875269792 
-0.03173255319069705 
-0.08007947964481243 
-0.01885825651461444 
0.1465089378160214 
-0.2708644755551755 
0.09967248657277777 
-0.2285123715124218 
-0.2475283767487582 
0 
0 
0.007958208791490333 
0.05444040384883529 
0.01938357582324026 
0 
0.05967876227944527 
-0.3642981600566437 
-0.4541406650005514 
0.05135341572566205 
0.2825217389272029 
-0.1365167606086614 
-0.7170415685974936 
0.02297692054743683 
-0.01699763040279107 
0 
0.04588573307626195 
-0.04963740512074794 
-0.1542112559595442 
-0.01203784101619873 
0.03038768080316022 
-0.02639416994173265 
-0.1086390430478035 
-0.1631550605171216 
-0.5699731295114052 
-0.001316266936611078 
-1.057042582456341 
-1.195638148798596 
0.03609147534282153 
0.01375492676211584 
0.1542566711445431 
0.6669183173445115 
0.1526448662494382 
0.02798469497218405 
0 
-0.2509945312336568 
-0.5730370793406876 
-0.009994950715233892 
0.4605033140516875 
0.5235880522289069 
0.5432073119854717 
0 
0.02176588011410449 
-0.4028400010954304 
0.01083816988935765 
-0.02029062897469505 
-0.09943082332125044 
0.298019792746152 
0.009716418173795384 
0.1002400722415763 
0.4392354544762176 
0.3771334024313659 
0 
0 
-0.009563818209986061 
-0.4976552381417834 
0 
-0.1285884849159426 
0.3362540404681775 
0 
-0.009864215588007636 
-0.06903523828470529 
-0.1126338503596121 
0.06542585606179169 
-0.02908257005666328 
1.652517935856711 
-0.4094099091047247 
0.006149713416593896 
-0.06372104165558276 
0.02117573898262346 
0.9514582406995526 
-0.4041612131727265 
-0.1354266880121071 
-0.08440994206946838 
0.03312888007306486 
0 
0.01660300532844788 
-0.001400387035498003 
0.03754508486729105 
0.04040241871549619 
-0.02817196825025631 
0.3351292488858974 
-0.01941575447531474 
0.004184390456682672 
0.2205560886334011 
-0.08284163954521996 
0.002482120248133334 
0.485126713299273 
0.1732815018604456 
0.5705607838202671 
-0.4808324099603126 
-0.3778316283182971 
1.075752747907314 
-0.1854884952851467 
-0.7747538359023517 
0.01752088992489017 
-0.1596469040945548 
-0.04774745026122214 
0 
0.3940633970395695 
-0.04359478727322193 
0.01283652917152213 
0.02932626727349141 
-0.4543536557213365 
-0.4570505012570594 
0.01613128017334749 
-0.6513194797074333 
-0.0449823288088825 
-0.1088849930876124 
0.03880590920615776 
-0.01503939207149545 
0.0009137338700343656 
-0.08409645633305146 
1.445657561564315 
0.04583873311363713 
0.02471129457459648 
-0.03257292557946535 
0 
-0.2087533699531748 
-0.2227071841390496 
0.8760855020982606 
0.2563336732663229 
-0.00542865033194532 
0.5502016250482256 
-0.1597121812635198 
1.973789714498494 
0.4898012607052779 
0.02627396009128206 
0 
0.005997797371111272 
0 
-0.2217109232424084 
-0.07515079341640871 
0 
0.07483443304035919 
-0.3853404479115659 
-0.1564800893827336 
-0.01228998535686203 
-0.1040729663117616 
-0.2442491630838381 
-0.02564909699819368 
-0.7217505636282566 
-0.03896767389703443 
0.05942375676538155 
0.02910023022366161 
-0.05150314118930353 
0.04032008065071368 
0.8696981389877587 
-0.04849592383430117 
-0.4977254776000298 
-0.04171606669897211 
0.02086988564393563 
0.7932972834147412 
-0.1538131042498621 
-0.08231611329428365 
-0.002779197846573089 
-0.09714352421581009 
0 
-0.5110759009281025 
-0.1489216722759504 
-0.1707537948464162 
-0.2661636673375535 
-0.002789145397813709 
0.02910559082437892 
0.1297282021413426 
0.3647124776624189 
0.005057430391567967 
-1.119631477919272 
-0.07165772693175357 
-0.4695359275945156 
0 
-0.04539566491257006 
-0.1120315831307636 
0.3775675021673454 
-0.3755926083016936 
-0.1073000965453837 
0.2014408157333419 
-0.3616374824793377 
1.241619100360648 
2.097999881948202 
0.8679780225587381 
-0.004873652726483765 
-0.5518711803551061 
0.05040786829415696 
0.04390600572068296 
-0.1707251165840182 
0.3803144418252511 
-0.2073565895482118 
0.03893793657929338 
-0.04151834380505948 
-0.03150541195300868 
0 
-0.01412700716939176 
-0.1140468873847678 
0.2613192718164493 
0.2217170550403518 
-0.4952041926318279 
-0.04881787344682214 
-0.5120535788024556 
-0.02000911249375877 
0 
-0.2476029781047685 
-0.01186067896583948 
-0.0317138269019878 
-0.05690188647706778 
-0.2378120721034199 
0.1220876162211513 
-0.0529308626777059 
0 
0.2535153842040394 
0.02685035895327953 
-0.0771483101571895 
-0.137302554033512 
-0.01086681725660265 
0.826263644338442 
0.003059175624044216 
-0.06067016365444429 
0.2209503862065954 
-0.03876886165578911 
0.1609655944720213 
0.06271000983792603 
0.05109308588436289 
-0.2048975466777763 
0 
-0.3615291972013731 
0.2174473369256644 
-0.2663057719427168 
-0.1357385299341941 
-0.5577265916198199 
-0.1138676936253637 
-0.003736041220190721 
-0.0314041126531704 
0.457356930164462 
-0.1414011115105255 
0.09216665389478139 
-0.1853154839930136 
-0.1102483736187416 
0.02283082340526064 
-0.1921404845318849 
0 
0.006302725015898781 
0.3767785555536158 
0.9210045985849848 
0.04089496727470909 
0.1489202415518341 
-0.3105897725443356 
0.7572635518937777 
1.75917420845272 
0 
0 
0.00154426288796234 
0.0688582892154522 
0 
-0.5270808492700442 
-0.2493384508642605 
-0.1155529519066043 
0.1591789129599737 
0.003747594420225296 
0 
-0.5111281453698356 
0.1975187525074545 
0.02361895754382395 
-0.733925285539299 
1.199307678069222 
0.07259105178101313 
-0.2241251073391727 
-0.002830850670080777 
-2.056786542310044 
0.04972643224257922 
0.4877127381727705 
-0.1621623923699488 
0.2068415536023819 
-0.03211721478713704 
0.04503799603371256 
-0.1275095777398348 
-0.01259179428390345 
-0.2493088350941623 
0.574752449032798 
0.147399121990212 
0.2360825468432753 
0 
0 
0.4319860726947711 
-0.00132435544185396 
-0.03049270971361774 
-0.03845943706952409 
-0.4696514984479616 
-0.5754897906119556 
0 
0.005248456926413718 
-0.007870412888647345 
0 
-0.9256190238381659 
0.005933042325753444 
-0.02124611332732316 
0.01146414880052828 
0 
-0.4116404613921419 
0.003122026400958579 
-0.7399345700877169 
0.2964950761446343 
0.6813470782828329 
0.0001699958439176602 
-0.04226083507369847 
-0.09745065290258789 
0.08897176994425873 
0.09099395437851254 
1.467628875263492 
0.1314299421432484 
-0.3389849693094243 
-0.1110679655773254 
-0.002148083418349583 
0.1038073077327162 
0.3268667608427219 
0.5183683900591537 
-0.2167219556653748 
0 
0.01751615772036018 
0.5813480985531739 
-0.04668926213607189 
0.002484494584518529 
0.008744507278088343 
0.242813028570809 
-0.9508484779975509 
-0.0214154251462455 
-0.4448255823808269 
-0.6403308248336714 
0.002139294411658939 
-0.1282522390227128 
0.1685964680515258 
0.05274874499303742 
-0.006518246952208406 
0.06583961246803528 
0.07270869901483169 
-0.3917650573202636 
0.002257942759796379 
0 
0.1142368153554997 
-0.3265067011265401 
0.3360149480314518 
-0.1923109516883622 
0.9109600703738406 
-0.1046911191728131 
0.005150862590348333 
0.1330444210286083 
0 
-0.0007769779599006002 
-0.04017483215991743 
-0.1614609111444928 
-0.1003045612144411 
0.1258903495911963 
2.522652560052913 
-0.4255542936983763 
-0.568684580320112 
-0.09197318341592514 
-0.008295655557672314 
0.05553411955287692 
-0.1553233568757958 
0.02767020521470339 
0.273717690073096 
0 
0 
0.2630016875475107 
-0.3472907180709309 
-0.1402315685763323 
-0.08603148417695718 
-0.2854846681939607 
-0.391461214282021 
0.141026672591432 
-0.7240794007164734 
0 
0 
0.2718172248522794 
0.4616366588662454 
0 
-0.1792189851727082 
0.02213056681860401 
-0.12968441360059 
0 
0.664759541826251 
0.1850726998588888 
0 
-0.1578752685527353 
0.2199699227037444 
-0.004174884609962699 
-0.02078136341330041 
0.006150708098573872 
0 
0.0136859438213411 
0.1396957828561143 
0.008403950420484117 
-0.2837696209815735 
-0.1439955889957442 
-0.5460277843281173 
0 
-0.4078876085812586 
-0.1104228263595746 
1.098082400594957 
-0.01056341096531245 
-0.05973723601405514 
-0.4749187621584368 
-0.3683583941353253 
-0.05291391339725894 
0.4690533167397003 
0.1275090715765132 
1.027678123504378 
-0.1898730740801276 
0.07049317487694833 
0.03141348478523035 
-0.01590231962374694 
0.04413050072253417 
0.02065835406867845 
-0.03055701912834165 
0.782316115435348 
-0.01531608510259116 
-0.1105534786033507 
-0.07363609673531082 
0 
0.02280061253149328 
-0.2701467082170445 
-0.0654708374142292 
0.6117726360617852 
0.4980614718245532 
0.06571777194334313 
0.1692155302713375 
-0.4967190386801325 
0.02877320320670491 
0.1029447864907158 
-0.01756622638756048 
-0.003128945837110258 
-0.409737339682863 
-0.4309636427603699 
-0.2091765104518907 
0.000712326129389363 
0.6625175644157383 
0.1119451866269633 
0.05987939696800544 
-0.05491690510675329 
0.09501068951911265 
0.256124852198407 
0 
0.5247936979302497 
-0.0779497504445678 
-0.3624865233365085 
0.2797107876009662 
-0.03353336504208423 
-0.02971970067420729 
0.05087017311207953 
0 
0.07447526799519007 
-0.07530853439413993 
0 
-0.127854345548152 
0.009829168322600996 
1.74155352192383 
0.006580396332341493 
0.06649326429649277 
-0.1172251830575031 
-0.006428977310457478 
-0.06589348940307657 
0 
-0.133522429819056 
-0.07984993279320043 
0.4296355717031142 
-0.1774354415218297 
0.001282190310809984 
-0.002450640867126269 
0 
0.01051362392185265 
-0.4363512705338799 
0 
-0.004802441000505968 
-0.7475696544082353 
0.008249764775227838 
0.002457106596651425 
0 
0 
0 
0 
0.02204135663747739 
0.08044996862044407 
-0.03570928128228054 
0.2601925719133069 
0 
0.0878736214273057 
-0.1999640159943055 
0.01563164611083827 
-0.1802028321364987 
-0.3981759323580341 
0.004127311382147275 
-0.1395336935125102 
0.1354454865855096 
-0.04130190093184206 
-0.3046812299081916 
-0.08181898059627754 
-0.0160167258609171 
0.9058025896554934 
0 
0.1387696659071194 
0.007408054802970857 
0 
-0.1356316423149555 
0.2393816726252494 
0.01594373140765182 
-0.1518037015870262 
-0.007236952301715253 
0 
0 
0.5606710562283468 
0 
0.03005595476150441 
-0.04191264833922412 
0 
-0.1546824663577598 
0.2236031975394442 
0.6189038948132375 
-0.3064497722803518 
0 
-0.0395880735427117 
-0.2341569840228236 
-1.096946217298021 
0.1744214225008828 
-0.1980074115387966 
0.2042409111966265 
-0.01791387166666237 
-0.02671444557070565 
-0.00745067237347424 
-0.007424700536525856 
-0.3078256167127352 
0 
-0.1675253049824996 
1.678457306037387 
1.052752934928156 
0.1759628925660983 
1.380161466487252 
-0.6759703393839658 
-0.4786317926422791 
-0.7249358713500486 
-0.2263755935869395 
0.3323522362833341 
0.2102506172896685 
-0.1697405696733467 
0.08998520082161907 
0.01541412968976728 
0.2292385485955147 
-0.04783275232612014 
0.04053031729846999 
-0.005665660302865494 
0.00807069534486011 
0.2352624210696062 
-0.4259025432618906 
0.3633074092718545 
-0.6095512269909371 
0.2195659167566318 
0.07804400935902982 
0 
0.2088526870505528 
0.008040571561925672 
0 
-0.03298906876879572 
0.00843088673111872 
0.1068814886121872 
0.5993031507912968 
0.1363445000463844 
-0.02602235994687737 
-0.1033988747749339 
0.003428792384825123 
0 
0.1092894149408534 
0.02924594047508181 
-0.04716908532118882 
0.1118083280360749 
-0.004626829871359522 
0.04917504438436577 
0.06806417764362457 
-0.02559645028419897 
-1.666836399217379 
-0.5707569435530928 
-0.000854339432671769 
-0.7344134385407283 
0.5674567801065948 
0 
-0.2973831643102965 
0.1422540826506832 
-0.08915389930058525 
-0.03045822999614216 
-0.4032693888463982 
-0.04286806812810632 
-0.2414229751590889 
-1.853131386069885 
-0.1710743733953781 
-0.08423799770761284 
0 
1.111429886042933 
-0.2461667950238408 
0.1807183322106962 
0 
-0.09437964028144934 
0.1402831879283925 
0 
0 
0 
-0.001753511023511866 
0.007252409705514717 
0.2171631974539948 
-0.02426016497272558 
-0.1448976738127433 
-0.6318827373297604 
0.01063796096245159 
-0.01563631914906363 
0.1100302578096183 
0 
0 
0.221459447559117 
1.395697647405765 
0.02260517627166181 
0 
1.823037277928737 
-0.1676590184606521 
0.00749690370195518 
-0.4438577080015081 
0.00539259606833426 
0.2136072651225469 
-0.04077802329894663 
0.04502930919417075 
0.01029965018242928 
0.04807208320081323 
0.6148970925145189 
-0.2070857002967486 
-0.01601383662323883 
-0.4008102214707733 
0.03241255696838799 
0 
0.09453298737822019 
-0.006688382258389252 
0.2104182016319363 
-0.4243027659306253 
0.0366386587905182 
-0.1062795297954477 
0 
-0.1176115875940661 
0.02315767253125153 
-0.4596062482794596 
0.5378810803770155 
0.3875976347584996 
0.007932213683716004 
0 
0.1182464130280095 
0.0674980151334367 
0 
1.507695407171995 
-0.1597874578304042 
0.7407811418194552 
-0.04050530789416446 
-0.01087007385970046 
-0.007189000821933736 
-0.1467600234106813 
-0.05337381455185967 
0.0131777089512419 
-0.005538896003756713 
0.03516317340426652 
-0.1912065823854902 
0.01051878797900458 
-0.0193563671492789 
-0.370784557810052 
0 
0.0442483960528888 
-0.09049725299362137 
0.005501102478344606 
-0.04985785319743835 
-0.02352625647731274 
0.3301097879312331 
0 
-0.2971100442747052 
-0.02686805226365719 
0.06365120398569232 
0.236391169497448 
0.0003697030159910894 
0.03201625192584512 
-0.02000431697911768 
0 
0 
-0.1719170205227582 
-0.01844731165378425 
0 
0.05024854666344072 
-0.4022783188232658 
0 
0 
0.008168842308837644 
-0.1188422801334115 
-0.1919677477039092 
-0.09676411561209997 
0.1079127314903982 
-0.01778796395945957 
0.08707066231053694 
0.008231132715442215 
0.04296707193653657 
0.110749534904176 
0 
0.0778674825961847 
-0.01775110747472454 
0.1246995656179605 
0.01484735694091736 
-0.05584421275704812 
0.4480824328166156 
0.01710965944617392 
-0.01049397353006462 
-0.5886590068210222 
0 
-0.1148659408605368 
0.04137018110224844 
-0.0364553483566324 
0.7916315903486206 
0.08444092923847135 
-1.324299868563493 
0.38269714859841 
0 
0.02310530078020067 
0.2539904738306107 
0 
0.03001762019391261 
0.3049235324036965 
0 
-0.2391234467802908 
-1.238393278243212e-05 
0.3499998705477732 
1.767537350567042 
0.08548701479658347 
0.0255036595078449 
0.9274012869123859 
0.1033093116530994 
0.009622071304784657 
0 
0.005448931886560434 
-0.3325227867898252 
0.007706226841557117 
-0.1568339355072351 
1.089406557227294 
0 
-0.0726217102199537 
-0.1502913842732609 
-0.1697634415472672 
-0.04377346948119112 
0 
0 
-0.1320384938135745 
0.09041026555183837 
0.02580669408362893 
0.2760992443667244 
-0.1501596510736275 
-0.06375463687075983 
0 
-0.05283032477794072 
0 
0.01970253127441264 
0.01377061604245389 
0.03325180920215742 
0 
-0.0155769182831928 
-0.05580554733766525 
-0.442405723108854 
-0.01654326376547996 
-0.09079384855246585 
-0.1424416973446405 
-0.00709614708360204 
0 
-0.04454181140763703 
0.2847606637113125 
0.001148951671868454 
-0.2530517684678572 
-0.005941319737533122 
-0.05894077193500315 
-0.4795294107339017 
-0.3442410734666032 
-0.0106430734188448 
-0.09047841030346869 
-0.001370377910799531 
0.2742904462073918 
0.01265713276809161 
0.08172072675217819 
0.001491445719927286 
-0.1599338270349085 
-0.4278694842580854 
-0.6857260435830622 
0.05292912846275609 
-0.02879245859086849 
-0.3692869596327037 
0.06290555464275542 
-0.6345658901973802 
0.9452727149199898 
-0.08523148629701634 
0.2494304563338763 
-0.008999362546404904 
0 
0.02807059285020366 
0.07084281890558401 
-0.002726930385368511 
-0.02061904270871167 
0 
-0.001494642804389017 
0.01866323327143933 
0.1203923345209277 
-0.0522267115498451 
0.009972037515203959 
0.04379745778875058 
-0.05939525442821428 
-0.2395796667307201 
0 
-0.5564075305103209 
0.03817287652760786 
0.008493666946710277 
0.04243567686206551 
0 
-0.07513057574757562 
0.2100880166358773 
-0.01537954107335253 
-0.06973478418756887 
0 
1.822389075054092 
-0.1432882416072071 
0 
0 
-0.1081699996577563 
-0.04375574679687538 
1.689631574702538 
-0.01716517651960884 
0.03223319968400423 
-0.1711960685460141 
-0.1585541223823025 
-0.05349576746722635 
-0.006547272867124108 
2.295176091924862 
-0.1012989594286824 
-0.508779287121271 
-0.000146820769377174 
0.004557461125892028 
0.03689452925935455 
0.1613396651270444 
-0.03927444082688099 
0.3085191583983822 
0.5125951466287406 
0 
-0.1100372875697209 
-0.2443436443257066 
-0.6081606703294321 
-0.01751922274084728 
-0.03361798947482543 
-0.03239417373848246 
-0.2505196033421844 
0.5254685179183224 
-0.3751029172750229 
-0.08914844374992946 
0 
0.8005040980263998 
-0.1849720346451648 
0 
-0.1028157857729593 
0.0460060998747803 
-0.1853947647128292 
-0.1831350446355489 
0.1699696447011591 
-0.339093019500722 
0 
0.03492554378885845 
0.267015860504693 
1.055957991357188 
0.1155566001783412 
0.3469307307956382 
0.03707264017269206 
0.02889912053965341 
-0.0714862632041014 
0 
-0.008502166560971226 
0.04564585589670396 
0.08071205204540188 
0.2630132473662421 
0.02124753480745826 
0.09486748261616569 
-0.002588563000836888 
-0.008506404053499641 
-0.0008020710436664962 
-1.204709405865185 
0.2014037936058109 
0.1957511959498762 
-0.1645288941622834 
0.04589654018795672 
0 
0.08679602546993075 
0.09060597236864704 
0.2999133525682138 
0 
0.2354506219079043 
0.03905951516384631 
0.2575368859876304 
0 
0.02587137701050832 
0.4971578635075684 
0.04019342476422937 
-1.849801824695143 
0 
-0.1338633261843288 
-0.06252299300881115 
0.002240916166826497 
0.5293092442899756 
0 
0.01770857104123575 
-0.01457568305623256 
0.04604905401730407 
-0.3132922929968246 
-0.3195797751421042 
0 
-0.04015679567121153 
-0.04420668020156484 
0.4748009485178736 
-0.001431965335427974 
-0.09536174072928655 
0.03824044163681166 
-0.003191766880526034 
-0.003346083984025042 
0.03418867263625661 
0.02875279547271728 
0.03559227625261279 
0.3900882462496119 
0.002221635229982279 
0 
0.05815321536358779 
0.01419872789732599 
0.03266737757761869 
0.1729661065225504 
0.04429777159979155 
-0.06803710847980984 
-0.1227401807597638 
-0.4564350652295249 
1.28005211189131 
-0.2669077877533829 
-0.02354268174991079 
0 
0.02545718759967909 
0.08196914075333583 
0.04912312509378922 
-0.01488830270450842 
-0.5704023189603014 
-0.001624319116013894 
0.1638814245963504 
-0.004624604968109714 
0.09705313354891811 
-0.1272153156317409 
0.08820431972535979 
-0.177649415746073 
-0.01617873562932177 
-0.07383728519169419 
0.03226214251950982 
-0.168629367601329 
-0.03257429216051137 
-0.124630631542922 
-0.0319774244569857 
-0.0503668907822077 
0.04957989381198593 
-0.6157479083851171 
-0.03627783997354807 
0 
0 
0.04998627276590018 
0.07476615053500069 
0.02780771129212015 
0.01442502236840269 
-0.05010307810394842 
0.04297040989337027 
0 
0.3092111705465018 
-0.2288340730609685 
0 
0.1274721986958685 
-0.4735291647281299 
-0.272528723173791 
-2.240365623090022 
0.2349033557860528 
0.8981843798933673 
-0.00293255295703729 
0.1077560233336538 
0.09761322386074893 
0 
-0.05476835746813748 
0.01561404619380713 
-0.02374115917433269 
-0.2835573396588622 
0 
-0.06528306975040127 
-0.1277824615217633 
0.01557815599839639 
0 
0.1246296333460505 
0 
-0.03559028719598686 
0 
2.069154564880312 
0 
0.3094269463179501 
0.1160690836898654 
-0.1170448852407634 
-0.1135918031916578 
0.3564422215873374 
0.008776302591492648 
-0.05573997224902208 
-0.5618570354512364 
0.2089044326278153 
-0.1964472501083968 
-0.2671855166503467 
0.3659259466420336 
0 
0.1698883758502755 
-0.08438549361073329 
1.542881331761614 
0 
0.01029896717919921 
-0.07850936272072369 
-0.08167272604399285 
-1.048237891851103 
-0.01127175801510794 
0.7310209079824771 
0.06802632008080531 
0.05770054445779994 
0.04190034944523476 
0 
0.008572804959068694 
0 
0 
-0.2247898685336739 
0.01642972474316083 
-0.004963627854212766 
-0.2984478300381838 
-0.05076126702909173 
-0.5089882542051171 
-0.01943968697851218 
0.1449354551012059 
0 
-0.3869236767942516 
-0.04931785677497906 
0 
0.6448367566419566 
0.035454930304133 
-0.4068320996936081 
0 
0.2445344666578727 
0.4548494871644572 
-0.004322676700623801 
0.08571476996308683 
2.052815056244344 
0.03204539998900538 
0.119082312900813 
0.09260546847154112 
-0.02144246344994462 
-0.4240831201034037 
0 
-0.1527710615754582 
0.04287122636620351 
0.8380006608105631 
0.2802864980856498 
0 
-0.04754992974044513 
-0.8495594991945385 
0 
-0.3131564320071939 
-0.2589536534041785 
0 
-0.08820448616769933 
-0.07775479086970558 
-0.6802990310535735 
0.1032555118742673 
0 
0.0180895930506402 
1.057354313952785 
0.5593098479431462 
0 
-0.2183936400677629 
0.7483898503587486 
0 
-0.2201267745568364 
0.1111017185125793 
-0.3533248167530733 
-0.3742739375958106 
0.4171714906286637 
-0.0371781474870973 
0.01982743288965468 
0.01035857708367454 
-0.06565165582646895 
0.2213824052503264 
-0.08006613624455031 
0 
0.03664717841678672 
-0.3217924835165233 
-0.0004323252412808641 
-0.01089747728668974 
0.987983729918562 
-0.02890911886335094 
0.1226089505140111 
-0.004615856682000369 
-0.3663893994659491 
0 
0.07300507876823123 
0.05398299976986855 
0.07828923950335254 
-0.006563402248678891 
0.9853634468774639 
0.02213292333479765 
-0.2595361301632344 
-0.4194678623523191 
-0.03901155253608605 
0 
0.08561169739046845 
0.3001687289631018 
-0.08138004091202979 
-1.05964982031568 
-0.06126895420967718 
0 
0.01404246840293853 
0 
-0.01355510726395593 
0.1052594213323198 
-0.5511479894633455 
0.8669938623170649 
-0.1003715301594296 
1.14953552056826 
0.02723970197310761 
-0.071271971602669 
0 
0 
0 
1.590802114864543 
0.09670670695190921 
-0.1646594764207521 
0.1157694075386971 
0.02459880853658009 
-0.09937638451229541 
2.171742576018413 
-0.1631072244473929 
0 
-0.06101394934165993 
-0.0345698253233279 
0.1135220486672887 
0 
0.3656659162219784 
-0.013654795143749 
0.1474187449712812 
1.003502125426987 
-0.06249352718209936 
-0.003759973753731647 
0.0370545806127792 
0.4123982461450342 
-0.001778424073372905 
0 
0 
0.02770294676172454 
-0.18816505588324 
-0.04690230406618644 
0.758347754285326 
-0.276755136131173 
-0.007687229999655187 
-0.228241555813076 
-0.1392818353389992 
0.6031924996328315 
-0.01208799104602932 
-0.3344769132329097 
0 
-0.07815153508128225 
-0.05790904417471959 
0 
0 
0.1898535726879454 
0.03283738610391729 
0.007507562516725776 
-0.6982860340501935 
0 
0 
0.1830400745284295 
0 
0.01052418341393879 
0.01523065626544037 
0 
0.1860213825443632 
0 
0.09470066787070033 
0 
0.0002531224281738234 
0.02474079121056891 
-0.1591378642030076 
-0.2635490027248192 
-0.686370177919912 
0.317890157648491 
0.06888961701673187 
-0.004228967759024424 
-0.06070946349232745 
-0.06376905407006175 
-0.004075836255525617 
-0.07087870007576785 
0.0400196884810648 
0.005127981432238549 
-0.00526724651947974 
0.01831689739647516 
0 
0.262012943439119 
0.005331787339826853 
-0.001978563206304001 
0 
0.0447416959711026 
0.05449535402429313 
0.8136297716768195 
0.0186009600189407 
0 
-0.3663725459984079 
-0.01300888868949986 
-0.08385625302101546 
0 
0.2953074532844587 
-0.03799082310025045 
0 
0.2515081368681466 
0.03852372421257337 
-0.006105698833207958 
0.06997352589475063 
-0.1590496662352719 
0.0962152019879674 
0 
0.2090631228788369 
0.01364822329022291 
-0.05497784688322069 
-0.3561268461770015 
0.004717087402125029 
-0.08045332076344645 
0.02503641727885661 
0.3715970337023948 
-0.2752386535586731 
0 
0.1133640394789085 
-0.1351536807814224 
2.158993929781814 
0.2269915912548293 
-0.8714154944945259 
0 
0.03692546410450602 
0 
-0.007714850673008137 
0.2088633154608027 
0.001962651076718558 
-0.2894919297501817 
-0.1243629558683091 
-0.2443560737593956 
-0.06365603532176628 
0 
0.008594741690081852 
-0.2497992405459047 
0.06105437749178342 
-0.05251472186901105 
0.01255664568607081 
0.02604548431342337 
-0.0001071611204554744 
0.03707809348131724 
0.0993236849182309 
0.974295463981212 
-0.02433512634215532 
-0.01168824469828821 
0.103563733907555 
0 
-0.01102141168585562 
-0.05532124392457446 
-0.1539377884016103 
0 
-0.08560151443251346 
0.04305817442002152 
-0.0875908718051482 
-1.071617960207389 
0.1949389833286147 
-0.04415265678028278 
0.9377782472374594 
0.003995262121373066 
0.04843530707914355 
0 
0 
-0.02617431349564996 
-0.01510273748509118 
0.01146738456676862 
0.07666950807388125 
0.06694547642232745 
0.179469234948966 
0.07453452837488414 
0.02107119729900615 
-0.1000647644089376 
-0.03156011213950425 
-0.1222985508851439 
0 
0.0376744883939408 
0 
-0.1446753497298083 
0 
0.6094495877609349 
-0.2165341668211627 
-0.1612574412487083 
0 
-0.1998742902073687 
-0.2121848098624418 
0.5327507882107076 
0.1280788094892885 
0.4698291890651725 
-0.1839818214692129 
0.2303653111981716 
0 
-0.02847356933461024 
0.126699327516462 
-0.04656178396564962 
0.5485658565478642 
0.2480505336826257 
-0.01649411377047413 
0.3437430935374736 
-0.003013654711398883 
-0.2570172215451575 
-0.01923174804507971 
0.4035610815222795 
-0.01512631512320239 
0.005156336473802088 
-1.257401512709636 
0.05017150969120293 
-0.3256176152389962 
-0.1310708669838654 
-0.03213218311477601 
0.3210664320348003 
0.1363381099028066 
-1.790965011819836 
-0.2766833608231777 
-1.162621790053773 
0.0360557004024793 
-0.008278572512924487 
-1.757392441943118 
0.279153462088428 
0.2760574746733199 
0 
-0.1358391888434232 
-0.03065276953796175 
-0.01541886900840887 
0.04649350562895733 
0.0002280227732693492 
-0.799822530336788 
-0.01822015252974912 
-0.05333056449772909 
-0.02532264133654272 
0.01829561092827696 
1.097085398114075 
0.9573078730906825 
-0.4646633587073756 
0.04640100105202466 
0.06104594835520336 
0.003572307279941055 
0.2098953976319157 
0.004807764739390233 
0 
0 
1.482854377154355 
0.4862470878576933 
-0.06255673650325276 
0.009060846469362248 
-0.04613676526098655 
0 
0.286430879480348 
0.372356956204701 
0.04001983099985925 
0.008400086139220716 
0 
0.005224202456630305 
0.001817656637160246 
0 
0.3777722999363962 
0 
-0.02576858023947224 
0.04344596466628962 
0.007062637344459326 
0.1485748862319392 
-0.3674312739154985 
0.07051610451582539 
-0.04463138017291909 
-0.06030894301618497 
-0.006717218632598111 
-0.4313157492164482 
0 
0.01231086933148515 
-1.798690496332929 
-0.02046190743223091 
0.790228174460924 
0.4438979046595687 
-0.02808326200217933 
-0.005677212311712546 
-0.004647205429469982 
-0.0490658245688235 
0 
-0.3033539001831514 
0 
-0.02971882150857779 
0.01272097971267648 
0.05922052738629781 
-0.2194032981540434 
0 
0 
-0.4180689594874244 
0.1294454478850435 
-0.4273052526203012 
0.03584041130281819 
-0.01564653142716514 
0.1652643292720579 
-0.1211948493486838 
0.08329567331852927 
0 
0 
0.02070564275792395 
-0.0046875095479358 
-0.9638909792929859 
-0.4982055037693749 
0.1771068570476234 
1.525323639432485 
0.03007140418790896 
0.005731231314553172 
0.03976728943792131 
0.1738703573597174 
-0.3693045580109777 
-0.003305243550744913 
0.0114481436705442 
0 
0.0131290903691773 
0.06845221180728592 
0 
0.1116337898172346 
-0.06985363893450508 
-0.006754619111565579 
0.003403565010437256 
0.1720847564060518 
-0.04283312800185762 
0.2643209521422932 
-0.1956094057665035 
-0.02043372063742769 
-0.3742130396064214 
0 
-0.00686028448442564 
0 
0.01929157015222747 
0.7357933957856725 
0.1358223015996851 
0 
-0.008556906840082947 
-0.001325002449524368 
0.2373831952397844 
-0.004019408528166365 
0.03743918028580914 
-0.3006678438881442 
0 
-0.003108691187065247 
0 
0.02217201771904703 
0.03369998599270189 
-0.02311367534497264 
-0.04726724245444529 
-0.01820342285748077 
0.013006731088803 
-0.05232525866645463 
-0.3297912089627958 
0.06717505514004195 
0 
0.04217213270873476 
0 
-0.7645455911595064 
0 
-0.2274826447868336 
-0.05221809493595206 
0.1681239672272538 
0.2177757001118595 
0.102080390264577 
0.187537842503213 
-0.1042812551790187 
0.3111065838196362 
-0.09032228709126397 
0.005821280422657536 
0.3547343029794884 
-0.003488160994775055 
0 
0.1813433737746302 
0.01377055565199 
0.1970007097766238 
0.08921286955947749 
0.1717533500783603 
-0.1348573224671122 
-0.02458721051092616 
0.009038432183489344 
1.938647785047088 
0 
-0.4739280138222781 
-0.008671215915522779 
1.126596186768257 
0.1996184083213769 
0 
-0.01188067173498623 
0.04822180213599805 
0.2258152691044712 
-0.04409567698559336 
-0.03573850843455075 
-0.03932053880738731 
0.5306455792505972 
0.3135793741189626 
-0.07839812340353046 
-0.001133676612977541 
-0.5691017905604177 
0.1059544194970113 
0.1564542087295939 
0.1570117586953468 
0.1913621224354383 
0.003313832861443476 
-0.1431183317261019 
-0.3952356956251494 
0 
-0.2487923301881486 
0 
0.8250654320335253 
-0.03297668072055139 
0 
-0.204222233389814 
0.192830540851464 
-0.1626628143678647 
-0.003721326386089528 
-1.666028832573059 
0.08187341500575473 
0 
0.07308757622864086 
0 
0.1496541671347543 
0 
0 
-0.07728896280421702 
-0.004871538782933798 
-0.001190590362227479 
0.124053743029852 
0 
-0.06003471459599233 
0.02927776536388872 
0.1093335191658802 
0.02560020685716386 
0 
-0.004807718052501263 
0.1234980176525892 
0 
0.1660207360562533 
0 
-0.3571405946955682 
0 
2.324777257169061 
0.02892535386669544 
0 
0.5434554087831271 
-0.03627353779077754 
0.2097049278172021 
-0.02012839684122371 
0 
-0.001303274290862233 
0 
-0.193533511998237 
0 
-0.3116944444263488 
0.2218981489522838 
-0.1112079452036409 
-0.07352012953630276 
0 
0.0258051223699484 
0.1848719965011486 
0 
0 
-0.3519263389469893 
0.1151665683196017 
0.04036621986286654 
-0.1334821310295537 
0.3464163726546444 
-0.1012155031706807 
-0.1325408226238248 
0 
0.4432795883429962 
-0.08836647541398741 
0.05183054746886488 
-1.322689285737976e-05 
-0.004502101206546961 
0.05221102364552557 
-0.005375225694358922 
0.1483650659623107 
-0.00534615626043161 
0.1400582808232616 
-0.001542514177417856 
0 
0 
-0.02408192783687678 
0 
0.001038105475102526 
0.1958160259319073 
0 
-0.005952426212943254 
-0.03957622690623048 
-0.04724964861523032 
-0.014821162121374 
0.1085247185629401 
-0.04325459710555796 
0 
0.007856736813919119 
-0.1769417737274904 
0.03893313537252768 
0.2063892859887135 
0.163459247942348 
0.3265578730554891 
0.01294277526154922 
-0.3372983375008434 
0 
0.006694881895217382 
0 
0 
0.132158060422137 
0 
0.02640217673591213 
0.1398157743763417 
-0.119790575041316 
-0.1189135892935208 
-0.7526403635721461 
0.01517167302155106 
0.246437506448547 
-0.05358803168525611 
0 
0 
-0.028468908321079 
0 
-0.08290680075477955 
0 
-0.1100171314757473 
-0.02023708408066959 
0.03353551227308531 
-0.9080706849933268 
1.014084449720281 
0.331097545900716 
-0.8148747220907884 
-0.1653548142400846 
0.03207007710358503 
0 
-1.128436198582119 
-0.7905439145332351 
-0.5856540512933884 
0.1352096761186803 
0.1895225245838512 
0.8741863659951897 
-0.9851761357984237 
0 
1.426852681951685 
0 
0.1947583712913942 
0.1833914538269835 
0.168351765263348 
-0.06475720275499743 
-0.2307822440383287 
0.09930885626785473 
0.009147090319309626 
0.06684471780262456 
-0.04064983771522034 
0 
-0.001524156262811876 
-0.04337967577558838 
0.06816609158635756 
0 
1.29933497052578 
0.1039694299523423 
0 
0 
-0.02949873249832389 
-0.4833119045394383 
-0.1064703445230246 
-0.02141074944221699 
0.1250165151963803 
-1.019719375525707 
-0.05082950041163561 
0.447654014580077 
-0.6342699318270503 
-0.01636909112943527 
-0.2553577081853216 
0.08342457211169216 
0.009926917499868935 
-0.1461023546923539 
0.02654266985579308 
-0.3225800943027813 
-0.001287753182728757 
-0.2828593746411009 
0.06909976226800157 
-0.6781783988868391 
-0.2950846846784958 
0 
0 
0.1993572611877905 
0.800121381826038 
0.1945714865355418 
0 
0.3252605995104583 
-0.6353448524475279 
0 
-0.01596573241284811 
0.2819156914828904 
0.00987141215265031 
0 
0.004272849940286961 
0.3400595773094532 
0.01071443813493504 
0.276540208608569 
0.01168529299170231 
-0.05297685536478049 
1.682863492510765 
0.03693971615329302 
0.001886111669621469 
0.1076053461555659 
-0.4891829849386166 
-0.3185747241230849 
0 
-0.6923978482695696 
-0.03130075571056464 
-0.6105868343110941 
-0.09376794395865207 
-0.02922945896216438 
0 
0 
0.03888393354206472 
-0.05765369771615639 
0 
0.03730866969484175 
0 
-0.06191602273270352 
0.2322682523850533 
-0.1275549865220832 
-0.009929171862028569 
0.01930288473650033 
-0.4049226405053742 
0.07415661990926939 
0 
-0.2856787115901247 
1.646729067225211 
0.1161322558423714 
-0.05143670775324541 
0.07894628661604634 
0 
0.04377594523848854 
0.02083596781568913 
-0.003699736260942083 
-0.4446994527323528 
0 
0.5980560399991002 
0 
0 
0.009971653130656458 
0.7678481064211659 
0.1323940565458319 
-0.007003485788460568 
0.006417599270435158 
0.1182768862410448 
0 
0.007946200141824305 
0.05571560656808516 
0.04742872069906533 
0 
0 
0.483474296351729 
0.02485090695330993 
0.1119643187600385 
-0.6205045613725555 
0.2462971015877231 
0 
0 
0.01549280650279051 
0 
-0.02967848058759448 
0 
-0.09033819934074985 
0 
-0.1381655839310878 
0 
0 
0.1630739566947043 
0.04632621277051882 
1.79818003872799 
0.01704861566584135 
1.291460151120455 
-0.1793081030954087 
0.05175608220334969 
-0.07947592752949827 
0.05136948135512986 
0 
-1.419426064851834 
0.06505979484434349 
0 
0 
0.06114460028425417 
-0.01356521518105323 
-0.1150457642060264 
0 
0.01108377372786336 
0.02621853853769877 
-0.02280457520699492 
0.6273538746686107 
0 
-0.03309074241757587 
0 
-1.247416005129179 
0 
0.0417220304514961 
0.5200823730829728 
0.1404516536387287 
-0.4498885738997955 
0.3821882126271403 
-0.01218459609118228 
0.0623864753605924 
0 
-0.03605785738498261 
0.01700414501544568 
-0.05526636669861858 
0 
-0.1123048225471864 
-0.5493075953437937 
0.004588011400672014 
-1.351402043844142e-05 
0.0009863964004594959 
0.008080408569594924 
-0.04048149493716367 
0.2024195589842127 
-0.1295967916906583 
0.2893691579455079 
-0.05821563680121287 
0.0115074177722924 
-0.6297284319577734 
-0.1116078919925071 
0.01005680801825546 
-0.1750666842998331 
-0.10743133574293 
0.1998332184216926 
-0.1378315536566376 
1.065319620720831 
0.08334308997408589 
-0.3031297170135406 
0.5066270406916482 
0 
0 
0.1317196310929536 
-0.06839103611043337 
0 
-0.005093521521370985 
-0.02287522708634534 
0.4448971597952945 
0 
0.8929438030213684 
-0.002101720843858324 
-0.09337842120769865 
-0.003888505354917474 
0 
0 
0 
0.1098565538424607 
-0.3044780741385695 
0.1177547520133432 
0.08581151058812578 
-0.1631041585171259 
0.1452393590189657 
0.06970259383860961 
0.1276650176247796 
0.1463243804550148 
0.1103369558506054 
0 
0.1916215407881758 
0.7648932762802406 
-0.03966116946559505 
-0.01628302204799806 
-0.1834419125365771 
-0.3536282613007763 
0.375304833912849 
0.1550293822267988 
-0.01606601833400077 
0.4108494271493905 
0 
0 
-0.02634792640302755 
0 
0.004675743210748295 
0 
0 
0.03881146225307703 
0.04153378389714108 
0.2589231791552591 
-0.008376116562592083 
-0.05172370094674406 
-0.7339585470376382 
0.01676943087461419 
-0.1381975937325957 
0.4266511481072875 
-0.5961565278377317 
-0.7890098170125633 
0.9597202196817978 
-0.973270101098842 
0.07016194337957303 
0 
0.1518299473594193 
0.4938637847038734 
-0.002017494763838673 
-0.6121489278814173 
-0.4986623026719977 
0.009357194078606329 
-0.006819101012708874 
0.08040697873056361 
0.03042864242637037 
0.1124440478108724 
-0.002965557129792821 
-0.0336176445646614 
-0.08564859317965694 
-0.07858987836648962 
0 
0 
-0.248148372799709 
0.5005365607433465 
0.005745728627802351 
0.003844254819217354 
0.01903714452304753 
-0.04280467192215529 
0 
-0.009731873340486336 
0.02389181605944674 
0 
-0.0002310786890919007 
0.4481029378385374 
0 
-0.03836832822247338 
0 
-0.1141335903617449 
0.0001433859512016353 
-0.1439911634431711 
0.07307946898330148 
0.01597047062841943 
0.1194362046380016 
-0.09309148980349849 
-0.1103836719625096 
-0.04100277969277977 
0 
-0.3631250135814927 
0.1508155154942275 
0 
0 
0.003890452551536847 
-0.221112028127283 
-0.008479962545625379 
-0.08737587861535509 
-0.08440025669296897 
0.2407251024691169 
-0.3809355456442194 
0.8702121533559648 
0 
-0.01864985330638293 
-0.3867933688260428 
0 
-0.1051181709257542 
0.0276613361277017 
0 
0.007744483597203679 
0 
0 
-0.01999024622626478 
0.0477222232926635 
-0.08066779161756736 
0 
0.1239456951751639 
-0.02204531370011691 
-0.04016712294226197 
-0.9183680318979359 
-0.02025969936899116 
-0.2512717990275042 
-0.02796827627765149 
0.1069275487950572 
0.2911822131329313 
0.009008418820997826 
0 
-0.9944640776349861 
-0.05231126099665719 
0.3878639824111426 
0.03370653018591955 
0 
0 
0 
0.006287965325797422 
0.009506883937150049 
0.06361031723351346 
-0.03299306328082778 
0.01758543762513849 
0.4881650965824892 
0.01628858624683867 
-0.3927550064217155 
-0.03218578438310214 
0 
0.00125025944649313 
-1.080517908412041 
-0.01646122964275643 
0.3311406144486133 
0 
0 
-0.2155636387470903 
-0.04119111360187081 
-0.3394857648409114 
0.01498278296961078 
0 
0.005891211114689978 
0.3487798984528764 
0 
-0.0002450718980131785 
0 
0.06301962278287314 
0.09117112997929064 
-0.2796683310272738 
-0.07649296740980055 
0.2756518851948823 
0 
0.0838559687247105 
0.1638257980753572 
0 
-0.05351033979315313 
0 
0.01665815016885129 
-0.02539208140394453 
0.05369859516369341 
0.03699098335244237 
0.04351692817942668 
0 
-0.02781753774269333 
0.01812322930784569 
0.2151718660850339 
0.02783983874018691 
0.02802539265468369 
0.3637815402349214 
0.08427801400559704 
0.140851615150793 
0.06097726112905145 
-0.006236692933411043 
-0.003016933894515618 
-0.1137970686596027 
0.001718398908810326 
-0.6221510005387346 
0.1697380738559126 
-0.4402761393787606 
0 
-0.09707179389312601 
-0.0006404897551343192 
-0.07827982539218609 
0.03106083314320385 
-0.06599045980093171 
0.163684372313618 
-0.00149811933903162 
-0.09103590271153465 
-0.09349034752165743 
0 
0.007784123241039729 
-1.71911653255581 
0.1199826049619485 
0.03224307326663816 
-0.1206367198099 
-0.4105594780812104 
0 
0.003912119619851361 
0.1479031802189993 
0.003457702938207271 
-0.001423979079203036 
0.09801716321577478 
-0.02241737599469209 
0 
-0.02987277931139799 
0.07080636438485366 
0 
0.07904620901439338 
-0.01488652527358619 
0 
-0.01120477996740243 
0.04878111323757693 
-0.08025986954286993 
0.06153177662400335 
0.9154288429910566 
0.01909163374712044 
-0.02107226574521395 
-0.07919842518788942 
-0.2970392986028005 
0.1244047248805653 
-0.3273964750055706 
0.001207966513247389 
0.1314635473483926 
-0.1573947411118271 
0.2906832720024856 
-0.05944621979561235 
0.03575473246952092 
-0.06159227457441151 
0 
0.01864414622780631 
0.4424225144839413 
0.06791164213530974 
-0.07324523797802125 
0 
0.07208705102239087 
0.004770681457993076 
-0.08869802410651142 
0 
0.1777323673385572 
0.04454327617848544 
0 
0.04216908591654851 
1.395804985701659 
-0.1101035190270429 
-0.02467508160364075 
-0.005374198174589991 
0 
-0.08705479098337217 
-0.27202896390211 
-0.02267563322352132 
0 
-0.3372239891541612 
-0.09146083165528125 
-1.397498919824507 
-0.1241741212198616 
0 
-0.07245521099627615 
0 
0.01476109281499542 
0.009538606880090578 
0.1254335348601797 
0.04863116356605957 
0.02233707542412989 
0 
-0.4291041966760698 
-0.3290608007279332 
0.002853671384481692 
-0.1770259927976152 
0.09106846757205737 
-0.03899862825752967 
0.09292301831434939 
-0.2217474406504269 
0.5953160562538987 
0 
0.03314950852257226 
0 
-0.7226305887943283 
-0.3541102554081178 
-0.01893107154429553 
-0.2588038794160419 
-0.148816742656956 
0.05147386722741611 
0.1458976195993152 
0 
-0.1414279887071941 
1.588419539926479 
-0.05218657459125659 
-0.2547690148533934 
0.7953122576456492 
0.3789735709799655 
0 
0.7258364459983234 
-0.01283007298859785 
0 
0 
-0.0807896586315396 
-0.3527912066403436 
-0.03778410244086581 
-0.02417019228348001 
-0.1072790521944853 
-0.04485394616839542 
-0.02931017158690821 
-0.03388240900647936 
0 
-0.4175989182187255 
-0.08771972759598874 
-0.00967924500589684 
0.1565180634599825 
-0.01629813184663029 
0.02794114915574288 
-0.08054196604107627 
0.04128307957285763 
0.01664595286226557 
0.004441419522575308 
-0.01535229717345325 
0.03470250406858325 
0 
0.02268009677415186 
-0.01300619919561086 
0.5872436758089482 
0.01216116110624192 
0.01366347663817468 
-0.01044640781488629 
-0.009744764791645943 
0 
-0.01643848662653233 
0.1109658902135238 
-0.008543939541386764 
0.2721173096160504 
-0.07145824029939597 
0.7922812617097128 
0.02170783722660464 
0.09172768011991995 
-0.009295551041031613 
-0.0006242561115162483 
0.01647646325250119 
0 
-0.01428803523096548 
-0.1488136298352208 
0.01533530507983492 
0 
-0.04503082817063304 
0.03317302782130462 
0.2958456625951561 
0.1370301307277211 
0.02122741826585029 
0.06517190080035799 
0 
0 
0 
-0.02695546593919787 
0.06499308551683616 
1.228144465878527 
-0.08039764068781409 
0.01435342162906418 
-0.2136626748680553 
0.2017540671222359 
0.03822946101190397 
-0.6075370044453017 
-0.02163309504223398 
0 
0.3017004502575067 
-0.008604850932540991 
-0.01173440566431538 
-0.01373055308256119 
0.05625275921184152 
0.04305904229141802 
-0.006233931712112895 
0 
0.4403015823459167 
0.05955934763859989 
-0.05326991911384029 
0 
-0.1253738633813995 
0.1071640479189218 
0.01207233025056913 
0.003873291714011045 
0.3536417659161836 
0.01053673556706023 
-0.2350525376842907 
-0.1166014745987141 
0.04498678599955221 
-0.473464315440827 
0 
0 
0.03663065945372676 
0.02704004340364553 
0 
-0.111384612592734 
-0.3619058563543043 
0 
-0.05933827234514783 
0 
0.7649095473554232 
0.1387896932450829 
-0.001501732243085761 
0 
0 
-0.3150348125097608 
-0.08806698154301185 
-0.0236402522781498 
-0.3553798767496723 
0.009093121371125076 
-0.391022297946607 
-0.3592915041054413 
-0.006306044081371148 
1.252466321847567 
0.2312625645421156 
-0.0137856627585571 
-0.002638932734529504 
0.006115344882769958 
0 
-0.05411958399380634 
0 
0 
-0.1322020278439096 
-0.06299343084087272 
0 
-0.01192927288955934 
-0.2919828867881807 
0.1335835969850627 
0 
-0.08486507705165063 
-0.008761595057423044 
-0.2073897491532513 
-0.3715968768929411 
-0.02507560341936154 
0.4075514489250366 
0.01070102005770774 
-0.265400651116913 
0.03563923777660484 
0.003960794858115448 
0.4171401286464434 
0.01710806307097528 
0 
-0.06070997575457917 
0.0472116580851592 
0 
0.03496893800954254 
-0.4366659560450979 
-0.1796455285565941 
-0.09645415705555666 
0.1237149001279635 
-0.3154869230138874 
-0.3531698133263476 
0 
-0.7060896034862998 
0 
0.02353681471309777 
0.01131463518063625 
0.04850739185216867 
0.3268159924412193 
0.007506471469798065 
1.606165504456209 
-0.2844073030569336 
0.1261911908430395 
0.07670600213914122 
-0.0222143243598152 
0.05327668879153761 
0.2029685097463695 
-0.001179990249203069 
0.713120805973814 
0.1122899449029744 
-0.0142146008703674 
-0.00356998932432298 
0 
0.01287881886010994 
0 
-0.004467743574643731 
0.04762637743834268 
0.3892059674349584 
0.03616022917905998 
0.0101222503582257 
-0.005416441057079727 
-0.02583536287477932 
-0.0135876218607332 
0.0499717144019958 
0.2787106174913511 
-0.5569405337150902 
-0.0008673269372040729 
0 
0 
0 
0 
0.08388664366941165 
0.2936029587072627 
0.03883336024111031 
-0.5333442745472846 
-0.09447370295316643 
-0.2335363919793464 
0 
-0.08176680459505185 
-0.6755882198169335 
-0.1227744826395779 
0.03741629862616413 
-0.6460307303738411 
-0.00117474204621508 
-0.0569409153655885 
-0.5947726899673187 
0 
0.1871692233558413 
0.0771812121697087 
-0.04585524428397227 
-0.004426955871146522 
0 
-0.6994124108737856 
0 
-0.01863351784674117 
1.215250909066476 
0.02494016030422555 
0.06764131574962624 
-0.04869904607266527 
-0.0363560003739899 
0 
-0.04282006442304873 
0.6015308964669775 
-0.005687804438988531 
-0.005985442434645209 
-0.2987472300190277 
0 
0 
-1.717835672121868 
-0.006766389104130015 
-0.006409768589419894 
1.419257600087626 
0 
0.1247551825545752 
0.00250188267811512 
0.0028097032228522 
0.2955563150711587 
0.2048847804908345 
-0.003227862834225613 
0.0289665391016679 
-0.003018346476472119 
0.1828078171997527 
0.02798758847478674 
0 
0.1487349624157264 
0.09904030311027265 
-0.00633767532029003 
0 
0.1321340285141947 
-0.02056511976835299 
-0.002231925810617634 
0.06866916107874864 
0.2036446476530099 
-0.6435506331528265 
-0.4276122160044673 
0.01566302400416527 
0 
-0.03541832598537444 
0.05798433757867546 
0.2726555058736473 
0 
1.561926854529582 
0.1791621854489338 
-0.02323379805750849 
-0.1284453224104633 
0.1701507382496633 
-0.009800742419954767 
0.03521810571954567 
-0.1597524040220887 
0.06587297167364158 
0.1223466794211912 
0.1240766386023588 
0.8033604378224224 
0.3859257079464243 
0.06093020366172147 
-0.02287404838916993 
0.1329720846226554 
-0.03539092934098526 
0.1683044084325607 
0 
-0.05378136171594168 
0.33778088145184 
-0.1807818352466959 
0.3646054795783087 
-0.006943308798225359 
0 
0.5249156920754663 
0.01038608825098683 
-0.05854123807621879 
0.5579621215455235 
-0.1584874222476648 
0 
0.7418011150857655 
0.6574791266826279 
-0.08730380712079669 
-0.01729057109980065 
0.01836008024786508 
-0.3579210222377646 
-0.173584120009228 
-0.0006297485089117405 
0.008834329274461851 
-0.1678821303206242 
-0.01794703825343896 
0 
0.002856480003452569 
0 
-0.2063498674080319 
0.1012177178138251 
0.1742902904626426 
0.06567700712344911 
0.1337090070455882 
0.0002827110521207275 
-0.01045928734558386 
-0.01140857066347709 
-0.02536279969491975 
0 
0.6762139260282108 
-0.2755802978456052 
-0.09218783420882674 
0.03744884163885195 
0 
0.02705140264627813 
0.2915848842352631 
-0.05283302342046479 
0.1951120909244368 
0.4202102489269111 
-0.03210590614254944 
0 
-0.07114132256657466 
1.107816464657272 
0.1903618091330196 
0.04877692995936292 
-0.2034617841636206 
0.5082766103881655 
0.04592281599031132 
0 
-0.02313184512223947 
-1.153589393062701e-05 
0.5589609361189281 
0.0268346847803497 
0.01404085136497725 
-0.03328671108132307 
-0.002265365106430439 
-0.005744117393055058 
-0.007354661963806779 
0 
0 
0 
0 
0 
0.3888257935691021 
0.002056093580251716 
0.2291814586678358 
-0.01920394745426669 
-0.02390256005114809 
-0.527129444055064 
0 
0.2620843853525331 
-0.02073807504990005 
0 
0 
0 
0 
-0.2754468801065761 
0 
-0.01266512101303885 
0 
0.3601981340108015 
1.912253103942195 
0 
-0.6166584018895354 
-0.001765429289500488 
0.5185498646854382 
-0.197160999531899 
0.007926380700113372 
-0.005332898231038817 
-0.08104823274592299 
0.04681275183910784 
0.5577624299274275 
-0.01260636869631561 
0.2115189997488358 
-0.306002730019061 
0.05941243977091638 
-0.1554207865178406 
0 
0 
1.362550117431674 
-0.001567916486122962 
0.04943829508814792 
0.3104944614167535 
-0.005414876087258262 
-0.1122936604519433 
-0.0731702637471988 
0 
0 
0.02367072821071187 
-0.01070827797077078 
-0.04432809208035753 
-0.08632527831217944 
0 
0 
0 
0.05444224968947471 
-0.0206496455828673 
0.00110800933784416 
0 
0.02008984777982649 
0 
0.2020213045481263 
-0.2304817961091535 
-0.0108179404801652 
0.1553703508233742 
0 
-0.05773930053331018 
0 
0 
-0.04537153660337077 
0 
0.09352966983944676 
-0.0019867444604823 
-0.7660973777322065 
0.08969124473893196 
0.1167066572288037 
0.1824136677588845 
-0.4404681908603553 
-0.4343381988714224 
-0.01212514807625137 
-0.2825483197349594 
-0.122749890605836 
0 
0.6126163314043526 
0 
0.1165007342497174 
-0.3664841484846838 
0 
-1.010014544632918 
-0.1064952277334464 
0.188676673998336 
-0.1041027437545283 
0.1214575935758677 
0.05817007679689287 
0.2515237780435342 
-0.3062686792128913 
0.0583559812903192 
0 
-0.1094543837436933 
0.05085422791905125 
-0.03091223430072917 
0.006003811637933585 
0 
-0.04044672905460146 
0 
0 
-0.4776546785923049 
-0.006857660040945716 
0 
0.002367339144573464 
0.2376338366555775 
1.914954499768791 
-0.005328633072097144 
0 
-0.3045184999102234 
0 
0 
0 
0.2082684399256592 
0.1790656397438036 
-0.5704110371192797 
0 
0 
0.05361649737729531 
0.009309066107769916 
0.003747555899884602 
0 
-0.05864283867418781 
0 
0 
-0.08844793469974148 
-0.5177114275977569 
0.01335601898817936 
0 
0 
-0.1235094350797771 
0.02381393010699341 
0.07825597518952385 
0.1414673765159396 
-0.03240877413419664 
-0.3460304301644286 
0.02438935900388433 
0 
-0.04617019816948948 
0 
0.07889169437739006 
-0.02715469613245107 
-0.0110427207884271 
0.1064825942988828 
0.006491064740177976 
-0.1662884489396603 
-0.1603703408634966 
-0.03218609207475874 
-0.1611256101470584 
-0.4726341748281245 
0.05236957975034284 
0.8551571207449117 
0.2017237735400524 
0.1554667028125359 
-0.1392240518121672 
0 
0 
-0.2521657642142853 
-0.06413871552568798 
-0.1005907484319624 
0.1947823725750316 
0.07573149575260503 
0.1497066715613309 
0 
-0.1330410082494053 
-0.5017368970880282 
0 
-0.2446337019142685 
-0.003807013091016124 
0 
-0.02463017471721388 
-0.2604318938881411 
0.2703765540178213 
-0.01174048198273811 
-0.05245236271916154 
-0.01072169265924819 
0 
-0.1707130566269222 
0.2355300457025694 
0 
0 
0.1105537562797955 
0.0821235319949575 
-0.09463978929730152 
-0.1298000462112748 
-0.008458486477620836 
-0.1150321556526007 
-0.07172397648874522 
0.2669205069735974 
0.01086041506376952 
-1.068444492950748 
0.04713619021698193 
-0.008518667506754247 
0 
-0.934391511602974 
-0.1269902050327802 
0.05194693124283507 
0 
0.00496463988325856 
0.05752324702257005 
0.09320080103447684 
-0.002481164380157233 
0.01865020047162743 
-1.387153557577851 
0.02265631887932312 
0.375304935532376 
-1.379966233808088 
1.068071752919 
0.006021285901442661 
0.0610409468762095 
1.558443027947063 
0.001772728444017248 
0.03000453161809439 
-0.5124682530723603 
-0.06618217605268883 
0 
0.745377372644246 
0 
-0.2302632332069474 
0.190010328859566 
-0.1764216578429229 
-0.2486303287126447 
-0.01733930663482329 
0.1937254776901876 
0 
0.06480516994435061 
0 
0.0003641061637407531 
0.01884034680254698 
-0.122261607562 
0.330489398250374 
-0.03195242126365009 
-0.04091664465641853 
-0.04821265164884283 
0.02838587428079238 
-0.04081449627661009 
0 
-0.002836478400726351 
0.1414507209018193 
0 
-0.03672556113149625 
-0.05383562926198172 
-0.02245980467042646 
-0.01247988006127597 
0.004588824929811277 
-0.009510098429059302 
-0.1207154931594666 
-0.02611700047582762 
0 
-0.02971410811922045 
-0.9587437615112723 
0.1246890759805516 
0.08355143572355855 
0.2420915959150699 
-0.0007694197708914726 
0.01037813879970569 
-0.4501981822651181 
-0.1393265930233688 
-0.05115639048599548 
0.0006266507536737123 
-0.007481191029926941 
0.001116134976227555 
-0.8437770252483111 
-0.148205762450121 
-0.004677457141156708 
0.03942549185104374 
-0.1815969634537818 
0.0226955278758645 
1.21719353212311 
-0.09042972031700197 
-0.003414605849784615 
-1.133354691538726 
-0.07401827658330476 
0.007468209097214511 
-0.04583976838600002 
0.2821086188532959 
0 
0 
0.09225747893395951 
0.01449685286120631 
0 
-0.04022461975172041 
0.2260819382770695 
0.06669381754781083 
-0.2422227378466727 
-0.1451721042912148 
0 
0 
0 
-0.550587786057542 
0 
0.1756365863779169 
-0.1099693394069919 
-0.003394623306123577 
0 
-0.4352297286144233 
0.03773736171106697 
0.1896623619411047 
0.06028947501498953 
1.142258008498117 
0 
0 
-0.08032919173825546 
-0.09827314552730722 
0.1853117278574302 
0.06388047103456003 
0.3489478181463235 
-0.007454241221245238 
0 
0 
0 
0.3889578986927593 
-0.185925170019847 
0.0533185071669588 
-0.02726444033880931 
0.2612110796681429 
0.1096729015262293 
0.1298495370908922 
0.32633626971528 
0.1252903074675588 
-0.07651700616889284 
-0.3534373723998797 
-0.0107969364473353 
-0.006694021088240273 
0.1572071441088577 
-0.3053705589195067 
0.07837487808247526 
0.001823993487419614 
-0.003960572772094862 
0.5666621208934191 
0 
0.1904585204696821 
0.1081824417883866 
-0.004049563818710683 
0.02278041218668267 
0 
0 
0 
0.1337872532474585 
-0.04017304489970164 
0.05806657051078126 
0.2376603567007984 
0 
-0.3757773610980771 
0 
0 
0 
0 
0.001853057731931569 
0.009572875827694755 
0 
0 
0.04452070764377027 
0 
0.09503727657249841 
0.09390229490422219 
-0.1068967872512374 
0 
0.1776106292369078 
0.02269842874658808 
0.4928486439101768 
-0.1347688796745338 
-0.6488351083010317 
-0.3151292343454425 
0.03681378080641281 
-0.3611258858362742 
-0.01521858859345406 
0 
0.4927834630824817 
0 
0.03483313410705894 
-0.02220622514486067 
-0.03499086422157749 
0 
-0.03091639536599941 
-0.3406359642971206 
0.1330468996177352 
-0.4552475259161415 
-0.004003079429660785 
0 
-0.1450929561707383 
-0.05291403228213987 
1.025042107767781 
0.0369810708141128 
0 
0.2420176894595545 
0 
-0.4717681616213679 
0 
0 
0 
0.2301074835921814 
0.04529382155836779 
0.06015869721860416 
0.1644700787708048 
0.002955333020105136 
0.1088755285780415 
0.3005262353942561 
0 
0 
0 
0 
0 
0 
-0.09814083503630729 
0.3514902399404983 
-0.2274481433520108 
0.018780701949838 
0.151943970605218 
0.003160064180171357 
0 
0.2713280269348093 
0 
0.007370259306220003 
0 
0.02137026428784153 
0.07870075359931496 
0 
-0.3656349470039171 
0.4285126203321351 
0.02320213566309969 
-0.01482103196283759 
0.1045751607481191 
-0.03813883031796066 
0 
0 
0 
0 
0.1125039966161079 
0 
-0.02656835522716671 
0.1421443409006431 
0.05678240927959868 
0 
0.007039549719984542 
-0.03068589457618655 
0.2743924538915825 
0.04255744614991557 
0.02401315679611887 
-0.001367768933301614 
0 
-0.08255029938366963 
-0.06841198942255894 
0.09665263891962461 
0.01062158911082193 
-0.1970532066838814 
0.02789036266280348 
-0.003719088533770868 
0.09113704854985141 
0 
0 
-0.02308030352967494 
0.2737711360296206 
0 
-0.3718343264826542 
-0.03076070065910339 
-0.01208118378814202 
-0.04299334342891043 
-0.1374248796092936 
-0.02180235292311491 
0.03436030142525566 
0.01468440895769683 
0 
-0.001737529582948948 
-0.0645394918018006 
-0.1162132558967821 
-0.1895192353957426 
0 
-0.001466724116632633 
0 
0.1114302126472096 
-0.03624116900729952 
-0.002208636691497901 
-0.007186714241355445 
-0.09430048959314388 
-0.106389600863646 
0 
0.03729385854452657 
0.02160972003629908 
0.1685906881604892 
0 
0.147615901489044 
-0.05548127564561471 
-0.042333429009537 
0 
0.09005886753092054 
0 
1.276218840344491 
-0.04996848299970492 
0.005052022052526763 
-0.07117412789364601 
0 
0 
0 
0 
0 
0.1148885812260362 
0.04956725994345793 
-0.09078062487905823 
0.1647293296947477 
-0.3163315595281093 
0.07664058135052401 
-0.0880199572745332 
0 
-0.3227360090640848 
0 
0 
0.1877112413890248 
0 
0.09388486964148091 
0.40898273726326 
-0.01612937260861459 
-0.1769629380306292 
0.03661570516114035 
0.001155179177215495 
0.02160412433913904 
0.05669831923411466 
-0.09545440153341492 
-1.178534456152474 
0 
0 
0.1022311203905025 
-0.2275507641245726 
-0.08473075916451418 
0.03688834458100613 
-0.002916848174281272 
0.0506397829353876 
0.001393057387726947 
0.1390499180564736 
0 
-0.2159153883577946 
-0.02423346861451944 
-0.1305614730162684 
0.08752133225113547 
0.009538735823477173 
0.9006888343200126 
0.1980583210031676 
0 
-0.2140966749560653 
0.2752305862437938 
0 
0 
-0.02871749725939061 
-0.0004236148180660274 
0 
-0.9415750299371518 
0.01074570733577322 
0.06874322647354708 
-0.07211315849623873 
-0.08344229472058426 
0 
0 
0 
0.0001545317414078755 
-0.2882289642891306 
0.3266959619898817 
0.01369362145278704 
-0.1005652495508656 
0 
0 
0 
-0.06263855019187406 
-2.388953714125875 
0 
0 
0 
-0.02050588529426337 
0 
-0.1544749702336716 
-0.06427636954163166 
-0.8717764283631173 
0.8117997072985093 
0.2802944391817562 
0 
-0.5099765587690127 
-0.0002836090659061371 
-0.05501914836108675 
0 
0 
0.527965001320634 
0 
0.3472297777915966 
0 
1.349968634204708 
0.1254334440757934 
-0.008850959322857605 
0.1594209486839018 
0.3882526142269986 
0.04674450670420627 
0 
-0.06299548498345091 
0.03500026580032579 
0.3271177865193108 
-0.03452680291271492 
-0.01630787147342701 
-1.220117051184769 
0 
-0.4185045417954143 
0.03654260939188807 
0.03136619742789196 
0.04218668481734718 
0 
0.07594436274523537 
0.3261934734023235 
-0.1463627449837525 
0.02337409865316708 
-0.8754284543321939 
0 
0 
0 
0.05856710858106602 
0.3063608528045509 
-0.1272173245475249 
-0.001278746485548095 
0 
0.03912046729203431 
0.02799786934895729 
1.030310243287721 
-0.574978020956658 
0 
0.2088065529686454 
0 
0 
0.006867451785568857 
-0.01034026156645793 
0 
-0.09148966085856422 
0.2088420264996541 
-0.2324240816166245 
0 
-0.1394316543899769 
0 
-0.03036878173519211 
-0.1114806268044113 
0 
-0.02652142822903422 
-0.1280400787191297 
-0.02287978858003309 
-0.0001931694510421997 
-0.03925605879033192 
-0.0214959370376382 
0.09333481536138623 
0.2142259806149491 
-0.1380588874853717 
-0.0007030650484656661 
0.01795118266717326 
0 
0.3638413473204583 
0 
0 
0 
0.07494154254204068 
0.2346729203651155 
-0.02551967486584383 
0 
0 
0.009992691015939295 
0.1859867850510354 
-0.0187790186004483 
0 
0 
-0.1246102805388808 
0.04270344771573841 
-0.05661761327211533 
0 
0 
0 
0 
0.1570491590044021 
-0.006743470351680825 
-0.002672052182410302 
0.4116793183294475 
0.1417915167322815 
0 
-0.07602316050144586 
0 
0.01929746718455988 
0 
0 
0 
0.03492703019236488 
0.01766582498125273 
-0.1257522689005275 
0.3691309845343131 
-0.07851637368175106 
0 
0 
-0.149819102273953 
-0.07917208060770203 
0 
-0.1141256067201033 
-0.05393006994991244 
-0.006789190085369354 
-0.02546488658457395 
-0.04492678439639355 
0.06777463662966637 
0 
0 
-0.007779954447133336 
0 
-0.00602226625501786 
0.1707783310781165 
0 
0.008851100526881244 
-0.04375743115970887 
0 
-0.3330565878078928 
0.006213177289704992 
0.02407081624159841 
0.426805697367526 
0.1140944092787278 
0.447583035418653 
0.005298139918964464 
0 
0.0448601190827233 
-0.1153807183291658 
0 
-0.009703377147642401 
0 
-0.1721354072500046 
-0.07788998623405211 
0.7636875485046069 
-0.1395568148349055 
0.1003701441271985 
0 
0.05241518328055494 
-0.003119468369381783 
0.1013148683035751 
0.1774047161128495 
0 
0 
0 
-0.07490077243824765 
0 
-0.1377512815138658 
-0.02331399962504706 
0.001662277132075619 
0 
0.3562821539401353 
0.01898525365080972 
0.004443577654222394 
-0.009812802568639728 
-0.06186718001842827 
-0.1125722181868841 
-0.02297401498528405 
-0.01234483145333673 
-0.2454959118352053 
0.5131792361899121 
-0.00312406387205462 
-0.002485209043295053 
-0.5079694986316766 
-0.02052983780695749 
0 
0.0743825922801734 
-0.05916534760121752 
-0.1517244385326673 
0 
0 
-0.02220402558117426 
0 
0.01655294618360451 
0.08994043113105385 
0.4565029524744169 
-0.01588037086873167 
-0.06492000828492783 
-0.03393630855129523 
0.02838166762162309 
-0.02162423937293923 
0.009398761778114407 
0 
-0.168167902526139 
0.04813456129317991 
0 
0 
0 
0.0228414480313423 
-0.3152542338405838 
-0.01731659244966492 
1.528113380648281 
-0.1022596475020238 
0.1751723572651694 
0 
0.2053395057844493 
0 
-0.1136147174017052 
0.1384417638597679 
0.2505989526941973 
0 
1.415493987068581 
0 
0.04086492213603723 
-0.01355958760382451 
-0.08248153810242821 
-0.142412211675292 
-0.8910536258607473 
0.3300597296302257 
-0.007139072711410186 
0.2420678623669769 
0.08643042746882931 
0.05173706363036776 
0.1268894978636932 
-0.04577116147213423 
0.004065838356094601 
-0.4467134303080306 
0 
-0.01263371250480307 
0.06089523386529831 
-0.03762234654321123 
0.005054239043247654 
0.06597337049734912 
0.009602927587535618 
0.9062228510239287 
0 
0 
-0.07016746889102907 
-0.05011622605379222 
0.1375862881047096 
-0.0114876636135504 
0 
-0.00265548848018065 
0 
0.5306024328777927 
0 
0.223347572737925 
-0.003249463409641887 
0.01988789182592052 
0 
0.1090390779182712 
0.5124964100467138 
0 
-0.001678112858335165 
-0.1610043435174294 
0 
0 
-0.07834683130380676 
0 
0 
-0.1280492826732429 
0.4381552467301729 
0 
0 
0.04179324104457718 
-0.07547629015741998 
0.1508552921234885 
-0.05820593988869312 
-2.349423739975134e-05 
0 
0.2499303113350224 
-0.01292639869844637 
-0.1294087671824672 
-0.02937425922919942 
0 
0.8815842079876647 
0.3029461763546418 
0 
0 
0 
0.006941595096286601 
-0.005579838831106528 
0 
0 
0.2910965396859183 
-0.009457104695081929 
0 
0.304372019089678 
-0.03270792946348369 
0 
-0.2022406991205148 
-0.06720823652192685 
0 
-0.003915145133945166 
-0.3859706771977322 
-0.2494320336187973 
-0.00739576857261701 
0.06737238824037005 
-0.1549238510216445 
0.02116971054037278 
0 
0 
0 
-0.2805294340955665 
0.01682852261920524 
0 
0.1918040369834573 
0 
-0.9323457814669432 
-0.09279979900487684 
0 
0 
-0.3033961623986449 
-0.0171317705824946 
0.01717990212036594 
-0.3087971708208369 
0.004985433230112681 
0.02856220077580906 
-0.1021939993116128 
-0.02083089985795591 
0.00898039219449262 
0 
-0.4835435048245539 
0 
0.02036560341224899 
-0.2133421970941708 
0 
0 
0.06106607964776162 
-0.4146756187838019 
0 
-0.7318713509217495 
-0.2544468842697497 
0.02195243638183386 
0.03443977513486435 
-0.0872188320939257 
0.1481072325679659 
0 
-0.01283272621369371 
0 
0 
0 
-0.004739680831479892 
0 
-0.3373522360412172 
0.6594699976024612 
0 
0 
-0.4285895350129824 
-1.497218918176917 
0 
0.2997557422394863 
-0.01044738789162768 
0 
0 
0.1996335796580435 
0.2153318299637413 
0.01510653095803597 
0 
0.02553461438855487 
0 
0.01770633498021432 
0.2356030927936695 
0.04895651284156016 
-0.03990968649833429 
-0.9718478139007063 
0 
-0.03767541341274817 
0 
-0.03727982456725289 
-0.1200658766423104 
0 
-0.03168864108347905 
-0.1650306187764074 
0 
-0.007811476048194793 
0 
-0.178396152553044 
-0.2642584046533261 
0.2477120747063389 
0 
-0.1093134107803302 
0 
0.2852173193409265 
0.5175078202185968 
-0.8974605242236979 
0 
0.1584941120404086 
0.06009871662677842 
0.01854402688866193 
0.5166358054493709 
0.1402509756076018 
0 
-0.00176522665387125 
0 
0 
-0.02580439194506226 
-0.1514698067322084 
0 
-0.07358670495362928 
-0.01851454551780798 
-0.02625685040259201 
-0.1188572849993811 
0 
0.005110035337935456 
0.03594859215858686 
0 
0.08477889554404562 
0 
0.004742980473083136 
0.1456976216003816 
-0.05109364443935968 
0 
-0.1147840218781829 
0.412105617452864 
0 
0.001501249936240921 
0.01427394536024473 
0 
0.008255059488067516 
0.03626306274369335 
-0.0226518248276062 
0.2623825797237866 
0 
0 
-0.06913140570498483 
0.2082012386512868 
0.2326876684422509 
-0.1721590726949782 
0.09917792317846943 
0 
0 
0 
0.209604497750031 
0.08432483023762466 
-0.02507364244452173 
0.1510001977618217 
0 
0.02306625893808491 
0 
-0.3170322258734948 
0.04771331046990127 
-0.02583354779504905 
0.002788056172991125 
-0.1500245061326332 
0 
-0.149505467563694 
-0.1132303499699777 
0 
0 
-0.6312843039327982 
-0.05980065790844884 
0 
0 
-0.002958709598357307 
1.03881294976513 
-0.1872519205857632 
-0.03423383706274205 
0.01112718711342525 
-0.040893717119807 
0.04074786344903861 
0.1663236950885527 
-0.1847100115149895 
-0.06787230248772429 
-0.1523814656448763 
0.02962441028198904 
0.2947843310691853 
0.3607441819868004 
-0.2232751151263724 
0 
0 
-0.02015647645081304 
0 
0.133326748423757 
-0.01216130712497022 
-0.06694516637534099 
0.004988220752169284 
-0.07347291755915823 
-0.1245985310020632 
0 
-0.02290915029101417 
0 
0.6244114188199389 
0 
0.09304993468230931 
0.06990664256817219 
-0.02186044748762878 
0.01356054614746188 
-0.08388839983012261 
0.007163999734501443 
0 
0 
0.2952290637880732 
0.4216367735570877 
