solver_type L2R_L2LOSS_SVC_DUAL
nr_class 2
label 1 -1
nr_feature 5000
bias -1
w
0.1387284521995721 
-0.6665278573301044 
-0.3114084354837453 
-0.4547461472647948 
-1.916174008649801 
0.2169739643848305 
-1.358969525672417 
0.101768858237421 
-0.1785252755672577 
-0.7995709520967468 
-0.3056943482485627 
0.1211069249330666 
-0.06067032485120123 
-0.5375438090233957 
-0.5719902927082663 
-1.102937960022878 
-0.1187798703835932 
-1.291231641008084 
0.04499336096242916 
0.6012318000422719 
0.2149917530364511 
0.6419755963109348 
-0.1390216679688483 
0.03044608394933333 
-0.3762148104934728 
-0.5588787750354257 
-0.6203056814507762 
-0.08425618358804936 
-0.01033732089393867 
-0.3042848884865119 
0.1317544003566876 
-0.2999645239662812 
0.586653017455871 
-1.235510581952428 
-0.4489259273513741 
0.0999895374586984 
-0.3323818036607377 
0.3559974608160347 
-0.2808737477507896 
-0.2488808805217606 
0 
-0.5895284264411628 
-0.5141087697206476 
-0.1552550629464523 
-1.163274391353396 
-0.1389429733312045 
0.2273418374267824 
0.0452691548277963 
0.1181368279578306 
0.1341941536994131 
-0.4926334104322579 
0 
0.1439893092402083 
-0.007693349855128992 
-0.7426793710168511 
-0.5792813406105399 
-0.5733490392076628 
1.129749717178855 
-0.3916482567113839 
0.3771553153219701 
0.002789706755579331 
0.07815513386400032 
-0.3010581319702609 
0.003885420426771887 
-0.07731882573746722 
-0.1850329329060049 
0.4395975313564716 
0.1190357449229066 
0.02627366594175817 
0.5218880668791455 
0.6233218635861885 
-0.5665172580897897 
0.2504673388382326 
-0.4419809308297383 
0.09121036177298611 
-0.3967996313504706 
-0.1311960590492299 
-0.1504905572179295 
0.2030863334760296 
-0.09873203866629032 
-0.96049066557211 
0.09152708901392176 
-1.855293871489738 
0.03003231643793623 
-0.4596442596963997 
0.2727358748299115 
-0.2137591170253391 
-0.2704257269593265 
0.05941499133557255 
0.4799226028678982 
-0.01298089893288036 
-0.6480864072680637 
0.03968337349701342 
-0.5135436946050209 
0.002004324103288511 
-0.5882500486891373 
-0.02966965295926335 
-0.08149266015848231 
-0.01056519285354291 
-0.2566018407032998 
-1.018347973415221 
0.07985115311430582 
-0.3277247569754118 
0.004922486483034448 
-0.6631650105049749 
0.6358850991895968 
0.01050631307172836 
-0.4262469357197171 
-0.3003672439574451 
0.5237174547329051 
-0.3596851626402539 
-0.1418098149713403 
-0.3280864685492733 
-0.5688326869875495 
0.0006435478561203627 
0.1112718944351978 
0.08680413187043121 
-0.01307624950086186 
1.617745771992931 
0.2525241146406451 
-0.005367552974938933 
-0.08711456223382365 
-0.0597617875264763 
-0.1106384465628764 
-0.5773634696226081 
-0.08685144221869405 
-0.4163884655079692 
0.04027402748387037 
-0.006174528838154116 
0.07637553709433403 
0.08476188665560147 
-0.05914521902515384 
-0.4966573670925262 
0.04049072215864199 
0.4497266406375978 
-0.01736389710213828 
-0.3169517235310244 
-0.1618958468019993 
-0.1044739667916462 
-0.3371866208817996 
-0.2502124955317943 
-0.01442288674724412 
-0.1730057577752536 
-0.07142540402302394 
-0.205828818510576 
-0.4773339485110886 
-0.1805678081886884 
-0.05943625674760458 
-0.3931915840552592 
-0.08602808367409827 
-0.2960018858544163 
0.08877214299779718 
-0.7157333122377968 
-0.3260176671220079 
0.02456800136951568 
-0.2197754501945027 
-0.032593749540508 
0.07789938718344695 
-0.2289263000377025 
0 
-0.06519906553931885 
-0.1025225468089655 
-0.8590404335486077 
0.1827471620286398 
-0.04483266382421324 
-0.1328605531263034 
-1.814129145619131 
0 
-0.483374684898191 
-0.4811604415523638 
-0.7451124445776558 
0.2493485217227812 
0.2590899322480483 
0.1309174060607494 
0.1815579304837089 
-1.105104089130187 
0.9705033422372674 
0.2082509182550511 
0.1025450534098029 
-0.1349084777688609 
-0.06070187537576134 
0.2666089309007049 
0.3213033863637481 
-0.2455476266721296 
-0.1220052069925411 
-0.3543383945676956 
0.3989985840204816 
0.1184222883020273 
-0.3215411568652316 
-0.6682062555943978 
-0.386891136663171 
-0.0122605874678982 
-0.1808420811236774 
-0.2149182898483702 
-0.2094616171752937 
0.2601298082091702 
-0.1390905734203127 
-0.4192150391231255 
-0.2708038804887763 
-0.3146131563126935 
-0.03274687836618234 
0.07305187095311252 
-0.01026817976937989 
-0.2256862186674822 
-0.05069866351267248 
-0.03054147097294743 
-0.1483996644640241 
-0.3880524317721704 
-0.733341690686795 
-0.5118647970297492 
-0.3442742498450373 
0.047031643862069 
0.476347929189484 
-0.1010858900211341 
0.4358918826003357 
-0.5518415901852536 
-0.4056958272908759 
-0.1995061851428163 
0.2545323801119979 
-0.2861101771029183 
-0.3571322760657462 
0.2111293240248208 
-0.1569395273144508 
0 
0 
0.4200292351132281 
0.3023278289070712 
-0.708858088097745 
-0.009560596921361218 
-0.1345612748722456 
-0.008700863026338441 
0.2398059837082196 
0.2002673182255053 
0.9875757064889086 
-0.3847913502314674 
-0.08550798483982312 
-0.2195171792979584 
0.02934913281320443 
0.03531686884859448 
-0.5814735035891634 
0.02525085221679874 
-0.303190251419663 
-0.697632754224409 
1.099186590840532 
-0.3243240313835408 
0.119873787848928 
-0.6057439782433849 
-0.2625906287956481 
-0.07796665765967162 
-0.1978665990885229 
0.07328760614186794 
0.0820869537607206 
-1.722297814043177 
-0.4268035947317098 
0.006759698754666553 
-0.5396835218261009 
0.1387277799488686 
0.4231797992032564 
-0.161643408104889 
-0.8725688644501787 
-0.2002530469454889 
-0.04610592257088784 
-0.0007685599921977019 
0.03410886101522236 
-0.1488377271576606 
-0.3083169462394881 
0.005697514167673196 
0.05809036394638261 
-0.06398075887202727 
-0.05243896553463927 
-0.5755987015639435 
-0.09265038625305221 
-0.4211553161888041 
0 
-0.6608493001218502 
-0.02422230042716908 
0.06333398333798099 
0.2068441612550116 
0.05215475201119734 
0.3929668986229701 
0.04884403230627021 
-0.003291776140416835 
-0.003469993843367884 
0.14589315281105 
-0.1249592651821512 
0.3220517442841703 
-0.4530907907513943 
-0.03492009988774771 
-0.04149242091897624 
0.004008518017574203 
1.238451498150372 
-0.2387617274295162 
-0.2068494813702161 
0.6843349577217529 
0.08662564989053745 
0.5086194558498317 
-0.1042371680935368 
0 
0.03354611958831593 
-0.1589290188375007 
0 
-0.6112552933509515 
0.03014346177464467 
0.5925207228554512 
0.04032652137564937 
0.138590046140428 
-0.00918629423859464 
-0.1068212182403751 
-0.0660835629525067 
0.02831440719726041 
0 
0.004233641857472983 
0.002259454983835655 
-0.6194459925019006 
-0.2141146891445673 
1.956973418821208 
-0.1925029012406669 
0.03602110095044999 
0.2536527276032468 
0.08603401539229139 
0.1135724402393808 
-0.1123979519080175 
0.01118997662454021 
0.1435392795802368 
-0.03832014628429749 
-0.01467423865683963 
-0.4060988739778856 
0.03914299868714119 
0.2876805718835146 
-0.08042047842552232 
0.2761419475050726 
-0.4851553126906473 
0.005209460850495483 
-0.1222274219367627 
-0.1080099523168531 
-0.2425773401117201 
0.02482257296840118 
0.0006793208248376181 
-0.3701177659453244 
-0.6150857243273385 
-2.062017261424115 
-0.1452470096572251 
0.07228873621018939 
-0.2952299254750033 
0.3508708669550078 
-0.09917352227580956 
-0.1248942188372886 
-0.1653798833460172 
0.2243487785223646 
-0.3736527224349696 
-0.1616054885172597 
-0.5340976574430761 
-0.5156095839592207 
-0.1671908563457009 
-0.4001252576250725 
-0.07987759606657106 
-0.101716549561061 
-0.1621280792784765 
-0.1386646331636671 
0.2455124604237803 
-0.04200844488697274 
0.1648158607061957 
0.7575245859994096 
0.8701186268793651 
0.6552118843520068 
0.5023009760966528 
-0.003457008735118438 
0.02940899703944112 
0.6600049123935103 
-0.03191887997459403 
-0.4563319990503299 
0.006607769736230363 
0.2540928672130155 
-0.1566409962118175 
-1.76872501006682 
-0.08229358851121471 
0.5570090361930652 
-0.03849995769129269 
-0.1705649423180585 
0.06545874866405353 
0.1111531428778955 
-0.09768625799829021 
-0.0655574106497061 
-0.05168136823465394 
-0.3633156076675676 
0.07294698495537413 
0.3049795316481632 
0.2274741351969007 
-0.6633373312735982 
-0.1021260227109517 
-0.2501591848953968 
0 
-0.1833478139187711 
0.1137124042488279 
-0.06648912326430544 
-0.3150095082653083 
0.4137942876323358 
-0.00402308765976161 
-0.186896425115664 
-0.09355925605846817 
-0.08676542226936461 
0.2329040741076125 
-0.005109523461861074 
-0.02723507204600669 
0.1930452602038024 
-1.245057432906206 
-0.03163524846649806 
-0.3061126061199473 
-0.002265174053866481 
0.1928916890720806 
-0.4015588138043625 
0.04498223227333373 
0.3803364455761537 
0.03554643908203498 
-0.3867791633155379 
0.1243245835386412 
-0.2310163621514293 
0.5593046525160565 
-0.003206922101407398 
-0.1540113694591115 
0.04829832689921379 
-0.221826806123904 
-0.02065642078802655 
0 
0.1066790980481382 
0.05268442196066357 
-0.1879290343340806 
-0.1273927999946916 
0.3074836037559088 
0.1281871045622379 
0.3157953281108076 
-0.07661088645440116 
-0.02366354859412781 
-0.06902999753949322 
0.0679757779491847 
0.1137206317020097 
0.7211167316857623 
-0.1223653295308091 
-0.6894692525765544 
-0.5065255344393796 
-0.002189284524254072 
0.006554534836591964 
-0.2310069051856306 
-0.2288143412514476 
0.2967541653536703 
-0.1394008175250325 
0.1131062191988838 
-1.00646902815293 
0.07038317046081405 
0 
-0.7625443275657275 
0 
-0.001136992831641733 
-0.3454248272527275 
0.3332314548029241 
-0.07964615757806623 
-0.09189719966461904 
0.0837027180969851 
-0.04016520298144718 
-0.07048121335895099 
0.05670725443089471 
-0.06636698444089956 
0.0008758481735982016 
0.5567565797215588 
0.09545319104231728 
-0.04569908046322423 
-0.6177107784199019 
0.02865935698815981 
-0.6994989543343468 
0.02349174698158463 
0.3251399079215272 
0 
-0.5927755168597075 
-0.1580791651346582 
-0.02290258935321316 
0.006850489178612577 
-0.2507207297054702 
0.3115344511228875 
-1.881725992308724 
0.05323067775836501 
0.006906007372690714 
1.391132889560622 
-0.7720224130914489 
-0.1072109717414153 
-0.2183009178033941 
0.2686016392851435 
0.05104101295342597 
-0.2967517426273514 
0.08053636071384823 
0.09749634857487513 
-0.1723704910535478 
0.3343305978448776 
0.2759325707097487 
0.01673633783824862 
-0.0224517419509054 
-0.1894510652095888 
0.1254204015735295 
-0.001409588255575103 
-0.002076381618290349 
-0.161693412464454 
0.1539684142302521 
0.2571428909371663 
0.3318183126556983 
0.1472112404921049 
0.01638916359258114 
0.08776682580249079 
-0.1126669793828102 
0.1609808157989853 
-0.04356499868258735 
0.009003660858879013 
0.1270674569216841 
-0.1028307705451069 
-1.815715688970245 
0.2531779383375014 
0.1879907891024175 
0.5125400034717686 
0.02015020228746864 
0.2146844914320423 
-0.2617940474853784 
0.1152445894219864 
0.340319423878644 
-0.1261672668138229 
-0.003767242587368421 
-2.558220764665965 
-0.28953901484117 
-0.04278341011372033 
-0.00200209257393079 
-0.03900858868856859 
-0.6385978409241949 
-0.006828161417762126 
-0.02059002246520122 
-0.09455213521512035 
0.4751886468958708 
-0.09732016400926213 
-0.1239890091606227 
-0.2490039608838115 
0.07407782747426049 
0.1584250373746006 
-0.06551230371247038 
0.2177182560081403 
-0.2067288961072841 
0.4038675837605057 
-0.2690112856930071 
0.07565647781768135 
0.2231265405826505 
-0.2532849768135346 
-0.5665329042294862 
0.3616784297736502 
-0.3933165632192773 
-0.008414419635412378 
0.531779903562963 
-0.09130663210965906 
-0.01172952965619598 
-0.06599285864792376 
-0.1431680415059201 
-0.1220135478522904 
0.1051963008262709 
-0.09180142659045867 
0 
-0.04572950495321138 
-0.03539957577541089 
0 
0.5779885124387699 
0.3528656865074878 
1.345774668531201 
0.003373116117967749 
-0.06608380293269679 
-0.4020013542230649 
-0.2026327379809071 
-0.2771454661799667 
-1.474454838507373 
-0.02255129933062531 
-0.114503070805161 
-0.026236849749806 
-0.01136685904686728 
0 
0.2364532623611981 
0.9299474950499672 
0.03696654575813178 
-0.003890911831036727 
0.09941867348307155 
0.03231412036938813 
0.04002415420856297 
0.1615472073634767 
0 
0.7362834805656006 
-0.04588671109609158 
-0.2158237378442368 
-0.006155255902244658 
-0.008453616430162016 
0 
0.004849708184332058 
-0.05880904296139989 
-0.1430997459214065 
-0.007893837060902617 
0.2945356194610064 
0.0165693564434244 
-0.1956979613157148 
-0.6219385987612538 
-0.00814757877908882 
0.09830254005613076 
-0.07334149509062859 
-0.02344990703954931 
-0.1930696289502495 
0.505469562191362 
0.03206840103731592 
0.1446553767947829 
-0.003911240015434585 
0.3690141139278927 
0.06219646691596307 
-0.01765809197599576 
0.1376129087926038 
0.05686806113789142 
0.05677373921866163 
0.0977913004118881 
0.2129557994881069 
-0.05409345364842793 
-0.1779454107907882 
0.06626982413106564 
-0.2501084073053656 
0.1859069216788973 
0 
-0.1329815343483311 
-0.2196292527940261 
-0.1949913544060732 
0.2634389328947884 
0.05604975582182858 
0.06833662796874773 
1.510488221859394 
-0.2111598443237484 
-0.02924956815611787 
0.2714478754790784 
-0.09731834624009343 
0.07488321703960987 
0.02277159338433001 
-0.07970931205748982 
0.05810149707507398 
0.1028917440977936 
0.1469835786131883 
0.6027660905474158 
0.1497410633470368 
-0.7671997442781827 
0 
-0.01786964695358704 
-0.01671440448551877 
0.3927024526170969 
-0.0007451210339473347 
0.1861222040068495 
-0.06713253032101495 
0.0225707610646353 
-0.2436829901988548 
0.1220477851194334 
-0.01050328011662321 
0.0008556071413598652 
0 
-0.577455440304448 
0.02982594873891233 
0.1605291468996985 
-0.06413828477209652 
-0.3023297339123898 
0.2555048990755823 
-0.2641769817047053 
-0.245871982637163 
-0.1574405234447794 
-0.1915632729111343 
-1.158383709648952 
-0.594368681183548 
-0.006004854113387136 
0.2752233518020824 
-0.07782597979345442 
0 
-0.06225765136355198 
-0.1491004021161488 
0.1350074479054459 
-0.3873452819832873 
0.09571897353582119 
-0.03126996000028379 
0.2129521338034586 
0.126728904555806 
0.1667860297348365 
-0.1405485257288495 
-0.06609076977455132 
-0.02838810567961101 
0.08571221938691204 
-0.04122828654416655 
1.366200962090358 
-0.008233374854339601 
-0.02019553287985293 
-0.006263929584939851 
0.1010296469551308 
-0.1512175991096114 
0.1780086132876088 
-0.4340341122223878 
0.01363066743202723 
0.01504026505620935 
-0.02534613737057819 
-0.03755786891542807 
0.2310578225964659 
-0.005967311341818557 
0.4490547509658751 
0.1593248379974936 
0.1552234859680667 
-0.09191334278263745 
-0.004334945013761497 
0.2178527865117438 
-0.01017938133935716 
-0.114030737757247 
-0.02842960261045271 
-0.1621584194929977 
-0.4347851186620036 
0.01995496964125237 
-0.1882465494584226 
-0.06721977660364599 
-0.04905829666998634 
0.0900730689418979 
-0.2443232785705313 
0.06387025672263875 
0.1179907709327592 
0.2080435502835078 
-0.005453955124708594 
0.05067530010892059 
-0.1511256225577293 
-0.06773362175103077 
0.01396164554973095 
-0.0440459129513971 
-0.01369267271537475 
-0.7269525212386141 
0.3329425478192264 
0.767558488430475 
0.06782529421457477 
-0.275166569062439 
-0.2632087342985125 
0.01485449035347754 
-0.1769392592197327 
-0.05430392786239616 
0.0006663076587658037 
0.02431640711233666 
0.2292957509247106 
0.7563585729353036 
0.003228103373783066 
-0.03418734517624048 
-0.06158980975487504 
0 
0.1242753960973349 
-2.048660762246749 
0 
0 
-0.0787481912015271 
0.3527809665436185 
-0.2170552447512366 
0 
0.02565236680095015 
-0.1463314564347229 
0.5102432361548371 
0.1540406978393725 
-0.02010865515195577 
0.1937008551670346 
-0.247577364323868 
1.166483818924131e-05 
0.08874985583451775 
0.06217918818151561 
0.4219509649723621 
0.5367893895767835 
-0.04676901158497229 
0 
-0.5350837902692474 
0.1488237132303474 
-0.04358341507284513 
0.01430209662812211 
0.2590530687584769 
-0.07880519558680983 
0.02025825718066703 
0.09933197580442389 
-0.1080995721512712 
-0.09104665949968699 
-0.855975950789171 
0.06701311506219271 
-0.1116174498120768 
-0.3336575409379536 
0.1482560954949849 
-0.03990209509844143 
-0.2198195954455871 
-0.0006589428718812516 
-0.04966064056233222 
0.09053259748630839 
0.2869944828547932 
0.4311732608527478 
-0.267250315628449 
-0.00535719571013371 
0.2959949966746246 
0 
0.02609886385301327 
0.726563591825198 
0.0678875584524922 
0.7170657119185115 
0.3515999987009434 
0 
-0.3247530676476252 
0.004891523577162541 
0.7167809568452954 
0.8716076462338427 
0.2125437138134553 
-0.0038230885927964 
-0.7932974235318663 
-0.1110517179421149 
-0.2268093732004524 
0.1165728661604345 
0.2893777164828151 
0.05813004220807376 
-0.03706329575579824 
-0.03515965757872886 
-0.4766370334106751 
0.9371771902753065 
0 
0 
-0.2171787890519609 
0.8119218779831487 
0.03410644079008726 
0.07304496609228067 
-0.0001389240547337365 
-0.5338456854991298 
-0.03893827300075523 
0.02859923669997534 
-0.0340770079736063 
-0.2750698936989158 
0.210133546571096 
-0.03649001591623841 
0.1299912420402647 
0.07107976894562139 
0.0003344200433203092 
0 
0.0938361706789502 
0.002928344782420414 
-0.2556341211406958 
0.08256665842817518 
-0.172731633101842 
-0.8017799794288309 
-0.118397560214824 
3.618805369876116 
0.009019450923826069 
0.561394123824815 
-0.178521408866359 
-0.1478913216413944 
0.02027364911402632 
-0.01840339486196652 
-0.2543934687171193 
0.08703503593452074 
-0.01771099738320477 
0.05735419619034335 
0.1453047931919569 
0.02150403721352341 
-0.7762390979470323 
-0.06562983579235317 
0.06290133534440806 
0.01195178494831158 
-0.00469545669277392 
-0.03937816481120135 
0.0233486252916568 
0 
-0.02135358356132297 
0.003432109935281787 
0.02732959979516953 
0.1238338886574797 
0.01286273212465106 
0.1192394483685357 
-0.1951327753109856 
-0.2412108156798658 
-0.02109496966482085 
-0.05001486704432179 
-0.02607194918332926 
0.2038001013781856 
0.03891758284919809 
-0.03075015334406629 
-0.6379724642687414 
0 
-0.08335623759902122 
-0.08156358732793692 
-0.5153614378683579 
0.7818497136059721 
0.649569270537991 
-0.0002977381888553086 
0.2654818567447434 
-0.9440989653985622 
-0.02714331053658773 
0.270844262648376 
0.0360827550221168 
0.4987366419679129 
-0.04749046303961438 
-0.2525860885045537 
-0.3293781152454333 
-0.0763770850713074 
-0.02534657081584872 
0.05495936015704526 
-0.03534409069051559 
0.2257325249400145 
-0.09017308473711741 
0.2936778105635797 
-0.07953343234941816 
0.008781029580144857 
0 
-0.7577667712483337 
0.4841781955953425 
0.4373624785494223 
-0.1423500616314971 
0.2790113425098389 
0.3005562973337628 
-0.2388732066980222 
0.2769714127160987 
0.1678643056497624 
0.0236607030457164 
0.01059955648101271 
-0.02711441654276281 
0.004392575883406898 
0 
-0.0745279434108902 
0.03926112966586657 
-0.1799709934767548 
-0.03083511103781876 
0.07767089354491021 
0.1303483048450895 
-0.4734674687733225 
-0.1854620460039858 
0.02047959048455992 
0.05908603729381103 
-0.03983004674765803 
0.04322335667268284 
0.01695855726545651 
-0.02182551762723167 
-0.005510085365102893 
-0.1558157438624582 
-0.7428651592998576 
0.0681420610900932 
0.006150574074590328 
-0.02089588160023427 
-0.02355861529180967 
-0.5385779029680292 
0.03473747369362405 
0.5133696719543717 
0.003886393121182888 
-0.005309783864846115 
0.3511056549479021 
0.1354595977601548 
-0.01196961567735908 
-0.02704451662924603 
-0.05059840660042299 
-0.02503686658215532 
-0.4025507738357986 
-0.003284187664708532 
0.0824626920396713 
0.08821073936548368 
0.2205844078945441 
0.09699225483358569 
0 
0.1398616973014536 
0.4254245152168619 
-0.5770908795570734 
0 
0.1286530463073918 
0 
-0.2081900959814498 
-0.2082312898302957 
-0.4245325619182959 
-0.6879091092137702 
0.007712069509449509 
-0.01584812731138919 
-0.04025356660087468 
0 
0.08058460165495168 
1.238527308453089 
-0.3583309509958633 
-0.1286833436806478 
-0.1948977237807724 
0.00295151880377858 
0.003198336998217278 
-1.035285831585763 
0.2095638523139997 
-0.03270726452354591 
-0.1518769548079212 
-0.1103305130444871 
-0.4167540902041375 
-0.2728024988767817 
-0.06215343438873069 
0.009323680734296099 
0.1337738106687618 
0.002925645109077003 
-0.02989512105883514 
-0.1920918636585788 
0.005888228335787437 
0.03246632010216705 
-0.2705735425567087 
-0.1949009448256837 
0.1055364442200096 
-0.5747140806621442 
-0.07494023668710904 
0 
-0.9074203288771203 
0.07581646254742228 
0.0426594509122994 
0.08597097325988436 
0.03598048922434214 
-0.07968249066888453 
-0.7666301608398217 
-0.1066206062712894 
0.1661574806415898 
0.2235303450911575 
-0.341024731023259 
-0.06617755032725647 
-0.568366570555722 
0.1171031003534106 
0.1069986346029363 
-0.007683141783446071 
0.05697198150887915 
0.1175732882157175 
0.1326466050609376 
-0.3729919825711979 
-0.04098536350054992 
0.02618977376686649 
0.05056204161541809 
0 
0.02325308312171784 
0.07613278134467967 
-0.02241491677015171 
0.08419834437814135 
0.04157676597204207 
-0.06942358210932184 
0.2279315027897404 
0.06284390627572146 
-0.005556230343836576 
-0.01506388597309802 
0 
0.2185531917050599 
-0.04065165774710622 
0 
0 
-0.00103411149466213 
0 
-0.04316054522795119 
0.06512165194815642 
0 
-0.04411212559719084 
-0.08461318769227952 
-0.0307150986003931 
0 
-0.00977571644413837 
0.3134882630236296 
-0.7429289318494137 
-0.2657406595545193 
0 
1.479968285729093 
-0.05133449749840124 
-0.05221165002305975 
0.1678833133852566 
-0.6099030553231652 
0.08067425049162479 
0.1018697638015863 
0.006044502683649975 
0.157621324404272 
-0.467001441432477 
-0.3532191014346779 
-0.1153321871356498 
0.02751931329192337 
0.2399643333252548 
0.4667115356234491 
-0.02748704735006253 
-0.02710981507498642 
0.07381771031783185 
0.3274229049996618 
-0.0563945328130166 
-0.1281777688962492 
0.5130042380069022 
-0.0376993344262614 
-0.1765988633141202 
-0.09525359142794794 
1.208209087969649 
-0.428687399071354 
-0.1130266192883948 
-0.08104099111233293 
0.658722814102732 
0.004119797939250526 
-0.01868931820927208 
-0.1223505582301049 
0.0352115114797537 
0.009455438639265859 
0.08452147147838791 
-0.06547195398432386 
-0.1280682316382827 
-0.0761208714755691 
0.3268626393310855 
-0.002576190377677253 
0.01943110213992758 
0.2294321502678001 
0 
0.5447774257060157 
-0.01233684916259615 
0.4438808432637895 
0.1582599896794019 
0.1745638589083015 
1.648932681425328 
0.002535354380476691 
0.06554606859854156 
0 
0.0246137391772413 
0.5194505266825851 
-0.001700492025054886 
0 
-0.02612107552387734 
-0.5086016719882349 
-1.371783789640618 
0.03730927649909425 
0.01584699598807 
0.7834556973217806 
0.1270199729072281 
0.4711066629418081 
-0.3788893963786745 
0.1320614451058189 
-0.1102577340322268 
-0.9197345604117815 
0 
0.2992425622122629 
0 
-0.04529594925680522 
0.1016937290890329 
-1.580042369018114 
-0.4634296622626577 
0 
-0.1118423151858471 
-0.02636540281207306 
0.01560040014369115 
-0.08185387026449926 
-0.01220541752482233 
0.009200059951734951 
0.003362206909937904 
-0.02117293459554671 
0.02739046014739848 
-0.4668433991240213 
0 
0 
0.04221353650339184 
0.1388447722700772 
-0.004040948015297273 
-0.1234313374873828 
-0.066070795122772 
0.2553816720548208 
-0.5770307159359038 
-0.1435681755099794 
0 
0.149291674192518 
0 
-0.2113440588140608 
0 
0 
-0.1964172764632144 
0.3388156399178992 
0.329790944984921 
0.03673944074238569 
0.005734976786913216 
-2.341332771496781 
0.4458641099896822 
0.05520993261651487 
0 
-0.02143135500210174 
0.08590118781183598 
0.3941700909980528 
-0.1028339213915268 
0.01097424184161081 
0.006211653384164927 
-0.02441276688084226 
-0.06782408737204906 
0 
-0.4920181320843506 
-0.3194734694915054 
-0.5419468770868922 
0 
0.07900015180056742 
0.01474092153147056 
0.009288230923973656 
-0.5168298179071504 
-0.0430784989567018 
0.1429294635643956 
-0.03902326311462899 
0.03150883249231354 
0.08363835625649188 
-0.4130515487202699 
0.2816687772399897 
-0.2119905754864432 
0.08209834178606565 
-0.2895993159724342 
0.267273712315415 
0 
0.008755888148626968 
0 
0.144687251130125 
0.1581699612599423 
-0.3471733855329245 
-0.1055743210026488 
-0.02009974679127447 
0.09516781902260832 
-0.7605744839111424 
-0.162287411716714 
-0.002515410645534778 
-1.935794797757178 
0.120882975100423 
-0.7362483595992636 
-0.007737115964512362 
0.07458160706410422 
0.3150509110474576 
0 
-0.06695025917913447 
-0.02481776575719137 
0.1114534034314251 
-0.06099462964204714 
0.6182757556030321 
0.05481708534095982 
-0.2483267169978198 
-0.3685682909935962 
0.02104117588397312 
0 
-0.05265351354564336 
0.5095515890698538 
0.03121165489514374 
0.04378759478743426 
-0.1854385960221123 
-0.05270355286962818 
0 
-0.1127736067279696 
0.2702584526953636 
-0.3612784673696544 
0.9109010564974042 
0.3147255968016955 
0.1866222030316871 
0.01016095106502257 
0.1309059950742962 
0.1168554758147202 
-0.01249802251673314 
0.01374969404604429 
-0.302211580774513 
-0.3563468891705721 
-0.03869264444783915 
0.0417691341669598 
0.04053313122265764 
-0.03032433136406117 
-0.02418274887806573 
-0.005354502894545419 
0.4348936654301258 
-0.04636578361057739 
-0.3173449086215787 
0.009907536997277144 
0.09590644715305789 
-0.1071152201629728 
0 
-0.04215115506180299 
-0.2538190048635871 
-0.2227702725192566 
0 
-0.07174311027924567 
0 
-0.00306927635209694 
-0.02686301117893369 
-0.05613188980058692 
-0.1094010253677592 
-1.288777701976158 
0.02678827390320392 
0.6382409128373449 
-0.1055664401328476 
-0.01487549100394016 
0 
0 
-0.02257542853556679 
0.02749920974738775 
0.0513671502823746 
-0.05211768412922088 
-0.2996568436056898 
-0.8786322940868623 
-0.4984755537516499 
0.1428660777990679 
0.3479272779706293 
0.04401462667975604 
0.2170924014999474 
-0.03070603748523704 
0.164171194064398 
0.09825533724250654 
-0.1161699386291618 
-0.07305621411979388 
0 
-0.1674755962825393 
-0.1443454009372397 
-0.0258354955768286 
-0.02166170355082263 
0.1554062444621541 
-0.03070339554508065 
-0.08327649305952747 
-0.1281503636123547 
-0.3691720231274951 
-0.01892248249078738 
0.01426193910858618 
-0.6132306503377156 
-0.03836197073247636 
0.005588515934152036 
-0.1512636875238012 
-0.0339970734168803 
0 
-0.01376013037190795 
0.1154149288450569 
0 
0.4680992484594296 
0.074425205220187 
0.08291001627164676 
0.7318259750023794 
-0.009302551843119691 
0.0850637094431225 
-0.05447403472858534 
-0.002387096172177501 
0.09614717538354768 
-0.01061314034252507 
0.009751023985826345 
-0.02407411459426379 
0 
0.03168995127545141 
-0.006235658676329127 
0.09493503908124173 
-0.2922957615405774 
-0.1835321532748728 
-0.0110138936210653 
0.01467104813351685 
-0.1172497003068271 
-0.003169373010209534 
0 
-0.6561117301417432 
-0.4059878192121863 
0.1906465137854844 
0.02553064847368616 
-0.7565932809362421 
0 
0 
0.115846955056435 
-0.08460283020870274 
0 
0 
0.1115275913047367 
-0.8503164587390688 
-0.02940280292902134 
0 
-0.2140813851750682 
-0.07836174477639456 
-0.1073198591086181 
0.111204873638297 
0.1376766571015809 
0.02459743008695088 
-0.2146430031626134 
-0.01193751082294588 
0.02088326246957491 
0.02024716703577387 
0.07133073515667959 
-0.01694448433467495 
-0.02011469315092149 
-0.3562106941491427 
0.7888765151811096 
-0.2039187174428264 
-0.005807212593852445 
-0.3030840287674371 
0.3670269501174807 
0.7192216568236475 
1.633199354470088 
0.03283597395331462 
-0.005733447500653156 
-0.9251089024026147 
-0.4480015555804522 
-0.003260563988263635 
0.03243191532696737 
-0.5313292148987313 
1.167631203957083 
-0.0043416041423346 
-0.05291579004001069 
-0.1435765733860016 
-0.01502773763525953 
0 
0 
0.1125646263494462 
-0.05539426389920395 
0.1946534592283289 
2.347095983888724e-05 
0 
0.009100539723229831 
-0.1310304182448914 
0.05369114535039875 
-0.008664757256894438 
-0.04492822837109284 
0.09089751964270942 
-0.05817446163614746 
-0.05180915041582181 
0.1299299957629532 
0.004789027879683604 
0 
0.006781647782237049 
-0.06204963364743014 
-0.009680154695470386 
-0.02441221758447918 
0.08683535302711365 
0.003291363967996543 
0.0750460382699998 
0.01099173781456652 
0.1556882202783854 
-0.1750568317423455 
-0.2131597901478344 
0.08556004375132312 
0.5795587442506829 
-0.36053474214603 
0.07698951631418541 
0.1391607514015213 
0.6446461856728001 
0.07246826877137097 
-0.008059347643740264 
0.06755574262404354 
-0.2063027729777472 
-0.07532552019158523 
0.1656829292891929 
-0.001243104357313064 
0.0314529197530261 
0.06826533080858412 
0 
0 
0 
-0.03155048971805516 
-0.1272047531559499 
0.2606755924870258 
-0.04609093061136227 
-1.358928050603109 
0.07377373593589652 
-0.06984158621548145 
0.2947619740514703 
-0.1080024533461507 
0.05731240348391262 
-0.3253278675948398 
-0.05112546042244329 
0 
0.1228035683355476 
0.2249785404700155 
0.01411172928013961 
0.07488310568067386 
-0.04997387174741836 
0 
0.03122363425785052 
0.001761524575552063 
-0.2967512856734246 
0.3454040753352547 
-0.02663309765586734 
0.09225407127027989 
-0.13065811703555 
0.07660023979622751 
-0.03315325021949348 
-0.02143261120069025 
0.002108945081253134 
0.1721834338894792 
-0.01207628880948394 
0 
0.07668815741743509 
0.1939476944173167 
-0.04927500330180416 
0.02822267012867545 
0.1664434775904074 
-0.1628628296493887 
-0.05068242606394258 
0.04901546826835226 
0.006184130507354547 
0.9893930690968018 
-0.1077104164579161 
-0.1882689536052317 
0.1525052716056027 
0 
0.08669901498251052 
0.03553545214301321 
-0.4324082611072687 
0 
-0.1738747012337784 
0 
0.2784560596875436 
0 
0 
0.3220142570599122 
-0.5368024567911144 
-0.2046819439154275 
0.1710807588721874 
0 
0.09405149095847559 
0.00866892752597807 
0.1206360732256064 
-0.06840370036478932 
-0.00273748991840301 
-0.01031906459219048 
0.08284001157841515 
-0.04310209716778077 
0.03184775740296081 
-0.09887280719360161 
0.09968244915656371 
0.05842568364958423 
-0.006871708845028786 
1.004145226540452 
0 
0.004648794133493391 
-0.01234314245281404 
-0.1099749977560129 
0.07540484093590841 
-0.07992941212610358 
-0.2624218715827213 
-0.1183902038333153 
0.1950356493120107 
-0.166116580494469 
0.34206700051753 
0.1033826969361532 
-0.01362765428933879 
-0.2342219527163458 
-0.488445166987431 
0.4978676603000662 
-0.2388312024403417 
1.046413660114146 
-0.07137300380364109 
0.007802879953074572 
-0.00705509960627916 
-0.001327523205537573 
0.03893124383934646 
0.1190423719467322 
0.285300537153703 
0.1790056727679714 
-0.01181137582067735 
0.4515663024969042 
0.3976305355577674 
-0.1272430296031142 
-0.03129011337661575 
-0.478769086245123 
0.1556419376124159 
0 
-0.00807316065455427 
0.04332391925364511 
0.9915128477386987 
-0.5687054606741725 
0.1066155832448885 
0.09309986701873922 
0 
-0.05846518125253894 
0.4109452759509283 
-0.07615907567558904 
0.02397568773662329 
0 
0.751915680693481 
-0.330656573668096 
0.3231456694223179 
0.0511254911974416 
0 
-0.4240735808162933 
0.03102365550065623 
-0.09463000770385058 
-0.2845343691340422 
-0.004576955160875246 
0.06947296921870549 
0.1852122713408992 
0.9477477184712245 
-0.3776723539185848 
-0.1441747462677799 
-0.1338113086628632 
-0.4114727880071621 
0.008447377452049739 
0.02972908783029884 
1.555717947479472 
-0.03848404172828842 
-0.214843538240005 
0 
-0.07600021437255626 
0.1549408259587021 
0 
-0.5757985521500224 
-0.03742765972285482 
0 
0 
0.1499818273455646 
0.2004332838241771 
0 
0.03567365342020023 
0 
0.03680673166818482 
0.2171166076324341 
0.00722562140213469 
-0.1216029778623962 
-0.232251678759563 
-0.09637859550759509 
0.06040031710163909 
0.01354420532113586 
0 
-0.1220276789923595 
-0.2984793601903413 
-0.0384323393666206 
0 
0.002786370551285338 
0.02453854904995564 
0.619870578426148 
-0.3451410486399076 
0.06737749378555019 
0.08610678353001022 
0.71345614372175 
-0.2056970684471269 
-0.1403230339396482 
-0.05101044459176154 
-0.04010589975471638 
-0.2266146962286997 
0.0335712854859558 
-0.1064446806548134 
-0.1235152249562655 
0.0727737606790579 
0.1115022587748416 
0.3563180570732283 
0.07473514270442613 
-0.130716870767076 
0.1167509320804608 
0 
0 
-0.02477059796124995 
0.06656791626203773 
0.08204774679079832 
0.4082554688344793 
0.4131744402621175 
0 
0 
0.102642304343576 
0.7139137543826085 
-0.01214433952864648 
-0.158767719526413 
0.0395106514947885 
-0.06468650638125974 
0.01946329241688575 
0 
0.1920668652290012 
-0.0009716467592925243 
-0.6373951427384673 
0 
0.00142502694987011 
0.09505132361917541 
-0.4426311362133536 
0 
-0.04546822287150603 
-0.05416179432016517 
0.3207901753049493 
0.05383383757212258 
-0.02258832009247241 
-0.01353664853640839 
0.06078535217004458 
-0.08132045934250824 
-0.08296588428269584 
0.3357122924944803 
-0.5441749929974573 
-0.3666504035578632 
0.08892366803379682 
-0.2779638107940411 
0.3393614110729852 
0.0609352629633467 
-0.03749928737844776 
-0.1052613193103053 
0.0138692321638004 
0.04050908659134922 
-0.03811213533765121 
-0.6995795133155095 
-0.009766487150815732 
0.060791660967371 
0.02322304171518164 
0.002983758013165332 
-0.02093619984847969 
-0.1023461177684077 
0.1520650686999409 
0.1733851836340594 
0.3552551287919781 
0 
0 
0.02706511979729112 
0.03827425501287976 
0 
0.03385470373580637 
-0.07696046698140097 
-0.2784269607458041 
0.7797555124602924 
0.0153963934296431 
-0.169311475149817 
-0.033505755808115 
0.4910385728031972 
-0.01291288271957481 
0.01666567144637649 
1.275555453714543 
-0.004472348610404018 
-0.006228240292312656 
0.05562840265245458 
-0.02665899939249561 
0 
0.1103295270694623 
-0.01329751734446883 
0.007311066831976545 
0 
0.01864344415443977 
-0.3058407058094874 
0 
0.01535949168780059 
-0.1528768237992589 
0.05592961338111497 
0.03931892078170228 
-0.001504390129034729 
0.0007008660545612575 
0 
-0.004132213198606637 
-0.08500052574478545 
-0.004473962851592004 
-0.2011457667771585 
0.06005569472977568 
0.01349171257258056 
-0.005104802702044789 
0 
-0.02870017828918136 
-0.0882166144063949 
-0.08725359973531198 
0 
-0.1712837179542167 
0 
0.08381043481446722 
-0.01775863361264862 
0 
0.0175602297368054 
0.1294628710569843 
0 
0 
-0.1435114507993805 
0.0608600515852015 
0 
0 
0.01245370181694926 
-0.03653550063800581 
0.06734109630665462 
0.0137102917856259 
-0.08565150127347181 
0 
-0.03871352416795913 
-0.1158563619256863 
-0.003397652651199832 
0 
0.1096551441330371 
0.1148155158279846 
0.04636982565772575 
-0.0291981148019753 
-0.07248618675585836 
0.6142610616129102 
0.0445080464843897 
-0.9003030690481033 
0.01165182892022164 
0 
0 
-0.07712302855995135 
0.07295405793588433 
-0.5265529896597888 
0.2757097404001153 
0.1674120539254046 
0.005502570903796002 
-0.2597289366193917 
0 
0.06307249022853596 
0.4342839615878678 
-0.1935941795982833 
-0.6497076255567253 
-0.01763425010245816 
-0.261706071521946 
0.9698563847464612 
0.8802592188590104 
0 
0.01052740360706605 
-0.02103179779326851 
-0.3420581371580934 
-0.09774619593449115 
-0.1436246484822285 
0.8030131272908264 
0.02484113415919556 
-0.3221874176090339 
0.1365345980999936 
-0.03366123295375118 
0.2416757189264587 
0 
0.0389819731960763 
0.112537520268463 
-0.01659593848851001 
0 
-0.04142310456607415 
-0.09336120534092671 
0.01953857427688181 
-0.002486941565496746 
-0.04057976305254167 
0.03835413209761766 
0.2877098617531461 
0.01737645479056514 
0 
0 
0.9640866981644595 
0.871553249436408 
0 
0.03289270259074805 
0.2048659142379276 
-0.1880554886155664 
0 
0.2152930747180689 
0.05775448227124426 
-0.3003327688659002 
-0.5798478316854926 
0.2052922450909125 
-0.004261600835409663 
0.01862655631532815 
0 
0 
-0.0224781982180572 
0.2481246709082572 
-0.3142364448824075 
0.05010455371539138 
-0.01354990434362969 
-0.2174928464350334 
0 
-0.3554626594260352 
-0.04387003634239271 
0.05001535166108729 
-0.5730016937032474 
-0.01190472078360679 
0.3817687705471968 
0.5389713684718396 
0.2494909759472669 
0.06188268801762643 
0.02071879963132158 
0.03240097619609711 
-0.1034227474725328 
0.09051330065760366 
0.3720479700295543 
-0.0162456420805403 
-0.07689476158494195 
0.306825542303112 
-0.005620450932433435 
0.01616495210198062 
0.001961905621897398 
-0.2933951086115378 
-0.3183702046857168 
0 
-0.09199001097664369 
0.02423842022343864 
-0.1688947241376714 
0.4338343386948476 
-0.4340846892539021 
-0.1867664299554301 
0.1071927591534444 
0.6651529591498662 
-0.4418804570022561 
0.9462317576579033 
-0.001120257578771851 
0 
0 
0.001607731106107965 
0.1576918267886442 
-0.008458756838667675 
0.02110712809290448 
-0.0412331476159637 
-0.1980715074605943 
0.3576822030635186 
0.08658416693520352 
0.1192782866088567 
0.3431817470389196 
-0.4390738430498832 
0.2347185996777513 
-0.3422085813307448 
-0.154619663467841 
0 
0.04999747409519322 
-0.02970541974380612 
0 
-0.3038114501352587 
0.1253532267204163 
-0.08422562729583646 
0.09707414740725932 
0.005885617254999421 
0.1031306599818309 
-1.25215912068521 
0.9380464927922539 
0.176784145505566 
-0.5435568362125407 
0.0006218487219344293 
-0.1545158950302001 
0.02548868863183174 
-0.04216864969353898 
0.6136787386261832 
-0.00606874692612944 
0.1429666988013255 
0.4425573252341885 
0.6378457714827503 
-0.04326850992743529 
0.1637546917947046 
-0.01199022834842362 
-0.1314942717009525 
0.2864846233732647 
-0.003070715463483531 
-0.1071935862657461 
0 
-0.1413268484906387 
0 
0 
0 
-0.1486001806819579 
-0.1379546438253166 
0.06186130781699103 
-0.03122315802300776 
0.08156012999939924 
0 
0.009422857125454844 
-0.1408324804548215 
0.01722135197185386 
0.07514572432881927 
-0.04772483860089911 
-0.1017519920008713 
0 
0.3812933582703279 
0.007359293919648057 
0.001487607542061242 
0.4543658269633888 
0 
-0.7571757254780229 
0 
-0.1563901420437116 
0 
0.3700573428569817 
-0.07087447235314949 
-0.00166235645246388 
0 
0 
-0.003040353363062873 
0.1334259099351933 
-0.0475759058896783 
0.1211323977395976 
0 
0.03781312162486133 
0.1534638313034747 
1.007202367153333 
-0.3667370512399263 
0.08786853266548103 
0 
-0.06428517867230049 
-0.2320495814025964 
0.03229039779176682 
-0.05217154183825615 
-0.02551495813575281 
0.2875599460588422 
0.005701415057911327 
-0.003385894774104987 
0 
-0.2117045576397631 
0.007783680394347644 
0 
0.08807622479208965 
0.00511429834053108 
-0.6932491393241806 
0.2304592416840816 
-0.01251537900335347 
0.027963090881513 
0.2730637852877725 
0.09133816853213035 
-0.002256275771095958 
-0.01311474821032479 
-0.02587945527303143 
0.1632705931919726 
-0.08536621573324947 
-0.07132206666795814 
0.03621878374258845 
-0.04438567984034825 
0.09598140545939883 
-0.0007353890160592923 
0 
-0.09256438041084103 
-0.09008194782522463 
0.08264393902951848 
-0.2649898708616754 
0.09334011565310432 
0.1550805921565668 
0 
-0.107156092488595 
0.03987384132735732 
0 
-0.07083043576427175 
-0.02364619815825047 
-1.077567631306724 
0.01489876353185794 
0 
-0.04034347157567787 
-0.005743558168812034 
0.3198175491236491 
0.02921735974026651 
0.09533022434220349 
-0.07547266338218431 
0 
0.795349714286642 
-0.1361941144973349 
-0.1573468992613156 
-0.005882883765469261 
-0.001174585975788718 
0.9116334892962097 
0.2253566500773572 
0 
0.1657237687626577 
0.1018212628760986 
0 
-0.5488223045224427 
0.02051349468084415 
-0.4345456601272645 
-0.004049537656610962 
-0.02732787804681438 
-0.04300777605925125 
0.3106312804487243 
-1.517276305636459 
-0.008188142886473243 
-0.1702813674132194 
0 
0 
-0.1168410050254598 
-0.1207514144991411 
0 
0 
-0.226427234103083 
0 
-0.5210443509111571 
-0.3221721146268648 
-0.03822913077162254 
-0.00529929209544824 
0 
0.09192868855442526 
-0.03617369817659258 
-0.02218518956002991 
0.1218151414190716 
0.01754023604161095 
0.1103394690085756 
-0.0411943148101869 
0 
-0.03555800935504191 
-0.02535362256158426 
0 
0 
-0.0209252025192494 
-0.0461154176224666 
-0.007914930374139054 
-0.1114494407635274 
0.00296019924728342 
-0.1554262240637256 
-0.06892761529261744 
0.2646627872405404 
-0.2510203231915807 
-0.3007108101257868 
0.2886603785412126 
0.03029667810080618 
-0.03929598000387168 
0 
0.1123932046744145 
0 
0.1017776721353845 
0.2561756278991385 
0.1586888382310575 
-0.1708938531592621 
-0.01416287563033079 
0.0388983790373413 
0 
-0.06762445197942439 
0 
-0.03700600029609213 
-0.1722511494180771 
-0.006979893608070652 
0 
0 
0.4174657430354208 
0.01828884821078075 
0 
0.006751304016462966 
0.0009431577623767741 
-0.07517924128743775 
-0.01160293911406801 
-0.2848486461426082 
0.8223563151206221 
0.1300819501562417 
-0.05092561024933419 
0.0005984926621650835 
-0.1319305321419176 
-0.004383083410883382 
-0.2407700989733535 
-0.06530695192608413 
-0.002526608107868423 
-0.1922274104299141 
0 
-0.263154257609462 
-0.1013269087419935 
-0.06540413668780216 
0.3492115674743038 
-0.1364218213169863 
0.2931651545480904 
0 
-0.04922258723704609 
0 
-0.01058364877815477 
0.3140219464479419 
0.03017707454540765 
-0.01374212198054954 
0 
-0.06626451416050574 
0 
0.04214957456406294 
0 
0 
0.001470958911384666 
0.09043451330978999 
-0.04098685488436916 
0 
-0.2021589206415971 
0.20901714029049 
-0.00129227312264191 
0.01170595205094335 
0.162246589963157 
-0.3826386390155919 
-0.05564179390716376 
-0.0003796905494905938 
0.0001102111541837741 
0 
-0.142834292179357 
0.05773452337674927 
0.5157685496596092 
-0.3570358245725783 
0.008032593903112112 
-0.1812943692152166 
0.004764985109051755 
0.07036618580547058 
0 
-0.0875183423252595 
0.7927132951259089 
0.1223522399667135 
0.2784484087061649 
0.0175694534164677 
-0.1669322137641395 
0 
0.7288910211257844 
0.2599510058861871 
0 
-0.180473377755549 
-0.3225327684809512 
0 
0 
0.1035333126894038 
0.006156625544157359 
-0.2637889550333238 
0 
0.03778362346694553 
0 
-0.01135102319011615 
-0.0557277039637389 
0.3492181376464486 
0.1580236828826101 
0.01156698588652087 
-0.06452634424831347 
-0.01330071236796639 
-1.411509094372714 
0.08953186815463934 
0.07241973088490536 
0 
0 
0.1129981844877233 
0.1113779943205047 
-0.2313818075159854 
-0.02243511197341741 
0 
-0.0356953867486681 
-0.04022176623039064 
4.675804449678304e-06 
-0.3286687010468151 
-0.105221818573571 
0 
0 
0.03063146640171195 
0.2335635890597107 
-0.1145532030721681 
0.1656451231853711 
0.01745511205388078 
-0.01627977858661409 
-0.06900837199634564 
0 
0.03253792450992608 
-0.2387333807301597 
0.09667261784400343 
-0.02686757809530107 
-0.01936616246546272 
0 
0 
-0.009461748120375306 
0.04666932945744473 
0 
0.01169998502882291 
0 
-0.1252292751867468 
0.01511376713973523 
-0.01899579606462625 
0.5491652282951511 
-0.1383846151839982 
-0.0156990277434907 
-0.1696393487569113 
-0.03979774355124123 
0.07744012702304826 
0 
-0.02867291505714494 
0.05444635567021931 
0.2370062849267889 
-0.0777563719843806 
0 
0.06437988691467568 
0.07456303727226803 
0.05900072174782371 
0.5855059997338348 
-0.03097195463504667 
0.03719646662823618 
1.451368609072787 
-0.3553303809828769 
0.03805922470197255 
0.08638448971799122 
-0.01677879326178855 
0 
0 
-0.03282508185545812 
-0.04297293601984048 
0.04929889269348894 
0.126423221587893 
0.0948266761222607 
-0.003481952754363528 
-0.2283793239644889 
-0.002234092287200469 
0 
-0.3345645455051464 
-0.1653138242389344 
-0.1336378926380645 
0.02852397313715167 
0 
-0.05240209656231823 
-0.01365299858887862 
-0.05051781448478599 
0.07052895538384113 
0 
0 
-0.1102050038129273 
0 
0 
-0.03958229566511912 
-0.01813268518635378 
2.23143423825761 
-0.5923502195341562 
0.208936458388938 
-0.2316663916884817 
0.05617002697471549 
-0.03986208833193539 
0 
0.008035730983243736 
-0.02655786507756727 
-0.1760427552494076 
0.008646735902827395 
-0.4153328443688652 
0.09229161444802625 
0.1487859355369505 
0.1328991172769071 
-0.00159249174634882 
0.2112095821289375 
0 
0.1579842346321729 
-0.02514179115510678 
-0.3992258436226463 
-0.009059132991497364 
0 
0.006261645656425309 
-0.1974120623104717 
0.1119515570798576 
-0.07626368793908589 
0.1335907884052369 
0 
-0.02930541480859085 
-0.06794728233157125 
0 
-0.08018938411387494 
-0.1651863019178929 
0.0005713201459324362 
0.123089778913975 
0.07994443948363185 
0.02537747345680616 
0.06536037259234945 
0.02978325622763587 
-0.01609119094493962 
0 
-0.7085049603524369 
-0.01358683661425329 
-0.007471106631296044 
0.1106494511562405 
-0.007865260705783418 
0 
-0.1281353648819999 
-0.004817363467676968 
0.04657197392910985 
0.1193687588785058 
0.009284656941107675 
0.1404929770625019 
0.03863503083396106 
0 
0 
0.04791493507347112 
0.003110877725316395 
-0.005752965850305331 
-0.09092348521917384 
-0.02700180589085704 
-0.04548903724302376 
0.09073322089848457 
0 
0 
0.005951710577944737 
0.001197418443205412 
0 
-0.07464821541779196 
-0.0007759571760471306 
0 
-0.07066712930283342 
0.003075078402131983 
0.1520765865431093 
0.02894958756895961 
-0.2488399342663657 
-0.01298621865406997 
-0.03613383388285644 
-0.07262563394211703 
0 
-0.3020784602404409 
-0.004523954564652956 
0.01068213640875152 
0.02848871757849501 
-0.03347854377052914 
0 
-0.06281364775860482 
-0.00868359231773632 
0.06023604014555337 
0.07508580602422932 
-0.04027434816627945 
-0.0336653446026957 
0 
-0.05165334822580176 
-0.05924570933510118 
-0.003593262856233674 
0 
0.1346918017369308 
0.005786243707716206 
0 
0.02742504999676705 
0.003379169364490894 
0.03472802411994459 
0.1430048751310398 
-0.04133846356413148 
0 
-0.01006381695358803 
-2.150330809750897 
0 
-0.2332405539330156 
-0.03587049817813351 
-0.05064599678162385 
0.002785870346700924 
-0.01529362912240236 
-0.01563720357330481 
0 
0.2421836867489715 
-1.388419778211662 
0.2851820089300514 
0.00139771099452436 
-0.0153680009179127 
-0.06637335980581416 
-0.05995645299468801 
-0.01694813564634472 
0 
-0.009896547686747317 
0.004461151646140653 
-0.1126824580585007 
-0.07493539986443468 
0 
0.04469537588717597 
0 
-0.1499752852511299 
0.01882601777083876 
-0.002890923629452178 
0 
-0.05240153764058693 
-0.04368018710041709 
0.00569351114472048 
0 
-0.2870960955247304 
0.02174460555313605 
-0.4361545749871557 
0 
-0.3455148497146644 
0.05573354242455068 
0 
0.2127023950527722 
0.1766320539938717 
0.01251934730922361 
-0.1161236813030374 
0.3258476058900175 
0 
0 
0 
0.1456067504259317 
-0.006474130117513632 
0.1120459552368558 
0.0185545987224629 
-0.3132063966388979 
-0.006073858740897233 
0.1694016860854404 
-0.2999119666295226 
-0.3325070850940347 
-0.020155499074885 
-0.02236476094102253 
0.003199007203842701 
-0.1645260134449285 
-0.02476618752150047 
0 
-0.02761867880754381 
-0.4067500320284604 
0.002795251939546621 
-0.05398508940121292 
-0.1741645231255878 
0.003541998727405932 
0.1127589384485418 
0.1616914419384246 
-0.08380150230639979 
-1.004346880064361 
-0.02211683446962209 
-0.2154018542847992 
-0.1319003186484 
0.01551391376400182 
0 
0.0932392900809999 
0 
-0.03056704827657006 
-0.002595544203568357 
-0.1141111138150022 
0.1866596799605625 
0 
-0.4420199418483283 
-0.03050956766817831 
-0.08165273569459308 
0.04404367034507105 
0.004544561611131198 
-0.01372201494579326 
0 
0 
-0.005700690512229648 
0 
-0.1357773591956921 
0.02097280867417957 
0 
0.0009969598519538273 
0.6258282418193267 
0.09793429748889823 
-0.08401663271062923 
-0.08702358981264745 
0 
0.006217043270939252 
0 
0 
0.1385222043149673 
-0.1490037920171478 
-0.04710783114392549 
-0.05736480117514492 
-0.02766275457505541 
-0.4808035282675027 
0.01230043208510452 
0.0004516325550246121 
0.9362119673655149 
0.1540948883757795 
-0.08269115877472763 
-0.09897666264399609 
0.03901436067253411 
-0.05681355067019673 
0 
-0.035678337702904 
0.05509953913160637 
0.395758657916339 
0.08234655440062696 
0 
0.1034169625545805 
-0.004930197465726933 
0 
-0.1186436409400016 
0.007789418275151502 
0 
-0.1378043153020385 
-0.05491710060885352 
-0.0146499544777573 
0.1708264402275027 
0 
0.01062181123534447 
0.3753924670927313 
0 
0 
-0.0900249909767018 
0.1033165162614044 
0 
0.2298521244878161 
0.4783458746246962 
0 
0.01797909355174073 
0.3421020327616677 
-0.9663353928813635 
0.1337782888836643 
0.09773582940363981 
1.475996230825289 
-0.02319746156264449 
0.1919580482345192 
0 
0.7242510728202807 
0 
-0.3744691856489397 
0.3450536616827957 
0.003991992227343619 
0.09428120617889178 
0.01140116321126674 
0.1309270968686417 
0.03991946941041505 
0 
0.1502244642936452 
-0.07339047673738153 
-0.007639671962907624 
-0.3168042699510452 
0.1801800779235919 
0.1085734103525858 
-0.306151960064485 
0.06559684549150215 
-0.4964345254299219 
0 
-0.003548133069606258 
-0.1527507660966567 
-0.03934909037327516 
-0.001800994112663249 
-0.3621331668093382 
-0.0127900139007226 
-0.005558500923109539 
0 
0.02659826574975766 
0.09858600810111383 
0.2321608827380587 
0.1127054415867105 
0.2468735576840491 
0.6136211042188887 
0 
0 
0 
-0.04942534976463318 
0 
0.4553939312807103 
-0.1377754532782134 
-0.01411139665812311 
0.0002024326676878975 
0.3563508882445349 
0.001876831746593536 
0.02119917330144474 
0.05773792536987628 
0.4728135447203922 
0 
-0.4080208903958898 
-0.02034923284904541 
0 
-0.1821055801385515 
-0.2910041311709086 
0.1471005354901986 
0.273366648099985 
0.1330491731292253 
0 
0.004349074139374681 
-0.141993653476346 
0 
-0.008338648300443846 
0 
-0.07661005237650632 
0.2915294295187024 
0 
-0.004303461656313096 
-0.04968535824717181 
0.1595517801987898 
0.5915398311377003 
0.1986366313545499 
-0.0896618904087526 
-0.00386764268837057 
0.004589923972539229 
-0.01879048612276644 
-0.02539583667338373 
0.05981042893690699 
-0.3196520357551502 
0 
-0.04764545873524341 
0.07767586999928899 
-0.007165862158274471 
-0.2694877989006733 
-0.00337968080671098 
0 
0.06456850863642627 
-0.009743038571681493 
-0.004070207220073497 
0 
0.05004031871521586 
-0.1808967841754933 
-0.02129298865212361 
0.0349621715722202 
0 
-0.01470792690059329 
0.04554114563260955 
-0.06958232602746905 
0.4423968218139615 
-0.3604549047968258 
0 
-0.217179688952675 
0 
0 
0.1254637095474773 
0 
-0.05035993293704021 
-0.0898813582436979 
0.009440969217599971 
-0.006188077306917344 
0 
0 
0.2940978748257654 
-0.00781441457699448 
-0.01692682652476624 
0 
-0.006284863552260269 
-0.947574297494886 
0.3877902562223233 
0.08539807261342906 
0 
0.0004297368980080694 
0.6966446268208364 
-0.008332324086607111 
-0.3438280089811129 
-0.2286338235701575 
0.0725924754000519 
0 
-0.003861476208200634 
0.03197407706582437 
0.02611430681554012 
0.03709223103939417 
-0.4137848377188303 
-0.001132408796324932 
0 
-0.2019663216490755 
0 
0.01550419848381788 
-0.197189481125347 
-0.07344408848995476 
-0.482672683679188 
0.003200825662039585 
0 
0.007231460498824208 
0.02058482708961539 
0 
-0.009737418879218711 
0.03283456833043782 
-0.2173948516510671 
0.07967354458148014 
0 
-0.05123594420484808 
0 
0 
-0.2326853887109829 
0.03632835655647611 
-0.03382075484069395 
-0.02219612991694099 
0.0142901040694591 
0.07446896795973057 
0 
0 
0.04304181693651604 
0 
0.02155971977873248 
0.1649277107497842 
0.08213981366391665 
0 
0.1008871137957959 
0.1109223472573811 
-0.03950257519458088 
-0.004391836466513204 
0.05781113187163192 
0.1518428219165807 
0 
0.05397319835117176 
-0.01186395246637557 
0.008318080428736017 
-0.005562429628824033 
-0.0240661697653139 
0.001745871127326268 
-0.11100796956048 
-0.02216403207804167 
0.01939093184548328 
0.01205988954309649 
0.1732543461086279 
0.02462805183672255 
-0.1152977357988297 
0 
0 
-0.1357842330807786 
0 
-0.2547791047494656 
1.198839359779675 
-0.04611668994121774 
0 
0.821299380431371 
0.04620524991432574 
0 
-0.107130795582494 
0.1183787213825158 
0 
0 
0 
-0.334582802515198 
0 
0.3059098026277161 
-0.0296496658339144 
0.04679190883639846 
0 
0.2857554100391815 
0.7138984538543361 
-0.08254603927746544 
-0.07310931802235726 
-0.008276900588826224 
-0.08250596453961044 
0.05894526892030512 
0 
0 
0.1351188359498084 
-0.1215451819282926 
-0.2051380421881533 
0 
0.04164783843950823 
0.6873039070521958 
0 
0 
-0.1633078700904152 
-0.06715928213961374 
0.03557680582222568 
-0.0147491427659011 
-0.5484907613387687 
0.1410062385797818 
-0.0367370795283245 
0.02309878372557297 
-0.08948516304153457 
-0.02362360676674429 
-0.02434246198313898 
-0.06798338711789788 
0.01213023311980837 
-0.4999135697219274 
0 
-0.08397415418673869 
-0.08247153298964957 
0.1730541493681836 
-0.4272076207440016 
0 
0.01955474304682072 
0 
0 
-0.09135541622750008 
0.02007314685836956 
-0.2446176255761945 
0.0797165958302655 
0 
-0.298350994036698 
-0.5661885583701385 
0.02383848856169781 
0.7143141072288381 
0.3606522481378603 
0.2799638699700383 
-0.003078151004515123 
-0.04226015063501924 
0.08535330584977402 
0.0220044547487117 
0 
0 
0 
-0.06465470945840708 
0.2248411695178462 
-0.05683926647235814 
0.01780750661137918 
-0.007325436445676434 
0.009879394521498478 
-0.02553637126778543 
0.00211149779260533 
-0.0545305446443175 
0 
-0.1770944809950836 
0 
-0.001632561282621915 
0.189262288427901 
0.04444535920898953 
0.1717573880969074 
0.4068093683997088 
0.04695033204521782 
-0.03381420949434783 
0.05891166556346095 
0.03980229896350181 
0.1729952365129944 
0.04839028995736035 
0.1192436519634864 
-0.2032839157126072 
0 
-0.02320125608231309 
-0.737888656064689 
0.2572222095975197 
0 
-0.1498616137650499 
0 
0.0009372462490756505 
0 
-0.00835628556336649 
-0.009971386186701955 
0.04424564247421607 
0 
-0.2552117683757555 
-0.1088098216156298 
-0.01407750508447797 
-0.01717877896935441 
-0.003689664738021187 
-0.02618242544710815 
-0.1922702320183426 
0.002005712180179628 
0.1319398036784836 
-0.1013553114110182 
0 
0 
-0.1165632592168113 
-0.01222624763942391 
-0.25444137742093 
-0.002945746201376037 
0 
0.2422328234555154 
0.03542016251084631 
0 
0.1529160020640973 
0.3346878013832535 
0 
0.07705246742156621 
0 
0.07368015807322492 
0.09633574140194473 
-0.1667155877189796 
0.2103282569714471 
0 
0.034033027389602 
-0.7009986088326405 
0.5009481441996967 
-0.06793402555555235 
-0.01790467431252251 
0.01713727022694888 
0.007220627601958176 
0 
0.04116637362114389 
0.2435190742529443 
-0.08331582428396796 
-0.2883011777250704 
-0.04536198068974981 
0 
0 
0 
0.001867917770041515 
-0.0821949372667926 
-0.0259979941675708 
0 
0 
0 
0.01193923896974855 
-0.04256998527053984 
0.03667898116981246 
0.3515419469934933 
-0.09350054282537937 
-0.003384983343495634 
0.03022046465956588 
-0.003759201246349441 
0.5955417926278562 
-0.1030312991096127 
-0.007460461777469459 
0 
0.1259234719101243 
0.0002281642984320671 
0.03148272768826409 
0 
-0.5105969775693574 
-0.05419384460082496 
0 
-0.05257687852537976 
0 
-0.007653486812443027 
0.1538192806378138 
0.07783450708707348 
0 
-0.06442635728307358 
0.4185787555605709 
0.04506706676916142 
-0.6307534076731115 
-0.4344876102703193 
0.02078631448277148 
-0.3214544649643449 
-0.04748693445878112 
0 
-0.03659579499265527 
-0.01423030601633467 
-0.0902421225583051 
-0.01156765022940169 
1.132821531212999 
-0.05969125350069951 
-0.005232191282666858 
-0.05635225177582986 
0 
0 
0 
0.03840734081982063 
-0.195591590744172 
0.2359564066306133 
0.02574200572911115 
0.0007922917448829527 
0.1566222432845806 
0.09684663055005514 
0.008353445721509346 
-0.01315368175580403 
-0.01558034745746284 
0.446763410118489 
1.106140477869958 
-0.03711896211808725 
-0.09120827458521338 
0.3154525579540792 
0.205970938991377 
-0.3561127093163651 
0.2937323124041691 
-0.1268201803546286 
-0.05934501923049362 
0.07809100504567702 
-0.1389166199791573 
-0.001708457315819829 
0.02519839612307047 
-0.1262893670029822 
0 
0.02250993090038862 
0.02113168909288915 
0.06737102055051446 
0.02414132965623034 
-0.01465576066779745 
0 
0.5174757733529376 
-0.06500798096162552 
-0.00295788343974727 
0.01764323739199221 
-0.5903482182510477 
0.5590732719081229 
0.0501305836617717 
0 
-0.1460540502190126 
-0.02532585123165824 
0.02311708599253443 
-0.7276124984411062 
0 
-0.01304555044219483 
-0.04160047286986454 
0.1351484142154076 
-0.1153892813781926 
0 
-0.04117872498879085 
0.1091826337446025 
0 
0.004714906437049267 
0 
0.076404057878784 
0 
0 
0 
0 
0.2100016332549574 
0.3116537065759424 
0.0065087720522089 
0 
0 
0.3523281489339658 
0 
0.1169789251595177 
0 
0.263018978869073 
-0.003658033749267629 
-0.01049562596872246 
0 
0.1030924991700433 
0.000167826315438102 
-0.04935619259942378 
0 
0 
0.101600877421805 
-0.05763814859095349 
-0.009629498572300122 
-0.3845566490573025 
0 
-0.057391340067434 
-0.1730406142026431 
0 
0.06678728578797631 
-0.03766427570065384 
-0.08277712979470685 
0 
0 
0.01519009433594574 
0 
-0.009679624465758263 
-0.01307101808181145 
-0.001597816319241207 
0 
0 
0 
0 
0.1796287255344235 
0.09050874926393725 
-0.01495868968945616 
0.977701386195227 
-0.02538793320510915 
0 
0.04565560851258157 
0 
0.003604254601168295 
0 
0 
-0.0348804350391919 
-0.0133872624390586 
0.1251019696425765 
-0.2903201163916841 
-0.2187346409488127 
0.2238459184031188 
0.0006763883230831783 
0.03118048472930257 
0.009375641917840559 
0.04422741105907117 
0 
0 
0.04461688404839192 
0 
0.1138514120207807 
0.004286298363945441 
-0.02432618557255853 
-0.02772687517659582 
-0.00161664616995935 
-0.003263227692831373 
0.2460233607148194 
-0.01369209787718541 
0 
0 
0.01644433089661541 
0 
-0.09170890299934262 
0.005421332248972742 
-0.4684460324027545 
0 
0.3217517842868685 
-0.2574812405506011 
0.06371939890213447 
-0.1608060888054148 
0.1627931972532288 
-0.1663002765148642 
-0.06701927955408661 
0 
0.1760287763823709 
-0.3813339149251608 
0.27976442163623 
-0.2270529489995807 
0 
0.2626415732603648 
0.004057777088377324 
0.02269723667176666 
-0.06913558322416186 
0 
0.07822582636209105 
0.07823647504793814 
-0.6020945187871434 
-0.02784769008430319 
0.1032859332021302 
0.006687972618093072 
-0.2235621445885716 
0 
0.002602238990083166 
-0.02107057374254205 
0 
0.01209772678443714 
0.3235669375296265 
0 
-0.009600738878596273 
0.004522910111065861 
0 
0 
-0.002921300951615871 
0.01548390941207013 
0.43982558362012 
0.0244285527270693 
-0.1034696531825657 
0.6607169487279801 
-0.132187850214922 
0.05577280121135295 
0.1156181998222892 
-0.04468464208312745 
-0.07802183109194516 
-0.1288709848750176 
-0.08005713251272703 
-0.2847673888271517 
0.001447386135139029 
0.2231282298414942 
0 
-0.001909060610581525 
0.8576240558721657 
-0.313791204238934 
0.011754396846926 
0 
0 
-0.01769017456770127 
0.03453872383864171 
0 
0 
0.060652106976444 
0.006592734375043695 
-0.03426694894709433 
0 
0.02073767640918178 
0 
0 
0 
-1.069547009723077 
-0.03549755848320325 
0.05374940106893675 
0 
-0.08463742815144994 
0.01620274388449184 
0.0697731710401216 
0.08951037909249739 
0.2786605610686402 
-0.07639952132469489 
0.02155325475555602 
0 
-0.06718115214749901 
0.05798965364912687 
0.06655460154451492 
0.1481831204596203 
0 
0 
0 
0 
0 
-0.1371265870355587 
0.002342312089724271 
0.04009322681287385 
0.08234028777467298 
-0.04317883325521899 
-0.005134917704240449 
0 
0.2001737078415308 
0.114583653952627 
0.02656339604550027 
-0.357365919636752 
0 
-0.02287374739232587 
0.323181982109111 
-0.02505698790497415 
-0.1284316161711035 
0.001402460279233136 
0 
0.1218677000741999 
0 
0.3518516660949644 
0.1570566398189341 
0.4912431351412074 
0 
0 
0 
0.1944665028896656 
0 
0.1885293236997446 
0 
0.01575977951481997 
0 
0 
-0.002666909084087643 
0 
0 
0 
-0.2690314399687782 
0.5389953396783225 
-0.04859165786800394 
-0.165479007589376 
-0.03677775883544152 
0 
0 
-0.01250771885525273 
0 
-0.1157044475064926 
0.2877273415024202 
0 
0 
-0.06692851253599989 
0.3559570708118414 
0 
-0.6179222924936174 
0.06050001754636528 
-0.004312944070639279 
0 
-0.04033537906440422 
-0.189891659151572 
-0.005834859134569916 
-0.01051116918871919 
0.3500756977633646 
0 
0.05645829098337236 
0 
0 
0 
0.09390009413129183 
0.2009529095412894 
0.05824027916683138 
0 
0 
0.1553756343964457 
0.06343597208387733 
0.04684683344798372 
-0.0008693377020809771 
-0.0003272166216726699 
1.274287354447968 
0.16764902495385 
0.0009083594636819313 
0.0161623568626999 
0.1105469863544861 
-0.06766966152940126 
-0.08244221492049085 
-0.004173139284874642 
0.07874312867118163 
0.03505036725103707 
-0.001918509518545878 
0.007065159015089626 
0.3319173982200889 
0.06974314360494259 
0 
0 
-0.130392812828327 
-0.158715970646432 
0 
0.01471806562344241 
-0.03661015892291042 
-0.1728629718998925 
0.1789759730876758 
-0.004870111115934668 
-0.05759151501675482 
0 
0 
-0.181510804479267 
-0.8197652250033783 
0.1954301356932403 
-0.04056925023420703 
0.07590034016416898 
0.1548095974640374 
-0.03445267773003664 
0.1303907669594909 
-0.265412274758217 
-0.3217324206918571 
0.09897538367915693 
-1.666615676181489 
0 
-0.1157975024970805 
-0.3267710521066448 
0 
0.1197570224065732 
0.04347198614149352 
0.4148693807134921 
0 
-0.001355112325410795 
0 
-0.3178535410552257 
0.1072964128302567 
-0.004366981991343447 
0 
0 
-0.5460523600893826 
-0.1332767017819469 
0.1164722656959962 
0.002223312695221191 
0.0007176591350580563 
0.1002471194465019 
-0.155391531323843 
-0.03963816061193549 
-0.003249182004632405 
0 
-0.08499152578179434 
0.04089835578164108 
-0.05843716881583292 
0 
-0.008857999558725009 
0.3585382220479272 
0.064516779090511 
0.02294485639998817 
0 
1.212371794241502 
-0.02731648540741815 
-0.006219065155303743 
-0.007088476274396746 
-0.006440681118852882 
0 
0.1523828745329459 
0.001695569782186531 
0 
-0.08888372459730867 
0.01393672926453444 
-0.2264436457581664 
0.03959262017452367 
0 
0.1161505432126569 
0 
0 
-0.1266789559037053 
-0.190585960711031 
-0.05191726364169354 
-0.04161632735218448 
-0.891236411776516 
0.0902346057172725 
-0.03395371991707755 
0.05268147376187167 
-0.1738355193646221 
0.03489461848258607 
-0.1332658607888247 
-0.02644160348360251 
0 
-0.1004826791660822 
-0.03174166102644194 
0 
0.006505761402199056 
0 
-0.07759494142512076 
0 
0 
0 
0 
-0.02041538180405459 
0 
0.01276942312374434 
-0.06369327217727354 
0 
0 
-0.03693518423733781 
0.01048455349042906 
0.1603442366083096 
1.3329729111912 
0.4977318757208957 
0.03645924245442578 
0 
-0.008780616036344285 
0.4850927886186301 
0.1871690376473064 
0 
-0.1174956799962849 
-0.006002413309090838 
0 
0.04473892370083591 
0.09853127519226819 
0.05195965500405531 
-0.004392465497019594 
0 
0.01023384651523055 
0.2600867265537476 
-0.01012408749495143 
0.0384761693630215 
0.04914114856840904 
0.01263147616787843 
0 
-0.02461763949366094 
0 
0.3358804096546255 
-0.03552874973721781 
0.01133099542577625 
0 
0.00304302491513741 
-0.1177897470397394 
0 
-0.07755466598666126 
0.05445543036275188 
0 
0.1682628839169049 
0 
0 
0.09780487170734986 
-0.01613883874594887 
0.01175653311193699 
0 
0.01298473294351664 
-0.6405295725163528 
0 
-0.1762272008290886 
0.01392990469918444 
0 
0.02823838893336969 
0.02708720663290244 
-0.03369653548366611 
-0.006032589811024979 
0 
-0.05774896680267058 
-0.07610378395690384 
0.06658334549851588 
-0.1323700682230752 
0.003060568435637259 
0 
0.06494996586001792 
0 
0 
-0.01807389509149874 
-0.0114632038680657 
0.005216909866013086 
0.1447468613365738 
-0.124521495335612 
0.001210160910418286 
0 
0 
-0.4934559397611087 
0 
0.1447693953857729 
0.1310247392986091 
-0.000193293059801813 
0 
0.1269138667145003 
-0.009349026710223328 
0.01884289967279928 
0.5551534417462421 
0 
-0.00525887321407046 
-0.1908236654477912 
0.05719198904650806 
-0.1682406006633764 
0.1196455112071465 
0.04246804786447429 
-0.01882529695458873 
-0.0113233795421908 
0 
0.004224133942084916 
0 
-0.1045417023131885 
0 
0.1170732868541965 
-0.01155762102220032 
0 
-0.009072691519793065 
0.01427796599420616 
0.1309037755308256 
0 
0.009449969456948995 
-0.02893443847166375 
0 
0.09834088458800908 
0.01724229066573945 
0 
-0.2090601133159507 
-0.1504499548562744 
-0.02182873642214649 
-0.1534323018387526 
-0.003494239179009158 
0 
-0.07577437210372583 
0.002340773447459928 
0.1359176474904737 
0 
-0.2350439594558146 
-0.0419633818700951 
0 
0.06045430713005491 
0.1173691159614924 
0.1188381166415932 
0.007210447644198019 
-0.08568210796095474 
0.504981273223475 
0.02550164175755607 
1.363336372588821 
0 
0 
0.183678321498206 
0.3096180206594943 
-0.06728117950356495 
0.008143089788117749 
0.001250117984746933 
-0.092297921128705 
0 
-0.3202923866088069 
0 
0.0135773622426959 
0 
0.002778311034861483 
-0.01106833652605402 
0 
0 
0.1944450552393965 
0.02804517382015615 
0 
-0.01819857243045623 
0 
0.06328229261589446 
0 
-0.5835016684317103 
0.01794306309390748 
0.0002135166543374379 
0.1339926406754468 
-0.01767440542002618 
-0.08530245493277541 
-0.01943441977551896 
0.004203700899997252 
0.1443818074275372 
0 
-0.1074402622516942 
-0.03588797263121154 
0 
-0.002696762207339514 
-0.07232832653261811 
-0.05145405070771504 
0.3894991741995883 
-0.02433387017466607 
-0.02485473808936427 
0.0002347952202887784 
0.006005815875806526 
0 
0.02691178020476101 
0.03248898723054131 
0.03639997556177198 
0 
0.6501707986837157 
-0.07345261099113451 
0 
0.1833918256961205 
0 
0.2740905490114351 
0.02088926087195311 
-0.2520818244273086 
0 
-0.00370286740036074 
0.05368482881106734 
0.006984160401728326 
0 
-0.02238459487450642 
-0.01272067606931787 
-0.01212446088909004 
-0.008172325444933799 
0 
-0.09402982180736444 
-0.009097716411239581 
-0.005532307292551338 
0.01280928531602297 
0.253972360904666 
0.1740951715128844 
0 
-0.178238002443194 
-0.2005969084314503 
-0.1096491849763644 
-0.2064839143461761 
-0.4195939451486556 
-0.04591699481357168 
-0.01069086220247902 
0.1994384128999535 
-0.07278368652696095 
0.06086130168912826 
0 
0 
-0.08999843723164036 
-0.1961219028156933 
-0.01434941492071244 
0.01078047328204163 
0.1162002188503481 
-0.2890007321432488 
-0.02569808166465857 
-0.006803119822631405 
0.002398095323408068 
-0.004307194756069089 
0.3560205434906287 
0.05859625412238361 
0.2481861216153622 
0.008042230855249216 
0.2472833966469385 
0 
0.01969098700090714 
0.01175383541749082 
0 
0.2491516243921897 
-0.01459666689003407 
0.27571027040279 
0.09388010676251314 
0 
0.04251488141797578 
0 
0.05350045647329997 
0.5523930567803892 
0 
0.0009521236374499115 
-0.1248594170419478 
-0.0005769384220383471 
-0.0108061645151349 
0.02864528643346516 
-0.04798264854140185 
0.0009041743705937868 
0.009721424356017026 
0.03559349293358752 
-0.004653930991797613 
-0.1210914702480089 
0.01117075668223642 
-0.01409135432345181 
-0.01025178614656644 
0 
-0.05250099510529414 
0 
-0.005274281838720591 
0.001380656044282941 
1.167675262606991 
0 
0 
-0.00134979858462896 
0 
-0.02895506464822825 
0 
-0.05463889919031084 
0.281502261969254 
-0.2734681337184991 
0 
0 
0.01759646761348165 
-0.002033549367128696 
-0.01854461096773953 
0.00793548569200846 
0.02691280974352324 
0 
-0.06479252598359256 
-0.0604850791116547 
0.04681055951488124 
-0.06389521869999373 
0.02941495331967358 
-0.4268647798291205 
0 
0 
0 
-0.009761545692695349 
-0.01373517976084886 
-0.2913279811950922 
-0.02308074970102833 
1.152371075013816 
0 
0.5629786473489258 
-0.04237577938436465 
0.342038099933628 
0.03001517646936235 
0.003173185022520296 
0.003589350574408461 
0.008934115554198943 
-0.0440239122590845 
0.08454733107828667 
-0.251727775360082 
0.8144421344023182 
0 
-0.05154064808424104 
0.06744207487618972 
0.01497550450305636 
-0.06966356354342566 
0.01648777639853252 
-0.01227732884161766 
0.05320080448189854 
-0.01374554060791554 
0.04443952886097297 
-0.04021992356702586 
-0.04985935462877965 
-0.05406876589105128 
-0.03823689910407165 
0.01425533641381823 
0.1890108451652412 
0 
0.002932827525023888 
0.3108657042308359 
0 
0 
0.3618819677712268 
-0.270745574285655 
0 
0.1596243630870168 
-0.01658620584648079 
0.4303569037218829 
0 
-0.005993282515020865 
0.007812309776487815 
0 
-0.2819760095358402 
-0.2626991722360053 
0 
-0.3486544402350604 
0 
-0.1281674614723619 
0.0183484879661758 
0 
0.2740117197828424 
1.108767729989704 
0.02157442861258701 
0 
-0.07518638355175505 
0 
-0.1461569783436449 
0 
0 
-0.03321520124650996 
0.6629493022701933 
-0.06743747051207527 
-0.006972072925719586 
0.2041596932998669 
-0.004194088533049437 
0 
-0.2350281498991774 
-0.2310919340186523 
-0.004998732847420482 
-0.1915463419217276 
-0.009844244054958927 
-0.0006552737084556686 
0 
0.3948970285579322 
-0.007259150840318467 
0 
0.04962442415767244 
-0.03089596731006518 
-0.1736774458093757 
0.2830888192309943 
0.03990248877177335 
0.009119520850136667 
0.002468732169072257 
-0.2242361959627959 
-0.002218207619850226 
-0.0265484877808567 
-0.8188767699385768 
-0.07685006699074878 
-0.06315000810790419 
-0.01157997691756821 
0 
-0.01757736557044167 
0.0173733952183254 
-0.01208529269495636 
-0.1647870003880338 
0 
0.06794745373662929 
0.07860217302648813 
0.06814816942548359 
-0.1127443041728259 
-0.01728454296357122 
-0.01572999843113774 
-0.02932356771149089 
0.01288577876863006 
0 
0.520620338643956 
-0.02870425573192743 
0.02761624561364902 
0 
0 
0.01408103987896983 
0 
-0.09452346460720093 
0 
0.1107656747671242 
0.1679487479700013 
0 
-0.05085119205545725 
0.1475645493636092 
1.299614553990974 
-0.02611129598115946 
0 
0.3314067538051814 
-6.576386604500043e-05 
0 
0 
0 
0 
0 
-0.06882639129213206 
-0.02005641632951188 
-0.2235354939660228 
0.07394986451260809 
0.1905776098040698 
-0.03108720145249066 
0.001349404112317982 
0.07609882342739312 
-0.1566559311966153 
0 
0.1968103083331019 
-0.009741415958248963 
0.00526981976917771 
-0.3580612423187635 
0 
0.03814779339133952 
-0.006481509493249331 
0.03366751118314716 
0.01403475106486726 
0 
0.03395381566965013 
0 
-0.1469884188212695 
0.005115081617821718 
0.03386939403505245 
0 
0 
-0.01771803050555591 
0 
0.8071700671331683 
0.06587068528153561 
-0.0268799674630957 
0.07394111401459172 
-0.003220171059062029 
0 
0 
-0.1943663271636144 
0.05937843128601907 
0.01115296443261507 
-0.2335018864929359 
0 
0.008981507558177951 
0.02732363580546785 
-0.08594948164708134 
0.1126853111870318 
0.6713276139547022 
0 
0 
0.0404097414349562 
0.07072945041049827 
0.01113168698814961 
0 
0 
-0.3074228704916306 
-0.0004843115850160406 
-0.02860766226538824 
0.02974343934671607 
0 
0.02200335061294422 
-0.03861432758777125 
0.2787471253974705 
0.05841359625961468 
0.04005588187250125 
0.1541229228379695 
0.02252881206868168 
-1.149946396969967 
0.1306731134314429 
0.06660299747118306 
-0.001779862737280251 
-0.1470022723261974 
1.045080034970396 
0.03277269363342015 
-0.01728288887308452 
-0.05703556405389806 
0.04198258683931517 
0.07110113829037301 
-0.1811806897902236 
0.290491090132355 
0.1018592527304157 
-0.5488901090193917 
0 
-0.04535613517324669 
0.09975998772044997 
-0.09478868174281135 
-0.2309246758669114 
0 
-0.01846200855547696 
0 
-0.04302395299566862 
-0.176108616198717 
-0.1184442272989206 
-0.01444077282604027 
0.02831957413344745 
0 
0 
-0.164254657201981 
0.01884680486250706 
0.251933726586559 
0.01808809720874839 
0.00167615468629745 
0.04203509965261616 
0.01658067576246275 
-0.07106166937147607 
-0.06763524741310327 
0.006859967401157267 
-0.1828401815710889 
0.06867132681639647 
0 
0.5933146718182664 
0.006252733738706729 
0 
-0.02293567885838283 
0.006697040203356571 
0 
0.05347543043565276 
-0.01807917831381179 
0.03465277091903492 
0.01822585196619305 
-0.07579950830823157 
-0.02609748099686201 
-0.0403349105608321 
0 
-0.2189566768937435 
-0.005199790907564592 
0 
-0.06249046490998163 
-0.05742086520609239 
0 
0.007523626822920277 
-0.3902004831296317 
0.3664899157945729 
-0.004643235762183017 
0.01033385875183031 
0.0751126763167447 
-0.02564694043964598 
0 
-0.1118641024588104 
0.2935507603749398 
0 
-0.01578771395958974 
0.02396726825083376 
-0.4883593999267796 
0.02483585580670188 
0.154354635923351 
0.006098248643857693 
0 
0.0551289639588604 
-0.05377348290219172 
0.2679518730884602 
-0.1015920000474687 
-0.002253328964045366 
-0.06302018054143078 
-0.1309146394857849 
0 
0 
0 
0 
0 
0.2425662948623617 
-0.029280035911879 
0.1521796400613301 
0 
-0.131622806727142 
0.05750224802030304 
0 
0 
-0.01785161086956506 
0 
0 
0 
0 
-0.04875692465695259 
0.04614114824855267 
-0.04917362354609197 
0 
0.2576608304830093 
0.1098641422136865 
0.5824730500756227 
-0.02079053102013165 
0 
0 
0.3269820216846541 
0 
-0.1026322573205795 
0.02349898357681542 
0 
-0.1303407799670738 
0.04048263984438617 
0 
0 
-0.02122033656768638 
-0.02904614093716188 
-0.6621870042324915 
-0.003706369498439862 
0.009710505529304737 
0 
-0.004647287099480549 
-0.1042259615559726 
0.08199648908349742 
0 
-0.006820066782698311 
0.03187321911720693 
0.1886137706785364 
-0.04047529700014944 
0 
0 
-0.02376568423435649 
0 
0 
0 
-0.1300765856981713 
0 
-0.001088605312676779 
0.009598089490118561 
0.8942012505307244 
0 
0.04302336383939115 
0.2196702891793495 
0 
-0.1602318684761531 
0 
0.01351868725658903 
0 
0 
0 
-0.02123954954725888 
0.2899860517111378 
-0.01488899385135593 
-0.1951792611872097 
0.08361496095876378 
0.01533556016323224 
-0.07680628759399452 
0.07212811266925021 
0 
0 
0.08860845084563508 
0.1206733948605726 
0 
0.4516192282933147 
-0.1067849744306346 
0 
0 
0.834555990952158 
-0.1425751752078226 
-0.5958974835224787 
0.05323739892946523 
0.09313884188500124 
0.08232372681633883 
0.06562562602314559 
0.8483027982819926 
-0.1328909058186682 
0.3265005037805566 
0 
-0.03500810404864007 
0.03238087425278197 
0.04768530227019567 
-0.002609661842149959 
0.385185249536394 
0.01934056554813418 
-0.009935041682097967 
0 
-0.05251475429937776 
0 
-0.05575337509774248 
-0.02167500412161205 
0.05554115406433917 
-0.1561120764327443 
-0.01273621922061079 
0 
-0.6778988630817309 
0.4551647518108816 
0 
0 
0.09083629288238729 
-0.03659472774875454 
-0.2428695572149362 
0 
0 
0.1168212900691902 
0.06962335266971512 
0.001844983774125364 
0 
-0.1097303423778274 
-0.001412054196487897 
-0.03280817693752801 
0.02319964009805815 
0.1636164993459386 
-0.007753279178977822 
-0.1541016621132794 
0 
-0.001922959849680834 
0 
-0.119371926466821 
0.003993141819538648 
0.007727751042822219 
-0.1513071141106924 
-0.005588874222413157 
0.01627560998991053 
0.1664443027087373 
-0.002856670043430848 
0.08107189094331305 
0.4814282667873697 
0.03822191414510977 
0.09513333591384167 
0.001066795070051535 
-0.5295601882278953 
0.1905397642958385 
-0.01659135393977539 
-0.338281312230397 
0.06627615029349081 
-0.03824012828791448 
0.01221641748590774 
-0.09124984154584725 
0.007267793890771888 
0 
0 
-0.3268635801785577 
-0.1637458803011561 
0.0156085785648556 
-0.004532803512266918 
0.09920371456498452 
0 
0 
0.05820288987799957 
0.006187824014127401 
0.04334052723900481 
0 
0.05224039237439126 
1.478841311252197 
0 
0 
0.0175719371587109 
-0.1324046790707336 
0.01222359172214271 
0.1159166947176402 
0.02163762839859645 
-0.1152426997057146 
0.03220923057393345 
0.3039761771028346 
-0.06645596287213357 
0 
-0.03537448505883603 
0.1203206808378142 
-1.631455867113912 
-0.07494785497473458 
-0.03592555643008689 
0.1025046010720683 
-0.02222355290976093 
0.02458102421204682 
0.03121890301351541 
0.02826946058479184 
-0.2140224126512352 
-0.02111796371149332 
0 
0.0822014521486161 
-0.005809321369126401 
0.01087327665531978 
0 
-0.06298201850480595 
0.004939727414222522 
-0.008377588655642993 
-0.5296146524609345 
-0.01276880973972812 
0.4912264573558716 
0.01582890409377713 
0.04660892168124874 
0.4912264573558716 
0 
0.1143899570952452 
-0.1321911314801232 
0.5678946771409653 
0.0004403757506808371 
0 
-0.1790813583829387 
0 
0 
-0.1393853156190883 
0 
0.06567332769570058 
0 
0.06224582549129912 
-0.01263481350839494 
-0.2260715199245576 
-0.2807684213623328 
0 
0.8216453596149395 
0 
0.06265643139997745 
0.01082739485741118 
-0.018198537994992 
0.5044618546927955 
0.01924625031054933 
-0.01263763827817727 
0.001505556926370486 
0.1426465501773415 
0.05977244954044163 
-0.02375155194893949 
0 
0.05850669587950167 
0 
0.1727649108500924 
-0.001413190753338043 
0 
0 
0.03641475594838729 
-0.01593237998410568 
0.02940276208622662 
0 
0 
-0.05895065690203642 
-0.3404662623786778 
-0.03906015340778739 
0 
-0.08690769721010586 
-0.3476778796117014 
-0.1245710409873422 
-0.04520863023242441 
-0.02466908978411424 
0 
0 
-0.03272397059085627 
0.02863825712400497 
-0.02604606273828253 
0 
-0.01414360550142906 
0 
0.02657424430402605 
0.400865554153444 
0.01811238658597746 
0 
0 
-0.1340517558755718 
-0.1181256757215877 
0.0157625942480682 
0 
-0.0859516793240974 
0 
0 
0.09054670773334761 
0 
0 
0.001200136906030563 
0.03409398590656069 
0.02526253573585821 
0.05953190359697638 
0.4278137198045318 
-0.04523834253970788 
0 
0 
-0.4399585133855718 
0 
-1.022680542292444 
-0.2524281383539886 
-0.005050880894414905 
0.2865629250580579 
0 
0.1151126501922103 
0.05798280057464053 
-0.002058653521869708 
0 
0.01507052446090468 
0 
-0.1337678110939534 
0.04001219141211503 
-0.008579896447767452 
0.01216852935733549 
0.5786001590846265 
-0.001698030288490195 
-0.1630948302461969 
0.09253466134030676 
0 
0.09199200199635131 
-0.1307485723643886 
-0.04547384965421596 
-0.01113120870330901 
-0.03366760652922916 
-0.1569341600650544 
0.05302671446287994 
0.0209714355655585 
0.07831185104596183 
0.001704622453265305 
0.2797889443212618 
-0.01071210068184856 
0 
0.003353263120772224 
-0.0729362158012978 
0.0108932692811809 
-0.2295748963380329 
0.05999152503710013 
0.03212166933288368 
0 
0.03121069405101626 
-0.02919499689712226 
-0.002864011180202655 
0 
0 
0 
1.092721618080762 
0.1070807400779282 
-0.1849501907464096 
-0.3128657988721965 
-0.02509195023348874 
-0.273327001628715 
0.02636276054859813 
0 
0 
0 
-0.009298963513935759 
-0.03279010775618305 
-0.006185679910795033 
0 
-0.0179128318223195 
0.233901435589092 
0.01844058047813058 
0 
-0.004094881868068588 
0.06132712799406054 
0.001640151334669168 
0.2578682916096177 
0 
0.1949548628784514 
0 
0.0354485289036768 
-0.6393775419227241 
-0.02378951833507503 
0.03762994839323831 
0 
0.2186911190094472 
0.03868544011206303 
0.4150151031130222 
-0.01312985943380536 
0 
-0.01063801512610953 
0.02328343404935869 
-0.06329427207830243 
-0.007252381372314664 
-0.0724196833880974 
-0.07865413595100966 
-0.3479070920128463 
-0.1846300489481544 
0.9404639641131582 
0 
0.6883036251504684 
0.4815962602448959 
-0.001712109560934585 
0.09684838866275483 
0 
0 
-0.01672879089700287 
-0.6112841239287189 
0.09192723817671306 
0.02936386151313499 
-0.6198103158106318 
-0.03992133281874688 
0.01836480113001491 
0.08812987665100319 
0.0324321262091616 
0.01212036683992726 
-0.009414763097518085 
0 
0 
0.02382597529360242 
0 
0 
0.07577044218731006 
0.2243972700124232 
-0.05069498146458472 
0 
-0.1910338950292479 
-0.07697623005201558 
0 
-0.3323159305519129 
-0.1524485658618137 
0.03699441062755749 
0 
0.01539878848177779 
0.1005863764765972 
-0.04480180883089998 
-0.1025552068046212 
-0.008409676792668172 
-0.1045410077905081 
0 
-0.0649760830416906 
-0.06572742886776628 
0 
0 
0 
0.055921614634631 
0.008006173960893589 
0 
0.02601127542349827 
0.1386876090629189 
-0.07327618639815497 
-0.007220118473276842 
0.1922311241035453 
0.1211530575865365 
0.3527160689677035 
0.02728260306359787 
-0.01812649849700875 
-0.006355993723801902 
0 
-0.08182144216220094 
0.1015868162106279 
0 
0.06685737695178241 
0.02720430877676346 
0 
0.0001340235566823994 
0 
-0.03915304048832392 
0 
0.02945291274385621 
0.05588066279056453 
0 
0 
0 
-1.128188922490937 
0.01714066397624317 
0 
-0.02785690926072663 
0.02548205142384394 
-0.1581232158845234 
0 
0 
-0.1017367609762123 
0.07509467201531901 
-0.01520786304155371 
0 
0.001915913356798054 
0 
0.005114501618565667 
-0.01962837877618868 
0 
1.403318911886013 
0.1039528035395182 
-0.04679875032933924 
0 
0.002248607274765261 
0.1274585455397745 
0.02737202199967403 
0 
0 
-0.00716954713508392 
-0.5390596516917281 
0.007958855667733619 
0.2246811386400072 
0 
0 
0.07426869799927142 
-0.03058512768659121 
-0.07221177098829103 
0 
-0.006428166058811494 
0 
0 
0.009981296395800568 
0 
-0.04793210425443018 
0 
0.01277986922421451 
-0.01100641218287856 
0.04526106524779726 
-0.1570564718043788 
0.002539814959364202 
0.0184124236504343 
0 
0 
0 
-0.007513193916651641 
-0.004952282134014835 
0.04998758082300823 
-0.01925708439374582 
0.0009412142907095341 
-0.002907562679385851 
-0.09540512430082546 
-0.01684564655084607 
0.001871312148603539 
0.1885687732947718 
-0.662056719147094 
0.1183577762942066 
0.001159995505867835 
0.01812564053524134 
0.165117858356141 
0 
0 
0.0199544870525768 
0 
0.2428537320605045 
0.05216349648229105 
0 
0.1335489519761445 
0 
-0.001959189326607783 
0.1143635306420934 
0.7463082194186856 
-0.2069241688630198 
-0.5306672339241376 
0.007769518533606599 
0.07704977344115414 
0 
-0.03538529578395185 
0 
-0.04285804004405533 
0.01106719958443817 
0 
-0.5695882344337229 
0 
-0.008640556007218072 
0 
0.0008350058458127172 
0 
0 
0 
0.08427658668821901 
0 
0.09936157443552616 
-0.1462211706051382 
0.04519533929325412 
0.6273597490164544 
0 
-6.733053995701652e-05 
0 
1.091694863695957 
-0.07443303609675846 
0 
0 
-0.1377209929154715 
0.6154114508957061 
-0.0003016303798164663 
0.07259302113176912 
0.4042573812248258 
0 
-0.1489562597429245 
0.02582404564610184 
0.03877799720503814 
0.009332281753853942 
0.02737508353917021 
0.02297252164066283 
0 
-0.03085265246350057 
0.01243299180935487 
0.01850714874133854 
0 
0.01687151369820639 
0.01062332462286153 
-0.1451326261797492 
-0.01134069835194113 
-0.008078866012003241 
0.06418157539221071 
-0.08856718006007838 
-0.05380415228534063 
-0.02206934924923098 
-0.02758281019225843 
0 
-0.05516984058655961 
0.1107224683825057 
0 
0.03354204500503125 
0 
-0.07843987282680204 
0.5535257795065843 
-0.1477016593852239 
0.2302361002317939 
0 
0 
0.04209630946945696 
0.0684821017643239 
0 
0.01685933963153301 
0 
0 
0.199420629830765 
0.0131351909122646 
-0.05539119151569046 
0 
-0.1650736997534412 
0 
0.008531134983058034 
0.1012944240370646 
-0.07294137066131062 
-0.2472392456325145 
0.16200142330935 
-0.008796487460053891 
0 
0.06816901742197384 
0.4039301920099175 
-0.02673697321804296 
0 
-0.05135937080116774 
0 
-0.03241206564714896 
0 
0 
0 
-0.122926968217413 
0.9291987941414043 
-0.1265201393573165 
-0.05664135576250824 
0.003960972790358395 
-0.03746162835785196 
0.0005226786721146655 
0.008921815673784561 
0.190775505976108 
0.1346357679203139 
0 
-0.01095128390083435 
0 
0.01854900350998188 
0 
0 
0 
-0.1026225932599301 
0.07839652619388872 
0 
-0.1396514208128141 
0 
0.04941115818002906 
0.4574077559236194 
0.02833566363455323 
-0.000839958500726036 
0 
0.02025594864635605 
0.4015544744216646 
-0.9656327858077705 
-0.04995813680247954 
-0.08400711982567788 
-0.009544687458567055 
0 
0.003598887743434573 
0 
0 
0.2025275210974105 
0.03996168300101834 
-0.04546616060402286 
0 
-0.0004926998018478993 
-0.006759113722326814 
-0.2377428744815291 
0.1146986505121138 
0.161816805224685 
0.1363636051510957 
0.05200897627795336 
0.0337209221649294 
-0.03589695391967283 
0 
0 
0 
0 
0.2445029105142189 
0 
0.0002522744703865043 
0.01330913898874737 
-0.02393952131368808 
0.2214796679979918 
0.004511925411903935 
0.002112694593034335 
0.03653477155235123 
0 
0 
-0.06637199245094486 
-0.08413579117361027 
0.01260019211264687 
0.005576354605600651 
0.1320772139603526 
0 
0 
0.02006723644834669 
-0.03453583960790711 
0 
0 
-0.08607072783800486 
0.1196113764132241 
-0.05073351723254556 
0 
0 
0 
0.04086563458325194 
-0.01637751427066115 
0 
0.1369689304198187 
0.07733849273815595 
0 
-0.02484036380092895 
-0.02744209612285885 
0 
0 
0 
0 
0.06397090240765052 
0 
0 
0.003062532788788125 
0 
0.09239477784790742 
0.03355906376753804 
0 
-0.0709102822928168 
0 
0.03958102512877458 
0 
0 
0.05932424217159932 
-0.09682189130291795 
0.4410938238205662 
-0.005215497835295688 
0 
0.5620554958664844 
-0.05818021893055458 
-0.007358418062164588 
0.02177668133984344 
0 
0 
0.1724745042034596 
0.2842246984554392 
-0.009568489756190467 
0.04041113950970432 
0 
0 
0.003680973273236716 
-0.02959982307656477 
-0.356955215622497 
-0.03937744837550165 
-0.007207027923187906 
0 
-0.0642461320177803 
0.02811099946974867 
0.1409233018831523 
-0.0009784807702038799 
0 
-0.1301618685023646 
-0.0005402218693334067 
-0.02162034990348161 
0 
-0.05083898998300772 
0 
0.2405337448506535 
0.002802749849947783 
0 
-0.377961699255783 
0 
-0.03735344878820226 
-0.009853246202313601 
-0.004616782113964318 
0 
0 
0 
0.07693407680632031 
0 
1.132244986950883 
0 
-0.02777610909212498 
0.08133916662442285 
-0.3104731496992589 
-0.1056531438400765 
0 
0 
0.0310498360542349 
-0.08245907762456672 
-0.01005789364227282 
-0.01077033645273236 
-0.03387433643252147 
0.003898835320347903 
0.2771156780145863 
-0.8523152474958748 
0 
0.06060966625769239 
-0.0760687725971791 
0.003840351689559363 
0.03458707881922152 
-0.6723624066296298 
0 
0 
0.2808925946352895 
0 
-0.3874680041182162 
0 
0.02999491738809613 
0.03491858638013295 
-0.08306079014918329 
-0.2762744353267538 
0 
-0.5736724275369388 
-0.905160597825701 
0.05226897619771118 
0 
-0.02981158063385073 
0 
-0.03988588659084585 
-0.009622048189038106 
0 
0.01804531546108653 
-0.04693218334829207 
0.04965297188820894 
0 
0.0155261587047366 
-0.01015223031645729 
0 
0.009985079976295828 
-0.01004160496674518 
0 
0 
0.3037285493160868 
-0.1034308684380714 
-0.004909454198419805 
0 
-0.06891147020304252 
-0.1773743042202197 
-0.02472833536610385 
0 
-0.001428455094481574 
-0.03594594356361092 
0 
-0.04057194940955843 
0.1278957117384638 
-0.04831781843440702 
0 
0 
0.02197026014026881 
-0.03860969917771714 
0 
0.03205998204787357 
0.03388322620610364 
0 
-0.1747273760534728 
0.05635765780142712 
0.1872145958895576 
0 
0.04215271721401978 
0.2371313695415896 
0 
0.01172753897274456 
-0.3943626721558286 
0.2126147488471893 
0.01401139266373244 
-0.2896121968021748 
0.04428522369817155 
0.01232615008190445 
0.03737042447138497 
-0.01077656493655828 
-0.1621103500405469 
-0.1869338849064652 
-0.2123225918635891 
0.01444622162956808 
0.017927056517805 
-0.01482952004086156 
0.3316135283998025 
0.04117576073475384 
0 
0.1919273184244943 
0.11176752988603 
-0.002451081374945726 
0.04994383662011903 
0.05724961876992568 
0.03942384557715252 
0 
-0.006228246307740782 
0 
0.009745227386413169 
0 
0.001727210041779909 
-0.009014944480185291 
0.2484017192639428 
-0.0266783809386031 
0.06049921386531538 
0 
0.04457949509258254 
0.07232365707663387 
0 
0.08414305943165475 
0.05954476368509411 
0 
0.5115659633476654 
-0.003550889559743 
0.01762356925017941 
0 
-0.007131349755106223 
-0.07299328494793429 
0.07712654072409454 
-0.009380098117305452 
0.4771674651278489 
0 
-0.6486972412181153 
0 
0 
0 
-0.03822718831181182 
-0.5765305023350471 
0.05732658373149718 
0.03754043765931521 
0 
0 
-0.003715398818415415 
0.1751202513482399 
-0.03468750132688062 
0 
0 
-0.08157278186371561 
0.007924951042608168 
0 
-0.2038726487572569 
0 
0.07335822248139813 
-0.02490622015345291 
-0.01376925490528535 
-0.0602360195791354 
0 
-0.02954608205799582 
-0.06696245614682282 
0 
-0.00150038215777538 
0.1374188315746757 
0 
0.2045711390658153 
0 
0.4779732582604471 
0.07391307598395797 
0.07018923452411412 
0 
0.1187417645135975 
0 
-0.1083217900630704 
-0.04157297503139149 
-0.5823647678589852 
0.08869701017960135 
-0.1449761674869466 
0.01701715235209573 
-0.07266751411094914 
0 
0.4531725840492832 
-0.1015446249101347 
0.001182907775423968 
0 
-0.2748311913922388 
-0.006027534232061368 
-0.0009157028554983366 
0 
-0.09351612579062085 
-0.1075368067076335 
-0.08451052227022979 
0.01038919266491652 
0 
0.4923772554805842 
0.1660199107587167 
-0.01503094483915505 
-0.07806716079889675 
0.07580201134975145 
0.03543588072820746 
0 
0 
0 
0.03726558800162007 
0.2492548538692178 
0.04534661929159901 
0 
0 
0 
0.001509762718823373 
0.02179836184878605 
-0.001529734396134017 
0.006498686285868101 
0 
0 
-0.02725443599536589 
-0.2784509390017522 
0.02052063677349694 
0.4186731697209912 
-0.265274634976131 
-0.009144302241093709 
0 
-0.001466928530205083 
0.09275676534501899 
0.200521713352516 
0.002890844101939495 
0 
0 
0.8530376444641864 
0 
0.2200949875058432 
-0.2191278062668671 
0.0322279633582456 
0 
-0.1295371683903667 
-0.1537379957001326 
-0.0214309440684731 
0 
0 
0 
-0.2945282063722507 
-0.04249191831847363 
0 
0.006033035471122173 
-0.01788477402415209 
-0.0965009043046737 
0.09392036801031856 
0.01263317752339415 
0 
0.01400866337416963 
0 
0.1340548598447038 
-0.1773089601275749 
-0.1487327691424331 
0.1087365883120887 
-0.2931330239019537 
0.0007580633216199193 
9.714238287042952e-05 
0.05734296448727781 
0 
0.1075649924702149 
-0.1592053296174008 
0.01043288580596616 
-0.1028068300262185 
-0.008621843945410683 
-0.004445926211651746 
0 
0 
-0.4751381256080732 
-0.1692044900990432 
-0.08175462118931867 
-0.02422295610694429 
0 
0 
0.05334167005831907 
0.3027107636448806 
0.1783447850857922 
-0.018575061552459 
0.0004233875715884324 
0.4400322111188899 
0 
0 
0.1003660752589296 
-0.1700324484975743 
