solver_type L2R_L2LOSS_SVC_DUAL
nr_class 2
label 1 -1
nr_feature 5000
bias -1
w
0.8505664237864611 
0.1300877966346236 
0.7778474296230612 
0.7878216397542029 
-0.3679997534964971 
0.9332817540095386 
0.1126399983114054 
2.43157841574838 
0.2690763048725401 
-0.45195810232871 
0.2557661184249468 
0.3720808675886224 
0.1403561589150134 
-0.2255725695567131 
-0.4601186385478264 
0.6576847192833517 
0.1024008291005537 
1.734787041044992 
1.231902379140632 
1.480809223617272 
0.827751770209066 
0.8718855189131489 
0.3002805823736505 
0.2264546887382357 
0.2742730591596166 
0.04855632459964099 
-0.1177392934092108 
0.007508442352801669 
-0.01692356582688973 
0.1648945694238163 
0.5793036362627564 
0.171332875866617 
1.304501685622633 
0.5725852405401413 
0.9246649246058138 
0.1734284230883739 
0.286640534559981 
0.8138234040231853 
0.546057834150723 
0.2321951121734766 
0.503425685204727 
0.3829750935860597 
0.07664007144708558 
0.3708644866807077 
0.1881923886855203 
0.3101860450109638 
1.183218139483216 
0.1168450594821745 
0.1788151845566837 
1.473739106913243 
0.1095680473458156 
1.603697396351823 
0.6147910745719438 
0.02384580489341451 
0.2845496603686674 
0.09773808378713303 
-0.09387670192249536 
0.04179493663169262 
0.2441622736816016 
-0.8247796213142976 
0.5266950682328433 
0.3816145037562373 
0.4035397507155073 
0.05814502817067461 
0.07363667549291499 
-0.2718651577312231 
0.7127216387473867 
1.579192544335065 
0.1597382074142515 
0.249869378347811 
1.078261885417962 
0.5131803729721643 
0.3799035708570356 
0.2631391968176401 
0.462767117208691 
0.1067025699072357 
-0.3417993276912794 
-0.1413180279714862 
1.433191083849977 
0.02457722801363936 
0.3296451112722512 
0.1937056749110266 
-0.009054515359665758 
2.174703738127578 
0.03100369124018717 
0.02767095741274825 
-0.4052161745384661 
-0.07698246582333268 
-0.3672750573662389 
0.5944968701991151 
0.090817906483748 
0.03711436291600125 
0.1489709134208289 
-0.5383257334643303 
0.008998394494850986 
-0.2989328191450917 
-0.499403041173791 
0.5097925978907438 
0.03588154858325532 
0.555712880818376 
0.01417670171706435 
0.2370834392861028 
0.2881307161006706 
0.01012387466465537 
0.3694010071800171 
0.2770877662065466 
-0.005481458229069751 
0.02800728949777609 
0.07665794508650478 
0.3021444398296619 
0.2956258532607374 
0.02751809058115639 
0.2508501091692648 
0.2498394105961663 
0.3168604869011642 
-0.07563871214389889 
0.3093974000186469 
0.1778406484467947 
0.5573147941570069 
0.8970591157216825 
0.2810824366689238 
0.8996645980076836 
0.1542303012379378 
0.06219909766811268 
0.5595021378711041 
0.3181306160168709 
0.06743904621544289 
0.3196324442658778 
-0.06464407690592239 
0.1772622066847649 
0.09757937733801762 
0.0320938060458922 
-0.3099901568239211 
0.02068802941501182 
0.2863136802327463 
0.2892513756068774 
0.271541003559028 
0.9779995899363212 
0.06630470268718291 
-0.09300943982810229 
0.07712668494128268 
0.2074865951718736 
-0.1616419403441602 
0.191147239960194 
0.2095552717382879 
0.07701796845172451 
0.105459099083641 
-0.04328564145557314 
0.02250065426957147 
-0.1182431234697069 
0.1474747110625463 
0.1295408074438953 
-0.5760869084620428 
0.5143907260425142 
0.02037754434255643 
-0.04096073265083622 
0.01994775982846051 
0.4127917436047797 
0.3465783576253615 
0.05914450667897726 
-0.579896655718086 
1.043893809086454 
0.1048975585638978 
0.3566259017563297 
0.00288795893220293 
0.02450800876502286 
0.1723537454660421 
0.07292694488301536 
0.3577006511331102 
-0.2010626445209648 
1.178507018583446 
0.1628090190171624 
0.3397278914975453 
0.1530696843861817 
0.2609681667806438 
0.4983251109877224 
0.6105292091042459 
0.3925931005887816 
0.4689531810868805 
-1.608552961747518 
0.02939395907429993 
0.4805178641579289 
0.2698575740629469 
0.01634785631937311 
-0.4165047222018122 
0.01406445944250701 
0.08884293761146976 
-0.1146870610323344 
0.07738897292214145 
0.1227150577926603 
0.899758655877791 
0.4784938709588576 
0.2589956779191644 
0.04593352595567551 
-0.00203551911158908 
-0.3554870708770289 
0.2974775223057183 
0.1416804930058775 
-0.5113867203243259 
0.1612255860971524 
0.01380553895763179 
0.06887169409208012 
0.01215613391302259 
0.1397467788985254 
0.07555270582998568 
0.06200579031555208 
0.02933196484005704 
-0.192813694417902 
0.01010381548917661 
0.609626196539795 
0.2066280900278682 
0.8823948105832308 
0.03145392150048133 
0.04694570710015953 
0.4487405720446148 
0.02318375262284117 
0.853830618055988 
-0.006527377387834504 
0.07511005087023434 
0.03599193227728788 
0.06371561428237536 
0.8685585921340264 
0.3780339685093822 
0.04107838151539864 
0.2863538103831944 
0.5948477619002907 
0.2086797178093765 
0.6733628671372379 
0.2051680699358452 
0.1547581459310613 
0.02107923071733654 
0.0517773711737482 
0.009379639793001132 
0.7514282555422878 
-1.449633668803114 
-0.1862862194083459 
0.4542572285254478 
1.051726153202264 
0.5573952573276488 
0.02285048572647086 
0.0003211827696611429 
0.03590337647986757 
0.1018040214476361 
0.3689912055526338 
0.0719044724236458 
0.3525742008191913 
0.07633971856749526 
0.3221021169123613 
0.5184419264663963 
0.1550809657883854 
0.4871764220667867 
-0.01641429119642487 
0.4839846991570186 
-0.2869881963447539 
0.03869497628166031 
0.1665241851545753 
0.1195076720721899 
0.3658696736233133 
0.118172447651162 
-0.1397831771381591 
0.1182803424569423 
0.02047954875132236 
0.03810522448166857 
0.2555290152211851 
0.04115304828633125 
0.1208417575859753 
0.2454793903610839 
0.4450344874921702 
0.3300511987393516 
0.01356376403804322 
0.005176830783951059 
0.2081533863417568 
0.1802822836064956 
0.0667109703684939 
0.2469483924321181 
0.002818493336185288 
0.02571338210998892 
0.2841973549101078 
0.1935152317242018 
-0.06717385658415863 
0.3579410921392868 
0.2420776283000123 
-0.08580013954140595 
0.2196903085394308 
-0.1841885850632909 
0.6708012110090825 
-0.01625619666775731 
0.2352342733001137 
0.01327335878581461 
-0.04604135342993929 
-0.2502966911244008 
0.3139737457808529 
0.3773687851090241 
0.2955948322080916 
0.6416201988730683 
0.3313748763172454 
0.03168499065089741 
0.5510958260619907 
0.8804515002954746 
0.09944181750330811 
0.7903863530373888 
0.4460143199690763 
-0.1027741356581614 
0.3475381981491084 
0.2184674033630837 
0.1499292262921818 
-0.01835905093221588 
0.2006780663532134 
0.06176422988952558 
0.0880147092905154 
0.03733213790587189 
0.1291899362066688 
0.623541075146218 
-1.738238104047465 
0.08565173492265606 
0.05469059597385147 
0.09693168740328732 
0.004011482739507983 
0.4450901250713586 
-0.02713404070694214 
-0.01672732606554472 
0.0809008552587166 
0.4144398895493404 
0.2918679694018588 
0.08312443867850285 
0.01399594682327962 
0.1262863832654181 
0.8518594497397016 
-0.7947031332345497 
0.1406382050755998 
0.2158281984191755 
-0.4787706736674072 
0.8226937710432209 
0.5112430974405455 
0.08729679140717794 
0.02126068569358101 
0.05864667788637174 
0.3505812630567681 
-0.4682295217553541 
1.412202838338878 
-0.01702341686353502 
-0.141787860527102 
0.07438555995703405 
0.1232827072309734 
0.1663923000262878 
0.3531672782614856 
0.09883793006918744 
0.1919039270490228 
0.006462123493180632 
0.2110704430719592 
0.3246780119816934 
0.5933011655604322 
0.02295900620884155 
-0.02418740713590768 
0.07085239767180176 
0.006304574349150232 
-0.05473679054654054 
-0.3377634665827868 
0.04941710492715112 
0.1526586699048003 
0.02416814726098138 
0.0411474593158011 
0.07538360755890243 
0.0645824019288993 
0.417587599060538 
0.3724093699842023 
0.03427668261446393 
-0.03220071438407467 
0.1452500322151395 
0 
0.3478198198016086 
0.1708707700340009 
0.1762551608411445 
0.003031187183604333 
0.064204854598996 
-0.1979685769722194 
0.0358680256836918 
0.233762202497639 
-0.04336258598906438 
0.131014237144794 
0.08849686853348213 
0.0186497326923041 
-0.4184079663737676 
0.02804244182541208 
0.1098402056265807 
0.06617907404402851 
0.6761906147341205 
0.4636882085322774 
0.2217685950859682 
0.3819472406944863 
0.2431994968872636 
0.006374367105387965 
0.1339497427994107 
0.3135503016675122 
0.3740602970232639 
0.3622329341894932 
0.7540749575773761 
0.1514739314445934 
0.03262690865217924 
-0.0444790881152323 
0.1893794236422262 
0.7856666302177309 
0.3385524804511856 
-0.2460497622218579 
0.4944963976279364 
0.6764733935450514 
-0.1490375933994959 
0.2945982488454471 
0.759741016077358 
0.09727414610240726 
0.7998906507492458 
-0.02581442257348546 
0.9241861951968652 
0.1299351011436782 
-0.1130967542507214 
0.1367129682679038 
-0.008774242042642794 
0.1836168522060826 
0.1284859651736152 
0.3784525519861768 
0.1627965575108364 
0.1639938543913843 
0.007504568326569209 
0.3696089079988377 
0.5266875147050544 
-0.0431553197645678 
0.0251796860104448 
-0.007775413327230444 
0.9125996924545702 
0.3112938131408039 
0.1257304505038073 
-0.07265234141497512 
0.1578095769045745 
0.9057493445548011 
0.1860396764622491 
0.2094878957991012 
0.1556182451689767 
0.06032355810252665 
0.1595277270722263 
0.02469352864853831 
-0.4646029878330948 
0.1811704341308818 
-0.03422639009039256 
0.08617614694973992 
-0.08360014129780916 
0.9388049350454497 
0.2920731021412379 
0.2730026056302676 
0.8142703014659028 
0.0003356880416289062 
-0.3489156140315031 
0 
0.01278449762305032 
1.107140058442097 
0.1408173061442677 
0.08710967902757627 
0.3581648620726003 
0.2368622216600905 
0.3424021047847763 
-0.03587336287608731 
0.3184207918570457 
0.09603111513735151 
0.03647106239400239 
0.568493085893891 
0.2131219573609459 
-2.169070715152324 
0.06664618361615585 
-1.721277289191055 
-0.2783347744367592 
0.001165345910529072 
0.0001680167280396433 
0.4542257116516052 
0.1442372337590948 
-0.06747514624005632 
0.09788841663526426 
0.009473436850332541 
0.3927770864268233 
-0.3721482527697988 
0.1679775809187266 
0.306694311179222 
0 
0.08526382549718527 
0.3196502968481113 
0.1416675240360793 
0.05099939506600063 
0.4595974021958372 
0 
0.02367018436749456 
0.07702097282280315 
0.3378460376965293 
0.6034693643055609 
0.05489551801098723 
0.158702259810683 
0.07469559288900122 
0.1737400480856895 
-0.1271952876432157 
1.099430252578506 
-0.1188109644186622 
0.127401070277665 
0.4489201578344512 
0.1753949825245403 
0.01031729344624964 
0.06069984617261223 
0.1453746610240978 
0.06271623312639382 
0.1005097515103502 
-0.009229418564608419 
0.8795058467131475 
0.03844842475714287 
0.0266712558340362 
0.01608025918705142 
0.5875155676897066 
-0.01615137092972881 
-1.281886025260165 
0.3409491849411693 
0.3124507641863341 
-0.01011138362114433 
-0.03321417077898678 
0.2884612503937678 
0.1009966813605777 
0.4110695892232635 
-0.03166431943104032 
0.006770049617672992 
0.04012186379115935 
-0.05383107711406289 
0.06878646051706551 
0.1440558081859187 
0.314317571589753 
0.1069127924389717 
-0.469049378913819 
0.002800739691075547 
0.3827262484125938 
0.05083654554556569 
-0.2989525435099262 
0.3430279269284776 
0.7207333139894987 
0.09342952834823659 
0.2355239951947441 
-1.25754969441436 
0.06563971391650218 
0.1561098486222113 
0.5380087465599054 
0.01036655555073994 
0.09865203003398147 
0.1179550219149703 
0.1837964924983728 
0.03138860831136168 
0.358805513262219 
0.9029267140932942 
0.01441147622212655 
0.4464478770745448 
0.7180311281267205 
0.5517850317978197 
0.007172840768451203 
-0.008106635590941567 
0.07603800743337787 
0.3976362960217972 
0.3889324199897628 
-0.001444370227892047 
0.8704082953940859 
0.05901372602870379 
0.2765170490447029 
0.06178963244382271 
0.5826360221490431 
-1.704973778563626 
0 
-0.1445794833915966 
0.006371672679775009 
0.1772057669182202 
0.01670658479845251 
0.3333713443083957 
0 
-0.3534559546144452 
-0.1213423868355902 
0.06294478264238075 
0.6653977016375953 
0.4491143954641049 
0.1554320622099453 
-0.04083793604707838 
0.02293003874300205 
0.1642188405448962 
0.151570155406242 
0.3590207579105026 
0.09169842983165929 
0.4132419234835067 
0.6040026872784844 
0.302144771882294 
-0.09471349782301075 
-0.003163181032588445 
0.08625704844949338 
-0.001868617028525143 
0.2691028449501804 
0.0202600410284061 
0.07643719071542185 
0.2464399694597345 
0.7137744157621942 
0.02864374542958927 
0.1314339518831773 
0.50882216042742 
0.005956555896185754 
0 
-1.639801139324521 
0.5563177042252715 
0.04196289607108994 
0.05448734700226054 
0.03225313902105224 
0.1992517036208057 
-0.004864204610338606 
0.4019889154103973 
-0.1033941372943823 
-0.1824851227804634 
0.191325592493043 
0.06383460658984354 
0.03472569800761641 
0.260261089888917 
0.01003264697015884 
0.04879605892379182 
0.1242072431303108 
0.4038389022749335 
0.3290116498330391 
0.3061459699939273 
0.02417673809361113 
0.1199731952787542 
0.4484738047483011 
0.004347562575965213 
-0.1800583454626328 
-0.1648478089532416 
0.01407570840313397 
0.07248075426283392 
0.1169037954336753 
-0.02043571895833047 
0.04777355143584699 
-0.07893371315191643 
0.008748235339147462 
-0.974112214091849 
0.004529761366634352 
0.3374789606540911 
0.1473998222659038 
0.2452863207103119 
0.4084863159204974 
0.1214975660808509 
0.2594268951353598 
0.5859737653526025 
0.3378692183821704 
0.001067009347650614 
0.2859964692163942 
0.6916255700324522 
0.2146864803496287 
0.6850915866571402 
0.09781386499274572 
0.3210502803630817 
0.1923639712006776 
0.03057632249292607 
0.2030807393884651 
0.7498076539917773 
0.1804262717027715 
0.001865414215094891 
0.2781144857015053 
0.1247915056018407 
0.1797972853875093 
0.1710250694033385 
-0.07257084854317429 
-0.8165101189380112 
-0.04593575742535972 
-0.02838211074532679 
-0.01782437959969335 
0.08189714792996031 
0 
0.3054062480179092 
0.003140100455392279 
0.6627232246361402 
0.01756821823604809 
0.2273063045479082 
0.2713898565371312 
0.3698190871574066 
0.05961709983446068 
0.1269813877523578 
0.130038473987205 
-0.03394015225004267 
0.5402430347508662 
0.3871088279451381 
0.2771662051791481 
0.01616994381883619 
0.1909449950450535 
0.008046097631331354 
0.865614671291542 
0.02534179002175197 
0.03999658995859488 
-0.05106876334310542 
0.1735725372474585 
0.1373813389904472 
0.09076767667870021 
-0.002915794679699512 
0.9434139425641652 
0.4823498016057909 
0.02718437262680504 
0.4027940654021188 
0.04161423212434752 
-0.02851439298625282 
0.13316704717181 
0.4644121382788648 
0.3070647433466627 
-0.07323523756107209 
0.957350916975174 
0.380728477894492 
0.01659592063269103 
0 
0.1068997954771842 
0 
0.01884281185555075 
0.3213923611249276 
0.03770561177034557 
0.2740508318771044 
0.2102406223651904 
-0.07998614687697249 
-0.4174699523643688 
0.4767776561151282 
0.4722398552244402 
0.1551626284569323 
0.1835234611917602 
0.06480868329602289 
0.03148934689942636 
0.4631798820192983 
-0.01119386082489319 
0.07681928587564951 
-0.03326945594335589 
0.6435949797977436 
1.175224363863 
0.08906376393404841 
0.161783429676148 
0.1752658666781154 
0.003192576737153199 
0.2158068162615843 
0.0221649484444488 
-0.6592375122612293 
0.02505843630106256 
-0.03865992375595435 
0.6409425042735492 
0.304704891659538 
0.4080382067768236 
0.4230487675412681 
0.2805098877024796 
0.07822037038132942 
0.2294518189339036 
0.003013575693087786 
0 
0.7896034131734825 
0.3182374247334817 
0.09040058565371481 
0.1818265621768514 
0.5049480897550479 
0.01894180184590234 
0.09775471651794951 
-0.02350127220794447 
0.3544965853616414 
0.03908264328029395 
0.1243748401198576 
-0.3018419811453273 
0.06889392216375766 
0.02580195115701664 
-0.05828240418698448 
0.05761689432003452 
0.3761757365589097 
-0.2306842293678943 
0 
0.1197122340074537 
0.2456527437412767 
0.01828435387744316 
0.4649058271275955 
0.4028144535361878 
0.02932649345769208 
0.1863599246461733 
0.4374658149819052 
0.1757478637084757 
0.0297504772489645 
0.003013884833151501 
0.08288719306069947 
0 
0.06696941250968066 
0.09991356978231675 
0.1505567920733083 
0.1322591093575052 
0.5869439621911776 
0.151741401054292 
0.2031249474394672 
0.633738959082655 
0.2901947440472725 
0.5412580527151785 
0.1925618160489939 
0.3443794295527213 
0.4951831378747802 
-0.0004741433285247006 
0 
0.07528313712884399 
0.5778266514012814 
0.5310679417424007 
0.7631625846112904 
-0.03496656466776964 
0.04087524123530655 
0.2894272092335123 
0.5125862395220215 
0.1056976840446579 
0 
0.2720094774035619 
0.04869705352149508 
0.001471763301341977 
0.09995117618255142 
0.6814962347742676 
0.1163667639899729 
0.03345358565694119 
0.04916910013290014 
-0.6230018550060789 
0.1106141174342074 
0.004988952149610749 
0 
0.3411312134039754 
0.3065845206707313 
0.1348311335660959 
0.01012302311391655 
0.02950263411090202 
0.009626126543755343 
0.545592169590018 
0.3149246751974699 
0.02205113733465556 
0.1741481140659254 
0.09059667513602508 
0 
-1.482199073169145 
0.03600852835795775 
0.3013248401894673 
0.0003830994712920627 
0.3018743531426263 
-0.01265447327044677 
0.02258395703533347 
0.06774648199958251 
0.3349318633907808 
0.02225080873841969 
-0.2004898795141178 
0.224228528875646 
0.0489099798323729 
0.2426747259013554 
0.3151390368523739 
-0.09274895078307285 
0.09109827510702326 
0.01699921985407584 
0.3937879914050915 
0.01048441437698025 
0.1205422391282255 
0.3885797049706431 
0.4271590972529927 
0.4047496881586007 
0.01060661345039338 
-0.01342801140112774 
0.3811881195341955 
-0.02117947623130653 
-0.01705651119853897 
0.5339065670607531 
0.4884158625340926 
0 
0.05555896319643176 
0.5382537865481675 
0 
0.4293535547899385 
0.01733897635193566 
0.8759833480523154 
0.2588566337478404 
0.05257186572883919 
0.06792016508389445 
0.04251517533795175 
-0.03458847265225732 
0.5996177864828122 
0 
-0.6434538492702206 
0.3609339400861786 
0.00176778809084729 
0.1743646561180328 
0.2353703043908654 
-0.1810747796690876 
0.136875334160907 
0.1662362496142696 
0.7203882962752345 
0.5137102192021527 
0.1573344737493532 
0.5722771980517469 
0.2385012022162233 
0.1270719614570008 
0.7698144683906288 
0.04218595167838519 
-0.009059493599942847 
-0.2096249980008448 
0.009819371223635652 
0.05515453321462613 
-0.02272144350041736 
0.03578282152482494 
-0.09833266558361456 
0.1828076053640408 
0.07124985155953975 
0.040301323082881 
0.2660267035662263 
0.0247093164778824 
0.08472195467094336 
0.1834612601273679 
0.2926531908022855 
0.08725535192905506 
-0.2510051259176228 
0.1195195879789541 
-1.334033989731011 
0.09984758938957129 
0.2471784913550254 
0.03086660912677452 
0.2565607065178649 
0.0337711347348577 
0 
0.9219835120500171 
0.05185483039549498 
0.01046956725010185 
0.1897002487560229 
0.1149864555684971 
0.1388947257577343 
0.3832649980858472 
-0.03217861893774065 
0.01515569511413005 
0.04978734545459389 
0.1679027852849486 
-0.04988165609771494 
0.03834295589063923 
0.1611889313682656 
-0.001565675979644644 
0.0008608194936444528 
-0.7709667778332422 
0.09524383616233167 
0.02331637509473977 
0.318780267598365 
0.2760395514790585 
0.05189637358197892 
0.001666383698061527 
0.09759229979868272 
0.371149652839736 
0.008651860421896834 
0.02449069932872227 
1.294688681921516 
0.008432635329472037 
0.06950914703774114 
0.1023919273622827 
0.201407875662364 
0.2964022856433463 
0.08702443388575089 
0.4169712053958259 
0.2820207561815917 
0.1504008802464563 
0.08514184793494799 
0.4010266108496033 
0 
0.2764580156953912 
0.2978803560297649 
0.09548420066226067 
0.01354917438042688 
0.09958188015402399 
0.01030000848108007 
0.09792448845425611 
-0.1187719288308826 
0.007655072950033348 
0.5215718189645748 
0.1406932045642503 
0.03872212979821249 
0.2001132984518842 
0.1615124846970588 
0.05669162530681403 
0.2079000525335032 
0.02146262022641575 
-0.2246943870049579 
0.1739604810104256 
0.05520942434773072 
0.02481482008347435 
0.3343254033112754 
0.1355837141877265 
0.005900020393023816 
0 
0.2046108581779151 
-0.1632785122624723 
0.03748539774098173 
0.3543772944507875 
0.02644009133392561 
0.1664930856705174 
-0.05375981793320223 
0.3073277571201106 
0.000458619066558508 
-0.008535531720613509 
1.233154833469004 
0.06564475962509769 
0.359740532691007 
0.1738795340453669 
0.05307392681115088 
-0.02010884442193446 
0 
0.2956566185321858 
0.00260596604555869 
0.3141276085077113 
0.02836519366487442 
0.205876553182993 
0.001039752413391405 
0.4217264275975635 
0.2113486803257284 
0.6881405166946445 
0.4381290979005437 
-0.05994412347673297 
0.2344914178157219 
0.614219375158779 
1.135529943433685 
0.1172235074277911 
0.1026436740398137 
0.6491108534291228 
0.2258225605619766 
0.1574234573683256 
0.2014969725367207 
0.03745158648132709 
0.08122093063139348 
0.3185757510397084 
0.3596206388789606 
0.1936581524330059 
0.1895236274002776 
0.2370745671812504 
0.2597000602336954 
0.09057998416429082 
-0.07060030610887916 
0.3119621616551149 
0.3171668230786643 
0.3637334387482827 
-0.1262550635404434 
0 
0.04146719109492518 
0.009813125967329793 
0.01655950139667755 
0.9431695262294966 
-0.01946318304477019 
0 
0.1825698559594975 
0.4792322859990198 
0.03362002350664258 
0.02150061356664041 
0.05945120992246303 
-0.04088731573574704 
0.2860508325325223 
0.2068048050144094 
0.263483081204302 
0.2399029227450981 
0.9210870785131441 
0 
0.01826167231728185 
-0.01372078693086131 
0.002291928553987904 
-0.04121108102017122 
0.2378491794919176 
0.01581753300260986 
0.1401530620387758 
-0.192131108730543 
0.3071864583602286 
-0.6882684107462175 
0.1378149897609358 
0.08533106755511888 
0.003656998879489072 
0.09863380366266064 
0.2590929217907856 
0.002917884534190423 
0.105514871318876 
0.2136982846893563 
0.1005037385938266 
0 
-0.04589944408680895 
0.3338466325653929 
0.01134667293828678 
0.01758455597646381 
-0.1440657759654737 
0.2825768872300591 
0.1461515752416751 
0.2710925256619645 
0.1068885399009796 
0.08676843284643687 
0.6331410795574102 
0.1019930958270618 
0 
0.05240286607349419 
0.4460998008491115 
0.1767825912509872 
0.00783038794641161 
0.002802231057600943 
0.05597482965973474 
0.003780469938249283 
0.003279257662402599 
0.07632342955541772 
0.222260798158015 
0 
0.1708305558983677 
0.03234401782272248 
0.2911770163267165 
0.4141106702267155 
0.2375683478811935 
0.1441509921172323 
0.003463471821804974 
0.07732352355617855 
0.05134183807071124 
0.02726875552275632 
0.1931286097643276 
0.2102785639402448 
0.4515623740744594 
0.2112125621535306 
0.006332597524751051 
-1.247582328752284 
0.006122049364190306 
0.03442567886978973 
0.9895909801242615 
0.08993798498555906 
0.07019080692336047 
0.718421652715043 
0.3480797977322403 
0.5125539282949745 
0.02470059771013437 
0.2322706919348993 
0.1084666656339829 
0.04672464630011032 
0.1821096262105387 
0.4813186860700202 
0.2989183830460573 
0.2202979110161215 
0 
0.1206036152715193 
0.05967707962771807 
0 
-0.2445750552567262 
0.03812894703747616 
0.1536911950683372 
0.1835649011928686 
0.3572577555196613 
0.02414284966098271 
0.01258661479389257 
0 
0.1994464694517513 
0.1538628205175731 
0.05931894722592936 
0.00896243979545369 
0.03060131060050872 
0.01870934594936767 
-0.9822749639866255 
-0.06278527512902485 
0.03810678042871259 
0.08408498560986179 
0.1587418066937407 
0.05241271192291754 
-0.03022727235607751 
0 
0.1025577063723833 
0.06175102707047371 
0.2134414595188188 
-0.1135715516496105 
0.2159744775673223 
0.02579564733292644 
-0.01213512752199526 
0.1870083591977645 
0.1660899442622139 
0 
0.2235357017928 
0.1446323443472023 
0.02924733073513628 
0.4370542794884325 
0.06793217205582815 
0.01027353072866896 
0.04094972411977993 
0.2408904622719959 
0.4253040649345229 
0 
0.02200966184290851 
0.6787079779514313 
0.002643374589912248 
0.2656266771489679 
0.002614450201642089 
0.3492194696335434 
0.01882246905716887 
0.1262554241503236 
0.3562138334152847 
0.157295619109963 
0.0583189871010418 
0.06985012643165137 
-0.3493632551770323 
0.3734423162334686 
0.2728932368683159 
0.4260672308817605 
0.4013108940402451 
-0.259660622598692 
0.03181485656325826 
-0.1818070745507767 
0.02969750447049527 
0.3538505474021561 
0.3016143931729927 
0.1092311746846285 
-0.07213527051393784 
0.478479016353258 
0.02076815289432383 
0.2268071753959374 
0.007014049431115433 
0.01007701680941919 
0 
0.2960024094794584 
0.02405018120266206 
-0.08215719952207111 
0.2896790846112736 
-0.06827855369502832 
0 
0.1931892012301413 
-0.4729553296236874 
0.1730759570458638 
0.1900843465818919 
0.1655482266563855 
0.08963317558917766 
0.03401521597814725 
0.2969179261605037 
0.1159198830950803 
0.007898219125003691 
-0.6080370166624534 
0.05381466911434914 
0.05183725299805371 
0.04400314641641635 
0.006385685800409166 
0.01926066127216003 
0.3565191539322812 
0.1090688210867971 
-0.07216753237623366 
-0.07544306968839365 
0.05920800658832282 
0.1128366809769561 
0.04658525723804307 
0.4096560042276684 
0.02346504694414193 
0.4205549569502962 
0 
0.04074532585833093 
0.4378088855478657 
0.2423013063411819 
0.4254734981772731 
0.5127188423745519 
0.3377173812819413 
0.002326193822649647 
0.09030284865354078 
0.2055665373664426 
0.1602398379281011 
0.1281654475366997 
0 
0.0002836136112760901 
0.2372345005213914 
0.8093282908064202 
0.04071588943315354 
0.4889254294711876 
0.1001792379038056 
0.1983084246380677 
0.1347979805889349 
0.01672007433025366 
0.1946943572170243 
0.1397932223666912 
0.02347189083808573 
0.02025654687497445 
0.3431592621297538 
0.04898221523034296 
0.05328566654774951 
0.1626996018379165 
0.07059763856858946 
0.001509299968598585 
0.05511906687971763 
0 
0 
0.4029338454355348 
0.6185581536852454 
0.5197249852919967 
0.003469522401370377 
0.02895289711238206 
0.003816115242723138 
0.08064335039609488 
0 
-0.1107362214320597 
0.1835579414118031 
-0.003101749840326938 
0.09338171742726176 
0.03019066220720601 
0.1369358513979134 
4.876690223701923e-05 
0 
0.1176982851955776 
0.2106134329251249 
0.03286124128681621 
0.2050086757741158 
0.1551696511081832 
0.01795013566380472 
0.1342491879574925 
0.04104481878336079 
0.3377679764644002 
0.1097484063993897 
0.08874680146811459 
0.09039585811725345 
-0.03142804988860476 
0.1194711486829631 
0.4913871127086689 
0.03985123989619252 
0 
0.06408503626802428 
0.2471012788125929 
0.02620282356956189 
0.1423428886392834 
0.2463277077061402 
0 
0.05214793654889383 
-0.1218009231155904 
0.2131309872777978 
-0.003444275142569404 
0.0809478889891953 
0.2217063083773203 
0 
-0.006947934233556601 
0.03333266810286646 
-0.07572075308872508 
0.07773133146499545 
-0.06617182511034134 
0.1240749070212604 
0.02785509160533861 
0.1170014456423653 
0 
0.1156416543879256 
0.03859507037386221 
0 
0 
0.03181914784528483 
0.2909977244547999 
0.3287256725566992 
0.03432011074528427 
0.1946249964863175 
-0.01736412434250499 
0 
-0.3114465160839731 
0.4165997814889226 
0 
0.1762531297304371 
0.1976424018642436 
0.04412254849135172 
0.2342241070929342 
0.00854889429167484 
0.02626716479542639 
0.005419189971152739 
0.06947915413679437 
0.2702274276175347 
0.01994084907781646 
0.1742972901517958 
0.1079726663656254 
0.1148295110625752 
0.5086621410218924 
0.3986579496258269 
0.1162576788796185 
-0.09749477417941044 
-0.01252156039394277 
0.1530872339174578 
0.04146674612615155 
0.136886452294058 
0.1498786591406414 
0.1138987747853751 
0.1850322640517842 
0.06084101366171198 
0.3932703080154715 
0.2983541425069913 
0.03067251908461457 
0.05697545657851231 
0 
-0.0006389968303440595 
0.008116141597829992 
0.0318695408160048 
0.3830182926354678 
5.120513281474455e-05 
0.01357486099116212 
0.1786881886629186 
-0.008013847089634856 
0.4083234802065865 
0.2200355064138075 
0 
0.03147720436997353 
0.1766629901022098 
0.1443261176366931 
0.00961907043959398 
0.07089962787398878 
0.09124440319597144 
0.08399086050952685 
0.1285592070391691 
0.04245220497996856 
-0.04741398277441114 
0.8915787767638297 
0.06732797958666258 
0.09189221096714151 
0.05472830301553484 
0.01563634175032924 
0.03393185800203213 
0.05204095663304895 
-0.008938092002453513 
0.013585504933427 
0.07304007938140127 
0.115110680785717 
0.05866767959834616 
0.00395642839026398 
0.5586054695444295 
0.0613849630265232 
4.954216482863131e-05 
0.34358477438558 
0.05975656708166618 
0 
0.1239116727784039 
0.1206439423699115 
-0.4365844101491065 
0.1880110030630208 
0.02576166617816817 
0.07007673223072901 
-0.03430182698586154 
-1.154815380814255e-05 
-0.04646803078365767 
-0.1222206593051377 
-0.07156933632176196 
0.09527547979548824 
0.005994808567138814 
0.01365474270337382 
0.01645039502503383 
0.2075414795574058 
0.1361640804227717 
0.01017044533125489 
0.04697575720624775 
0.53878467149771 
0.01652925913288412 
0.04063658071411725 
0.07827297228652202 
-0.1077559716696386 
0.09567667399719518 
-0.1392492304606336 
-0.03249961999467897 
0 
0.1955621862661146 
-0.05365107129794017 
0.01747101879337887 
-0.4040928800314585 
0.02240352992273083 
0.408923304304764 
0.2287668384987847 
0.1006848797683257 
0.1825087686015221 
0.1936606335023109 
0 
0.5468294107087159 
0.2506393891662205 
0.8689215360335141 
-0.06886984592919439 
0.0283731709319592 
0.1667074778224377 
0.5933607309090639 
-0.1020521774088868 
0.01047966709706158 
0.1128599385786024 
0.1788253119917523 
0.01301439802592047 
0.171667937064045 
-0.08697283430567612 
0.3695987303211248 
0.044889046371008 
-0.01904763272789852 
0.2859803643761655 
0.08390075585484319 
0.001586185269738336 
0.0632419526950152 
0.06672159216264158 
0.7526472688895767 
0.05930584842528104 
0.2756936908646624 
-0.005413981957493052 
0.006682687291609798 
0.02374910520388975 
-0.1341876426293709 
0.1628653424912214 
0 
-0.02164699277724655 
0.2223350673927716 
0 
0.08588607287249085 
0.1171578388578853 
-0.3221924827022142 
0.04411606422173509 
0.09672299080488371 
0.001067513424314584 
0 
-0.03567970694828555 
0.02674563767917889 
0.03086608542922912 
0.08665618734336401 
-0.1475168708780571 
0.1377488636582045 
0.06156496223444655 
0.05250769348672768 
0 
0.06261297903416134 
0.003189486695796827 
0.1858267004659353 
0.1118180223923713 
0.0792462298322489 
0 
0.00344164124794797 
0.08404084790083394 
-0.01956991517654627 
0.04403318969983049 
0.6139935365110968 
0.07894514069327127 
0.2945436100708587 
0.01371970749266815 
0.1205846628581935 
-0.02225733771337861 
0.3171513990466326 
0.2035056456357903 
0.2865708611192068 
0.002356934857514512 
0 
0 
0 
0.01584765718038352 
0.1903212459347791 
0.3255114250464919 
0.2142493952494643 
-0.1834486351665486 
0.4575658923468345 
0.2610908147239933 
0.5095966022646861 
0.3237814686950093 
0 
0.09974464297071926 
0 
-0.06404924515389705 
0.1633874852171279 
0.06049690825975602 
0.02212045098864187 
-0.1826405076935392 
0.0637497635085066 
0.1391744948729265 
0.1190252119063963 
0.4136919063123433 
0.2167818259788795 
0.1934656491473874 
0.02182170111859762 
0.4153713639046606 
0.03416712077592316 
0.08279634209798009 
0.3169046553901507 
0.1820979548538219 
-0.02241793632383892 
0.02986985498521861 
0.0388654823699346 
0.1778128048384802 
0.1605408148567678 
0.1132424858365736 
0.0713351020924574 
0.06143741071715234 
0.05605515912906107 
-0.3757354115837037 
0.07352278441073824 
0.2835300420036885 
0.4103206346762021 
0.1779764315603589 
0 
0 
-0.003584366202586929 
-0.2802087611389108 
0.05590007227635103 
0.380937020014426 
0.1254179789521824 
-0.0957925657864243 
0.1683473223826555 
0.02334708962577236 
0.0006622881055197627 
0.6557208728998176 
0.03751912181990607 
0.1117018615250246 
-0.1583479148511861 
0.3964329823823433 
0.04038207610213436 
0.03691403551925984 
-0.3001958857637452 
-0.03702056742231633 
0.06961877921536105 
0.02531670152930668 
-0.2206996239842586 
0.03369948417091845 
0.07021286310790033 
0.7622854357412071 
0.2368593326721447 
0.227014498668639 
0.08418352386169781 
0.05656231700619921 
0.1870888610513232 
0.004139246186634925 
-1.02292160375124 
-0.1262577549337706 
0.3888135793214216 
0.3896365694944802 
0.5737858386899248 
0.7449312585019633 
0.2201893714678239 
-0.02767721644642277 
0.5856864692677273 
0.09243537477386114 
0 
0.1927268080791677 
0.01206256284439412 
0.2340379212921562 
-0.2270868881808956 
0.03598340342076261 
0.06827146865060801 
0.3279896377303759 
0.001971044179607597 
-0.0523408938187563 
0 
0.2817849767368777 
0.3951739422397437 
0.06455997210923059 
0.3978537782222998 
0 
0 
0.1996694805023937 
0 
0.03470865143671328 
0.5916821132776784 
0.08337390039013698 
0.14311802522375 
0.3905311420226726 
-0.02583211077415738 
0.4860786483275614 
0.2583907156769356 
0.003432831794737362 
0.002456410350249069 
0.06873152595643478 
0.03373418247111541 
0.1732603118367681 
0.1121443283054833 
0.2560219979095245 
0.008026769303811456 
0.4552096394768629 
0.08965655843173397 
0 
0.2097435877170704 
0 
-0.153618197480905 
0.04662955806173314 
0.2094246405817731 
0.03666748753923038 
-0.6899902592753211 
0.7270751137935876 
0.108441131344367 
0 
0.1033095187432671 
-0.6898530568659738 
0.1759848744048155 
0.001070269613595508 
0.07453738766150098 
0 
0.1875649213919016 
-0.1107218985774814 
0.04142992208550909 
0.06036461464209422 
0.0183632421673661 
0.1115290613611453 
0 
0.04671998973774804 
-0.04125560325644292 
0.1170557336279443 
0 
0 
0.1119420645314676 
0.08970285164202932 
0.02809801930650821 
-0.008732227897964531 
0.1890191813257842 
0.2761186012423614 
0.01557153331013775 
0.4067228538806117 
0.03626517402517362 
0.5954043047172903 
0.390464586539966 
-0.05112198842639906 
-0.3444274898584893 
0.02861943463662682 
0.01794319327766557 
0.01073729875535098 
0.1516277238434413 
0.07884575537608532 
0.01761285390381143 
0.0404763966415403 
0 
0.1119004264323675 
0.006399722506590993 
0.02216958718200154 
0.4250077523449284 
0 
0.09745080833462941 
0.3159710266493123 
-0.2017973820647168 
0.02742175755943559 
0.02658547693888179 
0.3472179713170985 
0.03877667084370011 
-0.02270330570721104 
-0.09913156629093704 
0.0521898299036901 
0.04652515698085892 
0.0143185308384043 
0.1997000790362835 
0.0008261906071364673 
0.005639424964131819 
0.4568365200223935 
0.1853976946701281 
0.01048328848113157 
-0.01446791129504763 
0.8609327886560627 
0.004510488161228907 
0.09261584933679773 
-0.0225573182500922 
0 
0.1755668119387953 
0.1967409171776873 
0.04283149393032259 
0 
0.3184696212579398 
0.07668856652107602 
0.01181236263829939 
0 
0.4771218489831013 
0.09803682584858216 
0.002541777287207449 
0.2143095479923874 
0.01505785881280253 
0.6081340679018181 
0.1128592668551675 
0.01155244119861786 
0.5497351653307337 
0.003823177435460116 
0.186922926648032 
0.09356565286545722 
0.04917949349654483 
0 
-0.06605590263461936 
0.2660524850007984 
0.06217250217405267 
-0.8364865600681766 
0.06780585107920573 
0.1126406529176625 
0.1296119469090753 
0.008778665964125109 
0.1287234509419705 
0.04909298896436663 
0.5627379717041751 
0.05739939431550602 
0.07512752126097168 
0.08317843297966736 
0.009464744673458305 
0.05028772145482131 
0.001634934763641981 
0.1792126507392958 
0.3177283559475242 
0.05736464589634868 
0.0341487619654677 
0.03184240032992443 
0.04972017296135366 
0 
0.01547522723801539 
0.006862303509798448 
0.1303788030194692 
0.0104380214329875 
0.484541581699404 
0.2225983508559604 
0.1283819421380799 
0.03498700631888896 
0.1534601104470907 
-0.02521988443139387 
0.09892191664877131 
0.1101522639442468 
0.3167148022477425 
0.3926928871843503 
0 
0 
-0.6286051297720355 
0.194442102859564 
0.240161156768142 
0.297830084741495 
-0.000831626347237041 
0.3985293686099838 
0.08341005186991991 
-0.07710030627888169 
0 
0.5797596960368598 
0.4752348730618725 
0.4762336568254041 
-0.000425392146840486 
0.04837253799564023 
0.1412425462286343 
0.0900645514359437 
0 
0.2430561288508941 
0.5533677246998229 
0 
0.003387022280680267 
0.1911009529900596 
0.3216840091762279 
0.0005956843400141149 
0.5196300806302083 
0.01124041007241423 
-0.001123516634596783 
-0.1373098978975389 
0.2400233332721342 
0.5282782875688021 
0.2666935918058196 
0.02255370258041005 
0.02363820918661897 
0.4272441654628586 
0.0178777264705556 
0.05862783560081109 
0 
0 
0.8994707878963166 
0.07968169676887468 
0.2124255970176764 
0.3497888284587197 
0.2394596063756332 
0.001514029560220827 
0.2280386755908955 
0.2608723615727643 
0.5215404170791651 
-0.03682230014216088 
0.05956228682494605 
0.5011817108097325 
0.02495976623531154 
0.2108530052771275 
0.4351822146038613 
0 
0.03225272379334377 
0.1079625029821011 
5.150545134385974e-05 
0.03924602383613802 
0.04538325543055026 
0.01875410897607333 
0.1355530180346926 
0.2377141486162368 
0.2308445066556185 
0.3554766814446261 
0.004802084785194619 
0.02208282366382945 
0 
0 
0.3362776050413336 
-0.2177386877465378 
0.1438579473236765 
0.1351105042205734 
0.340031355386124 
0.08899178416218675 
-0.2747320016702275 
0.03586088142121466 
0.3852258297984206 
0.5488216610867654 
0.01269746101662889 
0.8183834473187096 
0.2365468780858574 
0.9060644486807667 
0.09698187078828648 
-0.2102125821498946 
0.06474995193766431 
0.04475584743451506 
0 
0.1796757918203684 
-0.1435488482821955 
0 
0.3126515321693095 
0.286581247668478 
0.07002259329629573 
0.07435073580658064 
0 
0.06347102106884796 
0.004255518332527758 
0.009694426995052668 
0.01017402328579755 
-0.1325826413712771 
-0.2307547138847599 
0.3624348241244569 
0.04032719889133238 
0.02585707503051198 
0.5884072310993522 
0.2555656247631515 
0.03657574779291941 
0.8653713781948511 
-0.0168777785797331 
0.269532388695252 
0.07745535182657981 
0.2043119557837249 
0 
-0.05526081287570089 
0 
-0.002588024073015247 
0 
0.182764249655326 
0.2426560935351398 
-0.04690508901042494 
-1.351813078363191 
0.4309361951130449 
0.1661302300969334 
0.01031314581743466 
-0.004963215051877518 
-0.01247451488917774 
0.5565150259754824 
0.1498218568699387 
0.2168856211834548 
0.2873061421773681 
0 
0.1296679258372427 
-0.03164727066071817 
0.02136432678764832 
0.1345462372459951 
0.1050682375439637 
0.2164467500082765 
0.1070065789314872 
0.003253073534259708 
0 
0.3747406962169779 
0.01047269413383584 
0.05832118831770772 
0 
0.08384637505832998 
0.3966568909099393 
0.4294336042904424 
0 
0.001580479591400025 
0.06087998910325053 
0.3144872029462115 
0.544971692184342 
0.3785576279838931 
0.1052810562408515 
0.02326185417052864 
0 
-0.005422653647224942 
-0.0001229343371373658 
0.6826626824602295 
0.1602366000620765 
0.1207001214070516 
0.1001589244123242 
-0.007721523042947863 
0.05219099037836848 
0.02997304527619176 
0.01165384283198205 
0.2632661954238633 
0 
0.2679683314870914 
0 
0.3261728092213563 
0.01861075054618184 
0.06464280715749632 
0.2746655948711419 
-0.1887132357822692 
-0.01103886833803566 
0.3034580844765248 
0.1205442277554255 
0.1501661090302621 
-0.005195195853425175 
0.03195600823056313 
0.09255593384729292 
0.2414775670723776 
0.07113127381487611 
0.1247306184018754 
0.0108273322254472 
0.03978807727643474 
0.1348417246669382 
0.1355419636354158 
0.1004162132722027 
0 
0.04167346555471612 
0.1385955053248892 
0.02493361123480343 
0.175349362673962 
0.126180445745037 
0.004265539338746091 
0.1836927505467297 
0.6384711344992666 
0.02788274171341688 
0.4218450153130459 
0.1941384217336215 
0.005597556154817799 
0.01162754311520048 
0.07119383784414141 
0.1148338948757686 
0.1754943526762789 
0.04694882461169806 
0.008718191279520966 
0.06615648355723287 
0.004652700286522431 
-0.06365048564178233 
0.03946899112845049 
0.001331268900006225 
0.2551633688101173 
0.04874398642207857 
0.6033431772466813 
0.3886799713497127 
0.6937526879508411 
0.3158355738029845 
0.07827325729765998 
0.1016560452731751 
0.0569742702907423 
0.01178828820903226 
-0.9953614621818272 
0.3840884383718431 
-0.2038390406224965 
0.3348075381338411 
0.008693793747023101 
0.3023028245727072 
0 
0.01699227161093543 
0.0022725720219908 
0.235528919605175 
0.1071213724104582 
0 
-0.1861323463124563 
0.02021775865864725 
0.2186543718781072 
0 
0.05822679479799109 
0 
0.09327202952470076 
0 
0.003309474741542561 
-0.4327650258763142 
0.01457072499435861 
0.1455702749347565 
0.02553440948453911 
0.0002069437725275944 
0.1657462154027349 
0.1565031102322723 
0.00427824919366245 
0 
0 
0 
0.2835020180596577 
0.4128083743567508 
0.516580021839646 
0.2685458818518268 
0.2835325996764325 
0.4793563080802303 
0.07439314858428854 
0.002137729801509669 
0 
0.3371971900114011 
0 
-0.2681315325674227 
0.00778961817918159 
0.3187312202309381 
0 
0.01218981222774491 
-0.2830829593103777 
0.09596055512012007 
0.4152693596313993 
0.1667442250082529 
0.01825608412312653 
0.08333930247653057 
0.1190701481545373 
0.4315911795778582 
0.05498334256391496 
0.1198844977317133 
0 
0 
0.3026953828351843 
0.6361295901603007 
0.1498841874286537 
0.2612838922917775 
0.08788145512158421 
0 
0.2047595049327423 
0.3110695157884829 
0.0002689765340250936 
0.0226782474416313 
0.09444963871618763 
0.1372690056043542 
0.01152083095754409 
0.02997419253005414 
-0.1323193578315232 
0.2808272409481432 
0.06678212094929033 
0 
0.05245242456143418 
-0.005165815586304127 
0.1624964811504578 
0.2050567384726817 
0.1846357156699343 
0.5373419105366247 
0.04205641120965235 
0.1694400198445531 
0 
0.3030990577945368 
0.2273905483867546 
0.01548243013475572 
0.3264636146212904 
2.866720689344269e-05 
0.8011385418862524 
0.06123775799435724 
0 
0.07543326184158511 
0.06436418723386922 
0.8304023788318596 
0 
-0.01872286571591837 
0.2722811193785056 
0.2317846613595642 
0 
0 
0.01284716793060134 
0.1911428923919182 
0 
0.12923515619987 
0.03329250171114852 
0.3466126078067406 
0 
0.06155616496960895 
0.03021132842021561 
0 
0 
0 
0.200717847679041 
0.1823120966721456 
0.06682863061196735 
0.008328163970782804 
0.1156181421868752 
0.2504439580375872 
0.07313175790746804 
0.1465370917401144 
0.2445989209506062 
0.1738292944468067 
0.01188835342129202 
0.1546259478519145 
0.2927232068515429 
0.6021161978276525 
0.3143163760259745 
-0.06848691552929595 
0.1115251497802845 
0.04777330273893285 
0.7183115028746837 
0.03685258256139244 
0.1530012740385999 
0.3180128372817206 
0.01467115225300454 
0.002261280297118 
0.07422841571558557 
0 
0.1746840319281716 
0 
0.02919552180351927 
0.229303712316652 
0.4288665566933964 
0.1962385036380811 
0.02935363245752124 
0.9242743504315544 
0.1228105384935706 
0.09196391915005718 
0 
0.3529794806169267 
0.6835646244711833 
0.06610499153216089 
0.07328671173019861 
-0.01787793916134916 
0.2235368824649751 
0.1689983815197663 
0.1843890068856527 
0.05784044162312754 
-0.04669246316805347 
0.3011222265800724 
-0.01580503837955314 
0 
0.01891544754236415 
0.01390800724353755 
0.001805565565395237 
0.00749923624790693 
-0.01830988264471225 
0.1924503323282972 
0.005227185301067633 
-0.0112568070197221 
0.4417621300365874 
0.3530161081063615 
0.1612775285099325 
-0.3197632603350005 
0.05173730693645757 
0.009067465163650267 
0.009886995120320369 
0.07398324071026624 
-0.008091186007022962 
0.2966100098342366 
-0.04302645886023091 
0.2155833998943171 
0.4365144113922269 
0.3610054450179687 
-0.2399818709385877 
0.7832672557884608 
-0.06446751845016316 
0 
0.2028939696573523 
-0.07582807975944142 
0.208779993729382 
0.02037179556293964 
0.2437091577872644 
0.02162887004991279 
0.131831523980881 
-0.07995849606885615 
0.1109529939052629 
-0.4744405476580392 
0.2616844371679918 
0.4278593821685907 
0.04209893286342024 
0.1409329420730776 
-0.02822801239516904 
0.002763863023499195 
0 
0.07818408007868079 
0.1087644962634317 
0.001578813660727522 
0.08124694291375106 
0.01728083559428143 
0.003650096497387104 
0.003438939474804616 
0.08621546655296523 
0.02981554705805462 
0.1041691661248042 
0.02596181525753201 
0.1461265314965838 
-0.4704557112475557 
0.01920250132069257 
0.0005503908804997684 
0.003514913646778796 
0.1015134854059378 
0 
0 
-0.001594856482184371 
0.05764016873976582 
0.02857085246862671 
0.06436210069151838 
0.5696629362313795 
0 
0.1414274928387292 
0.6227004665343995 
-0.2056561890438484 
-0.03565533288828347 
0.1401090539355488 
0.06216670135826709 
0 
0.028040559744021 
0.0002865245450432966 
-0.1392241034510462 
0.6553512283822853 
0 
0.0283493435100553 
0.1385207953503784 
0.1279826625035841 
-0.05254792189466641 
0.4463179133359629 
-0.5452947424705967 
0.1797654091111139 
0.05948024364414341 
0.1514886500302431 
-0.05920997557273539 
0.008365987133295829 
0.2911946941023099 
0.0557244278946699 
0.7316280407134885 
0 
0.08219894564393646 
5.07742758404733e-05 
0.3182759676374164 
0.5199937514613769 
0.1037032979060103 
0.1810708165552158 
0 
0 
0.09156402993008923 
0 
-0.9073854118871705 
-0.04108997488632134 
0.002939225355866633 
0.2511372953458981 
0.1000883798202033 
0.1730362335337447 
0 
0.1029551848847983 
0.1497732645389376 
0.03014457684787062 
0.04073737992550284 
0.06847974615312877 
0.2646446521838656 
0.1678442649547893 
-0.07894847424568621 
0.07423620687307192 
0 
0.07554271732117443 
0.04372795583507293 
-0.03919856076253798 
0.7028182971167405 
0.0476658402699127 
0.1487195857763951 
0 
0 
0 
0.03575856430806447 
0.165796362698625 
-0.1948620081932899 
0.03986067060684936 
0 
0.5372459290141273 
0.4944314259812533 
0.2982480495518595 
0.2926711483416668 
0.1531657135185519 
0.01819969830788317 
0.08632303447788874 
5.474346488747734e-05 
0.07567656005203091 
0.130305401424639 
0.3469755725452738 
0.4385599601924419 
0.1014134245956602 
0.2295356636674063 
0 
0.006919486804745267 
0.1581246008250524 
0.2737182772147658 
0.01084112496015996 
0 
0.09126330662490864 
0.08791738947204576 
0.05058403994778295 
0.003512691221686718 
0.00374446859031187 
0.1035263513216714 
0.4414074469307048 
0.03298322217710248 
0.1358552619156521 
0.2118112257408406 
0 
0.002325587327727321 
0.08369259254129388 
-0.006551134504891674 
0.06749945975384755 
0.1470331108548437 
0.1278954241582803 
0.01551866510005429 
-0.001262651188439659 
0.2737602242707954 
-0.04231900103539988 
0.1325792130831343 
0 
0.004054809121934162 
0.2198768309871543 
0.1195233035551855 
0 
0.3403007654253936 
0.02802589714894474 
-0.0573323080221886 
0.02241018340565037 
0.01480374688606923 
0 
0.0003560417728217878 
0.1573415944692256 
0 
-0.04735151742601317 
0.1668476120114399 
0.1253885429949278 
0.1882874769439704 
0 
-0.002867714398059396 
0.07514751520649328 
0.005796118751978993 
0.02939705485301892 
-0.05404892970721191 
0.07311896704492077 
0.07338686309931547 
0.01027783831178805 
-0.01861330736477898 
0.1021188913971997 
0.0423963589550363 
0.193655310930249 
0 
0 
-0.01051178176999631 
0.03474636425599803 
0 
0.02532933967597533 
0.1320909753199248 
0.07986179658991094 
0.004529656759219272 
0.05574329173374185 
0.1361706629378519 
0 
0.07609575262622745 
0.1587276618118376 
-0.03434980347609835 
-0.4069091339461572 
0.08068020222576246 
0 
0.03418862791737509 
0 
0.1908106273820619 
0 
0.03742031400686245 
0.07353015403321157 
0.02094647965842145 
0.2688183388783912 
0.05366028584393016 
0.4132406503454075 
-0.01350572710268332 
0 
0.07393218836201169 
0.5443052097632083 
0 
0.0250538899764093 
0 
0.02109065246798888 
0.4028052177240846 
0.09759889928208268 
0.4565342066082404 
0.01769717216942506 
0.08105870654835041 
0.2040176861108516 
0.1721803301319401 
-0.02044439214541282 
0 
0.1581530179629015 
0.03702843793671354 
0.08475283475473384 
0 
0.006742234914285618 
0.4023534138551068 
-0.07847837231832142 
0.05440069129497121 
0 
0.0006176541696472832 
0.3523427742277571 
0.02996385688904288 
0.02712750476017165 
0.1875409977619653 
-0.2329808536572818 
0.01816600844083418 
0.03488672888584769 
0.04703930651885802 
0 
0.009362053865812769 
0 
0 
0.1929167658476812 
0.03882386428014842 
0 
0.2215541835892467 
0.1974535886564727 
0.2504772817606577 
0.3037413612720233 
0.3190149336887538 
0.0977937131692424 
0.03827207625156974 
-0.02231093670875166 
0 
0.1346631346580757 
0.1553641533902452 
0.1180413093321707 
0.02003365581778166 
0.5562721404629483 
0.374906221001194 
0.00195404782920924 
0.1345006981201426 
0.01849932389404792 
0.2000328117820813 
0.01761436172546833 
0.09594376578680947 
0.0002583662559858454 
0.01882047593207974 
-0.05483827615749488 
-0.537889522405678 
0.008789820509689001 
0.1756021413290721 
0.1517082401640825 
0 
0.006462891924651372 
0.8195004215836584 
0.02682312452799331 
0.0179130085240467 
-0.005238997658858626 
0.01851343504977333 
0.6433999761103515 
0.0253753373837257 
0.01080096341060862 
0.1091462428999899 
0 
0.5031434601171219 
0.002605034457454359 
0 
0.2880272879100692 
-0.02341838993013417 
0.02675106403377906 
0.3465004544314931 
0.05420438930365722 
0 
0.07234383714719646 
0.1414478024120194 
0.03108136088319101 
0.005146195299958857 
0.136444984798962 
0.3205512726793804 
0.08545897117575302 
0.8686030420400819 
0.01491027626953361 
0.01009581277673018 
0.08075343669433029 
0 
0.2683222226980779 
0.1260813174913308 
0.1435618640291175 
0.08061178783267031 
-0.008837004886776689 
0.1696063474495709 
0.0832004681058281 
0.02151826907791336 
0.1819624530066449 
0.03300844328089111 
0.0242771447379266 
0.03680830999461803 
0.238781740557959 
0.01121002668103054 
0.1572830647166027 
0.1905523348423094 
-0.01533405553373254 
0 
-0.003400395621383012 
0.02747497857755912 
-0.007421252816003592 
0.2858049356576343 
-0.009574664142265816 
-0.1231581103048466 
-0.6108247527045677 
0.009657605479517418 
0.1471568388025119 
0.1220929561503525 
0.1731047923898141 
0.2642826034432799 
0.209314433367993 
0.06163237886253889 
0.08688801072834984 
0.1360464003539068 
0 
0.003107521871770824 
0.0264297468765101 
0.00302639615160515 
0.1220181122051937 
0.005476587837016229 
0.1937559020085004 
0.02848224651179972 
0.08117433818023762 
0.01706919751075479 
0.02902308456836581 
0.01311552979527629 
0.2362413363052852 
0.09286212716325903 
0.08311320245651728 
0 
0.3022528398386364 
-0.03159394979586218 
0.04163105094391806 
0.3150758194262194 
0.238452079043885 
0 
0.2598019269979354 
0.4097108463428752 
0.01159292821586451 
0.008787829903521515 
0.008935574816339229 
-0.02856810055598307 
0.1049876865823183 
0.00539585698397606 
0 
0.13815012540993 
0.08563280292401904 
0.004483056788739634 
0.1652309755762402 
0.4632321920456255 
0.01888696076744203 
0.4129889050997008 
-0.06566974197762654 
0 
0 
0.003190308928711452 
0.4583359744254892 
0.07317767194262438 
0.03710701522030603 
0.02300699475730579 
0.3169359103496647 
0.003523136521795471 
0.03282882790394862 
0.1606697522848985 
0.2092757930177135 
0.001262321872598991 
0.3202366069436677 
0.06503919399023365 
0.1810413303967738 
0 
0.01276726230714632 
0.01583781094096137 
-0.02371494678510934 
0.01045250082390741 
0.1047899606218515 
0.01302934608019446 
0.01561124754109976 
0.01747088817090395 
0.3133835749884731 
0 
0.1502934285840756 
0.2280208537982949 
0 
0.07377716682193206 
0.09808327254915719 
-0.02573861385259738 
0.004959071032128174 
0.1438104496457293 
0 
0.1834912829783865 
0 
0 
0.4742515586934233 
0.05455086554395933 
0.1026535271327177 
0.2812271062257473 
0.211172735876801 
0.04115913966439229 
-0.1056054898947976 
0.1746498261855383 
0.1077124609339649 
0 
0.06551249075175898 
0.04203692441700833 
0 
0.1021713514752283 
0.05254565854562818 
0.4848747835801148 
0.1551269438242419 
-0.3358055169626831 
0.1104335286616733 
0 
0.1181307824072778 
0.001538500650034573 
0.05047251886656747 
0.1473118835234644 
0.1023300270625906 
0.0007679489947324796 
0.06804814038711203 
0.00948356962056859 
0.2965741521724514 
0.3825344620423622 
0.02649273351006967 
-0.01570365261712925 
0.006613280165931842 
0.1392025817601232 
-0.1944507663174788 
-0.06924702478248 
0.4911384066664312 
0 
0.01716485684011045 
0.04414653485858716 
0.1428922162637916 
0.2742855026459264 
-0.01967323897752684 
0.01905506427610817 
0.05417974078854534 
0 
0.2660418578541354 
0.08005015905413906 
0 
-0.001070730464578701 
0.1770012778505306 
0.0136321073952014 
0.03213656810239195 
0.04589262510280277 
0.09370975536964575 
0.5258006420328375 
-0.02847540511829046 
0.07952914949383331 
0.07698701178487878 
0.2092250769797331 
0.08925371700055022 
0.5064476017702888 
0.03729328020809551 
0.2816282230241711 
0.002036623068185796 
0.2208682848115247 
0.01071923107385106 
0.05811807724171256 
0.02140160865104288 
0.06815610548411841 
0.3569118252640002 
-0.02276054315572067 
0.02386116731058262 
0.002100341954918811 
0 
0.0323806237421803 
0.107485878908762 
0.1883039213101131 
0.01118440798405558 
0.1165346894545436 
0.1476472229369678 
0.01216179966439285 
0.2403159550399251 
-0.05366465007485077 
-0.02968003064873754 
0.2699313461908422 
0.009790618876278133 
0 
0 
0 
-0.2750369021080871 
0.3764135870250366 
0.0784970178622106 
0.04994166926728891 
0.01649931248572838 
0.4848828081011594 
0 
0.2647667920820799 
0.05723705602195964 
0.02503665775396951 
0.08799565553270575 
0.08325747693788181 
0 
0 
0.1807450844302139 
0.06197856384540041 
0.09494023545274539 
0 
0.1811411555111419 
0.1787000386099294 
0 
0.01712564086437669 
0 
0.1598424882773315 
0.01474086917372286 
0.1438817418747607 
0.1655702798405951 
0.08511729549174782 
0.1175265244021664 
0.01239825376617185 
-0.02179348050266111 
0 
0.01931837541647988 
0.0001122185371218584 
0.3949381545971697 
1.12101780974071 
0.01175653094379998 
0.2597617296279239 
0.1937888562912901 
0.3084355410115086 
0.1668790233486529 
0.1100404391867577 
0.05218327507894067 
0 
0 
0.09192088620688646 
0 
0.1516878343138276 
0.02637084432339175 
0.0193371872094265 
0.6471181272164676 
0 
0.5167498579103729 
0.02128246018801906 
0.2976741038636269 
-0.1607679132929485 
0 
0.2143133401075635 
0.1610784991326762 
0.0258964533945528 
0.02635494932050814 
0.01933442448046701 
0.005495362534291458 
0 
0.1707967913099467 
0.09968906196798664 
0.03296677533219453 
0.0218958570779376 
0.3110161068766961 
0.07599357167486703 
0.05121910212992661 
-0.02884866069169068 
0 
0.01505539610935486 
-0.01012201094439771 
0.07289711729232128 
0.112574957327329 
0 
0.09456073957745666 
0.07925905075553999 
0.1114523250807613 
-0.02011432973760792 
0.3542303845817902 
-0.1235179508992214 
0.0250149502321355 
0.114699520946954 
0.01232099574074622 
0.5674584598261333 
0 
0.03898999375501994 
0.1132808554058129 
0.1055217370534905 
0 
0.08901691709574011 
0.1135245533251952 
0.0490603340433429 
0.1671355859872632 
0.05333505306454488 
0 
0.00941635018059531 
0.2127971598051147 
0.1137056436890076 
0.1318484855661836 
0.005486589707528391 
0.1978892045795156 
0 
0.01079870629963843 
-0.01919940119273352 
-0.03619181003881885 
0.1261047373477742 
-0.04169508068309193 
0 
-0.0003682460928562527 
-0.1679509386179177 
0.05783672735216445 
0.3900184777375958 
0 
0.113672364131642 
0.2969865041169352 
0.06713952480931328 
0.04611674132007842 
0.435468455522412 
0.08057168971964204 
0.2923545124064484 
0.166034376735009 
0.02249208797265178 
0.2697051020920603 
0.04183091584732725 
-0.003786228652735549 
-0.07107196922856764 
0 
0.1717272283255568 
0.2908027157833156 
0.02249115196057385 
0.09262426197250612 
0.01495494075329706 
0.00160814536930151 
0.05851419071130901 
0 
0.1398547376810154 
0.05529029813552454 
0.2356693082400667 
0 
0.08864017441723206 
0.005482272056581227 
0 
0 
0.1042187625062316 
0.3533611320057212 
-0.2534097663887636 
0 
0 
0.006104908737681471 
0.05793633075232073 
0.02889204416683245 
0.2348749584664232 
0.5532889368857812 
0.1819106942865155 
0.3740450422612608 
0.3691358741652679 
-0.01187417792955406 
0.01629953638044488 
0.110489526709453 
0.6381791871372933 
0.157053454477569 
0.08395751811331306 
0.04530161759432735 
0.09498130412846956 
0.02540490961230833 
0.2077572277697799 
0.03019440217996293 
0.1331483924899383 
0.1664883248745051 
0.004019063773998393 
0.01263483400151001 
0.3311625036231553 
0.05749630080108314 
0.003773887873009362 
0.02723802924385546 
0.01046382854369899 
0.000402156808165275 
0.1264846946463598 
0.2114928032221612 
0.06992869635524471 
0.2268651332550452 
0.01037030074208766 
0.6161826961921472 
0.008881907404327568 
0 
0.3323992369596687 
0 
0.1229542248414677 
0.3976124940023628 
0.02771239279715241 
0 
0 
0 
0.01459768002509246 
0.009031346689253719 
0.006542179075665207 
0.09999922037527709 
0.04202527251874371 
0.02093571283453721 
0.1030627745547333 
-0.01670243905786 
0.1099187311705571 
0 
0.07541915883462047 
0.2342486382673235 
0.2960693212644062 
-0.2488385875976482 
-0.01930231653793755 
0.4287520291286273 
0.02255100851333992 
0.002465969462703839 
-0.01741687405870765 
0.07391947195273865 
0 
-0.02537783793256383 
-0.3456643575425105 
0 
0.125473310930922 
0.006372782407073885 
0 
0.0920063514031365 
0 
0.01506235341054984 
-0.1948796819889184 
0.1062492548330415 
0.03207932891129105 
0.03969827314979252 
-0.1679596775991744 
0.05516207982308694 
0.0457137237499755 
0 
0.1560410181944859 
0.1208553153400531 
0.03819458738788995 
0.01724167550825965 
0 
0.0511946962268181 
-0.003837629226380737 
0.009063051337515789 
0.1875278317561063 
0.0490401188990893 
0.215581051695279 
0.193718258343162 
0.0183564148636793 
-0.012202426724526 
0.3714293474266088 
0.002371153055181012 
0.2644166497572449 
0 
0.2081706746470862 
0.06891477948694613 
0 
0 
0 
0.1769998049547346 
0.1618706521467799 
0.00764449856585559 
-0.03683947947868395 
0 
0 
-0.1193990599050736 
-0.5957203198723345 
0 
0.1251053522974792 
0.1151495254637813 
0.0279540040721443 
0.04725240628283664 
0.00270766662243962 
0.0003633965258650617 
0.2411771073362892 
0 
0.07850786715737411 
0.4101997626588378 
0.1057786624377593 
-0.2601211937686154 
0 
0.03177058518517574 
-0.03635868975052088 
0.1262227308458469 
0.006960344621184333 
0.2847742729191017 
0.1009374091537215 
0.0260097656385048 
0.01039098204700078 
0 
0.1713009709297557 
0 
0.1943640227009417 
0.001759591970511727 
0.0111815212727972 
0.001229991059252244 
0.004887721662270706 
0 
0.1225890587658925 
0.1565470778292385 
0.1591787519001967 
0.03838738586840367 
0.0458452823227706 
0 
0 
0.0106403861328887 
0.000629718530108213 
0.06650822776198824 
0 
0 
0.00651697228775967 
0.08806607045011258 
0.08386249284205903 
0.05632477099316855 
0.1908490749310519 
0.1144227895632106 
0.03687410130901137 
0.006625019602494332 
0.0855846203092723 
0.1867135499126855 
0.4450483379625211 
0.1883864734497391 
0.01338379774147254 
0.1180611592922961 
0.3171073050684516 
0.08936885431163873 
0.2296296717747373 
0.01726441800096708 
0.002067811910555911 
0.3281096631593952 
0.01279578598407657 
0.05746676784181171 
0.0272839758431429 
0.05559910667120851 
0.09543125812686921 
0.2150788433202779 
0.05619091555527814 
0.01934178184067051 
-1.199251350723962 
-0.0007634106560656696 
0.003764036087617697 
0.3367830732763672 
0.09674400565349278 
-0.03620417181081709 
0.4025501334331455 
0.07018324301208098 
0.03225569076960287 
0 
-0.2092023103411056 
0.1403373540845015 
0.3793046393829911 
0.1185679207362643 
0.1101331396966273 
0.5523039625561369 
0.0545321248927869 
0.04851768616275068 
0.01022570197713004 
0 
0.03502318839908902 
0.05097521274804621 
0.22671056256453 
-0.0484728420894143 
0.05522257346578387 
0.2955681519614508 
0.03162545633767699 
0.04287797176408137 
-0.02678138331762472 
0.1117800695770728 
0 
0.08455875668822968 
0.01290504914815012 
0.01808776991044227 
0 
0.2980081165363673 
0.03920302882016122 
0.001978461721370914 
0 
0.2046685777707552 
0.4491569643571893 
0.00208647451155455 
0.0018748423946736 
0.4121173638701141 
0.170446909621169 
0.09211595120434464 
0.0519258967602643 
0 
0.05383902481666883 
0.1359797389716806 
-0.02401814380647438 
0.2700599619161181 
0.1045587153578041 
0.04705272384532612 
0.002088328536171619 
0.5176950623499387 
0.002681934477757597 
0.3989550408913667 
0.290030880186731 
0.03194491126014735 
0.2759246455322396 
0.0123023260527356 
0.01601408423585782 
0.003883872694138923 
0.1364659326927776 
0.09368861991704862 
0.09491838113560713 
0 
0.02004558120796288 
0.00179854248199536 
0 
0 
0.2035871370387391 
0.5917355567580829 
0.1161844650153869 
0.2275950651826277 
0 
0.1318555655309312 
0.007949652085707928 
0.05846553529037158 
0.03283070242044473 
0.08179263770041841 
0.1036182216018755 
0.1096669967358263 
0 
0.04632765873064428 
0.02264469379567046 
-0.2299227241115872 
-0.05692672571969484 
0 
0 
0 
0.09624778351059252 
0.05943118350478706 
0 
0.03438238008431969 
0.1102256556290874 
0.1181389842114542 
0.01801572964691136 
0.04614651564137306 
0.02992794519779038 
0.0874856827156939 
0.1714676433467983 
0.02602431773617495 
0.01365123413749046 
0 
0.04110119325403442 
0.001937051427012296 
0 
0.01881691043797493 
0.04008166338654754 
0.01729652675395751 
0.01887208379969388 
-0.1269218386434708 
0.8073389068580858 
0.0133467429573373 
0.01001802168960214 
0 
0 
0.01747809834386744 
0.5134436976351707 
0.6988496614312494 
0 
0.0005057102299413178 
0.05965331738094738 
0 
0.1515420915336786 
0.3031454866470009 
0 
0 
0.5192080104660438 
0.1792932287558145 
0.1917194166306386 
0.09378163057117096 
0.2143675900985817 
0.03606188711439669 
0.07448702447909483 
0.4230644436447356 
-0.01149984495990626 
0 
0 
0.04523294407384442 
0.6790330157614781 
0.002989890594720102 
-0.6271496233144136 
0 
0.009692340946816291 
0.0462618183596774 
0.05069533968037519 
0 
0 
0 
-0.1687301135109511 
0.1497595794679663 
0.229529282183534 
0.01432344630231764 
0.006145357759029665 
0.1536767409673404 
0.07114691168951166 
0 
0 
0.052800515935125 
0.006910427641745689 
0.04955695874103506 
0.01935163559836309 
0.1597180124413725 
0.01771778111600366 
0.01746758680881527 
-0.07528346001837322 
0 
0.167404734564301 
0 
0.3226373209461436 
0.0218546082397124 
0.003047259350392905 
0.1896704588272979 
0 
0.1663272297818322 
0.05117669035379634 
0.2791552931378788 
0.0569677190689091 
0.02665916377887003 
0.01333761968806963 
0.1077100163447565 
0.1654031075679368 
0.00881383081118065 
0.2031222755669345 
0.05946795241987995 
0.04105871332318806 
0.002242902589278705 
0 
0.05850441160243319 
0.03738857428073516 
0.06964074221922067 
0 
0.01373971028845283 
0.002781956714462704 
0.1484313086677418 
0.04951293342923178 
0.375439477175433 
0.02067038704283147 
0.06621090359090386 
0.1198611102901013 
0.1504371439708319 
0.1273114662532696 
0 
0.2198131575536787 
-2.172157753048147 
0.386971659843981 
0.03210663052315846 
0 
0.13826142589042 
0 
0 
0.0440480425626094 
0.0132083956416425 
0.05808189266346542 
0.0002335775362950809 
0.2405596779495124 
0.00995575639142496 
0.4395082036996895 
0.004687964113761554 
0.004149294473498498 
0 
0 
0.1047262184088946 
0.1743237243011818 
0.01453964081692769 
0.2072915969422515 
0.07368146880840798 
0.0236892537031247 
0.08124064069118259 
0.08083427014347296 
0.07618329706088413 
0 
0 
0.09447413551977503 
0.1159754741583247 
0.01306136515750035 
0.3588653422305796 
0.4376792990394783 
0.07606445759847297 
0.1067609108444685 
0.4835403636881018 
0 
0.3073450186409359 
0.2432426130443128 
0 
0.1036269319992608 
0 
0.07446868721682923 
0.2774485187366419 
0.01124038933290735 
0.0911951704778779 
0.04335641087795071 
0.185330213450536 
0.1197043850029116 
-0.00325839800171726 
0.1670209654697729 
0 
0 
0.007198208043578272 
0.1627141787602684 
0.05970854814727015 
0.1122859300126839 
0.01895499600799678 
0.09472314032920738 
0 
-0.08041115484424252 
0.07718187810311242 
0.01454449804098054 
0.1319403061461228 
0.3806055421654765 
0.007672201604955055 
-0.08866189103118681 
0.1142953683200335 
0.01239569575573849 
0.006907427023526142 
0 
0 
0 
0.004022887931244175 
0.08350172892737343 
0.00117860390733047 
0.2148352704815544 
0 
0.02082572924291259 
0.02978141649050333 
0.04845081746758005 
0 
0.5074338343003246 
0.09992612220481105 
0.08683080583007406 
0.04427159867088847 
0.2451274379600297 
0.06917896123592347 
0 
0.006537495814731099 
0.007497200080107314 
-0.02682981969347594 
0.1881694351592496 
0.01714144888405936 
0.04498846926235932 
0.009363446650366524 
-0.0162044879731278 
0.07316632325360509 
0.0244833500217495 
0.07679021362786298 
0.008551855914149142 
-0.1703326711168183 
0.03368287148880227 
0.001929491894728353 
0.01520816993451284 
0.06509825009239059 
0.08535224284740305 
0.02942066804320909 
-0.0005463812743943773 
0.07515036665484204 
0.02260921853186449 
0 
0.2917008075269526 
0.03955179020174691 
0.0690272652186802 
0.108348549560465 
0.5997458015699904 
0.1580635796813774 
0.1491849412864723 
0.4330405954196303 
0 
0 
0 
-0.07810515856577174 
0.06484983432228733 
0.1800234367161154 
0.07325466478969409 
0.04837881495554723 
0.007878991065817076 
0.02658248109443374 
-0.3003609831243943 
0.006136163114233052 
0.5152578905871757 
0.003546196558831954 
0.0109804481370731 
0.03435403414032261 
0 
0.0156482488143135 
0.01858841539912516 
0.08442622936678155 
0.0004932239828979658 
-0.006814181965566057 
0 
0.0002091785047240319 
0.01423512426246876 
0 
0.01006641427546794 
0.03777380516731012 
-0.01564472728342413 
0.01775295461021209 
0.03374810033154871 
0.2846725190740389 
-0.008565682122904367 
0.01456949410125437 
0.009791245500348248 
0 
0.0008016137514371208 
0.02264733811595804 
0.09036601315350885 
0 
0.009751664566776506 
0.07297437139663848 
-0.00518415622438752 
0.1015484004167832 
0.117063243756611 
0.01996608635153195 
0.01763374326213133 
0.1346536265418196 
0.00377128842589848 
0.03304870958462927 
0.1021993316407388 
0.1473300725444416 
0.03746209130939337 
0.001123180244696568 
0.007807404208478954 
0.04118013452150188 
-0.169686805611664 
0.1012929613554151 
0 
0.04625921893616456 
0 
0 
0.001074562949935046 
-0.004529476376246462 
0.06086846341486126 
0.1293847510298026 
-0.09336761992134822 
-0.03180891990965147 
-0.2273513551260761 
0.0008671489374344849 
-0.0792133094801909 
0 
0.08051108913088503 
-0.01445796714046441 
0.002393539529655779 
0.01727728205875367 
0.004091897943462418 
0.005243665511637762 
0.1285218051413836 
0.1713353523838939 
0.09613928235119873 
0.002866604855418386 
0.01828568078844607 
0.7419590143456096 
0 
0.005781622524021081 
0 
0.07847172920187732 
0.2645806948468005 
0 
0.05740028580711263 
0.09512176667969675 
0.2020294187071039 
-0.119363140384186 
0 
0.01526337370389938 
0.2096537761178671 
0.008047684958622478 
0.297125323700049 
0.09006480484821089 
0.8281989231388348 
0.07163842177246328 
0.002199105965304717 
0.01658189741704184 
0.03250767595605224 
0.01411716207395162 
0.0533065203586723 
0.08486547994084859 
0.08071711655026829 
0 
0.01977194026585429 
0.02322966625103735 
0 
0.6397994468037782 
0 
0.2189541787006599 
0.3294096560182286 
0.005546375099672414 
0.2198537927932956 
0 
0.04390753026088988 
0.005926084739618739 
0 
4.713228744058844e-05 
0.008863953135650506 
0.1929635987709466 
0.03864723664415939 
0.09080042989917692 
0.00409210152068535 
0.7334913843706434 
0.03097954217261949 
0.07265051963042575 
0.004475799802274069 
0.08289898401444633 
0.009906101514857074 
-0.01012519957598691 
0.07552451278405105 
0.08423174313729662 
0.354276830603428 
0.03761736257821512 
0.07768838294792568 
0.02391514774464854 
0 
0 
1.02103223533579 
0.01694243566092975 
0.09930553050064173 
0.007941405752215335 
-0.01139820759502732 
0.02965270060952201 
0.001642412153811577 
0.2356908794927729 
0.1222519028682229 
0.03915445416806034 
-0.02024249238189083 
0.02176447109050571 
0.09109952447917494 
-0.1291700029322248 
0.1889800576201349 
-0.05837615734456029 
0 
0.2183166146768409 
0 
0.03343250094583493 
0.07805314839516347 
0.2342169092613509 
0.07580296245440991 
0.1293180163340551 
0 
-0.007442874776058815 
0 
0.009653783371245948 
0.03029622989077816 
0.01833650559209707 
0.08468197026381151 
0.07953232516489414 
0.06675384681066482 
0.04116764330049978 
0 
0.03314726752809091 
0.03384244146686133 
-0.1083171498806523 
0.04895371609917996 
0.17966169488689 
0.1583056589938498 
0.1779983755436761 
0.05463558112436594 
0.08491942610366728 
0 
-0.0228742128927495 
0.1779198273714197 
0.02553765372878229 
0.612647815133085 
0.06783390331438668 
0.003159835420601688 
0.1335640038926398 
0.4290142353300936 
-0.03839608745666252 
0 
0.02453847542184328 
0 
0.02324900350959964 
-0.03011347332782182 
-0.01080203405643785 
0.03279885985556403 
0.07203512531022949 
0.06816159255635741 
0.07832886468522346 
0.1174428892111037 
0.4293297338966058 
-0.006406416207665848 
-0.0731114013219669 
0.09404906428105608 
0.03001551030843167 
0 
0.2226951596692027 
0.3976625408589856 
-0.02153883774048712 
0.01131937028296121 
0.003538688617236718 
-0.02651759339340326 
0.0001428077791203208 
0.2710788421561633 
0.0003025219274530935 
-0.02908081435081083 
0.0568779774366432 
0.2033970115255234 
0.05013638215123811 
0.00591105447414705 
0 
0.0236473370164705 
0.2574051417318799 
0 
0.1760590582759295 
0.01346081628055703 
0.1095438315218755 
0.1430562011792688 
0.0569759359438641 
0.003950316073028318 
0 
0.03033885965084676 
0.03053578716178508 
0.1176610607337252 
0.1185979019474111 
0.1413656837277115 
0 
0.01212593368187177 
0 
-0.09573336982370892 
0.02068430151145957 
0.05084058484328384 
0.0114805462967619 
0 
0.0005411525221205644 
0 
0 
0.01175211020886627 
0.0437745575754442 
0.4078203319526325 
0.009762421595711805 
0 
0.03986256759680661 
0 
0.4652127034832222 
0 
0.002448035770141058 
0.09064182544757984 
0.003509850285207996 
0.01435337544797686 
-0.06908762639043331 
0 
0.09486395108442981 
0.218510634207922 
-0.006959234844785177 
0.1713759040704567 
0.3175408319554346 
0 
0.1624973378110488 
0 
0.1284021895741088 
0.07105230590015053 
0.04117223043254575 
0.3339459060381914 
0.0833564984206939 
0.07041260393314627 
-0.1849727182274695 
0.009161288880398886 
1.579978076804198 
0.1268939270539615 
0 
0.08006890818103121 
0.1881145732579666 
0 
0.4845575609448961 
-0.3498619971673287 
0 
0.3014484774106569 
1.804110389854721e-05 
0.1905609150547845 
0.09721694695804955 
0 
0.04272775140431024 
0.08320433722773006 
0.3765413156920662 
0.04119479742470632 
0.05102489821366197 
0.1405667842080116 
0.0001201075710178465 
0.09849652833664833 
0.1466244757330522 
0 
0.01134289671711746 
0.002674708681948955 
0.008284354438972014 
0.005840061588617581 
0.1301832653528177 
0.00678048858596679 
0.09716129439705071 
0.02631821392982799 
0.00601532053391752 
0.2090891045135866 
0.2965607739463568 
0 
0.0114228453916286 
0.1140954496473448 
0.1700449809564286 
0.09356494557754905 
-0.02456140493035926 
-0.02825084115746954 
0.1941075909267216 
0.5440635209270536 
-0.1196963455914647 
-0.02073886409289814 
0.01173356426419406 
0.002124175521990599 
0.1053968630207776 
0.05372230546602238 
0.0237649946167613 
0.01794138219691035 
0.002515542273976161 
0.0983458856909047 
0.02938123173674229 
0 
0.3746797069743802 
0.04935425960750325 
0.339223541139682 
0.05086752417793343 
0.4201928107569147 
0.0335883972027618 
0.0455651819139935 
0 
0 
0.01801680452173053 
0.4279162054091121 
0.003863644491062077 
0.003863644491062077 
0.01679875653619795 
0.01492879926878684 
0 
-0.07428785129350549 
0.02097660489060467 
0.1652191453600552 
-0.007334304466106363 
0.04930698126714175 
0.274403390121274 
0.1450448645186035 
0 
0.01523382592517606 
0.03575049088211449 
0 
0 
0.0557127841348429 
0.05861170264126232 
-0.006793893292900265 
0.4553223102140309 
0.1242200258453866 
0.0001323921359441815 
0 
0 
0.1568276632379518 
0.01415174540201083 
0.09280594092222898 
0.04446472865851516 
0.2538706195146516 
0 
0 
0 
0 
0.001103803210090051 
0 
0.07199217294427686 
0 
0.07883303905303961 
-0.115758726052962 
0.1470381090818708 
0 
-0.05399260003212167 
0.508240862658324 
0 
0 
0.001659183782204272 
0.01854379729174123 
0.003172039422517442 
0.01073943344249181 
0 
0.006786752556118616 
0.02276749706738391 
0.01235417928012855 
0.0007032871209718437 
0 
0.04776701541697043 
0 
0.2099317372526998 
0.005693612655159485 
0.01814846495515216 
0.3276735180263384 
0.1686099362975918 
0.05538863761134927 
0 
0 
0.008805038625416792 
0.000310045189699646 
0.02878470321298922 
-0.1361020473604566 
0.02287560035832745 
0.007919169248982148 
0.1479150040936358 
0.0190681942301732 
0.2952289526927885 
0.01031537255578549 
0.009489487493992598 
0.1929221006837406 
0.2038030898914112 
0.1105276624265116 
0.03466989996006804 
0.05512757356391183 
0 
0 
-0.05725175028729135 
0.04852457294688642 
0.08094587475376683 
0 
0.288416850781923 
0.06960188824092556 
0 
-0.008505434107244445 
0.1446718879997737 
-0.1035641040953353 
0.004770446878733569 
0.3447873487320265 
0.08893731971903515 
0.265674174363093 
0.03286770436395175 
0.009938311141920592 
0 
0 
0.1207802124302674 
0.05496562522439814 
0.4707850220992557 
0.03989821786746081 
0.01119615507606708 
0.2966220862607443 
0.07149414760744409 
0.03608714287577485 
-0.03514831765430648 
0.05201360333705073 
0.1534854213918805 
-0.162297798565794 
0.05568369246848057 
0.1394281495927239 
0 
0.3684570174136778 
0.04461085129549361 
0.05865596068089156 
0.4090035996909243 
0.00181192279576215 
0.2430195303673852 
0 
-0.03860862993557061 
0.4519345056328886 
0.00124112867803519 
0 
0.0208656888070266 
0 
0.02372512194281284 
0.02644743606249393 
0.03246927572634897 
0.4409890227344408 
0.03474807365041141 
0.05207823522319491 
0.03356567409830442 
0.02957931994593167 
0 
0 
0.1003897790529668 
0.05420052438582987 
0.09844778663362297 
0.001095961551306615 
0.5303623885896349 
-0.09666201941797781 
0.03884194599335782 
0.001041961829727306 
0.4030963587090549 
0 
0.1384401687837122 
0.1811447107129103 
0.1393245862442202 
0.0459701966698487 
0.105487868087629 
0.1915701302974525 
0.02639592753524948 
0.1952579554049221 
0.0381888638657863 
0 
0.3501626493331617 
0.07907196231551283 
0.02397980057811057 
0.08636818171116312 
0.1980610087770402 
0 
0.01909518407520771 
0.1076400148269573 
0.2022343319899179 
0.1086980894652231 
0.01522024070337922 
0.005818467634727575 
0.06877135527819739 
0.218695534027801 
0.01392375482273427 
0.02951588889210706 
0.1420746542546228 
0.187245711283054 
0.1979551147565029 
0.1306317090848438 
0.2475940329030752 
0 
0.2289965514941041 
0.03498214563741247 
0.4564028182201689 
-0.0002811449604934596 
0 
0 
0 
0 
0 
0.1540295626689666 
0.06499862898694096 
0 
0.18257023226116 
0.002366499003028795 
0.1378670694010737 
0 
0.03718262851398624 
0.05767101567539856 
0 
-0.03339961495724464 
-0.01109529432177375 
0.003509009498027423 
0.007250340523996314 
0.02096772644504967 
0.003422289764030517 
-0.480686948211425 
0.02347854593053292 
0.007494255887889794 
0 
0.08890216114242057 
0.2131144899273971 
0.01012405954919864 
-1.164836863237848e-05 
0 
0.07543064414293828 
0.1859660549845647 
0.01174515101545998 
0 
0.04559455478276882 
-0.01751512006784286 
0.177580388360204 
0.01642068270374966 
0.2701854713964902 
0.01715911232461594 
0.057295505280357 
0.5574206511535015 
0 
0.2592269246212148 
0.5215964469926202 
0 
0.02485669590517232 
0.04871829576161989 
0.06878987656141301 
0.03685187864643656 
0.1394181888381988 
0.3575002932897094 
0.004183585108570527 
0.005327925752280049 
0 
0 
0.01929163037058115 
0 
0.01794017211526728 
0.01373877823444476 
0.1596280289048411 
0.005094890902160421 
0.04277179395339032 
0.006816237411304587 
0 
-0.1630449301844478 
0.008522966922870226 
0.2092527094176173 
0 
0.01958083599379868 
0 
0.008558185358646156 
0.003969181967497951 
0.00446488009447949 
0.006195830928547906 
0.01624830180486268 
0.0111674906804445 
-0.0190283379239305 
0.06917546059750244 
0.1367858542060565 
0.3279365325462282 
0.1351405084960061 
-0.02420754677807082 
0.4067157077615454 
0 
-0.05470983186831069 
0.1168922213326434 
0.02655633485717088 
0.09605696282890497 
0.0002952378901204221 
0 
0 
0 
0.0845093627297903 
-0.1685571095548331 
0.1169971232652258 
0.1110885390966279 
0.2108379569751302 
0.04177402879149703 
0.225400831962462 
0 
0.01051298187269178 
0 
0.3970234603751107 
0.05652944582833658 
0.008664678278875793 
-0.02426351319347544 
0.00116058392901761 
0.1218367765271469 
0 
0 
0.09354942830439844 
0.001190928945286333 
-0.02801047900028313 
0.02108410460844881 
0.05163409901711655 
0.03185511591551143 
0.006059790955995764 
0.2079374910874105 
0 
0 
0 
0.005194426565701932 
-0.0006279288589809782 
0.1301107592964013 
0.07024415264396711 
0.02196163205648206 
0 
0.03510211879452164 
-0.006983354996090425 
0.01259518586524273 
0 
0.04347196487266113 
0 
0.002959463908763996 
0.4131892566197911 
0.2750765080827748 
0.1473713984704392 
0 
0.00818257386943325 
0.1798870225356034 
5.875577437672919e-05 
-0.001465963870096128 
0.02842671225876723 
0 
0.2433449774951337 
0.09270315386843535 
0.05635640801199603 
0.2919754680126414 
0.04743386688051734 
0.05060539360421767 
0.122166589130395 
-0.002066947676270067 
0.07881108256423976 
0.1723955059349601 
0.2676167678702221 
0.06971695405218287 
0.1634249029739129 
0.2066166644552529 
0.2707540351012049 
-0.006802090130349546 
0.01316575721143102 
-0.03785252590099213 
0.0155062395633203 
0.01328813627733381 
0.01064375875532284 
0.08061812311163893 
0.1715234969409095 
0.2065644738903098 
0.6012025757970183 
0 
0 
0 
0.1683420486764307 
0.06246146986329484 
0.2455051569261015 
0.01155841571214911 
-0.009758155501310303 
0.05873895447110711 
0 
-0.1207982182701883 
0.00582528111381482 
0.1438847387525761 
0.0002977968185998714 
0.1108570164385599 
0.05791589435958604 
0.03975498939176934 
0.1183926085712427 
0.2449030158092722 
0.009634543932506923 
0 
0.031795131097388 
0.1738878043876061 
0.06236191515104218 
0.04067763749469745 
0.03498313293594385 
0.1818373424008517 
0.12351286969288 
0.02862229350753366 
0.1545506380300068 
0.5402034259307857 
0.6675476598908805 
0 
0 
-0.2325513839274163 
0 
-0.02577803710527041 
0 
0.2239886067052497 
-0.01247545659786168 
-0.01869706534099756 
0.07834798701767337 
0.006498721550411079 
0.03361710324385005 
-0.000289267344968854 
0 
0.03361710324385005 
0 
0.08186675489715438 
0.1397697186617716 
0 
0 
0.3070781733804759 
0.07910228841693896 
0.01546731423582933 
0 
0.01112729308307486 
0.01835805793797595 
0.09930864087487701 
0.009505818272445645 
0.01557694617885539 
-0.6031113195015525 
0.37625377688547 
0.0539087068561201 
0 
0.07471956894076912 
0.05306419136669154 
0.2215952686043784 
0.03403011427123492 
0.04489712137518963 
0.004145241752119227 
-0.007102303985414683 
0.07990957594960102 
0.05301930820019752 
0.0371231826977596 
0.06644345524203661 
0 
0.489859976263863 
0.2344971121410437 
6.286306908813148e-05 
-0.2460240279924407 
-0.2139056493774085 
0.03006223674945362 
0 
0.1073622566906874 
0 
-0.04172311525597847 
0.06931144085901675 
0 
0.1901502334452296 
0.2806405164499357 
0.06420278893414146 
0.3612716718391437 
0.3100359375022693 
-0.01068759241485258 
0.1506601748090003 
0.2163865160179781 
0.1523226987807437 
0.02383191525539932 
0.01177525961509761 
0 
0.03073019723367104 
0.0319009306949761 
0.1171706658604093 
0.04437261631304955 
0.03635747893890745 
0.5081550139832327 
0.01055395171428952 
0.008504100643185486 
0 
0.1404702777814153 
0.2976948174592864 
0.05858606251155418 
0.193643876462385 
0.334481618959118 
0.001306329272895622 
-0.01961196553705078 
0.01093086513197239 
0.04452614781718185 
0 
-0.02487887938069743 
-0.03531232388882984 
0.002460150589472894 
0.02518799634916291 
0.1203891590949696 
0.2963672220744523 
0 
0 
0.03392152105946142 
-2.78212215027725 
0.07382291598525147 
0 
0.01922757925891504 
0.008535602093241742 
0.1123890367303702 
-0.394114637256868 
0.051293394203298 
0.2145649677248113 
0.02165613376991905 
0 
0.04426176735807478 
-0.02771991250392344 
-0.104151966933382 
0.04325825280228015 
-0.09692611917693002 
0.002728152208654897 
0 
0 
0.0806391504457951 
0.02223014792226134 
0.009723997535656878 
0.01048742506131045 
0.1298712433508908 
0 
-0.006879129302138584 
0.04948151943136663 
-0.1337092583860316 
0.005551969909668627 
0.01396379894004234 
0.04724265586672676 
-2.009512482008431 
-0.06312234432173201 
0.07063016359437466 
0 
0.09361784104475798 
0.07711168283232137 
0.10022618338122 
0.0125142589186416 
0.1037219104865804 
0 
0.002020841437036 
0.03199281845648348 
0.3644175502759387 
-0.0167205686749211 
0.01762490867880304 
0 
-0.02557768919765883 
0.002889775615378335 
0 
0 
0.04397721536326038 
0.03290324282410619 
0 
0 
0.03101188722899319 
0.02529531566477367 
0 
-0.03393944235887014 
0.0005243715633931413 
-0.01172096064792259 
0.002977905477002873 
0 
0 
0.03315608074658812 
0.122795138609183 
0.2482560736476735 
0.06653088670862553 
0.0724209857881724 
0.1544041514114786 
0.05887908796009696 
0.2819779897419106 
0.03592427708711617 
0.06005580856085033 
0 
0.03247550289656286 
-0.2044075279933172 
-0.3127217675775882 
0.2337729637279892 
0 
0.01317310894825855 
0.06354258632982812 
0.006518877013985122 
0.02931070533776141 
0.0116950309050524 
0.1669545536318342 
0.004651399805774902 
0.1664405042849661 
0.3053000167093761 
0.08374309947731395 
0 
0.1123748807191549 
0.0213332023053908 
0 
0.02143860019254495 
0 
0.1326397613430994 
0.02306889081580431 
0 
-0.0261137400216379 
0 
0.01811852047977331 
0.05130272995740484 
0.07182174681184647 
0.1716351146438296 
0.06788572926777772 
0 
0.0502357478047586 
0.01788320682637159 
0 
0.2849011695683878 
0.003890241521778162 
0.00853732119480625 
0 
0.004297371415438586 
-0.14355138348713 
0.1088955135826897 
-0.478004509212069 
0 
0.01748188486376132 
0.07013898022245202 
0 
0.008879815128164539 
0 
0.1295495094869435 
0 
0 
0.1553018582565072 
0 
0.008391922144563149 
0.2195646711126172 
-0.002137846717407299 
0 
0.1168160654580909 
0.06466312277170573 
0.03488470803208502 
0.02295953234785787 
0.1284647424494987 
0.01082648450917087 
0.1528090589641383 
0 
0.02497052834107113 
0.01382539759939892 
0.02774874931718787 
0 
0.05909031316277329 
0.03489721179877416 
0.4174604366071686 
0.003798990967377319 
0.01027341826073573 
0.005763500857916223 
0 
-0.02521805613648543 
0.04221950851817653 
0.02312938332377289 
0.02629273360847123 
0.0474900343485872 
0.02086221778366063 
0.3024903284556695 
0.0004245408954767901 
0.09370630727208575 
0.003179507481416872 
0.07127356409806967 
0.2594472101699379 
-0.09989871890006835 
0 
0.02259776842652383 
0.3373903262312948 
0.009127842198212013 
0 
0 
0.006690250993914635 
0.1007427212434252 
0.01407997151062259 
-0.07683939671189742 
0.005740603497552436 
0.09699260959698122 
-0.09647680620191978 
0.0153278646738309 
0.002232943159478899 
0 
0.1887991793996562 
0.1648164150327507 
0 
0.007215048753178724 
0.02777044943514696 
-0.154004760779212 
0 
0.004577344922221361 
0.0854324781658013 
-0.02932956121025931 
0 
0 
0.004523888403269802 
0.0966731726000425 
0.03942049785215972 
0.003030484559880655 
0.0009737295008056322 
0 
0.01025781638703149 
0 
0.1870226552693164 
0 
0 
0 
0.01132359049812554 
0.006546609799422074 
0 
-0.05093756230791664 
0.02078480166931877 
0.3693599474937851 
0.04472447997177098 
0.05596175981337804 
0.03372952517898969 
0.1679005578546343 
-0.009641402981991879 
0.009546615390185387 
0 
-0.4640712883476505 
0 
-0.009575225391706483 
0.196283037829202 
0 
0.0481688413538596 
-0.1198828803666721 
0.007436055303641435 
0.02116585751094325 
0.06161499127164106 
0.03541000959870136 
-0.009414190894776457 
0.1082587454574691 
0.232254749753472 
-0.0325068852679799 
0 
0.02563497381675611 
0.0855802156438302 
0.01560305752879244 
0 
0 
0.09220815035364624 
0.002900545986553917 
0.3488705516058753 
0 
0.02483268908614977 
0.03092962143608696 
0.006288107817545221 
0.137228188997633 
0.1171563025134398 
0.1003378893834128 
0.08291210894402078 
-0.1661436502230451 
0.1608425100152772 
0 
0.08093623666321782 
0.003990088829567961 
0 
0.2923695886430094 
0.0171582913828785 
0.01101463001547943 
0 
0.007954572218398704 
0 
0.100508577943837 
0.003609530701817838 
0.05286723454105903 
0.2580306271193065 
-0.04619828141541457 
0.04144231395011343 
0.05177388409069254 
0 
0.006324780808015245 
0.0635709438371167 
0.01145892238432277 
0.04488334637335277 
0.01363133511464575 
0.0004184648002963769 
0.04722110376265708 
-0.005912189414182518 
0 
-0.1046541542816941 
0.08533437168355359 
0.2156959142947756 
0 
0.08057959166400981 
0.008541364832233877 
0.4302356025197202 
-0.01405845344754958 
0.3030216227750964 
0.2860158204901049 
0.272480238691448 
0.001180051978573739 
0 
0 
0.03126464790038454 
0.09445989787515657 
0 
0.3362689733445516 
0.04868011028899376 
0 
0.02313623318458876 
0.0287693487377868 
0.1324144128406885 
0.06406713599764721 
0.08458404093691024 
0.04279100747600503 
0.03259677881695042 
0.00344931693129212 
0 
0.008523532882769825 
0.003956750920854018 
0.372639757999038 
0.004094160883275027 
0 
0.3855597659991386 
0 
0 
0.02586740450718136 
0.09300656991938144 
0 
0.01505452290960904 
0.04898533388753926 
0 
0.1133759196268367 
0.08109522301499127 
0.2553464579731006 
0.02183262439408048 
0.07123298462238825 
0 
0 
0.02316491681532014 
0.0129519958785622 
0.001558609770552887 
0.1482745096126152 
0.03110447025808683 
0.04100391215447641 
0.107207618055799 
0.04945501894222067 
0.1236929422275533 
0.232371173422223 
0.01016039854161187 
0.005702679784508394 
0.2422934304994908 
0 
0.2010086239255085 
0 
0.008289171494246697 
0.05807244323679676 
0.1405133362124455 
0 
0.02904308583567668 
0.1665483862869718 
0.01389237429835753 
0.02484253406081757 
0.2090541802368166 
0.2956162490430362 
0.02321088913872659 
0 
0.2913262124293947 
0 
0 
0 
0 
0.02954534710996859 
0 
0 
0.01031771668070668 
0 
-0.1419713187129264 
0.1159300673609725 
0.1642989236735257 
0.1469712695879468 
0.05616953557723006 
-0.01712366353665047 
0.002322960886282257 
-0.03599420150574547 
0.1030334289383037 
0 
0.1883321050702685 
0 
-0.009917663518883749 
0 
0.0129151057776709 
-0.05499087728749517 
0.1321843142345319 
0.0372528415096857 
0.2814770897996586 
0 
0 
0.01362729667245396 
0.1143948624627742 
0.06358513983570013 
0.04434416047313762 
0.1421844289605264 
0.08646775902114491 
0.1069704262687529 
0.0003734280680472406 
0.1084925684930427 
0.003863887820993234 
0.04996162981164264 
0.002374112188784262 
0 
0.4533611916220436 
0.22864310801285 
0.0003159530520043815 
0.08680751811211954 
0 
0.0367288213806844 
0.2134011528805529 
0.0258503143321296 
0.007125043182223944 
0 
0.1805037991220096 
0.2516299239378721 
0.08826514318080698 
0.1078362650079769 
0.002507008452022944 
0.4541392398008615 
0.2507400656021258 
0.0164040571134684 
0 
0.0001074885662308132 
0.18164752366346 
0.5318015665386171 
0.01298707387256495 
0.0001273235695559644 
0.08703381182431305 
0.1371189535838572 
0 
0.004124097248623948 
0 
0.1135806701135632 
0.0378282285484104 
0.01094655981806114 
0.02270781261083089 
0.398241874793229 
0.008394302195643221 
0 
0.01040268258277898 
-0.05868404962722638 
0.1138739324744784 
0.001382481310240566 
0.0007149641133248527 
0 
0.03127525646254446 
0.09419957672963354 
0.009219875548549049 
0.0005709390494756457 
-0.01728811697388881 
0.001124314945629338 
-0.01574606497558234 
0 
0 
0.1736335966952519 
-0.01777801102276664 
0.05952239429850839 
0 
0.1122230187106057 
0 
0.2978083036381515 
0.01425734322486651 
-0.2094495069018021 
0 
0.0003414247063951038 
0.02002588669899052 
0.0818111589841127 
-0.09211403320613193 
0.04187084927914594 
0 
0.005048192288051419 
0.03272808073139052 
0.0001160964296041356 
0 
0.03486025712755766 
0.2072751512435071 
0.05469417434396744 
0.04339584280964847 
-0.00714696777744979 
0.1833198292462646 
0.05940099801185682 
-0.01748950529443532 
0 
0 
0.0328402500990936 
0.008438348670389322 
0.01884075296779675 
0.3867940307635386 
0 
0.005923196645897477 
0.002372040371862367 
-0.02942006479500748 
0.002576431684899705 
0.1203111959700657 
0.0006550621690632099 
-0.01185030229733677 
0 
0 
0.04390196823328774 
-0.0127806107149458 
0.2633309587112731 
0.006080667438289126 
0.03929081764496152 
0 
0.1265697354449898 
0.06083110102907609 
0.07797347052528941 
0 
7.996633983365374e-05 
0.08748362552637655 
0.009494852224534913 
0.2086276253947156 
-0.009180247628822106 
0.01570506726753838 
0.002712354369163015 
0.004398471247918181 
-0.02518353954443008 
0.002722104714215947 
0.01148039371900157 
0 
0.02518494123644206 
0.09368351253722877 
0.01692471974274813 
0.1313768718631568 
0 
0 
0.01415321194154335 
0 
0.01994742583550258 
0.04476751820568876 
-0.2941038027259105 
0.06416750735547293 
0.07412406389145031 
0 
0.06016942472183231 
0.006892175563866372 
0.03344442593476588 
0 
0.004806248945139324 
0 
0 
0.4056359319463824 
0 
-0.02435234230876773 
0.2621206488056688 
0.02095230313810952 
0.05286981172174508 
0.04339156612838561 
0.2068866055450277 
0 
0.04230444802410806 
0.05925186798347792 
0 
0 
0.0980716468539322 
0.04628626431430984 
-0.05002555317684397 
0 
0 
0.0001501897732290083 
0.0547762902780578 
-0.01040622337344482 
0.06840783273991814 
0.01648784733044206 
0 
-1.175242102323961 
0.08821641193869663 
-0.004188015452370465 
0.1646682367703964 
0.2351411517413583 
0 
0.1130682478142199 
0.03906049969726784 
0.0174457657851613 
0.0001327513765714602 
0 
0.009004959335123035 
0.009884639011011753 
0.1921134402393702 
0 
0.314931491853767 
0.1855052314413425 
0.06136705288954653 
0.01174848668519902 
0.2357486194835876 
-1.090175835506919 
0.0005243546066045349 
0 
0.1843789308409126 
0.02914275473828724 
0.05765225650168425 
0 
0.1347259565730787 
0.1374162946765184 
0 
0 
0.02351364135632814 
0.02230273949840079 
0.04586151524037238 
0.06503606840949472 
0.3820306356148659 
0.03114633604430061 
0.08041983775955582 
0 
0.5870175449108898 
0.5584899048291304 
0 
0 
0.05932397934199168 
0.1307859318481231 
0.06810329535901605 
0 
0 
0 
0.0630780541844191 
0.5686816821133267 
0 
0 
0.02212361117846417 
0.07826441145751606 
0 
0.2314917839465339 
0.2103818368173103 
0.2536563124307926 
0.01243180713387941 
0.02421800398833843 
0.05874108684438323 
0 
0.009654560329710071 
0.03603560569149524 
0.06804507210630341 
0.01809453343719668 
0 
0.7749759578887609 
0.09015172557731042 
0 
0.3448662070640983 
0 
0.04515480265894573 
0.02424004416681003 
0 
0.04069598444270103 
0 
0.009610585282269051 
0.01701616228379745 
0.1296658551600441 
0.3975110646720731 
0.05033645539286374 
0.2629771612459365 
0.02150187454022941 
0.2246517566713046 
0 
0.8431459198295244 
0.02757980923280168 
-0.7626240435773101 
0.0270238693667892 
0.01746248331907643 
0.05976506787128144 
0.01597142585449977 
0.01052067237568995 
-0.1558527954835393 
0 
0.03505647694912287 
0.2352762833999244 
0 
0 
0 
0.2894175388351123 
0.43833472965917 
0.1112719335489643 
0.004528029520652104 
0.1935718040580049 
0 
0.2510635790171765 
0 
-0.0008974928353685657 
0 
-0.3960814103992324 
0.03385625027176659 
0.08012503758304669 
0.009042727911320001 
0.2090173425902134 
0.05734192678942338 
0 
-0.01513494227147841 
0 
0 
0.2471626381511536 
0.000138506896221116 
0.01800585059214308 
0.09256911713739514 
0.01688413349624789 
0.006881008782901806 
0 
0.01632888769238044 
0.0473666363585101 
-0.01997974378001367 
0.03706624715597917 
0.1646944198674085 
0.01417321555945588 
0 
-0.05454403962594317 
0.2800974857961119 
0.2008452135328651 
0.01444856999191843 
0 
0 
0.3116719833982948 
0.0001392660390133594 
-0.05657696643505088 
0.0343899523020359 
0.1430578474915293 
0.2347460455951948 
0 
0 
0.07197753340266788 
0 
0.1351631431017125 
0.1337025618397223 
0.204264142779804 
0 
0 
0.05635972432476005 
0.1802869848367897 
0.1366313925823308 
0.01936679299233104 
0 
0 
0.005948856470230716 
0 
0.1086149501770839 
0.001996522733103704 
-0.01226902594780369 
0 
0.052053053752945 
0.00662978868392131 
0.116689905287174 
0.0308449190841116 
0.2288601847223655 
0.003269255390557889 
0.07381441061316625 
0.03847817300956255 
0 
0 
0.01460231702905898 
0 
0.06216660761963451 
0.1297387246218528 
0 
0.01700853128754645 
-0.08709338052570054 
0.001806117829457296 
0.06972116348199429 
0.03464620492402633 
0.01494621432147028 
-0.05223684456076735 
0.1307905070531688 
0.01583756666915753 
-0.06737528909631593 
0 
0.0001565273579696799 
0.01111450373426562 
0 
0.00607906345208119 
0.02312477249563557 
0.0006834714115265248 
0.01021033719833936 
0.05532044763851336 
0.00209559950084589 
0.02330503107669088 
0 
0 
0 
0.02736267890289867 
0.06013637392657314 
0 
0 
0.1544883795077365 
-0.1320128859968463 
0.1798864174549573 
0 
0 
0.1133220183456959 
-0.02511172222845399 
