solver_type L2R_L2LOSS_SVC_DUAL
nr_class 2
label 1 -1
nr_feature 5000
bias -1
w
0.8817562959570212 
-0.4382285801450334 
0.2622621058721284 
-0.05360517162944262 
-1.067059030808893 
-1.752079645906341 
-0.4109271722820795 
0.5007150704505885 
0.8797381025455553 
-0.1929738052113834 
-0.1350082659604041 
-0.2605780773929791 
0.692556363006 
-0.2760573213367453 
0.200108407984494 
-0.3651273490103005 
-0.7557760820766564 
-1.170147170208954 
0.2908291962489742 
-0.9078947423520204 
-0.3736885228071655 
0.5609690320229251 
-0.3497717657026554 
-0.3684068326684579 
-0.07964721834140391 
-0.1043937709076005 
2.565202622548626 
-0.02863812445775728 
-0.04405116597566483 
-0.0129095553791062 
-0.4509636601431381 
-0.03366042135918967 
-0.6230379896132724 
-0.5318792786912756 
-0.417262865890168 
-0.4131230016443184 
-0.7265003498712732 
0.1082993902119846 
-0.136064752622474 
-0.1233228359782139 
0 
0.7598415170048055 
0.07732479474010374 
0.1501612927774736 
-0.04816366739385687 
-0.1764312214637401 
-0.1622679802571613 
-0.7194138018019139 
-0.1275802898281353 
0.3353551922228472 
-0.03487321042365953 
-0.01503118415433014 
0.7868880328118228 
-0.3083062884775237 
-0.02489281628904656 
0.1316336438679101 
-0.7469189688525227 
-0.5133380566661206 
0.3425093660974083 
0.02829091405749556 
0.02084636434940283 
0.04329798793853279 
-0.251774061238006 
0.1161684248539483 
-0.2583773175906515 
0.03181048466155166 
0.3225383171118272 
0.122858174847134 
-0.3839128092955292 
0.4307706951568475 
-0.4102729126214095 
-0.6195185091509161 
0.4047500246104087 
0.06939001111612285 
-1.864963794321055 
-0.194937812153494 
-1.034632412857984 
-0.1265134653937852 
-0.2994633045460686 
0.1209337815591721 
-0.3722750279227388 
-1.527920175043628 
-0.1833980467942836 
0.1375286097781116 
-0.1545377477266897 
0.01616527739825753 
0.005448940633060844 
-0.3666646881602987 
-0.1087422548283771 
0.3264373797099633 
-0.210522189867455 
-0.03742419794905728 
-0.04120352713236902 
-1.234521542963102 
-0.2458032727738677 
-0.4225423433148813 
-0.342135489968819 
-0.8727236708286861 
-0.1205052883786329 
-0.6029047169162256 
-0.2076071737066434 
-0.05374455301709577 
-0.179686049457087 
-0.07277540269349551 
0.1613814267596955 
0.3689001808044196 
-0.1853468348641884 
-0.2701398801550807 
-0.0403015187547564 
-0.3743022921266091 
-0.2734064581971694 
-0.208473394389578 
0.01279327607245178 
0.05020861910851217 
0.03050215911581755 
-0.3236381124721615 
-0.5249557855879204 
-0.06440099280377688 
1.064469769553252 
0.06484177410193628 
-0.3049590522955495 
-0.7599467418271076 
0.0002451037051927965 
-0.4842500838553179 
0.4526279034039789 
-0.2192454922423955 
0.1405629691279635 
-0.6226470401861115 
-0.04235194860832023 
-0.1419536430017188 
0.1241850981494637 
-0.07202419003013645 
0.002524549341177717 
-0.7341599256412998 
0.1618205994297544 
-0.8123916805047713 
-0.09256237205069924 
0.1470173557687842 
-0.05601948999808178 
-0.5298241759728556 
-0.06889678736701256 
-0.1144168863129801 
-0.8858804422584567 
-0.01785935982123822 
-0.02685764753586219 
-0.35493592913588 
-0.02641347006329349 
-0.1038634049156268 
-0.2026426671801281 
-0.1042703679385857 
-0.4636782376386555 
0.07734427508428401 
-0.116831000468937 
0.05306033324087761 
-0.006982818036170082 
-0.264546581893343 
-0.01054312268202645 
-0.281310453066474 
-0.1958581591711201 
0 
0.05304804990957523 
-0.9294042015129645 
-0.23001955318712 
-0.6613387664775895 
-0.02936770056582573 
-0.158836636817428 
0.4686113206947319 
0 
0.3658694178159649 
-0.3520647301982862 
0.05647732594930824 
0.003593130802586494 
-0.4291419324010782 
0.1003430229602785 
0.08112223480259924 
-0.9101766494545872 
0.100057163288353 
-0.541836158517398 
0.03566063631139189 
-0.8196731209015057 
-0.07340126972043459 
0.4582385381679061 
0.1024112926039255 
0.07345420539156824 
-0.7027677826665443 
-0.1851312274121764 
-0.1258738732750232 
0.1737328738703042 
-0.2362782844947975 
-0.2537577405685731 
-0.1382699011663077 
0.06369828489844596 
-0.05793286862322736 
0.1740809980271969 
-0.1300387960181791 
-0.1713739244670526 
-0.3560187817351342 
-1.310681797631517 
0.2473349026357599 
0.4968562275880448 
-0.02810930026319552 
-0.2824644762995783 
-0.02693342621268846 
-0.2143659845691077 
-0.01498123153364289 
-1.103205814074127 
-0.06652683838242532 
-0.1191780879491261 
-0.1480302268931072 
-1.394336362462823 
-0.6523411336220721 
0.2447183453801444 
1.21508828988078 
-0.004606237775785574 
0.1391817041821943 
0.00399592054292828 
-0.1122499734261453 
0.03030348244212741 
-0.01265479147682568 
-0.75800008327991 
-0.3302258003594298 
0.05535974150588753 
-0.02023265880775385 
0 
0 
0.457751580719527 
-0.2163052455455373 
-1.449989109588847 
0.0184556881424956 
0.1375788067366602 
-0.1488742057025264 
-0.1618963609067413 
-0.003040534389374137 
1.436036044127789 
-0.4605852725349512 
-0.387915406453423 
-0.20019648964777 
0.1279993962870296 
-0.08698446989951363 
0.05606592025562433 
-0.06254301926467191 
-0.05957208066675766 
-0.004278211065382044 
-0.1403666938061949 
-0.2603249592254329 
0.4284767735140452 
-0.1437797197816727 
-0.6366011871431657 
-0.4689018158439945 
-0.3168626461028183 
-0.4413085686002939 
-0.06423534324949452 
0.283918639823423 
-0.8815488838353998 
-0.02791627255168767 
-0.4459694179553368 
-0.1389146975338353 
0.3321014639852566 
-1.152882774130383 
-0.3284125548319548 
0.1289592904942956 
-0.05496581159893572 
0.1112916272272322 
0.06506169759261995 
-0.05957851881379289 
-0.4508706187238756 
-0.05261821982657498 
0.05874837108604372 
0.2188784073123204 
-0.04008997008273101 
-0.4343962953800699 
0.01814315254432828 
1.067672052715146 
0 
0.3664549110195544 
-0.1137762500277675 
0.1787345712834084 
-0.1904066346994553 
-0.358226117633446 
0.3201842846352288 
-0.8126698281451844 
0.001417054750630807 
-0.03429770974100011 
-0.1307136498273022 
-0.09434517338370062 
0.1001474923140355 
-0.7212933558771003 
0.3371166668896671 
-0.05901170754597689 
0.114823585152753 
0.5455143086637478 
0.3007738659760885 
-0.01623241421357412 
0.4958953058380494 
0.06909534312154889 
0.3821052846127975 
0.01716882660036276 
0 
0.007433651802352169 
-0.3763505611441311 
0 
-0.5717746663725308 
-0.03279702029273716 
0.4082325997198682 
-0.01216792164052558 
-0.4344986515030335 
-0.03380890246748874 
-0.05250016266182443 
-0.4648712920369897 
-0.1434800466349755 
0 
-0.4738154450824268 
0.1812400525881703 
-1.654649031661511 
-0.04352927225185571 
2.011894210382241 
-0.6028262628909824 
0.1021453852616777 
-0.6016837088819142 
-0.08756560111360276 
-0.1627253564733523 
-0.1308861579226539 
-0.02695073358633701 
0.08252866454531717 
-0.1300925787906581 
-0.3336106095223546 
0.02156977626837102 
0.03853347852570344 
0.5998439656638853 
0.4894332986340027 
-0.179790852166736 
-0.2591392601158272 
-0.3147327201850384 
0.167516595173452 
-0.03379183276584352 
-0.04070875591694712 
-0.136323887613316 
0.1388461736769548 
-0.3927002601427685 
-0.8576695836179626 
-0.01885274584513678 
-1.298600194397939 
-0.2102851225632286 
-0.314833945060967 
0.6584408673534002 
-0.1638635211712876 
-0.1559160885708395 
-0.0773790498301717 
0.07528869919399044 
-0.9416765535174292 
-0.02841440758239998 
-0.09073161424387285 
0.164062362744312 
-0.1152350042318906 
0.1444818252087375 
0.09578472848420755 
-0.2274305978414651 
-0.1678979414523047 
-0.003149449921629976 
0.09114065821868418 
-0.1007519663502665 
-0.5872965387849448 
0.3628762625680436 
2.165579816281374 
0.8703576309671389 
0.0678176100231216 
-0.09622780340742286 
-0.1900056650074973 
1.307163520540946 
-0.004354390973203589 
-0.9733148296391296 
-0.02979493935103509 
0.03405080380601178 
-0.01041237861217075 
-0.8764187346074948 
-0.30658430920281 
0.5594709607103402 
-0.3624139856521036 
0.4537108999421984 
-0.04536591661998692 
-0.6307731461589792 
-0.0522622150739905 
-0.08636078653003948 
-0.03730530633663432 
-0.6153063941901328 
0.07230161948909013 
0.4033957966386481 
1.045700094669504 
0.09401200528633281 
-0.3835801597275605 
0.05373143370805755 
0 
-0.05621269117238879 
-0.2811650677176454 
-0.4054980514627575 
-0.4500111944099727 
0.1154025615690702 
-0.09687489498658097 
-0.3284880119575321 
0.1579981768239875 
-0.1989772278314083 
0.1128655399146894 
-0.4278008676357338 
-0.08134007668460845 
-0.3052585652813593 
-0.8163034187954996 
-0.08109102687708929 
-0.3945623445547475 
-0.1563240844038447 
0.08109362757130506 
-0.1031320580618093 
-0.3755607188629195 
0.7940874637020325 
1.237751882107126 
-0.855039422206619 
-0.03749342584880157 
-0.1276483062843807 
0.1548843517146098 
0.08673277672145863 
-0.6160562207893211 
-0.107895460175929 
-1.480251564756369 
0 
0 
-0.2181386590989503 
0.09134672093616099 
-0.09848226735082478 
0.02964918682829468 
0.808130699391565 
-0.01261239216317686 
0.381648906247767 
-0.4334824337708932 
-0.2059409464272159 
-0.6492065129815601 
-0.0715583724309606 
1.037582113232954 
0.01699749893871284 
0.004245359322896909 
0.5975895275690561 
-0.004172452686866697 
-0.2886109730401459 
0.006485920866279495 
-0.01789911270610719 
-0.3632190563012196 
-0.0678293663465156 
-0.8302104787614625 
-0.08226107279905646 
0.1456702518959662 
0.1310934387819856 
0 
-0.7413780013899514 
-0.0005363221519216826 
-0.07587382740527848 
0.244647219147563 
0.1440750932649386 
0.06012252210268188 
0.07006300694093695 
2.008975227098002 
-0.1257913357597193 
-0.1045977796067535 
0.3315066323267962 
-0.1559369340070927 
0.03720812895566651 
0.3913634088362059 
-0.1896170143599206 
-0.4427203020696406 
-0.0005002474779430121 
-0.3180979012115218 
-0.5679127047930128 
0.0008972355947157937 
-0.07847527716859176 
0 
0.202612382865959 
-0.05958759736116784 
-0.2819653842451845 
-0.01049621835344214 
-0.03649527391202997 
-0.124605030664576 
-0.1885535485158998 
-0.08813351204310868 
-0.3962168080491125 
1.642066047813111 
0.6118979207388114 
-0.1700283620941239 
-0.08309265619841358 
0.1509979893511339 
0.1635874042870545 
-0.04436553360201359 
0.02967526706983105 
-0.3669032732655935 
0.3435311388670715 
-0.4511502525356406 
-0.05064142830626436 
0.0473011541641402 
-0.03412868799316354 
0.07119116682789955 
-0.1097181175858276 
-0.9129811961036528 
-0.06958758729597889 
0.8055133278177418 
0.006984580971918065 
1.457167400788236 
-0.1657373294370842 
0.01710214609657527 
-0.1713719233496659 
0.03097160408942408 
0.07933894721589044 
-0.2993328331270311 
0.09191505079298844 
-0.3498526101127296 
0.18631975754754 
0.02389200679881918 
0.04133880588495743 
-0.1574003615193621 
0.2722861837313856 
0.05677304563676077 
-0.0109498702592379 
0.1247651878403273 
-0.09816237961447725 
0.5977461277111686 
0.4805851186213895 
-0.1863084338868234 
-0.03142068967283131 
0.1134925783946281 
0.1289419118616854 
0.04623928582694704 
-0.1544327595877722 
-0.2612201681294883 
-0.1297571907022393 
-0.2729527104481344 
0 
0.08666792312822202 
0.1225525380157004 
0.05766409484034732 
-0.09521629991936308 
0.2689573235024774 
0.08793468719841754 
-0.1481634778969795 
0.09577117867720347 
-0.2956087173415443 
0.04444187568338417 
0.5355459197508462 
-0.1031901271747416 
-0.04194075986857032 
0.07064905406909583 
0.01083813748919428 
-0.06148683534623815 
0.02442036584073523 
-2.072544062414384 
-0.05728511688583045 
1.075466350659473 
-0.9982775226180984 
-0.02759159125316221 
-0.04061774191466155 
0.04487150868156073 
0.03960710702300745 
-0.05218743533349702 
-0.02055234788764328 
-0.009242174296122719 
0.1215056715942998 
0 
-0.3073471305766023 
1.025748734254805 
0.5642637905767822 
1.532456831386958 
-0.01760701365028404 
-0.2185026860670454 
-0.3998034280728984 
0.06356844741208956 
-0.220433725368069 
-0.2113479453067478 
0.01799713220681406 
-0.05244050708166161 
-0.008069079373478326 
0 
0 
0.445287219095623 
0.9211093118586247 
-0.2677217967958647 
-0.01154215306636052 
0.1508335320014403 
-0.8897154426642619 
-0.4107260272729342 
-0.2960300924122405 
0 
-0.1025029693049102 
0.01062541316774726 
-0.1234721583634147 
-0.03284348462879558 
-0.1451477889144772 
-0.03150283876594259 
0.004635724408249148 
-0.01594913626386598 
-0.2161124172181203 
-0.261175491829262 
-0.5043324351160874 
-1.224883675808392 
-0.2050000674785212 
-1.335367570937817 
-0.02637254420305764 
-0.05182190129948813 
-0.2676902918504616 
-0.3131488385057119 
-0.03664699553793331 
0.6421538552257663 
-0.09194330044787463 
0.1952704168179371 
-0.008925649604318776 
-0.3997820550402926 
-0.3712863050265285 
-0.04701130088289592 
-0.01315373280563576 
-0.03022880168947017 
0.1374241723876533 
0.08284205913268708 
-1.297481443303115 
-0.08946230076924833 
-0.1127622093738532 
-0.3355035651659328 
-0.2350624295779627 
-0.1431427523440463 
-0.004603654167136897 
-0.01940945077118204 
-0.3461036010313554 
-0.003633430298648088 
1.013064932936651 
-0.2127029767812328 
-0.416719054404729 
2.274272823447196 
-0.09935578741028397 
-0.04790137721914847 
0.1418046254721258 
-0.9571555887772893 
0.13220635370824 
-0.4570045234538375 
-0.3931359131155457 
-0.114691132123332 
-0.05449728545902008 
-0.2685324665506314 
0.7697317147821308 
-0.6822958112025912 
0.5170253768147723 
0 
-0.3207965049069216 
-0.05667911224529947 
0.1688217960869217 
-0.004023137625018184 
0.1608385637965855 
-0.06514595721404617 
0.002271366421561896 
-0.007125919169942663 
0.1431211408352726 
0 
-9.19853275311521e-05 
0.01201271108575906 
-0.4331535342618088 
0.00141786307517768 
-0.2115576788292599 
-0.00340647273948294 
-0.5173759410412107 
-0.3097142852568657 
0.04243512759450779 
-0.2035584488071049 
-0.05058256060834857 
-0.03458259290111789 
-0.2928193560881173 
-0.7582204369539423 
0 
0.3719206916139963 
-0.04464622125594513 
0 
0.03794187404418298 
0.03417444931966859 
0.08293039363841546 
-0.3811147690139886 
-0.05595195728168127 
-0.1217133417563456 
0.1151254775949116 
0.01692857084364695 
-0.1039522050246516 
0.05443252082490763 
-0.3400008765500891 
-0.1247912535704968 
-0.1697824145886153 
-0.1491106710490255 
2.866833157791145 
0.007178684940813734 
-0.01143723772945453 
-0.1696887810019459 
-0.008930135784001324 
0.1118828510784143 
0.6810834673664867 
-0.7540582160747578 
0.006654799356209266 
-0.08972117551672495 
-0.01775720858178056 
-0.3211337277297338 
0.06369531660712531 
-0.00510766616148609 
0.6490427186378733 
0.08347387723374725 
0.07411697586884305 
-0.2722340921567579 
-0.03149808674266281 
0.8884030905619069 
0.2141425073068472 
0 
-0.02108818128514069 
-0.04673083289478433 
-0.1888219416974878 
-0.1800634179107686 
-0.2545038283953208 
0.4653888044912059 
0.02036486232239514 
-0.3772441330278318 
0.1438529943906605 
-0.2235170035517551 
-0.4870849243843753 
-0.01230342862959437 
-0.1090233802195005 
-0.1053389585810452 
-0.7047326649943737 
-0.05985175653328557 
-0.01918292769302078 
0.01824296676207475 
-0.4775047676206566 
-0.4703940535122288 
-0.1782989278160494 
0.7967314452998333 
0.2922648965293797 
0.06545362329397257 
-0.2960809048013822 
-0.04631382410844521 
0.0616015600382246 
-0.2674365952700803 
0.04321373183639154 
-0.04419234883036167 
0.1177203906572053 
0.3854244003164594 
-0.05193441296489007 
0.06402900010283946 
0.1637985272010818 
-0.00134118059540186 
-0.3168957317682868 
-0.6646911201344929 
-0.009736993641491659 
0 
-0.1679446923559096 
0.3029562820992165 
-0.5751379479009563 
-0.690670248096143 
-0.4909335571230097 
-0.3784434870790851 
0.009444545719438147 
0.3183507457819181 
-0.503222567257998 
0.07881122210522855 
-0.007416539978201952 
-0.2442410011948042 
-0.02850507713547548 
-0.1414414311088096 
-0.05346124435091431 
0.5154724745571987 
-0.09787877564250812 
-0.003917675808576172 
-0.01351994331774327 
0.06667519830810537 
-0.007914428268058261 
0 
0.430370662742616 
-0.07290278010168962 
-0.08534504968138223 
-0.1174310639868456 
-0.2066822274138607 
-0.1262781846983685 
-1.120858557591795 
-0.1625280553825144 
-0.0154134924849924 
0.5808035093310102 
0.2052990047351074 
-0.478129095358193 
0.03302559151611085 
-0.00575359204094194 
-0.1907057301722152 
0.2370007959117066 
0.2498089298650812 
0.3960432233904198 
-0.04866131659506318 
0 
0.07722430175424171 
0 
-0.04046023017505122 
1.091945374298621 
-0.05432720442469029 
0.2377871185226517 
0.8785593666702499 
0.008396461568110972 
-0.1318382701541517 
0.04239037326076114 
0.3841859069747627 
-0.1129735862411063 
1.522955942148308 
0 
0.06105412033592339 
-0.8490042792460161 
-0.1606876318340646 
0.1926030397807146 
1.106812052052123 
0.01915732201249146 
-0.02317138501022125 
-0.02099086292439133 
-0.4892402302293249 
0.6370716951391905 
0.005354778396383276 
-0.01103790277812456 
0 
0.6369270678850443 
-0.03417158755680812 
0.2986720043247219 
-0.0006401287635572393 
-0.01933056056627075 
-0.04832239340161903 
-0.05225411306094704 
-0.01494936850935226 
-0.3987140934535003 
-0.006118512371785075 
0 
-0.4396897724504139 
0.1776036358330956 
-0.129233187675512 
0 
-0.2139250818683637 
-0.3842594564333044 
-0.0888297804861428 
0.1966391601167407 
-0.0696027727311021 
-0.00937552762443414 
-0.5993448658115916 
3.224486962715217 
0.02026470840782537 
-0.3095692103128746 
-0.05562560130350511 
-0.6197939891588345 
0.1320041670028502 
-0.5307592964751682 
0.1829031624211912 
0.06044460441681745 
0.1352709437208737 
-0.07396826956619815 
-0.2853465571623831 
0.08377093551776305 
0.2193402786522478 
0.05986844346216769 
-0.01490773123653177 
-0.0930431257684175 
0.00653003897756752 
0.0640375783081983 
-0.4139601444049708 
-0.0107528162041379 
-0.1449577551374092 
-0.2712437917538057 
-0.1157278694782129 
0.4218924629888182 
-0.2169558975882062 
-0.2218080688633484 
-0.07203534017156574 
0.2535877087652373 
-1.167081822903236 
-0.08512359142485411 
-0.05532869109401167 
0.6600960813398761 
0.08440969429537221 
-0.1282068173328763 
-0.124394929720341 
-0.03947028929581317 
0.06651196816945715 
-0.02452609553192361 
-0.5195526994376084 
2.201497623086333 
-0.4296374400965257 
0.0004000562772282304 
-1.083968895562444 
0.2036489666995756 
-0.1131007685882861 
0.3434186614437516 
-0.2880140524698998 
0.2885126711320853 
-0.001079965328904695 
-0.6503681142029738 
-0.06077579570601888 
-0.01543523486067654 
-0.06341133618311548 
-0.6507924490188161 
0.2453024532485472 
-0.1441876257113462 
-0.4807149408148875 
0.2984161479560361 
0.1094154944261749 
-0.4721129521173782 
0 
0.06485885062009192 
0.3294092340084697 
1.272217238107919 
-0.5802700840091739 
0.1349229538508074 
0.4618939823849211 
-0.2413564235153872 
0.2570417387161817 
0.2311313240753781 
0.07274620678584345 
-0.06593647842083018 
0.1465807970816564 
-0.07550094817134319 
0 
-0.001883677438346284 
-0.5613677503982327 
-0.1887370383789337 
-0.09104477700365106 
0.1266813704510637 
0.1736739095764259 
-0.08024097050357593 
-0.1829321467437112 
0.08869703144183486 
-0.3485394303722416 
-0.5540913464887615 
0.4922169049448922 
-0.1786421285310244 
-0.05780342409987065 
-0.02847805727357074 
-0.3119438236573183 
0.0306449931545743 
0.1969790654841158 
-0.2500932585350585 
-0.1851248710938526 
-0.02381407558095323 
-0.345899985899139 
0.08608693962269279 
-0.3740192364118217 
0.008760760401329771 
-0.006503566753547112 
0.4215965791757457 
0.08670657727959351 
0.04464997890328071 
-0.001437625320337466 
-0.2128237845103618 
-0.0183376497101608 
0.3161993902335425 
-0.1080659576738981 
0.06530368271167641 
-0.03509921973337839 
0.155434111600141 
0.002390922640502956 
0 
0.0130371312356188 
0.6119321180911252 
-0.1215400710997083 
0 
0.04005458502588867 
0 
-0.2602583067624643 
-0.1558908921893171 
-0.08580569563671166 
-0.07149295607823315 
-0.06261651241461996 
0.0296078630177109 
-0.01534813367147431 
0 
0.2170623686677563 
0.5384060706230985 
-0.2309486681603377 
-0.001461276411998786 
0.2221017147109196 
0.06037876669596984 
0.003379147486015017 
-0.03925565029877308 
0.07241968445695834 
0.1327439847532107 
0 
0.7636655168254739 
-1.075461887328847 
-0.3834050510872845 
0.005767297163070107 
0.01585413848062901 
-0.08449393602657379 
-0.01591801121645527 
-0.005013253174956227 
-0.2499505181188277 
0.1022297967382477 
-0.4107008730669113 
0.9114962357527484 
-0.1424645219908435 
0.04845140082466754 
0.5250345667179435 
-0.09369935266673542 
-0.02665453325214337 
0.4626363988957276 
0.01731522906279237 
0.0705007620735231 
0.1046147135573501 
0.03549938625102805 
-0.02284820636686975 
-0.2273792160221303 
-0.2591434580441876 
-0.192620085601404 
0.2001101113996803 
-0.02420721279414262 
-0.05289047632957963 
0.05045073015390281 
0.2778825237462429 
-0.01756086788349939 
0.02909517410220236 
-0.1622812938709792 
-0.1564545373170495 
0.06069116857571691 
0.1984105720004899 
-0.01776560099954894 
-0.100894007509724 
-0.6479750927914356 
0 
-0.005612697513726398 
0.1987926885578283 
-0.1478812576120662 
0.05854484199238758 
-0.04379750987733563 
-0.0738340528089277 
-0.227674784855577 
0.1723671853238327 
-0.1889766555156205 
-0.03332531202332509 
0 
0.4956275292655501 
-0.03496190946917101 
-0.001243970084435193 
-0.0283665868179528 
-0.03041836373270717 
0 
-0.08774587523618094 
0.06207195214510695 
-0.004826102699895778 
0.08999174679930663 
-0.2683155932023225 
-0.01067923759196791 
-0.02050457089741718 
-0.2183183466305861 
0.1363854698734057 
0.01307462837333913 
-0.01944100673155803 
-0.003997028747520811 
1.403549919638007 
-0.1006269307023652 
0 
0.06996452208540703 
-0.9351663610762394 
-0.271167190057103 
-0.2967700822594878 
-0.4094409685838895 
-0.5820273973852961 
-1.26257216378453 
-0.1364215777695255 
0.02199475717702976 
-0.0243499428743304 
-0.1309856987259756 
0.3897426472283233 
0 
0.002633486262653258 
0.06662657481527531 
-0.33496616456351 
-0.04512107317148965 
-0.3880922865570485 
0.2203728675156738 
-0.051856971763748 
-0.01942990422319741 
-0.09006182897899136 
0.8374224349210952 
-0.4882741043109731 
-0.2252865931101542 
-0.02046651307378966 
0.5691393782082167 
-0.7571536378189324 
-0.1616036802203424 
-0.454422920315967 
-0.6060211748426197 
0.1490982673036265 
0.08542569399820528 
0 
-0.08436160327114844 
-0.01472217891805991 
0.2529863766293392 
-0.01437503160598342 
-0.4487284035741337 
0.6069541537140752 
0 
-0.03991564080945653 
0.01059861423367714 
0.6538483726583603 
0.003656305725158716 
-0.4646179065890225 
1.001235590395654 
-0.01386602762555144 
-0.3214320991694382 
-0.02540713163905862 
-0.08501484091767619 
0.9291343560145972 
-0.005440640939841825 
0 
0.1372250397297358 
-0.5909887200280506 
-0.6646841724967589 
0.04335189016935302 
0.01217774360383959 
0.6733449549376052 
-0.000399668046603538 
0.4164912743991097 
-0.0005601818036540204 
0.02627209055069315 
0.1101042725538548 
-0.01218540677056193 
-0.02840273294658499 
-0.1717205040836518 
-0.07202526534162844 
-0.1293634877486787 
-1.408643332215138 
-0.7563953275133399 
0.03509079304699472 
0 
-0.3572718045124996 
0.04756464474418841 
0.008077105124627233 
0.01014766449181997 
0 
0.0522546748257984 
0.008237190293497823 
-0.008451770867138378 
-0.1614338187213593 
0.03254457384007104 
-0.02702207813555421 
-0.04570387048157887 
0.05516535781224235 
0.5466314977116334 
0.002700526392971207 
-0.125691942310223 
-0.4974193751201587 
0.07264700417083683 
-0.05041091411824501 
-0.1582977282660835 
0 
-0.226761333997481 
0.001366945068167703 
-0.2481246334496864 
-0.04709546210447477 
-0.2936750943810846 
-0.01475366229520144 
0.178584590737842 
0.8252048483223454 
0.006602400836340264 
-0.223003906399479 
-0.8186447236864752 
0.3897074001871208 
0.06499497556520292 
0 
0.02265230665146146 
0.12161370245917 
0.4251346426087353 
0.01929487073243157 
-0.09481513271809155 
-0.03722630441023353 
0.01907073013593145 
0.0148619884102226 
0 
-0.005011221048214602 
-0.2329156811098814 
0.05319517992663153 
0 
-0.3949975185627125 
0.005281738972965072 
-0.5934017945066336 
-0.00133618693249383 
-0.008882907892697169 
-0.1103464448485784 
0.2362979458632932 
0.09046825144135655 
0.2176360838434148 
-0.508714673122959 
0.2953447906455222 
-0.4127299262124537 
-0.02562282908609999 
0.04134853254120896 
-0.2703704987933188 
-0.1235802796483639 
-0.07496283869279863 
0 
0.07169628171001616 
0.07753529395543285 
0.16792678672977 
-0.181254678347323 
0.04819933768636232 
0.006596267280101469 
0.006561067724696012 
-0.08644648202709458 
0.001077255133587536 
-0.1205331942403899 
-0.244718272442232 
0.159664695511595 
-0.3820171489038788 
-0.1712237566541715 
0.4012684763930296 
0 
0.07838576573383083 
-0.09360585032560836 
0.1661807193652844 
-0.2417803810260348 
0.7387434793188686 
-0.6034388553593106 
-0.01858308299551632 
-0.1080386537827708 
-0.04773743131013451 
0 
-0.2807316527437984 
0.5713302381436927 
0.1232022478574858 
0.03559673126879304 
-0.06864492785164977 
0.02545393244269507 
-0.003231589409310187 
-0.2952030868218741 
0.5063075853670602 
-0.03436358486848803 
0.6728773356118797 
0.3113807444256903 
0.03942299975595095 
-0.02321494294431002 
0.03387006776410306 
-0.2175009863980079 
-0.126349874269366 
0.1000293077168243 
0.4478962370592227 
0.06432542800568074 
0.4432426408150179 
-0.5046930806656875 
-0.3380690269220354 
-0.1651572357229018 
0.04116938198954963 
-0.1434319311139678 
0.6417772399561622 
-0.1294063200037037 
0 
0 
0.07692856300916888 
-0.01683859289660841 
-0.08982629413275758 
-0.03342037364246432 
-0.9340372076452378 
-0.2620185101121734 
-0.005145528305118308 
-0.02562043447327869 
0 
-0.0763195845295617 
-0.03767069805812619 
-0.05616004806572582 
-0.1785027117351689 
-0.200293285528579 
-0.02963061954685019 
0.4821436900109854 
-0.4359003659371057 
0 
-0.1437840491403078 
0 
0.140588675850751 
0.005197778695868648 
0.3139778375910973 
-0.2766904020430046 
-0.2209095494614054 
0.2495030481685091 
-0.0229873000817464 
0.004198516240333081 
0.139069538671701 
-0.4397791351993208 
-0.02130337639575767 
-0.0191647025509008 
0.09875833670771551 
0.2594532665725054 
0.1421767480543547 
-0.00620116056219635 
0 
-0.5270759223360731 
0.0874560461467858 
-0.2754348623803614 
-0.0373726735528801 
0.1691945196794536 
0 
-0.0836206865361883 
-0.02137029818120297 
0.07776214643577843 
-0.07351655522250317 
0.0004926780056101997 
-0.4179908553119471 
0.1993596359315803 
0.09998434810121891 
-0.0655446344642853 
0.02558756280726076 
-0.002409176582188928 
-0.225603253219108 
-0.08223677905853415 
-0.05037128953509232 
0.4690532889722313 
0.1072597323780819 
-0.2671378593522392 
0.2841046058381498 
-0.3459091052400549 
-0.1830059918628897 
-0.006971179686699112 
-0.7730477590615745 
0.07387086535390996 
-0.01009585854946798 
-0.03372681008403335 
-0.01539158186873741 
-0.004475005937629585 
-0.05555899994531234 
-0.663753601112883 
-0.1877805183667045 
-0.1688337779537049 
-0.7285419177562047 
-0.5741516713155234 
0.06269494182007615 
0.1353232396406151 
-0.001078265747263527 
0 
0.3574571709045209 
0.1219623169099256 
0.06140883421106663 
0.2150709848552239 
0.5658983721184276 
0 
-0.007271634859993078 
0.1046351884537347 
-0.5210825171543092 
-0.04235901689963396 
0 
-0.006486759670563648 
-0.08464317620206634 
-0.3433598672471923 
-0.1318635693142856 
0.09150545585316078 
0 
0.1675445219356081 
-0.1470404851372111 
0.1595508268286456 
0 
0.08908212524525634 
-0.2556413888763674 
0.07276820509455456 
0.09807482251073647 
0.2712839846836027 
-0.0523018178855387 
-0.1814418214086911 
-0.6451429253410048 
1.034192573809039 
-2.058821756598836 
-0.7270439386596762 
0.1044073698085498 
-0.4565099648957522 
-0.2335846760686025 
2.362643863168167 
0.1272676673258527 
0 
0.01419414139637705 
-0.002665605515156695 
0 
-0.2993729172307844 
0.02756613548511985 
0.760687725130943 
-0.03258235869088162 
-0.01479637768514722 
-0.2234660137858888 
-0.02115529339783987 
0.02263951312830733 
0 
-0.2285677833219466 
0.1216663074779511 
0.008609599595918586 
0.03433810217541199 
0 
0.007112794074046221 
0.01295417789511637 
0.08064787522355407 
-0.01121249041639857 
0.3332153477107841 
0.1157862874706495 
-0.07287110813327632 
-0.4258830593065163 
0.4944279636505427 
-0.09618039152128503 
0 
-0.108870489670867 
-0.02215781985012596 
0.02833446255381663 
-0.003904384594973231 
0.05081113230697466 
-0.01629900064607948 
0.01790429431048707 
0.0260417120838772 
-0.1705862819060714 
-0.5201887744915605 
0.2849385098009364 
0.03868235538501706 
-1.059491800826685 
0.0004321420830312298 
-0.1318942625641482 
-0.06308942433558901 
0.2045546295715112 
-0.1343873541888564 
-0.02610328755278096 
0.2625599479282607 
0.001573678573177056 
0.1230815263337555 
0.2122745758151605 
-0.5951123712693174 
-0.05301280835143538 
-0.1540583532880185 
-0.1618441620930496 
0 
0 
-0.036327695647813 
0.06395571798022433 
0.1066143961852299 
0.1529377430530238 
0.2198114151637558 
-0.2238154423704429 
-0.152240664432116 
1.339839356481083 
0.1056043386166084 
-0.1165928849801706 
-0.259386632952572 
-0.003800921451655748 
0 
0.0374766361901681 
0.1249364677943578 
0.04101506906571889 
-0.6405902637946205 
-0.01278158836306152 
-7.307937781083924e-05 
-0.02105233566758664 
0.1521984430795673 
-0.05148477696568967 
-0.4438896071317478 
-0.0507778963228282 
-0.5560496407090658 
-0.7344637522965721 
-0.1485177980846891 
-0.07330475492108571 
-0.123385604845509 
-0.2383589487075724 
0.1154682979801697 
-0.09056319266403483 
-0.03067947725627375 
0.2040189712870658 
0.0744239780917315 
-0.07863484024751477 
-0.1261426989081137 
0.07102449767323274 
0.03161039309435965 
0 
0.08310595389479664 
0.1506698613174915 
0.8000457792182383 
-0.3002748527814501 
-0.04443446063658445 
-0.2444757462533187 
-0.007430874063477898 
0.09435271505705313 
0.01171407830113556 
-0.09275055315050361 
0 
0 
-0.0321841809439123 
0.1788557345904711 
0 
-0.007313279455855732 
0.4909453873574396 
0 
0.02919770608841821 
0.03080032045390997 
-0.03874981738157438 
-0.0562395596850442 
-0.09084079555357477 
0.2633271951956866 
-0.3543618523612728 
-0.05326537762663693 
-0.01509350631056878 
-0.009757544676058553 
0.2196907647674373 
-0.1373859843860956 
-0.08016398564715081 
0.2328283203062593 
-0.003170938625457997 
0 
0.5866126573586994 
0 
0.03132050877228483 
-0.008446604715798165 
0.009925651172599807 
-0.8841035106157651 
-0.1403390324654447 
0 
-0.2455028585518326 
-0.04948113666689977 
-0.01274747017186682 
0.621627483231345 
-0.1448929631011734 
-0.02964758628332894 
-0.7179054928540592 
-0.3204286292761971 
0.5723778250017008 
-0.1176173125935066 
0.9325419168287606 
0.006800898864583238 
-0.06677997174549655 
-0.0261817394016997 
-0.05682939885846046 
0.02051821666059 
0.1433397966269631 
0.5338162627205025 
0.1231739535777542 
-0.2677546533457033 
0.6500282694955732 
0.140418264914531 
-0.298260504346137 
-0.206230570822785 
-0.1225944200862149 
0.2317745915773876 
-0.0125798944923959 
-0.04790485709580349 
-0.3543753784906854 
1.705738502958798 
0.695143189988538 
0.1969371057048422 
0.05322007330141342 
0 
-0.3682267722452103 
0.2919429661563046 
-0.1281219733108778 
-0.1333419855020669 
-0.0009498434453569523 
0.6185106747416537 
-0.025564055636825 
0.4619173726109447 
0.04426360507350502 
0 
0 
0.007283846182148026 
0.01119000219916157 
-0.3591977810646476 
0.2203499706857136 
0.01577853748460701 
0.1612876246899829 
0.3704181260815889 
-0.06645036824493517 
-0.06224654832143928 
0.182126571096738 
-0.5631838196959955 
-0.003850220295182638 
-0.4093951191434217 
2.164416848949768 
0 
0.1734637302488797 
-0.03220558101239996 
0.03315915609167411 
0.4605987561339326 
-0.01701078005802203 
-0.9262386140075168 
-0.1332845857760197 
0 
0 
-0.6556194371245271 
0.2374947354293733 
-0.005673313529709948 
-0.2880771988521039 
0 
-0.6177455993882215 
-0.124037551771529 
-0.2897982950926415 
-0.0613209986966798 
-0.06294522225743843 
0.005452537967537145 
-0.015519401038314 
-0.315792586026703 
0.001397333627105864 
-0.8425498636276774 
-0.07987674194238234 
-0.1637792526845748 
-0.005924501399787756 
-0.08666434550822869 
0.2274140335019033 
0.6711047520995636 
-0.2586546960514226 
0.183266889229972 
0.1403717076151084 
-0.1508265325334019 
0.1074563142507812 
-0.1886498380501151 
0.2200101131733985 
-0.04807294584537315 
-0.6962830767061985 
0.1433159790295203 
0.01331217838510648 
-0.1439371059597767 
-0.03898979500449951 
0.1347397819248412 
0.7837644197715418 
0.03229602942971786 
-0.007600750130677163 
0.06011506468846983 
0 
-0.06095417143541241 
-0.01963699017361818 
-0.05926594135381662 
-0.01132808527265866 
0.795585307928352 
0.1282654341062025 
-0.01071552125757174 
0 
-0.08064149944282441 
0.9218949148017545 
-0.03045304841769923 
-0.02355025698991516 
-0.2763121951229827 
-0.3532603475276672 
0.07548538280197538 
0 
0.1278342267484443 
0.07359002714399708 
-0.1654463558023136 
-0.2222919209332283 
0.01243054602599592 
0.2701335428997595 
0.04150768751034665 
-0.05075770824306276 
-0.1673715295293478 
-0.0497856834930239 
0.3050253572429044 
0.2125604102000103 
-0.01158227470167204 
0.2486608323218673 
0.0602455482382791 
-0.08660463077788594 
-0.1572596985856007 
0.2093233967150046 
0.1501251147186158 
-1.318878616871199 
-0.01068170322547957 
0.0117718081950113 
0.01008180947469563 
0.009070480856492001 
-0.1919613674171266 
-0.1593956832637645 
-0.06761302465252429 
-0.04417397033199163 
2.310020727273852e-05 
-0.1225511682163464 
0 
0.037173202481523 
-0.1601706223280172 
-0.3025729842514422 
-0.01734915333673646 
-0.003422396467487159 
-0.02874914088789576 
0.2894938260344334 
0.3093275121638585 
0 
0 
0.001412190494319804 
0.02091973994308581 
0 
-0.3889693480491581 
-0.1597156096324684 
-0.3954722375221812 
0.5854021238716549 
0.003130249336528494 
-0.008203269884022311 
-0.5514588805345528 
-0.3710088961915141 
0.05026221975631964 
-0.971810040767814 
1.011451832629041 
-0.001930431340366426 
-0.2353277222862976 
-0.07019171819852915 
-1.577635347071494 
-0.02275501394898344 
0.2609705052412776 
-0.05338466625082294 
-0.003334637098234844 
0.004246022944819922 
0.01128673099510091 
-0.1825327094651296 
-0.1432820477722319 
0.1846549252168922 
-0.02098349874507953 
0.00930058226711504 
0.1743913312467188 
0 
0.03474395281061872 
-0.08963132711908117 
-0.01067292848870314 
-0.3042751417105268 
-0.04051906106291203 
-0.117084537709213 
-0.2928935037514271 
0.005564809567282856 
0 
-0.01791760347717773 
0.1055428504866752 
-0.8072063182346343 
-0.009476292449104117 
-0.02723101516976192 
0.2895500378018389 
0.01356023838878358 
-0.2441766672742938 
-0.00775332404970544 
-0.779325154859232 
0.03410092594801376 
-0.001319353147657194 
0 
0 
0.2747484299887065 
0.1695468328224139 
-0.005575507623759955 
-0.01600463621474277 
0.1236515333950035 
-0.2552042228441597 
-0.1033882773712017 
-0.101676009113202 
-0.005094213560660637 
-0.0342694514633519 
-0.06950726430486852 
-0.4292238663976024 
0 
-0.01032554021194894 
0.2081451580082918 
-0.02753260882228745 
-0.08105679505212371 
-0.00305074643531367 
-0.07259253554940329 
0.1464576741133086 
0.1024565457720812 
-0.1601479108434562 
-0.1269956313053155 
0 
-0.02272579783220474 
-0.004880237611915976 
-0.1173451671228514 
-0.8266490718968339 
0.1159432563260896 
0.1313856091058681 
-0.81125696183023 
-0.05136197058997302 
0 
0.06341446177078409 
0.3059006351128143 
-0.1252644063650822 
-0.4841822891723243 
-0.07876663491592653 
-0.4820513757794382 
0.6691890498061269 
1.196227271781728 
0 
0.01204982573135212 
-0.122907247375436 
-0.4054599137862578 
0.04709765148645746 
-0.05531555295098617 
0.726968049426469 
-0.3349877865483957 
-0.2979541871073644 
-0.1241319115034114 
-0.02475790074731398 
0.1471860286944314 
-0.05630343206996623 
-0.1899227016584084 
-0.1239550710336176 
0 
0 
-0.4877036430582493 
-0.3977379443652466 
0.02310117509388332 
-0.08701145828389524 
-0.3144659625599809 
0.3233147756422225 
0.02791382367863139 
-0.5251319776806793 
-0.002979499572656423 
0 
1.068563395630639 
0.4779915257262789 
0 
-0.1049509164409922 
0.1660748794367298 
-0.1705392351458295 
-0.01033294308570073 
0.04470051306542682 
0.07780459222260563 
0 
-0.1011485907319326 
0.2290246462065007 
-0.009615624713042633 
0.04577030724186344 
0 
0 
-0.06712288512261608 
0.9017095177048867 
-0.1406412628621587 
-0.4254812145874562 
-0.1107787674309686 
-0.3068703237470468 
0 
-0.1743744068123024 
-0.003193080419179444 
0.05575537405409253 
-0.00149504177031236 
-0.1710747764458422 
0.03231669796372554 
-0.03732171649386992 
0.1257530295194957 
0.1418190657322429 
0.00844184333711754 
-0.03699140253972535 
-0.07137592716701963 
-0.02871678183487627 
0.6689298869981921 
-0.08859754228578684 
-0.02753336666359193 
0.3216632811678046 
-0.02589281149130948 
-0.001618489432725075 
-0.02095368185044937 
-0.01964576749708173 
-0.08983686413925132 
0 
-0.02675004258338747 
-0.3325036439111722 
-0.2379949344042907 
0.1597016486934904 
0.002035550532751946 
0.2333268544839063 
-0.313229535039203 
0.5707755602957001 
0.0004449409365338593 
0.4727135008366254 
-0.01015096480693819 
-0.00786307690227853 
-0.2254243318047529 
-0.3757044057076778 
-0.04561625366550936 
-0.03647624211070176 
-0.9877528111553957 
0.03756752434001331 
-0.1406134795659912 
0.4648519754986091 
-0.05159140613937468 
-0.04342755815585597 
0.06008690880371582 
-0.06887355726127242 
0.539381119916721 
-0.292318438726207 
0.002247431368428843 
-0.02071380589828429 
-0.056452447167492 
0.007628375277934981 
0 
0.2026708212555687 
0.06042718646295864 
-0.01040377877800574 
0.04221514089075 
0.0001510752277279469 
0.08771346152679986 
0.749214975452265 
1.170919591516744 
-0.03957182492349661 
0.03935975056316295 
0.003019095004582198 
0.009969996772274307 
-0.0986169812469307 
0.003080845708784578 
1.59135554390695 
-0.0432567230834618 
0.08343696140590541 
-0.1720062262025769 
0.6940105737896338 
-0.1274764511061124 
-0.4622872276704944 
0 
-0.09365780925623146 
-0.2119341639307775 
0.1950481376035456 
0.008122229794969321 
-0.004013108642076148 
0 
0 
0 
0 
-0.1053576924242037 
-0.2539620134623607 
-0.09975083044424997 
0 
0.08312393017024788 
-0.1125208808527478 
0.02280080313578224 
-0.01454347994939964 
-0.3626261047243255 
-0.2841186656712931 
-0.05531920014267775 
-0.3054062314842302 
-0.008742165191032481 
-0.1474509407793347 
-0.090057015825353 
0.00809976898032194 
0.2018132143548226 
0 
0.009369983020978915 
-0.001005313460336201 
0.005962943062842797 
-0.01133551126037642 
0.3580604031629424 
0 
-0.1467639266069239 
0 
0 
0 
-0.1503356591660521 
0 
-0.002239553534845142 
0.001318147090361675 
0.1073936242157351 
0.01295335590311681 
0.449189296825701 
-0.00379893554915656 
-0.5141822129756312 
0 
-0.3333441209058668 
-0.1587014354020685 
-0.6944212406237523 
-0.05463057730742861 
-0.1085302951795295 
0.1543075118940928 
-0.05504334253254912 
-0.01120222243381364 
-0.03086628203070631 
0.02560663299931918 
-0.3271469147777258 
0 
-0.3414139948163966 
0.00664985372899615 
0.09842907814503726 
0.7296875115180654 
0.004977492959215728 
-0.3323815305014856 
-0.1998096565213981 
-0.2796891309698378 
-0.1922572811293448 
-0.1936561041959651 
0.01963755502770203 
0.01347461596972158 
0.0524671367165263 
0.3846044208331677 
0.04345834593495329 
0.3805731087268332 
0.1439306482876869 
-0.006964879549388587 
0.1079928360970124 
-0.4700960055662914 
-0.577793570115389 
0.1999461696408049 
-0.2970279708264587 
0.252411250788543 
-0.09594997103655267 
0 
-0.6166348574946355 
0.0008529487633867124 
0 
-0.009760283548338385 
-0.1306714314626133 
-0.5594553759354136 
-0.1007069506047307 
0 
0 
-0.05695776489200699 
-0.01988337108570027 
0.02376790256908302 
0.06554187222420016 
0.3242817528050764 
-0.04309527176898414 
1.134231935508579 
0.002340363602402731 
-0.04665080598972671 
-0.009663042340291918 
-0.0267786939042142 
-0.7724415014487118 
-0.1906919158404571 
0 
-0.6362893692898735 
0.3053201859462406 
0 
-0.1210561739569313 
-0.03323782538652902 
-0.19739632029335 
-0.03201858505955773 
-0.100188175649807 
-0.0590707869788768 
-0.3042885146282975 
-1.410998108342535 
-0.1158501462729531 
-0.003848765674062156 
0 
0 
0.1842394870982008 
-0.3706373352888079 
0 
-0.05968921856309534 
-0.5259385667744326 
0 
0.1905413998615169 
0 
0 
-0.006664214013012991 
0.2167817076862592 
0.4225552873084046 
-0.1005781881165633 
-0.3906260450918303 
0.248845203896275 
-0.112311126068888 
0.170011280454729 
0 
0 
0.1363383456114974 
0 
0 
0 
0 
-0.2084883751834437 
-0.01452292207882335 
-0.5684168746414224 
0.01372883240850954 
0.1389538208031581 
-0.1392173293732656 
0.121109470092456 
-0.04711311822980325 
-0.02124422132778682 
0.1242859327226546 
-0.04233709136592391 
-0.01142812201984198 
-0.378132940000278 
-0.2625008738131731 
0 
0.1891451249704995 
0.48284556197488 
0.1175482039970523 
-0.07165984195808954 
-0.01837291232869988 
-0.04592115675042955 
-0.00131422757116254 
-0.0731164405821095 
0 
-0.06966939531148388 
-0.4928382931574548 
-0.002104558619995711 
-0.001401904912337793 
0 
-0.5551783045389731 
0.02059124329595122 
0 
0.2916922672683175 
-0.08679187920905131 
-0.2959281039022884 
-0.01697840850340598 
-0.001538443834098431 
1.994038144228939 
0.2038137484023702 
-0.1152315392837277 
-0.05312801670078483 
-0.4303839558452617 
-0.09249450133962576 
-0.3429258831654083 
-0.03892221186608488 
-0.02691861079453142 
0.2919951395588394 
-0.01384732260091258 
-0.1341427855368217 
0.114577436685729 
-0.2811512415576953 
0.05519455715148749 
0.049345998541542 
0.206946437422837 
0 
-0.6701962116197016 
0 
-0.03065597300711267 
0.2194350834538947 
0.04889277317789252 
-0.01192445797014408 
-0.1025355136242077 
0 
0 
-0.08567542803305569 
-0.004140906897860517 
0 
0 
-0.04701380052785361 
0.02373785085499759 
0 
0 
0.1789671602146328 
-0.2108464380179411 
-0.05793127244187538 
0.207062966261462 
-0.4436358122326011 
-0.05088590447120862 
0 
-0.1599822889858724 
0 
0 
0.00687901858860624 
0.4593479880833669 
0.3732520861626767 
-0.07636603882449752 
0.9348871228191278 
-0.09628817981229131 
0.05267965100689678 
-0.004027062297041343 
-0.4262276578544181 
0.3269075177993057 
-0.1390639670066911 
0.3807914539761985 
-0.0029816907009758 
0.1384203104532201 
-0.04173246940126384 
0.04017246908480013 
0.3859168812811064 
0 
-0.02006144537368649 
-0.01567397715397927 
0 
-0.004495043553977755 
0.06599976497418317 
0.003296777931863795 
-0.401946451798587 
-0.01083969966017325 
-0.02141438817532606 
0 
0.1128416146518598 
-0.03286248299129801 
0.7178535489135311 
0.4875365033165009 
-0.07196274889205811 
0.002277216710105954 
0 
-0.6947759466915557 
0.1367012642982377 
0.1612047554375268 
-0.02878566373332264 
0 
-0.2405527247489433 
0.05751000753644057 
-0.08087265425279687 
-0.01408767331151701 
0 
0.001652752394927789 
0.1432517497229627 
-0.02961430232538259 
0.008186995449529928 
0.09861258363168454 
-0.1075584115177431 
0 
0 
0.0654720983589179 
0 
0.1140948458312831 
0.03058783279161717 
0.000371378705789659 
0 
-0.0002233783564639353 
0.05943548713855251 
0.03198391331427996 
0.1790629592891267 
-0.4314562458288499 
-0.06083628276200155 
0 
0 
0.09460650657692117 
0.06834546752451974 
0 
-0.2472967230745663 
-0.005044449405181747 
-0.229931623136732 
-0.008194868541667929 
-0.2349034203379456 
1.88845660060492 
-0.1206658420475213 
-0.02002012960826632 
-0.007498906081414396 
-0.03547952065618821 
0.1418917660248897 
0 
-0.05832795909517052 
-0.08783500190806251 
0.5686072226433766 
0.01130384775713895 
0.05299200479441914 
-0.2009182532548189 
0.08383339378108969 
0.2196814200590218 
0.5807845418904113 
0.02576606536563133 
0.04800716569198263 
1.581652142147156 
0 
-0.01001396627496325 
0.006985540175194145 
-0.001480222996202665 
-0.01101268224138647 
0 
-0.005065668691137738 
0.01288840396230472 
0.004659042673520391 
0.070374256239415 
0 
-0.01465316100002578 
-0.0506474282904445 
-0.3699054059478115 
0 
-0.3133582825204657 
0 
-0.08365355566363045 
0 
0 
-0.02989574258176216 
-0.003479702156781529 
-0.01725408316543466 
-0.07004815680697699 
0 
0 
0.05956940660902933 
0 
0 
-0.2102648212798553 
-0.1676833024725548 
1.559689973226283 
-0.07090086135703255 
0.1902124889306609 
-0.1206754523259653 
-0.002819878196475193 
0.07501066739929318 
-0.01157992178628453 
0.09926782046249455 
-0.06244764839167524 
-0.5971088044499165 
-0.02266417147507544 
-0.04796226031017096 
0.5300475097739038 
0.2728085642294358 
-0.06572539845466004 
-0.1894768443782912 
0.05627376263658529 
0 
0.09114464883523574 
-0.5058054726801897 
-0.3633774016334244 
-0.0009855861551326692 
0 
-0.05755204683089052 
0.2240133639096642 
0.4856055432097703 
-0.4036819962687409 
-0.1053849523256281 
0 
0 
-0.3518178640898235 
-0.007038751620219604 
-0.09586525010639405 
-0.5110127565038022 
-0.2114916248506474 
-0.008572453948385187 
-0.1741820937851413 
-0.1316834953338785 
0.2130636899324468 
0.01265911985544894 
-0.02619057938255911 
0 
-0.1211082325808613 
-0.01974427957230087 
0 
0.03725477123879067 
-0.0724052090919049 
0 
-0.003663944014686357 
0 
-0.0535184728609922 
0.1216495385300117 
0 
0.07997158447656577 
0.01767474262632842 
0 
-0.001208520428369913 
-0.78285102710159 
0.03960632701055136 
-0.08394045856319603 
-0.3750597463480936 
0.0254038795360061 
0 
0.03936732792556075 
0.003340287252077673 
-0.09824478353643107 
0.000152771747121351 
-0.3316217493153037 
0 
0.1296153737534551 
0 
-0.004106470502636376 
-0.1057266965816922 
-0.0129961966819566 
0.3159641606764401 
0.02525428840355912 
-0.2370044174986962 
-0.1434354686594023 
0.003729527026805019 
-0.2348182695602974 
0 
0.08696874945157641 
-0.0700299327013325 
-0.1575387306159631 
0.1487776805468195 
-0.6233391980007899 
0 
-0.03746397594888518 
-0.02392882005169609 
-0.2180423130855973 
0.1692571125241989 
-0.05749628146260607 
0.188070693823214 
0 
-0.04554349933991771 
-0.01046324825419068 
-0.01305764859337847 
-0.03715300061090105 
0.06192793265298649 
0 
0 
-0.02158264269165226 
0.02697693433321656 
0.08910067587095793 
0.2548284279980795 
0 
0 
-0.1826201306502442 
-0.1797040103805757 
-0.02475913588594812 
-0.4445480270809805 
-0.01530185112921872 
0 
0.03583376114756665 
-0.0509653444231632 
-0.01297110101099739 
-0.094350824429957 
0.8037083571711046 
0.01411875926304528 
0.785004519599096 
0.0527826905959606 
-0.006739329018049089 
-0.2204715497568048 
-0.01584331602099498 
-0.06369313397914976 
0 
-0.05566402047286834 
0.2210447562302162 
-0.2787819884476201 
-0.03189505049817805 
-0.114452915917971 
-0.1775772072453111 
-0.05344994825701292 
0.1088268408716352 
-0.4051429262657494 
-0.3995987655743412 
0 
-0.00280096282859606 
0.0771179172819766 
0.1014555578344798 
0 
0.1733832683466667 
0.03646575476545219 
-0.006785848199958089 
0 
-0.1628145085853689 
-0.02208567005487961 
0 
0.04492630130713132 
-0.340235151471562 
-0.119498519328807 
-1.351714934420012 
0.3402798964002163 
-0.002848606926656928 
-0.01401221420685089 
-0.010304160843554 
-0.08238839626257248 
0 
-0.03460639508230195 
0.02904086265178504 
-0.05283700485331594 
-0.09730532176207982 
0.03471315336089868 
-0.07070212909941201 
-0.1932770359605003 
0 
0.06943724004572346 
0.004831478874557393 
0 
-0.1366212804896748 
0 
-0.3452621327930186 
0.1148746833818186 
0.6139464253256837 
-0.02572226206581318 
0.7887939328267748 
-0.1498232061216364 
0.4257117576800878 
0.05025716990936172 
0.01353799636630589 
-0.2672860927105369 
-0.1025817112710754 
-0.3863676441056227 
-0.3388237234189749 
-0.002737380320149995 
0 
0.1484888141469977 
-0.05512067891615975 
0.01808447222294121 
0 
-0.001848277997288323 
0.2082894565362607 
-0.06432409063775915 
-1.032417510855276 
0.07874884410533239 
-0.2737238400819952 
0.02592026727032045 
0.01453664858461779 
-0.06504262415133365 
0 
-0.01297833044385884 
0 
0 
-0.1470301872105122 
0 
-0.00834691372205113 
-0.2655169997768457 
0.8084350919991219 
0.05808632189956953 
-0.03541439348322631 
0.3550072157598315 
0.0007291051369985581 
-0.07744936490248608 
-0.02846808219912273 
0 
0.1153951076346243 
-0.01394586853638772 
-0.279204121344456 
0.005134595540294795 
-0.2919323394998976 
-0.5568079488176332 
0.01484691459908164 
-0.0004761178989208492 
0.5638119337345306 
0.2064789621834144 
0.03226789982129748 
-0.1680125257318037 
-0.1187742835770771 
-0.28064622759406 
0 
-0.3826464804051803 
0.04329310435826795 
0.01756443457912713 
0.08668344808190696 
-0.009161868578982317 
0.2813832535128771 
-0.5009743888738043 
0 
-0.4970599778919519 
-0.03679295820391333 
-0.004949785666533864 
-0.02148612453450282 
-0.0383411924964755 
-0.6220005765682073 
0.08507321946081725 
0 
0.01939207952056395 
0.5427500796847453 
0.01179642234318755 
-0.004957393634092033 
-0.3532689663800462 
0.2798421123904295 
0 
0.08372533497226584 
0.3873433593206118 
-0.016414924864363 
-0.3188351862731049 
0.2131666537378503 
-0.02031718220172993 
0.146011234085576 
0.2042421502613755 
0.8999983362332536 
-0.004143374923661236 
-0.1975917491114692 
0 
0.5821183131434877 
-0.06721726448492306 
-0.002997375454582543 
0.1313229635687249 
-0.09216302793439023 
0.1267772728696707 
0.01807228854274397 
-0.01758203725290133 
-0.1274506547095133 
0 
-0.1292969175856278 
0.01074278730608394 
-0.001305625916991467 
-0.04682412724730868 
0.04672376797762232 
0.03367381736402703 
-0.5146570249550481 
-0.4232082231815004 
0.002670269283092697 
0 
-0.01155750990138327 
-0.008034422426151535 
-0.03463446816725055 
-0.4295081902165815 
-0.3123126401224843 
-0.007044776364195258 
-0.03410803415075347 
0 
0.3601172640289644 
0.09835581430697418 
-0.404571144002193 
0.01847298737517214 
0.6702483392922142 
1.037779018284141 
0 
-0.00244125040139672 
0 
0 
-0.0009838773778606666 
0.4715654873075901 
0.2407979181424098 
-0.4810453182611414 
0.05093608853900849 
0.1637305466454014 
-0.1651528153245779 
0.02209976457476691 
-0.1848416490961068 
0.7114030661649063 
-0.1182339632822451 
0.09519927033461462 
-0.0762208843490315 
0 
-0.3310183742901771 
-0.1179435785932804 
-0.02438982453157615 
1.347942593643721 
-0.01441464152275554 
-0.005694180172184088 
-0.01165278339607619 
-0.1098927211413324 
-0.002693281325776405 
0 
0 
-0.004542706234485367 
0.2115274549798677 
-0.05297417359260776 
-0.2158372622408079 
-0.3095980069391893 
0.1138569252843109 
-0.09864190441612677 
0.2393734270980619 
0.02293364719074547 
-0.00551860990349 
-0.07139004765215327 
-0.003645466774258154 
-0.1806375226109733 
0.01181138313187485 
0 
0 
0.09431825869968181 
0.09447389719280443 
-0.01031929499620889 
-1.157817192929896 
-0.001482411856150654 
0 
0.2663238598933904 
0.00503613402888157 
0 
0 
0.07713089944236665 
-0.0304621544152256 
-0.02481928237045298 
0.02276369857831412 
0 
-0.0194434359944227 
0.05901034149036569 
-0.3468877870192487 
-0.04434254419666589 
-0.1387518632009581 
0.1088351685986821 
0.02191257991155074 
0 
-0.009294454213586035 
0.2270774115943277 
0 
-0.00146101910875167 
-0.02465692608035737 
0.02397206664078655 
-0.004744062449771025 
0.01316850607710507 
0 
0.3643503670752799 
0 
-0.01840587080648156 
0 
0 
0.04915935463359852 
0.6882186884892845 
-0.07870738660945803 
0 
-0.4423176954933888 
0.7010415631213596 
-0.1958629790773619 
0 
0.2292582771037263 
0.03416885642015705 
0 
0.1253636073663937 
0.1723860105755365 
0.02077163380705541 
-0.2056706723285596 
-0.1801591706570688 
-0.1077773655219514 
0 
-0.06129130869170837 
0 
-0.2820979684495967 
-0.1911357838890717 
-0.003969308893971936 
-0.4177568309105079 
0.007701654909592378 
-0.04165882099820033 
0.1314020304242946 
0.01465486989378349 
-0.0331450978525873 
-0.2368389884682231 
-0.01570463561290137 
0.05136666841434416 
-0.250788950382723 
0 
0 
0 
-0.006321564925946051 
-0.1411632563723093 
-0.01732062543802849 
-0.3395505307461981 
-0.08741423355243201 
-0.07492002971081195 
-0.07236127099217554 
0 
0.002628161681954198 
-0.3039611249625693 
-0.009492575692657063 
-0.1021712917765728 
0.1082845620876432 
0.01461598288795285 
-0.09379850338277276 
0.05123380975357182 
0.1917982706981922 
-0.2284824490451778 
-0.01201961063831156 
0.06378980378167065 
0.3041174466095374 
0 
-0.02594033933059982 
-0.05781858713333494 
-0.2094194716537678 
0 
-0.02686874326876669 
0.007408700069522559 
-0.06244745400294462 
-1.334132697046731 
-0.03493439690372403 
-0.04056887974026505 
0.2827161554938218 
0.009939809618221085 
0.0236967857440081 
0 
0 
0.001063841685282347 
0 
0.3511360557299882 
1.490867525237926 
0.09703056086967765 
0 
0.2633800144751939 
0.1077187859592236 
0 
-0.005280908983536361 
-0.2016110573095504 
0 
0 
0 
-0.004605563852603808 
0 
0.6912912176739815 
-0.4405161053083326 
0.09252428274185288 
0 
-0.3749820825575635 
0.3303470741308239 
-0.2269236444725264 
-0.1332554676793373 
-0.03556232502874578 
-0.02857270131437357 
-0.1942722339510449 
0 
0 
0.3393928619955021 
-0.04039860459382047 
-0.1548220615190997 
-0.01534397377916122 
-0.1294704167110255 
1.352252679275183 
0 
-0.1620913794421615 
-0.008725930241914804 
-0.03830128335147366 
0.0273020423300462 
0 
-0.7456494089887736 
0.3092184240100843 
-0.1620940039114124 
-0.1828235154642843 
0.1365845703312347 
-0.05891461479963583 
-0.03097153220108989 
-1.688581207188138 
-0.4929304350079138 
0.3899689969124754 
0 
-0.002443512953083149 
-1.032259929767205 
0.1294186851299343 
0 
0 
-0.1677305523602077 
-0.03393657739785622 
-0.01622214292432484 
-0.2093816771911678 
-0.000971206660561736 
-0.2853313768798966 
0.02068626589820542 
-0.05219027482051727 
-0.2452077229125445 
-0.004694879980244277 
-0.03622085826323043 
0.7994177131207295 
-0.4095707140265115 
0.4704418937140033 
0 
-0.04901829668390396 
0.9302967137112851 
0.04538548717884815 
0 
0 
0 
-0.01560091202262037 
-0.1340509232436771 
-0.0001171048578821191 
-0.06963291483639653 
0.006036458556261979 
0.02634292886485826 
-0.09310553085284509 
0.001135417589204088 
-0.02827302104758807 
0 
0.02646659150096931 
-0.1439162497760445 
0 
0.3174487006241805 
0.01370142349511675 
0.09373120924439084 
0.5172062830998937 
-0.1295434309540846 
-0.02510867812158054 
0.01956009126162989 
-0.06165402286211598 
-0.07896778128594072 
-0.1253274303805615 
0.03047550480620722 
-0.297283586425877 
0 
0.02952267204345597 
-2.578927987604963 
0.1109950890662981 
0 
-0.2537397986637849 
-0.004242796812958259 
-0.01488216091366158 
0 
-0.02244036502097918 
-0.02062618577751061 
-0.3030584308917826 
0 
-0.1239086130773502 
-0.02988988454515896 
0 
0.08840918112582068 
-0.001188256862366964 
0 
-0.4434273530440139 
0.08367532320940656 
-0.07486827192274603 
-0.03695022290040387 
-0.01468525078484124 
0 
-0.03662531388826359 
-0.09067750824953376 
0 
0 
0 
0.151062093315383 
-0.4190942278959223 
-0.3183293206582642 
0.4556781686473311 
0.3215359340287691 
-0.03844068598889981 
0.01457739298453009 
-0.006698284193826629 
-0.01195599126303082 
-0.4188308128702892 
-0.001513577834847419 
-0.3453342106473343 
0 
0.01579606799603108 
-0.2829003438970442 
0.01273817150086697 
-0.06208273705882297 
-0.04333764072669947 
-0.006077599037900726 
0.005480255445027462 
-0.02093352831418216 
0.08416339731963986 
0.7238388298931765 
-0.1675051883037255 
-0.01652463449640057 
-0.1454857058697626 
0 
0 
0 
0.01437214913339849 
0.2165367504857902 
-0.06921907473522043 
0 
0 
0.004369220811508459 
-0.1197396581322452 
0 
0.02436097431747399 
0.1297677032686022 
0 
0.01446558301549618 
0.09919204133060985 
-0.008251102187632572 
0.9539686642134843 
-0.1810592361006546 
-0.04163445799982827 
-0.01266494073822385 
0 
0.03625129035230742 
-0.1582749875587487 
0.004932637468034751 
0.2289437177047834 
-0.2094320619055377 
0 
-0.9105291361914118 
-0.003079227823211378 
-0.1067631463494818 
0.2775928668674967 
-0.09821431703474398 
0.2072329238915548 
-0.01744581667697218 
0.500572048072995 
-0.03825071518890198 
0.01560454964394576 
-0.1268415416807327 
0.009134068432520712 
0.08013201608777784 
-0.01800412554973787 
0 
-0.2895266447004645 
-0.006124809802704248 
-0.2240091615163723 
-0.1378137281479522 
0.482339467735812 
-0.2256737769884988 
0 
-0.04474578393232587 
0 
0 
-0.152014345394851 
0.01151870038482589 
0.2745494077834536 
0.2299642454152219 
0 
-0.01233043278034581 
0.2017959311993549 
0.2325099396983777 
-0.0253525911958627 
0.009639981586856873 
-0.06326330201138694 
1.562867863687527 
1.0378960406379 
-0.01288580119860372 
-0.02694291567616247 
0.1682352975084689 
0.1553507478654023 
0.1174055708242584 
-0.1372580007591192 
-0.8015486032922072 
0 
-0.0001389144117624128 
-0.2416815774840673 
0 
-0.4570960888722489 
0 
0 
0.03766639388638046 
0.003920450126994028 
-0.1425754085651425 
-0.01002285083284491 
0.005785058798876268 
-0.03493383903698735 
-0.6113980618046182 
-0.04406108599971707 
0 
0.07083056996554833 
0 
0.2838264727189752 
0.03270777538138121 
0 
-0.04461161226517811 
0 
-0.001128642508540603 
-0.591634654649999 
0 
-0.08223672690430904 
-0.01348684723942677 
0.1404296432764529 
-0.4355218943973627 
0 
-0.010870555145747 
-0.2174745614014109 
0 
-0.04935691064869119 
0 
0.1534466965132994 
-0.003928507211512632 
0 
-0.09208419559022699 
0 
0.09797205810189707 
0.4625441435357605 
0.1034103194473225 
-0.008638083134062991 
0 
0.16579279927941 
0 
0.07078171792319775 
0 
0.1112745743813292 
0.224798313039467 
-0.1406577734345423 
0.01025047057750937 
0.01032989805872507 
0.007588113778091539 
0.07657623919231966 
0 
0 
-0.4143072092886955 
-0.3276059162264857 
-0.07566553153954053 
-0.2057471051585757 
-0.05315259958410243 
-0.1121266377189915 
-0.116262551460276 
-0.006042926685915911 
0.2063854418892428 
-0.06096682615513663 
-0.02859445684331004 
-0.01157754556086418 
0 
0.3257307939584496 
-0.02944385073514937 
-0.009189697146873767 
-0.02914890233562443 
0.0003033301540706426 
0 
0 
0 
-0.0447002155073067 
0.7918502699242835 
0.1435681128500979 
-0.08457709538265101 
1.240927369675908 
0 
0 
0.09933574340021416 
-0.01164416135126335 
0.03413695266833331 
-0.01429281938273074 
0 
-0.00581799017517342 
-0.1038803318052958 
0.1501040672235562 
0.3071055423467695 
-0.1022208427894453 
-0.6498547216390461 
-0.02512763571832801 
0.2634828409232685 
0.008552868801987964 
0.04887726090104127 
0 
0 
0.1326481326905343 
-0.002573648012011993 
0.2149966105808924 
-0.07263624002985369 
-0.05315436678297396 
-0.3990272768555145 
-0.5257358064594014 
0 
0.3527333746180267 
-0.01503129800005379 
0 
0 
-0.1925216728129525 
0 
-0.1084177802529671 
0 
-0.8285405265494903 
-0.02445554347894136 
0.2553971346248039 
-0.59434496835507 
0.181688298569009 
0.0071498225234673 
-0.2647987129828636 
-0.0307493631117259 
-0.006744917943861542 
0 
-0.5973095394391196 
-0.7402838322485197 
-0.2991788992684201 
0.08358178160553975 
-0.01761923622313625 
0.1379276914840589 
-0.3324903213477408 
0 
0.02321286465507245 
0 
0.03845066387537447 
-0.110833795203347 
0.02589676683155922 
-0.1799756670561059 
0.05847147341643521 
0.1562495611984982 
-0.1848385466815664 
-0.00970139974396415 
0.01065268079739707 
0 
-0.001112602816215884 
-0.03200665041021671 
0.1515727809071099 
0 
-0.02030395074349894 
0.002504235064333834 
0 
0 
-0.005254309039375435 
-0.291606608424147 
0.827501493670577 
0.1625690080286471 
-0.03652066017403494 
-0.7760323344405272 
-0.2684669313357438 
0.008107367258821802 
0.09648473935534731 
-0.03527663984719562 
-0.562799658306386 
-0.01234164852853589 
0.02840792249149953 
0.06508446151307239 
-0.03156134080465801 
-0.3512628059412493 
-0.02265628731630676 
-0.2984748928946953 
0.6212522071965646 
-0.5965257467053104 
-0.08139243494145959 
0 
0 
-0.02241867410664119 
0.1355467836183064 
-0.01062381720679698 
0 
-0.1977689328401284 
-0.5329794953808121 
0 
0 
0.00964381644302037 
0 
0 
-0.002267631904171499 
-0.3696302000593343 
-0.08261476036719134 
0.2635196292055437 
0 
-0.1154069898090204 
-0.1028314135813793 
0.07756503723108663 
0.08505614838405173 
0.4253871568418847 
-0.2497660775298399 
-0.2221747282942092 
0 
-0.4753980283762331 
-0.06220362733689643 
-0.2162373570469596 
0.2201037928952503 
-0.02004833597633066 
0 
0 
-0.0159215552814128 
-0.05974503548323301 
-0.002648830643846722 
-0.07890895277630851 
0 
0.1364803235254323 
-0.2375713109336152 
-0.1962508068985192 
-0.01319658152383978 
0.6221722845074653 
-0.2241415994515684 
-0.03086059823848168 
0 
-0.1263839259515499 
-0.02662438649202629 
0.3713725979326283 
-0.04363484459992877 
-0.07974986274369499 
0.002382129031503277 
0 
0.01381232618153438 
-0.005380259690564005 
0.1181725918394917 
0.05587646013945313 
0.7969335169787957 
0 
0 
-0.001672008077531222 
0.2861948946673837 
-0.06543063457277717 
0.4282176348893804 
0 
0.1597005677722276 
0 
0 
-0.003555081473117216 
0 
0 
0 
0.1190557281912422 
0.2511633948590012 
-0.001771351765413324 
-0.7501436305893118 
-0.197386341494537 
0 
0 
-0.03900583380513766 
0 
0.01335017105132665 
0.1372850553841813 
-0.01180618859724543 
0 
-0.1496195912092244 
0.6695063239703902 
-0.006037999289341235 
-0.007999312553030534 
-0.03757979774356014 
-0.006634283017109629 
0 
0.06795787353883317 
-0.1719316877620872 
0 
-0.003375624780613276 
0.08972637481682418 
0 
-1.258343953825136 
0.003099971030634659 
0 
0 
0 
0.4838217419433256 
0.1138057374034791 
0 
-0.002137747321593893 
0.2352300405816508 
-0.05190559113085478 
-0.3913209019419062 
-0.002625294890343521 
-0.5469745581521682 
2.375078417860975 
-0.9038220340885555 
0 
0.1576523325549837 
-0.01394353795491742 
0 
-0.01657282519238694 
0 
0.1614168827596962 
-0.005327392203596372 
0 
-0.0007497534996032001 
0.04479553672977518 
-0.06972823730463215 
0 
0.04251689568950721 
-0.7590201096761965 
-0.00852849646928548 
-0.01182886933639981 
0.01961049143655686 
0.04189285737456266 
-0.02659532430487105 
0.3253934078202979 
-0.1080762729939248 
0.006685287185312374 
-0.0290202622951681 
0.02578738372962649 
-0.7169422436254409 
-1.185066928739842 
0.06042843594536931 
-0.08968412961171254 
0.03321913041606264 
0.1410591190896886 
-0.2620282615499711 
0.10726645351229 
-0.04240929986990957 
-0.5895908757902696 
0.01827442585730497 
-0.006605911531706649 
0 
-0.03076453195027666 
-0.05933841425889937 
0 
0.1345015287949164 
0.05424682344925116 
0.5319099619735675 
0 
0 
-0.01810587789166787 
-0.1177720425318059 
0.05390397631070998 
-0.005912913761965738 
0 
0 
-0.4271722653297653 
-0.5605043734588437 
0.1861736261668761 
-0.2070404319359483 
-0.07141798743003618 
0.3007346923002299 
-0.009484670407454883 
0.04151235042380236 
-0.02641798307292742 
-0.03011622926276278 
0.2015200301652698 
0.06426768328996607 
0.125727488352073 
-0.008902826238294021 
-0.07804914641188379 
0.5232626056656616 
-0.09190994184576975 
-0.01541918897741557 
-0.01656294548592168 
1.657286367003572 
-0.03442610637825044 
0 
0 
-0.06383105414258566 
0 
0.2758849387228804 
0.0002002753120875256 
0 
-0.04916350853179222 
-0.05040990840121016 
0.4966181589075379 
0.04123776708254299 
-0.02434899233509286 
-0.2510029399392176 
0 
-0.3323461191774405 
0.06035104147073037 
-0.4825030032533498 
-0.675840911020095 
0.09981033627983256 
-1.084596477581304 
0.06234243537367246 
0 
0.1626935550531104 
-0.002603934291410118 
0.009333023669792564 
-0.5148384728714203 
-0.5561486265784533 
-0.007424169165948182 
0.2359258988281977 
0.01304632451473459 
-0.01575701156293674 
0.0140619305881553 
-0.001609753546927782 
-0.01556466948989917 
0.00175387644712544 
-0.07152781457501374 
0 
0 
-0.2171803084053235 
0 
0.01234070508424685 
0.02501100198971985 
0 
-0.007487203342323411 
0 
0.03543780041668738 
0.322052743845036 
2.136976096679498 
-0.1651923275650849 
0.2065643189873667 
0 
-0.03023286505240327 
0.2689256148418367 
0.3827038137492277 
-0.0005853610138677476 
-0.1932139457534276 
0 
-0.003328007803883158 
0.08808737134303087 
0.03756592246263991 
0.01376046067743423 
-0.0619564486261053 
0 
-0.1336275185787666 
0.7753594677915029 
-0.004217247780691532 
0.09477310314663884 
0.03612353449175044 
-0.247827337207817 
0 
-0.1631174493380911 
-0.02072164863464438 
0.4872865133956694 
-0.5982774159604916 
0.02559169960771718 
0 
-0.002397616233483554 
0.09162781196908722 
0 
-0.04733458920430236 
0.08389530594071845 
0.03002914710869105 
0.2634146715562741 
0 
0 
0.1837424750378821 
-0.2215806987214561 
-0.05811679618816072 
0 
0.004418862931209142 
0.01406923956489401 
-0.06290145930319882 
-0.04287790745083629 
0.08433848143852428 
-0.2294795224036832 
-0.02773268560912049 
-0.04762994552716637 
-0.04029669842335065 
0 
0 
-1.209884678830568 
-0.001361371519660592 
-0.07030124523881837 
-0.04625977855431082 
0 
0 
0.006822293159643649 
0 
-0.01121591485592625 
0.003070557615940819 
-0.004826947347492476 
0.01691785399739897 
0.2578345660584332 
0.4318160090096608 
-0.2573047058301391 
-0.04510213781106728 
0 
0 
-0.7305212965604222 
0.1166721337127242 
0.1952802847581373 
0 
-0.01710845151411021 
-0.2130992489997314 
0.008929819494853037 
-0.3281260615322872 
0.1263728013776137 
0 
-0.01080888355103636 
0.01875083632248953 
-0.01236323039082885 
0.01574597779135789 
-0.002201819420178382 
-0.05462890158895971 
0.04770902475419275 
-0.4753391843430208 
-0.06469436853969653 
-0.16934586881237 
-0.003395318398857373 
-0.03163473983397641 
-0.3495881097653269 
0.01400435431451076 
-0.06895049407796716 
0 
0 
0.2452586498679226 
-0.101138793746111 
-0.0008527477342138115 
0.01063699672461874 
0 
-0.03366317817543801 
0.3193219764352975 
-0.006421989367792699 
0 
-0.05369870066637619 
-0.05664996469597312 
-0.02021202791868819 
-0.2838898412647902 
-0.01986841998238198 
-0.04700747281567896 
0 
0.1186562208317834 
-0.03594053990811419 
-0.4261755250961973 
0.06311049404205633 
-0.3409529611506139 
0 
-0.0295756628283926 
0.05495884953358932 
0.1610628853207773 
-0.1487067307643749 
-0.1149498817083468 
0.6377440112745397 
0.04239210401028337 
1.439917115048719 
-0.1270396487853308 
0 
0.2477043962834994 
-1.224305010731294 
-0.02306211735579818 
0.03268406583693467 
-0.241529893436993 
-0.8132493702937483 
0 
0.09610280720493106 
0 
0 
0 
-0.002165449140603604 
-0.0009550872380718699 
0 
-0.1110619620088506 
0.3155078719511237 
0.01584732047375048 
0 
0.1350793707481876 
0 
0.2264540748910153 
-0.02039104145737913 
0.7911061211264396 
0.09868329430701442 
-1.300800361251318e-06 
0.5904700170472459 
-0.1183971710516908 
-0.1447543049123416 
-0.185224299949871 
-0.06589548031410893 
-0.3094065484056357 
0.02549315940769142 
-0.09365142285028057 
-0.0562415269865233 
-0.01622494221333064 
-0.005042810747968607 
-0.08372771412718169 
-0.1623665931820981 
0.938436364706696 
0 
0 
0.007772902443951321 
-0.1699324234273985 
0 
0.001769441711526237 
0.003985850188768341 
-0.09659649016570146 
-0.01012025163020393 
0.01554466711332 
-0.2034780413798478 
0 
0.4233658639864443 
0 
0.3708004179274731 
-0.000969611522941919 
0.471277380416657 
0 
-0.056430274193844 
-0.03819056585389537 
-0.04526376295990654 
0 
-0.1881046564760017 
-0.02800034676806638 
-0.6888575586052337 
-0.02585446477748985 
0 
-0.3793163318135995 
0 
-0.0509591922185712 
0.08031248808265264 
-0.06008811529604045 
0.3111379752186657 
0 
0 
-0.2153044830816523 
-0.002409982909066553 
0.03769900806222357 
-0.2260914941565215 
0.04032813281668196 
-0.1086765426187443 
0.1217212117592312 
-0.2617825448848602 
0.2218998371292949 
0 
0.00334361296774349 
0.03511257766902751 
0.1034760572348885 
-0.325093246605574 
-0.02943956705323279 
-0.2201958971994771 
-0.03357546221236603 
0.001249744213391674 
-0.008700866035366541 
-0.0005054347501822022 
-0.08038494168735096 
0.158032179456139 
0.2183017353560884 
0.02604627268617546 
-0.3611252411020411 
0.1665517064840629 
0 
-0.5089159181566161 
-0.07265685916408177 
0 
0.09861651735505327 
-0.1889288963417475 
0.1763247640437537 
-0.02577048418481371 
-0.005989501466951232 
0.1283211877550817 
-0.150739893398019 
0.0815265649227046 
1.213109508168318 
0 
-0.5077299689401373 
-0.08286757761744797 
-0.02432596981532755 
-0.0311463027730553 
0.05582912273947881 
0 
-0.003420903220621857 
0.02123118761898799 
0.0133888377313941 
0 
0.07290579799330615 
-0.0180231227367518 
0 
0 
-0.01050216923014585 
0.02425262442232081 
0 
-0.02320151132386417 
-0.1671192166381543 
1.223723142489901 
0 
-0.06459468764360959 
-0.06602093296823251 
0 
0.09972766750760112 
-0.03782613034763768 
0.5598586425049052 
0.2276660499683034 
-0.006716346861345091 
0 
-0.002984230530779066 
-0.02615497207946456 
0 
-0.06025059395939605 
-0.3928202076467641 
0.01517390368498934 
0 
-0.001824975865120981 
-0.03124386311321611 
-0.07964174357684671 
0.01332187048580171 
0.01267771561161787 
0.1153742804446389 
0 
0 
0 
-0.1936512598211619 
-0.005090586144217365 
0.08232376526680528 
-0.2330258381218384 
1.272645791344681 
-0.4391685597445473 
0.7241764572534779 
-0.1162987498005999 
0.116373457557588 
-0.07182396832270214 
0 
0 
-0.008355455487047136 
0.2140528003112583 
0.07672764067128493 
0 
1.366447846146551 
-0.01617393178883988 
0 
0.04528587766863483 
-0.1352330495183889 
-0.03267537739800345 
0.02703442477291864 
-0.04415167856151282 
0.07406471581748444 
-0.05782183350612132 
0.05458032921589898 
-0.2010351565293826 
-0.02990343889878939 
-0.04206944698865647 
0.006456832495170647 
0.03344340413185593 
-0.640506616774915 
0 
0 
0.3668746020656163 
0 
0 
-0.02246352962909443 
-0.3260977959388857 
0 
0.005317544060658728 
0.07372156521779616 
0.4813643589446263 
-0.04169191916102178 
-0.008620309836480459 
0 
0 
-0.550219073306535 
-0.1206446621192861 
-0.0840901034156714 
-0.2004698855022359 
0 
0.3065765977347766 
-0.3424703073030173 
-0.005020423527702725 
0.1172900036566407 
1.053069006987422 
-0.001067006212748378 
0 
-0.1706979895389747 
0 
-0.225437162708436 
0 
0 
-0.347870381750737 
0.1612075681405118 
0 
0 
-0.1401477495639646 
-0.008144565309376763 
0 
-0.1465028835150204 
0.01024115265992762 
-0.09320122454122641 
-0.8302509544351746 
-0.06929140598031681 
-0.0408375857566242 
-0.01748933162844602 
0.1890799449936718 
-0.03058711106103275 
-0.01530187149632391 
0.03663510047513487 
-0.04285563164150533 
0.0454452140342471 
0.2621909493095431 
-0.09508190951079924 
0 
-0.2366423057555692 
0.05338027248240785 
0.007834133916386467 
0.002106488082737209 
-0.1772452453523276 
-0.1769331204853649 
-0.2496992089444438 
0 
-0.5537418756321745 
0 
0.005681470775005433 
0.2701841751573342 
0.5179627426844033 
-0.0151225110158413 
0.08734546420671306 
-0.3339967791312818 
-0.2432044116131784 
0.4063988929551208 
-0.1309996811897102 
-0.01009393171964732 
0.004993822282405157 
-0.01701158370042203 
0 
0.8347201742603523 
-0.02026140741049405 
0.06949240271338089 
0 
0 
-0.4770497087305188 
0 
0.1694508950038173 
0 
0.1073872917908319 
0.00472632550969105 
0 
-0.03051946901774111 
0.009640656111835705 
1.59134861372269 
0.01159137713839317 
-0.008132965741532572 
-0.2119186105145313 
-0.006954530682167953 
0 
0 
0 
0 
0 
-0.07550449992635197 
-0.05892948068955482 
-0.3366812326613766 
0.1462695361979802 
0.2003992243944995 
0 
-0.09082213712342296 
-0.4453898819229895 
0 
0 
0.06428216015089167 
0 
-0.04857877235212576 
-0.4289577337623247 
0 
-0.02279500962097891 
-0.01234640122646687 
-0.09735732441919771 
0.05801971313364077 
0 
-0.3179864246171805 
0 
-0.02824858213678635 
-0.03473196489568871 
0.03557359510290244 
0.03050103277548535 
-0.03332123874524687 
-0.1811081985379779 
-0.009968636421285846 
1.454871595660336 
0.07701720726482168 
0.007458831544357697 
0.01960346664161917 
-0.03320074650145248 
0 
0 
-1.899980753912688 
0.01618325998742929 
0.01352839114966886 
0 
0 
-0.004462139543997416 
0.4014617767130118 
0.0004867743288317415 
0.4795511780990133 
1.199351859748771 
-0.005694470224411813 
0 
0.03776358337602565 
0.01296961473696473 
-0.1856896853258065 
-0.0288750356592877 
0 
0.5131895423945242 
-0.08262388755071665 
0 
0.1938144366245344 
-0.004580764570653192 
-0.00527622117509924 
0.2554927802278555 
0.02166147652303633 
-0.7199209033036482 
-0.6525686514448127 
0.1096021466985074 
0.01723069558489458 
-0.2657152801168284 
0.04731801023572316 
-0.8388683019269946 
0 
0 
0.8846233465165587 
-0.09146497122169235 
-0.1533427232990473 
-0.09678497604062181 
-0.003415105008906179 
0.07515002698277121 
-0.6493529913901974 
-0.4008744557485895 
0.1209700847067176 
0.1022619642451938 
0 
-0.1627311474268216 
0.3022085213695082 
0 
-0.02214017843557347 
-0.007579849333257557 
-0.05729068789431631 
0 
-0.1918528232909965 
-0.1509841728618376 
0.2288987647286967 
0 
0.01180028627727045 
0 
-0.03312939511186355 
-0.2078351846941243 
-0.001896327417514967 
0.449654716407713 
-0.09934713567217453 
0.01462113960483929 
0.04803916198248745 
-0.2297428495594634 
-0.08963283556886828 
0.2774457533416982 
0.02358461696475958 
-0.5617549937743898 
-0.006816340806065746 
-0.003010486709441039 
0.7040367014959558 
0.03433106487543544 
-0.02402704327047323 
0 
0.0001719032736907744 
-0.004528641296286388 
-0.1567002321124913 
0.009111694726159645 
0.02795018250948068 
-0.009541279190045732 
0 
0 
-0.0298992503005224 
-0.1512178635259891 
0.02588657058557977 
0 
0 
-0.1345528754890102 
-0.07867491605399438 
0 
0.006951816487416699 
2.538396341217712e-05 
0.1336570012962859 
0.2833869889088593 
0.1066261951790498 
0.0356882890997204 
-0.01766547612874916 
0 
0.1571244218492076 
0.2709254091245892 
0 
0.07906814705304126 
-0.1447457878860722 
0.0290712907909021 
0.03305685631828667 
0.1358785101919959 
0.01180202835975108 
-0.01009740828834296 
-0.1679506169457195 
0.005623684439759911 
0.1995390034165081 
-0.1187448276955297 
-0.01138324636041122 
-0.01507917496895185 
-0.04077901924819611 
0 
0 
0.02241459247515855 
0 
0 
0.6280308990443952 
0 
0.1319697562308167 
0 
0 
-0.1488810186162292 
0 
0 
-0.03805220689942675 
0 
0 
0 
0 
-0.2769123860956488 
0.04822617489855854 
-0.007946937877183742 
0 
0.4724509950407498 
-0.03210148362595987 
0.250153648031515 
-0.2982699931399811 
-0.005318591728019196 
-0.02482583656704303 
0.2924692931404875 
0 
0.2248732114400415 
-0.08459792310264684 
-0.07922333093013668 
-0.2423862573592682 
0.0523939278395769 
-0.005058692260609118 
-0.4643673196271926 
-0.009739529124812808 
-0.04051489733833927 
0 
0 
-0.02354169208197924 
0 
0.3878009686180262 
0.3636624091153514 
-0.0671122679995293 
-0.03099896843273064 
-0.06369977863019395 
0.01342070945483712 
0.2641837497948525 
-0.01027615294193754 
-0.004262840216629735 
-0.1136304508550665 
-0.09637956245568077 
0 
0 
0 
0 
-0.04905780462057151 
-0.009672705776738828 
0.002029305047625703 
1.512607294750454 
-0.04495223844758091 
0.05177177859087609 
0.2859201615157569 
-0.008431924488870784 
-0.1711188026707454 
0 
-0.008784067995748809 
0 
0 
0.03482476430112374 
0 
0.1104843208556489 
-0.002052558595154996 
-0.9241640666811172 
0.01154804398560206 
-0.002281448144986087 
-0.01033745818892775 
-0.5866590038211276 
-0.2823397513392739 
-0.02784084118370032 
-0.3238188400300792 
-0.1824388882841218 
0 
0.4243778057150807 
0 
0 
-0.3609275657735289 
0.7009647191178664 
-1.236778683160737 
0.06241764522977623 
0.05591303207643111 
0.1430061488261679 
-0.02148222051538825 
0.1177593241038634 
0.6238376943896126 
-0.2388581713289054 
0.196266886792169 
0 
-0.1011330016597351 
-0.02891099168206956 
0.03249768269040057 
-0.02618440300509104 
0.4553096182849596 
-0.04025657902846361 
-0.01701243044811291 
0 
-0.5397766696984181 
0 
0 
0.09794029690430592 
0.09109099710340912 
0.0685451894104092 
0.0833237371796685 
0 
-0.3718965825471097 
0.3257594980536277 
0 
0 
0.02339000970740639 
0.006093262296033739 
-0.6308561665571368 
0 
0 
0.180191074546987 
0.007186905480355223 
0.006984990858681484 
-0.03517166287293403 
0.3907643765341938 
0.01328185288446838 
-0.002250750380026111 
-0.02227065750410136 
0.03403819223200803 
0 
0 
0 
-0.1972898295298135 
0 
0.06390725687136771 
0 
-0.05145639676725284 
-0.3531853267714935 
-0.05907641422959398 
0.005266446581868228 
-0.06401871402235403 
0 
0.1029189974910772 
0.1299459117018385 
0.02932568982637876 
0.202795503551081 
0.0005736486634533379 
-0.8502553842651411 
0.1097584783828189 
-0.04809711796248116 
-0.8022157201958436 
-0.3229970769153671 
-0.02787484715863399 
-0.007898609557942398 
-0.1912973004505397 
0.003936207164008515 
-0.03457687023582438 
0 
0.01591961964701878 
0.1347640802267814 
0.04160271374624638 
-0.6427890051727637 
-0.005514500761147657 
0 
0 
0.006551847561463073 
-0.02854970742379494 
0.2548904600892736 
0 
0.1784865571594332 
1.43793304685201 
0 
-0.006867650616997961 
-0.177923411682311 
0.1586912993227758 
-0.02602167529895015 
0.1082085604334327 
-0.1985650259237643 
0 
-0.05898574428914282 
0.02247891312762307 
0.01468985987823914 
0 
0.03936996537786239 
0.005852192333273333 
-0.08720048931404348 
-0.2043331464194601 
-0.01995069545226172 
0.2387896618556742 
0.02635729470728648 
0.06969391926579412 
0 
-0.8131623426603521 
-0.3952751727409645 
-0.00932835116618768 
0 
-0.1915305980878276 
-0.3451333186218173 
0.01883798459534494 
0 
0 
0.01576367011961198 
-0.002901378289996316 
0.03092569124520296 
0.01818614749149388 
-0.2428106537323879 
0.05707674641738283 
-0.4475097179439202 
-0.2364638563146773 
0 
-0.01150452525151565 
0.1526634689843887 
0.6534832547813892 
0.01457865174816581 
0 
-0.2024737050686395 
-0.05710521378356735 
0 
0.009250715147136782 
0 
-0.1532007974088805 
0 
-0.2058554663917502 
-0.3600629103169679 
0.03708098584490106 
0.2556460361567136 
0 
0.6347851947408771 
0 
0.1080377970323751 
0.0277316328514246 
-0.07502745177192571 
0.6503103554241 
-0.1491041331515282 
0.03164258567063775 
-0.02611390512152601 
0.1412565607878213 
0.04347012217312515 
0.057930488851539 
-0.0972050841317689 
-0.2102572134739988 
0 
0.5123809591071431 
-0.07937661439429992 
-0.05036219113477801 
-0.1545225069475789 
0.00255969207807151 
-0.003418254751872655 
0.02414083073518002 
-0.002530245290394309 
0 
-0.00709465278164985 
-0.3218334826906876 
0.008655404195044436 
0 
0.03593537920094384 
-0.01485332884973026 
-0.09678419386514574 
-0.3453709965882786 
-0.02228400584118143 
0 
-0.001260831051222228 
-0.01547478900150474 
0.08099671609632404 
-0.4462380000675092 
0 
-0.01715955136984423 
-0.01270763018179105 
0.3070732463681848 
0.2506260674896726 
-3.562618697409977e-05 
-0.07943158450142587 
-0.0002693530145209073 
-1.433766961261002 
0.04940796457020864 
0.1066512146203118 
-0.02284256477789031 
-0.1256269596270423 
-0.007156801961865519 
0 
-0.1819286654625528 
0 
-0.002627523615388172 
-0.004055390853995004 
0.05195071868504825 
0.03714372557948385 
-0.1857857565663227 
0.1689769688116155 
0 
0 
0.005105024078659036 
-0.6831390852042087 
0 
-0.3161850372736156 
0.4729051296921747 
-0.02151254374956929 
0.1410402361100321 
-0.31068156187377 
0.2577908675704094 
0.06404699992146871 
0.02181052894318853 
0 
0.078987292487704 
-0.007474434545989459 
-0.07433295045332805 
0.00719354329069438 
-0.1015455844113061 
0.02134755881571656 
1.105694854750621 
-0.02639484504670343 
0 
0.06042863007277742 
0 
0.2095705608257226 
-0.4011274150409078 
0 
-0.004341882359998362 
-0.01538204076380971 
-0.1905882811403396 
0.04624306751706827 
0.02753783457970732 
0.0577659210067821 
0.03427388096889224 
0.08752284459973413 
0.1798019589321202 
0 
0.06625167829449716 
0.1096326186732631 
0.02965825275125701 
0 
0.1357703592275202 
0.05141550449074608 
-0.006059600551560036 
-0.08365998875038455 
-0.3523425331578441 
-0.007555348985409983 
0 
0 
-0.008468792790944884 
1.218914236133674 
0.3138393115660248 
0.05284485990785773 
0.01687665761644837 
-0.001381009323815087 
-0.02544085488043138 
-0.4434296521187567 
0 
0 
0 
0 
0.01670005037531029 
-0.005185396146975324 
0 
0 
0.2647189298349926 
0 
-0.002128039310364811 
-0.20524209451734 
-0.08981740454995732 
0.01706299342590209 
0.1185528866890117 
0 
0.09055394896639121 
-0.07526930734898703 
-0.4149993223847845 
-0.4081182600938613 
-0.03110160457554183 
-0.0007386665458047291 
-0.01321673100424916 
0 
0.3968412917634799 
0.03093297928823475 
0.05213951283966198 
-0.008248094523219309 
-0.02690899888225756 
0.01608947781350667 
-0.007482582855027969 
-0.2152412776286413 
-0.08988223803783324 
-0.2441285207722963 
0.1650997327832737 
0 
0.808869464842399 
-0.07894352872034334 
0.5529366792236535 
0.05903714036284634 
0 
0.2117967444263905 
0 
-0.3076311415389356 
0 
0 
0.05572957941117811 
-0.06569007008337455 
-0.5135710531476613 
0.2862291268369394 
0.05335976034334784 
-0.02050913783779175 
0.04654652926157884 
0.007961699581737388 
0 
-0.04105045382430682 
0 
0.004420306746657195 
0 
0 
0.03558379286253488 
-0.577663584844745 
-0.1040761687625462 
0 
0.1024695111799283 
0.02044947060368789 
0 
0.03907059391112803 
0 
-0.006985446149682741 
0 
0.002695100554206324 
0.04623520766330759 
0 
-0.368777939499957 
-0.03863266805863686 
0.1152481423148878 
-0.06165410764436713 
-0.04176262082388849 
0.0407262480992309 
-0.0002192295543329859 
0 
0 
0.07621677580522089 
-0.2896697395469258 
0 
-0.0667038831767639 
0.06308332633677632 
0.02847086749068545 
0 
0.2421090969532773 
0.1992117374086693 
0.4521974543508956 
-0.1723768325620675 
0.006118596459402078 
-0.008267503347926038 
0 
0.3536017333169554 
-0.0959436446133618 
-0.04567541877871444 
-0.004693361402223976 
0.08034552239258651 
0.1269390195257849 
-0.007692907467246143 
0 
0 
0 
-0.03661774668803332 
-0.07692709414879798 
0 
-0.7979029149625763 
0 
-0.02559992913156566 
-0.0858514618238275 
-0.1463956333256831 
-0.0002751259503530109 
0.02113350206810989 
0.01725524936354802 
0 
-0.02594176217778708 
-0.02725307028537117 
0.2807026584083732 
-0.1135289220969088 
0 
-0.04177562619945938 
0 
0.04461392661760257 
0 
0 
2.264351627780954 
0.04774558020702733 
-0.2283676315489467 
-0.002295616099453378 
-0.03505748967326107 
0.04392721737865891 
0.02416539172671545 
0 
-0.01478133051346705 
-0.1785251020681941 
-0.0392265887912036 
0.09222534039778919 
0.2274184393935132 
0 
0.003825306877764985 
-0.2618036193609279 
0 
-0.1275845446430367 
0 
0 
0 
0 
0.0006299837923556119 
0 
-0.01279095025051519 
-0.06237530824445364 
-0.1747967198379075 
-0.1496042788020713 
0.04394807858352863 
-0.05995710356631885 
0 
-0.4879610791146979 
0 
-0.007948163674843153 
-0.03450761349362525 
0 
-0.1327026691377994 
-0.008302572266124188 
-0.0524770331896153 
-0.05345998641941248 
0.005473003973988687 
0 
-0.006023691578902929 
-0.03314716427843847 
0.2383258513581069 
-0.9011384267615716 
0.04458571919386069 
-0.01423649319939408 
-0.08048224101993381 
-0.0935849288965707 
0 
-0.04195599073163952 
0.001440527779617993 
0 
0.0812775972987686 
0.02276144293102724 
-0.01042288980912474 
-0.7224425608241679 
-0.01487514704260398 
0.07371208794722227 
0.03862755263834187 
1.036811189893499 
-0.2729147259768339 
-0.04251631274709305 
0.00428993643739567 
0.09056203455678748 
0.01606926194466508 
-0.01042301701959067 
0 
-0.006213378707279518 
-0.04600767642697116 
0 
-0.0997559831887698 
-0.01266731927672918 
-0.2409397152363947 
0 
-0.1588289586383679 
0 
0 
0 
0.0005959631397265512 
-0.02545436558890016 
0.1688855971927543 
0.2341070395460467 
0.02192406351886381 
0.5699111511227444 
0 
0.001806346502530768 
-0.02441487379385769 
-0.01993115713121701 
0.09699693070853223 
0 
0 
-0.06958018448059981 
0.59860412363964 
-0.1355451366487487 
0.02651620696447002 
0.2960921825354464 
0 
0.0889326409427523 
0.01965885969348311 
-0.142467421005493 
0.01886524522279989 
-0.03466683597544146 
0.009937884831783752 
0 
0.008371636392962213 
0.009252706403210732 
0 
0 
-0.02559231138816669 
0.0653891515708009 
0.001197171185122761 
0.001214650689026302 
0 
-0.08209256060288092 
0.01780799228858382 
-0.06966545703755649 
-0.0008670885850243155 
0.02820917052678237 
-0.004024023385501106 
-0.01117047788542049 
-1.013256237103761 
0 
-0.1859711723918123 
0 
0.1751687882677187 
1.036133432854952 
0.102494043880304 
0.7820604008381496 
0 
0.09656767191098151 
0.07652428476843184 
-0.5640009330133939 
0 
0.03190645061720176 
0 
0 
0.5754885538186437 
-0.220506915977136 
-0.01654748565781213 
0 
-0.04229226909301043 
0 
-0.02323104867743216 
-0.3977099301094941 
0 
-0.0279193225599572 
0.06813489146474874 
0 
-0.03414070623120236 
0.4038555013798101 
0.06577223871290785 
-0.02291307965885499 
-0.03145345094968576 
-0.1150568673669007 
0 
-0.0735211315982338 
0 
-0.009416011940712418 
-0.04426131445998949 
0.1054816055880718 
0.7149379106914908 
-0.05017679771552593 
-0.01744551068629547 
-0.08130404041013908 
-0.02011336817052813 
0.01983197173841565 
-0.1128836295977186 
0.1673001237789867 
0.1863246394406877 
0 
0 
0 
0 
0 
0 
0 
0.04360958818818515 
0.1785669028679429 
0 
0.07126531062748431 
0 
0.04979321854385675 
0.964351171353491 
0.007422708078951858 
0 
-0.003238750558337341 
0.06672798424935347 
0.6513185186990438 
-0.002648584512048155 
0.003783335357873483 
0 
0.04760976583260283 
0 
0.09543119879683891 
-0.01102971690654332 
-0.001037026756892269 
0.6297157678302852 
0.001443329408215989 
-0.01067112119577824 
-0.02547364422173697 
0 
-0.05353155484986524 
0 
0.133602062588814 
0.0562172977009103 
0.09968932735545005 
0.05563246685130827 
0.2344276846462682 
0.2349570118986191 
-0.005604173616579358 
0 
0 
-0.01432013435569168 
-0.1899749931369685 
0 
-0.1566681048738806 
0.02622392285370848 
-0.08451733391481393 
0.7655379992305008 
-0.03196289706549259 
0.0167743456872433 
0.01232639476918483 
0 
-0.003034572385694094 
0 
-0.02854922394275457 
0.06800847217835863 
0.009740436383116667 
0.09683287697736653 
-0.04975499132694022 
0 
-0.1633320638039906 
0.01150227951000245 
0 
0 
0.02465669031571241 
-0.4499083571957057 
-0.04305956712121922 
0 
0 
-0.04688804038998756 
0.1114013889301839 
-0.03961930191318147 
0 
0.1710278466646025 
0.05617626423620567 
-0.004117211991979041 
-0.03653074373683104 
0.1267808795493914 
-0.005026283302324074 
-0.0009298945815919187 
0 
-0.01887594634924327 
0.07145549499907911 
0.01409805637710479 
0 
-0.00946655774945177 
-0.02254926312802271 
0.1585159460982115 
-0.02036729756257338 
-0.01305681665060228 
-0.01586101751929254 
0 
0.1011084757306396 
0 
0 
-0.1140328071054333 
-0.08554917389157748 
1.758672035816149 
-0.001179919703195014 
-0.00545101431419673 
-0.1668117377269136 
0.242671991288313 
-0.007520856879889823 
-0.01660314067064901 
-0.01544327054487849 
-0.02991184428983025 
0.05685835497712174 
0.2642668049682822 
-0.08430587170218759 
-0.2670688825755158 
0 
0 
-0.0560693253888808 
0 
-0.006370929377749589 
0.05449907746820526 
-0.06426006939341714 
-0.02864073800680011 
0.01157443738720845 
0.00326353925288636 
0.480686939732715 
-0.1009076681169993 
-0.03141849033486143 
0 
-0.3836428019572265 
-0.3797947909727575 
0 
0.009454857955836104 
0 
0.06302110241526132 
-0.02933140961349691 
-0.001980796680639666 
-0.3625261957382363 
-0.009797913319104302 
0.05664690975373197 
-0.02063449229721936 
-0.006516204802765202 
0 
-0.001665951452378752 
-0.006165520403730522 
0.3190056959313283 
0 
2.66033015679705 
0 
-0.001293200386300967 
0.07625406736718901 
-0.2800787014640309 
-0.1076592612327391 
-0.3726662200022214 
0 
0.06001617510475577 
0 
-0.01442402199389427 
-0.02499644531215646 
-0.01192857533399428 
0.02152755020673883 
0.2595750522944915 
-0.3508657388039031 
-0.001274772369632812 
0.0266609523748866 
0 
-0.09297267429018419 
0.0008838244877160508 
0.04500879364801029 
-0.02992034946136139 
-0.03598062014756927 
0.1732050839908028 
-0.02328474628330844 
-0.05523836251900557 
-0.05321833044364582 
0.03434530193166092 
0.07351859416376871 
0 
0.009559595969651089 
0 
-0.1841512094954247 
0.005003453486317027 
0.01782208136299528 
-0.001763862579726633 
-0.02563493780463352 
0 
-0.004739081461369567 
0.2517591286463087 
-0.008003883703199878 
-0.02841282098811947 
-0.5883660973311905 
0.01165891486151603 
0 
-0.03159659191869287 
0 
0 
0.03450618955870174 
-0.03369250389030112 
0 
0 
0.2088470784774509 
-0.1223283887432792 
-0.07407095626618736 
-0.05206979719920225 
-0.02056458813466675 
0 
-0.07594709728004048 
-0.008431425363175848 
0.06337575428508305 
-0.03258706601956844 
0 
-0.003075211948453778 
0.1759382719178525 
0.001995332467292522 
0 
0 
0.06014111544931303 
-0.02018335060607557 
0 
0.0001884379213380704 
0.03415552593636607 
-0.009349333309264943 
0.007663793198683578 
0.02987361351030996 
0.3316942892843671 
0 
-0.1534259480226503 
0.7995450003218038 
0 
0.02722497981981052 
-0.5197521158659965 
-0.06084974845181941 
-0.03504600986749077 
-0.03846156333249272 
-0.1172475002249558 
0.0117249073650568 
0.04321179968631637 
0 
0.09816702507219476 
-0.2890724390697559 
0 
0.01984258920613481 
0.1023213927617299 
0 
-0.4632175310693548 
0.006434698474390075 
0 
0.4521321379458014 
0.03037795293404709 
-0.01802428120923832 
0.04147655390020362 
0.2687722115920447 
0.110994496094713 
0 
-0.04353145806017433 
-0.008176827612208042 
0.03511087616696515 
0 
-0.4295143050318119 
0 
0.02515201378641308 
-0.4208066034107217 
0.05821025305188083 
0 
-0.1833211650522792 
0.1038736206029673 
0 
-0.4596117457348008 
-0.2302347662184648 
0 
1.128328344112476 
-0.05406700350362776 
-0.08866732726259104 
0 
0.01406690258882668 
0.06687647407755767 
0.002131874163914877 
0 
0.2091890570475396 
0 
-0.3392714397435995 
0 
0 
0 
-0.5981230163105309 
-0.7294781383215049 
0.3053596025657965 
0.04302426650189311 
-0.01144550133242184 
0 
0 
0.2785531062965088 
-0.1875600614432736 
-0.01739530746453755 
0 
0 
0 
0 
-0.5410648524236223 
0.0359515467613646 
-0.2052324995021487 
-0.4464340071899007 
0.2837968762164709 
0 
0 
-0.05532378827124246 
-0.08600880716350365 
0 
0.006528961957526119 
-0.598906139587247 
0 
0.5607064569913499 
0 
1.381867612559768 
0.09969445589253338 
-0.1358480504425272 
-0.08099623635926737 
0.05172914042955053 
0 
-0.4492210345903362 
-0.1055782163749701 
-0.6865986164743483 
0.06787949291291848 
0.09686196776475238 
0.02794192378191486 
0.07771809764873226 
0 
0.5479030471843201 
0.00963277538690837 
0.03605114691308784 
0 
0 
-0.02723313235317723 
-0.2843820429884193 
0 
-0.03794238664198858 
-0.03139920651100139 
-0.01723029622017081 
-0.03792433441531448 
0 
0.2888480170695956 
0.1085839849094189 
0 
-0.2414469904353401 
0.1058730435752421 
0.0846482086104855 
-0.02142739659299603 
-0.04572027861895741 
0 
0.2642309131505278 
0.01571562691889348 
0.07619103830327376 
0 
0 
0 
0.006971761052220929 
0.07346826985866176 
0.1336706648272518 
-0.1226048403971699 
0 
0 
0.06976156918149902 
0.008821189623673996 
-0.219402269310878 
0.2640281836199578 
-0.1873855783351597 
0 
0 
0.01254808833749169 
-0.01687839252211153 
-0.4069350417177835 
0.02556396265265341 
0 
0 
1.328245574380126 
-0.005267168539072351 
0.3449655382736137 
-0.1490047433976753 
0.01437101207210948 
0 
-0.04514553317307558 
0 
-0.06593293251582094 
-0.1573785447630446 
0 
0 
-0.3462646635725928 
-0.08009644286168138 
-0.001716266322610706 
0.01998615430044866 
0.02731247320320324 
-0.02026951577392344 
0.06696803797548825 
-0.03044895217735365 
0 
-0.06218642865367258 
-0.01020175648049244 
-0.1688537954986058 
0.1055567244291522 
-0.05287761740810491 
0.03125299368186402 
-0.1863940824768255 
-0.06759396673165108 
-0.0293600483645854 
-0.2410887095357546 
0 
0.0321581220601645 
-0.0001694631574296709 
0.0097357496995263 
0.01293288764860797 
-0.09883837436150009 
-0.1157915207014757 
0 
-0.2102932118022328 
-0.04019399968825396 
0.02582802706033262 
-0.002620513763583678 
0.007173982759632697 
0 
0 
0.2658044689901863 
0.05963009921958456 
-0.3255271326798992 
0.01717714703474607 
-0.2471827618049275 
0.2880022501414469 
0 
0 
0.4015716007171922 
-0.01552934453315039 
