solver_type L2R_L2LOSS_SVC_DUAL
nr_class 2
label 1 -1
nr_feature 5000
bias -1
w
-0.9695298557879735 
-0.9117229413839886 
-2.13932585055894 
-1.409124379191423 
-1.374332216921748 
-0.7444138054552646 
-0.8000912135593253 
0 
-0.7474394309307201 
-1.143267042738608 
-0.1933756095595803 
0.5042943325660144 
-0.1993821940190032 
-0.3760954487327393 
-0.4571417063167387 
-0.6365053115691494 
-0.07912810142801181 
-1.792383501686245 
0 
-0.05810630045581629 
1.056344759471127 
-0.8498068360162069 
0.2890927561747683 
-0.2097826519926904 
-0.607427791981678 
-0.2107861096299178 
-1.173156640090901 
-0.6033560228070067 
-0.02080118900403278 
-0.3359395209474673 
0.5894619918674321 
-0.2202670825586771 
2.080946077188623 
-0.7253927401707704 
-0.06150245817933975 
0.6522427585124733 
-0.01170897275934007 
0.3725500224522711 
-0.2897568736416709 
-0.3562030187203049 
0 
-0.9349964966221607 
-0.9279942592552555 
-0.1759909317017693 
-1.938173018937878 
-0.3143646313370709 
0.07975261957758327 
0.4021565079876755 
-0.02694544751500225 
1.211846520191339 
-0.4270163934816218 
0.04530261194461276 
-0.5354944163895841 
0.03085781083066688 
0.7771580446972433 
-0.2660572546021001 
-0.6969713532721232 
-0.0470296924902508 
-0.8454706402830052 
0.09464266917893487 
0.007658217741465547 
-0.004823164774750467 
-0.4581612567566201 
-0.1234798364191774 
0.3530296171506098 
-0.1421101728485104 
0.02886942529835433 
0.147571353171528 
0.1101680707009554 
-0.02805508885126283 
0.2244565061117791 
0.06630322291756938 
-1.107329479358667 
0.136368125406603 
0.3607857445355654 
-0.5234623040030005 
-0.2069202564945555 
0.1983710644321264 
0.8424042927085016 
-0.222480657225511 
-1.044899522910264 
-0.1463286945384797 
-1.846921064653705 
-0.0275681311917772 
-0.1427052478045876 
-0.551215724906117 
-0.1350199929739732 
0.0105892938336275 
-0.08680662009576456 
0.3981279838495804 
0.07219780869716658 
-0.9761709901837002 
-0.1668380962827533 
-0.2442207125601627 
-0.0359031179704172 
-0.1393473266386187 
0.1553549880335062 
0.4741345752248173 
0.2864876778604455 
-0.7328372359799906 
-1.118595473183525 
-0.1262697416338148 
-0.2060568667631134 
0.05916623331105314 
-0.5698490532481382 
-0.8576351826846861 
-0.02830578629860474 
-0.1866760832835086 
-0.1217009761064889 
0.287872617153713 
-0.6381203345489012 
-0.1300039229200975 
-0.253484611932757 
-0.1790843698841608 
-0.1209989405965317 
0.4040726979794772 
0.0393990555895922 
-0.1586517075300821 
1.041002589982436 
0.6321886838614469 
-0.4434418419304384 
0.01491868584716426 
-0.04939425176319572 
-0.1106863501229566 
-0.609298801649977 
0.2155751776519116 
-0.4139406077779743 
0.3311026152901156 
0.007983362569029512 
-0.03145817375204449 
-0.1326747941137262 
-0.08620785273501434 
-0.08887773563367163 
0.4226139773793622 
-0.08110292901713084 
0.2458224218870107 
-0.5383817600892743 
0.4068440167992702 
-0.01801798301275657 
-0.2689673661343757 
-0.2537045949372481 
0.01941066515325514 
-0.1759137340431793 
-0.1393528371512963 
0.105185292335339 
-0.1058267410095725 
-0.1658369619505203 
0.01709035562846837 
-0.1703034518281456 
-0.04798801004318685 
-0.216137604104405 
-0.1542088683211136 
-0.06917355888592219 
-0.3181400001825039 
0.021800627424856 
-0.5270074594221223 
-0.008251977261442528 
0.5772217946688611 
-0.05320476030060369 
0 
0.3419156864075472 
0.3740326905448232 
-0.906546153121349 
0.1309755759893866 
-0.05387865609370378 
-0.03485319210762047 
-0.5867589777618899 
0 
-0.2586466303781801 
-0.4749599999184753 
-0.8319870408414706 
-0.344623504793059 
0.5690612122111951 
0.3468971953622999 
0.2422917070566915 
-1.084247926896214 
0.3475054307030634 
0.7310553179478377 
-0.008427386109429922 
-0.2118590649529033 
-0.04000084205022705 
0.1991609419123517 
-0.1261220079803408 
-0.1543980946854541 
0.4077417410047848 
-0.0759969394055896 
0.1116700239941711 
0.1639656138990647 
-0.3614872917295747 
-0.483876763661115 
0.8438371360605379 
1.179602962694102 
-0.4562221413245731 
-0.2606822831394119 
-0.2277715332626458 
0.5409529298442451 
0.3602980056486053 
0.6620530075175429 
-0.8017345603246627 
-0.2501983445675703 
0.003118004458277121 
-0.108495229850767 
-0.02364032354945456 
-0.09272188227342426 
-0.05534370172538169 
-0.2362073741470801 
0.01978399937289537 
-0.142295756401035 
-0.1194901095889645 
1.134639555460822 
0.2158157432356676 
0.1211673196311839 
-0.08060760738894585 
-0.2885462974228184 
0.3657039456361868 
-0.2660124008397932 
0.6409476607981637 
-0.09411588177437727 
-0.07248557363680572 
-0.422805506775684 
-0.5655481507154896 
0.1240833253182507 
0.0314294892276454 
0.004447148525418171 
0 
-0.05837271529039499 
0.4441466383399525 
-0.05165680809246353 
0.1681914948082237 
-0.2083988046741022 
-0.0727364800413418 
-0.3248331509839075 
0.2860875551269735 
0.3700116971406276 
-0.2308185936595253 
-0.1759533565906926 
-0.2480365393476089 
0.1151709515076422 
0.0191569521301591 
-0.574873788617012 
-0.04045181464387424 
-0.1020192490701557 
-0.07729531690140477 
-0.1383278060110163 
-0.04509526968148217 
0.09380126546905972 
-0.09861829970354243 
-0.05130700537207831 
0.4237613347753051 
-0.1647750312377222 
1.025543816397599 
-0.2713873726882929 
-1.542210201211052 
0.9649843703712951 
0.06452163783179586 
-0.5808706220533881 
-0.1000900505319108 
0.3000323308597919 
0.1524234580390983 
-0.3485307660997802 
-0.2444274513767416 
-0.04462875466552595 
-0.8645480303434544 
-0.3323420792306847 
-0.08956141907774129 
-0.09283334344090861 
0.02234831202217853 
0.4523747385342374 
0.09835562673075646 
-0.01508164412312212 
0.06375481229021288 
-0.06850980465951331 
-1.345270423279965 
-0.0103097309103549 
-0.3865370236152102 
-0.02916961485338818 
-0.04865323439238213 
0.142573614509257 
0.1113233711404236 
0.1936681575496659 
0.3778235380721453 
-0.01439151363232367 
0 
0.4334649220976451 
-0.09059549559823112 
0.9717374924227221 
0.2578612833712206 
-0.4380107076104465 
-0.003713192332319661 
-0.2101246212698884 
1.225064250760453 
-0.9692767068012802 
-0.28036823631902 
-0.2155867962477445 
-0.004691057470135267 
-0.3316361131050266 
-0.1324154676289535 
0 
0.0439212691379532 
-0.4071259177376534 
0.00842616646315744 
-0.03285208595625115 
-0.01224073167450973 
0.05056114074343875 
-0.03324665797534711 
0.2451415010661687 
-0.01164376582338273 
-0.1715103740203721 
-0.03731179119242009 
-0.02990739909117937 
0 
-0.03669777265785431 
-0.08427322233138072 
-0.5095823136791847 
-0.03684024053519096 
0.1490635637767768 
0.04005677992373297 
-0.07667673007930262 
0.1922996790738544 
-0.008782540242774306 
0.3934990328895964 
-0.3406094582792689 
0.4876850603248653 
0.1848496774850015 
-0.04831356986262798 
0.6321126699477703 
0.06965460212217649 
0.6399387092787587 
-0.07896606168504371 
0.01086534625852274 
-0.0899829612935944 
-0.1460697888982009 
0.2529150644061726 
0.02772876151772873 
-0.03875524273402303 
-0.009403103738725296 
0.4180601369188076 
0.0822461583825194 
-0.563204884445749 
0.0916046636872679 
-2.059426878650839 
-0.2919938235395518 
0.1381438033502833 
0.0724245412867642 
0.05507188858787872 
0.1609817817650053 
-0.06123003505468491 
-0.09765013118675171 
-0.02410244596887257 
0.01657186789339878 
-0.2187811106804629 
-0.2953407069213064 
-0.2899435434020682 
-0.3977792461201776 
-0.03252175014060327 
-0.1773004705369689 
0.2178623725874844 
-0.6481761285399832 
-0.09354295899721583 
0.002062116369362965 
-0.0592116902361527 
0.03807228084504315 
-0.2976298876428942 
0.4595648542565192 
-0.1227548145789683 
-0.1192618113337077 
-0.0488608647051782 
0.1026560144348568 
-0.1326751928722891 
-0.01421157092935785 
-0.3139156995779043 
0.04159260271542606 
0.4238652906829444 
-0.2658375195166026 
-1.954136739778787 
-0.1148410380037912 
0.3298239894232555 
0.2024649710037164 
-0.1423340197175922 
0.1427420434957373 
-0.3659187516078192 
-0.003907796760572037 
-0.06821982750942918 
0.07733143379950494 
-0.317303376726736 
-0.05835841727307226 
0.04135839023512728 
-0.09356812467365205 
-0.2122776550028283 
0.116014255817805 
-0.7096440196572342 
0 
-0.1295341519948194 
0.3509941186279789 
0.6630689162051205 
-0.01134544756238683 
0.2631750026623265 
-0.04277943529465096 
0.001385665941509429 
-0.05178292611841938 
-0.05411046201283962 
0.7415936361576029 
0.06386537436486017 
0.03640585965862929 
-0.108782432085951 
-0.9104498098298158 
0.03864412238442595 
-0.6879852579666761 
0.2279092050980711 
-0.02235480621354174 
-0.07205791343382757 
-0.03568053351900928 
-0.009564120576008993 
-0.739286936606746 
-0.2994437547494397 
0.431231135159854 
-0.07378976455626557 
-0.2544468184045883 
-0.02070300762354628 
0.07814417691497175 
0.1578927402545719 
0.2635707846289479 
-0.056930083220525 
0.9326109683739034 
0.3796830629867299 
0.03518234779183827 
0.1564332676644724 
-0.0116368824729258 
0.347051311985184 
0.7139050697551756 
0.3643988654840738 
0.06512565647820628 
0.2541392451733614 
0.7007456803328793 
0.07626103886050331 
-0.1125382623644416 
0.6887682145054006 
-0.08100636872392378 
-0.9411582730862043 
-0.4244764696557286 
0.219461294619117 
0.03248100620420005 
0.2846658476224152 
-0.1629491364964531 
0.1734484701520973 
1.047129636147363 
0.04997556472082579 
-0.5052908625532537 
0.8301360509383691 
0.3831360283030676 
0.1287897401836426 
0.01322351901167788 
0 
-0.1008791507699923 
0.9799336956026179 
-0.1179143606024784 
-0.1826097786753337 
-0.601086408623869 
-0.004394057582956985 
-0.04286230078491387 
-0.06220657899321089 
-0.008196065079115872 
-0.03717929722999971 
0.3194400819090364 
0.5443095031678178 
-0.04342158353104063 
-0.1111303017795569 
-0.3791990130269543 
0.06204318203640754 
0.01040248049729054 
0.08578547589842371 
0 
-1.152774042178899 
-0.2545260520312444 
0.02482432717264616 
0.02815758461019426 
-0.1329526117161227 
0.4421814383812833 
-0.84041952435705 
0.2454694097822223 
0.08711919383774275 
2.106849049291249 
-0.2839823888124223 
0.0955753475664243 
0.002857597924976842 
0.1257036168255749 
-0.02290035701050767 
-0.2574316549193228 
-0.0225032192021584 
0.4382474544663237 
0.4792256047123977 
0.2441600445279854 
0.1190613436103914 
-0.01363429790549662 
-0.03121263354818673 
-0.288414253271323 
1.1586749943249 
-0.1871851531218971 
0.1484600098313093 
-0.9242642884468297 
0.1642914715760485 
-0.3638620171923151 
-0.125076869398109 
-0.02193859622510382 
-0.03957058711413835 
0.05784686366001232 
0.03695176694285289 
0.3563603939741777 
-0.04639601454249648 
-0.145502905778524 
0.2823757247367044 
0.0556042053867139 
-1.877035240166965 
0.07895576064961174 
0.0797835827757257 
0.4061835663684985 
-0.05822668474068503 
0.1872573836887828 
0.2112187819723756 
-0.03794463741483269 
-0.7177977629028612 
-0.04275918974026173 
0 
-2.753889989504417 
0.05671891530381519 
0.003857386973731369 
0.05789858312089835 
0.140578649100755 
-0.3958809890648793 
0.203792921810856 
-0.003263112606968508 
-0.2260156579468383 
-0.2275366376801126 
-0.1966488885878958 
-0.2135758891851469 
-0.2280299036660289 
-0.1616285744937876 
0.3632731157560944 
-0.2017903359785965 
0.03431606416591421 
0.08757916956869725 
0.7295312346599572 
-0.2435230542653559 
0.007600423390266615 
-0.1179340012515563 
-0.1544774045782801 
-0.5110052359268802 
0.06655878409464565 
0.7840275890734687 
0.0334247720898394 
0.5480395611508283 
0.2249595193070474 
0.8344842115846951 
-0.01056197465899658 
-0.0428742964787293 
0.03692902974552949 
0.560919752649418 
0.8521204503032881 
0.0306929758580531 
0.988905889864872 
-0.03495263314505394 
0.2503350856826057 
-0.4941453501214597 
-0.002048691465692403 
0.01917007112527963 
0.02186433476452744 
-0.0699350276442622 
-0.123150093532457 
-0.1162641596266502 
-0.003019008876057418 
-0.8127975967271136 
-0.01219838578249751 
0.4711156460113198 
-0.01572403467129546 
0.0001408358341767387 
0 
0.005296488252358039 
-0.06681716822163196 
0.2402723820093647 
-0.003295539811119977 
0.1303549320929642 
0.19341585445891 
0.5404840053839919 
0.03057448305399407 
0.07619481650149426 
1.325017002670538 
-0.05522644832498506 
-0.07464060836233302 
-0.02279100284894068 
-0.05951600682929089 
0 
0.09481379196467282 
-0.02097154636383331 
0.3805405041202611 
0.5231555271550663 
0.210044819595665 
0.3822521068326705 
-0.393237146293158 
-0.475076168585995 
-0.01424416811131085 
-0.08045319696711875 
0.1927921449765009 
0.4169257383269261 
-0.02421048066893031 
0.09233475244613412 
-0.1079457920388633 
-0.03453525701342178 
0 
0.7107018524108627 
0.2427194763259064 
0.03957660493717383 
0.2073245764005709 
0.02660706473924028 
0.09275663746876435 
0.2420528501512337 
0.01805967857700317 
-0.004992899126091638 
-0.1054031553511169 
0.4526821137944292 
-0.3344293781951608 
0.02730822794814641 
0 
-0.1512887160301644 
-0.1739300152987521 
-0.2085366316001804 
-0.4731733365282569 
0.5804910732762909 
-0.1999402035664146 
1.2766128090164 
0.006259648170586276 
-0.01187704635521987 
0.1131477866579372 
0.3923019792708307 
0.01068899715186641 
0.06721341895088598 
-0.1368565885356132 
0.02785001357164939 
0.6869579710067223 
0.4101900534422213 
0.006896309723248932 
0.4052267382816084 
-0.4845011515846037 
0.004208633665100062 
0.1137836733803093 
-0.0221577668696391 
0.3741457215964157 
0.0947851680702273 
0.0899265863758122 
1.503995082378843 
-0.008644033416280419 
-0.1965953213541008 
0.3316298238658341 
-0.003445576806427793 
0.1882355334144298 
0.5312591068367085 
-0.1518498882823089 
-0.07280200238975708 
0.2125496465242936 
0.0008639702999556145 
-0.136520897943352 
0.2540913907033629 
-0.0182478215836111 
-0.005892464837237005 
-0.1392308159719928 
-0.231055701404709 
-1.226790168210167 
-0.1509706813669432 
-0.03453470037742153 
0.5381996343526626 
-0.07382967288563942 
0 
0.07339940217509414 
0.3017767550415548 
0.1021001470527447 
0.1316081416514305 
0.2327917111613758 
-0.03155925479318973 
-0.1082872356367615 
-0.1484889098417511 
0.528382552612875 
0.2673673267857626 
0.2205290785448652 
0.01354144104008363 
0.3875930305378434 
-0.01990230912478172 
0.2291229318227238 
-0.00268217810795414 
0 
-0.02279035520391943 
0.01071155019651866 
-0.05049567758832957 
-0.5858682178196526 
-0.5358022742873776 
0.1227388080552512 
0.01568292288903328 
0.04492690117296044 
0.09694123236813601 
0.04114576282769193 
0 
-0.1291970532905666 
-0.007896612231664411 
-0.0772042743356712 
0.05328758992312016 
0.2096298038175862 
-0.03909910815298698 
-0.125855362000819 
-0.0216109639606268 
-0.5083791253870847 
0 
-0.1751783497701308 
0.1981296049179004 
-0.1278533892680048 
-0.5478361975132225 
0.06547491104771536 
0.2951415785001533 
-0.1755364265457806 
0.2003032044310229 
0.5012079358036635 
-0.101773669731191 
-0.01720240172007552 
0.1464976321514887 
0.03075778952702386 
0.3656885475066028 
0 
-0.05970077782859942 
0.1021828362008911 
-0.2254114861920479 
0.4726851260792918 
-0.4223867645074478 
0.04475877842244325 
0.04477238058305627 
-0.5968977873255464 
0.1357117773883412 
-0.0352907121602436 
-0.099479415878248 
-0.08419652061928509 
0.145806428963454 
0.3228107140706435 
-0.01963391667512483 
-0.06753466162068254 
-0.3488657641454452 
-0.1765217525946201 
0.02224698143780432 
0.2694221923739665 
-1.066374340984945 
0 
0 
0.02649511760178631 
-0.190982467653153 
0.4194095474245718 
0.1486224834306339 
-0.1086894778859303 
0.06132970722126246 
0.586831234208863 
0.4328512220703731 
0.09765225984228201 
0.3275771969547135 
-0.05373117617792292 
0.03685643853610547 
0.1886517482188909 
0.4569746876872805 
0.3975955339479744 
0.08655523918678648 
0.3949165812821407 
0 
-0.5007877305606485 
-0.059942283638085 
0.01210416393844729 
-0.003412057640482642 
0.5158946084440098 
-0.01678619288956238 
0.4201949462779802 
0.1130894191964065 
0.06863280303853667 
0.04434068519746233 
-0.6868965207660815 
-0.07518567374206776 
-0.06318181816235723 
-0.4106605656270149 
-0.07709115960218256 
0.02382193050868112 
0.01303212892094363 
0.7829940594229493 
-0.05812269643446611 
-0.1631546805725861 
1.508289313447757 
0.3122957145551617 
-0.3243294663557788 
0 
0.1979670279774979 
0 
-0.002171377970329568 
-0.05291275834348355 
0.01763226248088525 
0.1753179320621426 
0.968710497295331 
-0.007896809225253838 
-0.1559836795468791 
0.03474391767681679 
-0.1335916728100519 
1.262349576656917 
-0.3500579093887657 
-0.009615535295984141 
-0.5239473699598578 
-0.2472333766080221 
-0.1372841839772841 
0.1065927738100314 
-0.02383665172791062 
0.002200326495880486 
0.05468189378882143 
-0.08997086897137652 
-0.04846772949825305 
1.721635597612958 
0 
0 
-0.06609023358260435 
0.4101086980114025 
0.1284982231003831 
-0.2325355224512506 
0.1020666804997314 
-0.4635639963597066 
0.3153675472662716 
-0.0441743209656956 
-0.08826675893372367 
-0.05529958774245909 
-0.07952946993125007 
-0.02542851916459404 
0.3103844143981985 
-0.05107872785967237 
0 
0 
0.06322064573625118 
0.04831265298161969 
-0.04898272162390874 
0.1786807429162829 
-0.1424414819729794 
-1.117400678619389 
0.06499726196504423 
0.5941225563708186 
0 
-0.182159085016037 
-0.191941889770347 
-0.4136533053506345 
0.03141197357248992 
0.004458719482048182 
-0.2610451806437323 
-0.08123859611107828 
-0.05542711919649785 
0.6908415335461487 
0.2555508303797707 
0.07940767500908509 
-0.4837038227043861 
-0.09759865909525113 
0.4813223002048839 
-0.01251645295905685 
0.1761165107508701 
0.06940443390417095 
0.48615217147138 
0 
0.1008505086528293 
0.3661240122801522 
0.09528369815340051 
0.2090099688877245 
1.065109677115077 
0.6483769119947955 
-0.1666474414136388 
-0.4284978675320267 
0.3105782040604545 
-0.03921171249684616 
-0.02144949958258048 
0.008300671691566043 
-0.004575567254689695 
0.04157953637740162 
0.3156225096424708 
0.03938486424171498 
-0.04654033802289034 
0.1488447673722816 
-0.7248936753041232 
-0.3538157247784662 
-0.06383386012859565 
0 
0.4504913509949456 
-0.7443995608202054 
1.399085008953266 
0.2022261903570504 
0.2111714335778077 
0.5455051239642394 
0.01363559378649905 
-0.6486526800254155 
-0.07671932762112142 
-0.01403538031297188 
-0.03546698542448982 
0.1487998057571125 
0.07069770546111295 
0.4750953765765579 
0.4352114180776754 
-0.49661041440057 
-0.1561407318435221 
0.231941184554303 
0 
-0.6599527589575461 
-0.1051062200042961 
0.2408109269317552 
0.09539684189414048 
0.5501585557025633 
0.1115312960598133 
-0.5239969447786823 
0.337864477394254 
0.1917417146223995 
0.01261267753974539 
-0.003455152585997402 
-0.01654359379426367 
0 
0 
0.8093037911673695 
0.1334934374497944 
0.1891461478348841 
-0.006445657051031979 
0.4877238354136928 
-0.01627126332443674 
-0.00912672820634303 
-0.03551806008634263 
0.06051523571763981 
-0.06447982528675754 
0.03036478541875784 
-0.1262638618600147 
0.04105268848842669 
-0.003544347400619441 
-0.003499848672733032 
-0.04935160420233481 
-0.2323458191930762 
-0.09055920747749201 
0.6290854267396284 
0.03629259697158931 
0 
-0.268021548052192 
0.09658317834093742 
-0.5101404017125198 
0.002600685683330405 
0.00355617871599133 
-0.1709897686289921 
-0.04343752797918966 
-0.01062441063055938 
0.0337221265770094 
-0.1819874151525721 
1.304826817464668 
-0.2849753436299446 
0.02585992258378994 
0.1517569349336941 
0.2012349231692059 
0.5523250480300996 
0.1262077084000751 
0 
0.2612671062028145 
-0.08664218438646991 
-0.1663197777415109 
0 
0.2121941321603925 
0 
-0.08682714693856761 
-0.111800341529568 
-0.2366315227800884 
-0.5963964258064286 
-0.01502690545973765 
-0.006912296898605954 
0.07415681066659252 
0 
-0.08895640064504855 
-0.1531266925621597 
-0.2143166823259091 
-0.05264330414589562 
-0.3388396248038298 
-0.06161521362104156 
0.1722323988805127 
-0.7359605104924469 
0.1696104483512419 
0.3552723551328343 
-0.0156047439727229 
-0.1248906055541377 
-0.2001108893296845 
-0.4112622983854469 
0.03934214740823548 
0.2382326515873628 
-0.07036527235376855 
0.08667843071517482 
-0.1379449984698081 
-0.3482550506583718 
-0.2227778345455058 
0.01935432985238385 
-0.4132575928815087 
-0.1973762256148549 
0.05912421850895811 
-0.2039774295704849 
-0.04764602177141435 
0 
-0.9530073986708915 
0 
0.5532026984845417 
-0.0973411692763029 
0.2318380615584813 
-0.04036513412276201 
-0.2098189505365002 
-0.1491689677741392 
0.7114133023168342 
0.02993023828846569 
-0.227194699460466 
-0.2045158278384404 
0.293472478579494 
0.09223851912801571 
-0.1351022735767712 
-0.009216904977479262 
-0.08530486240015031 
0.06480812064844087 
-0.01033136491227865 
-0.5132371407668305 
-0.09036376846292468 
-0.008066427642742759 
0.07748048045163791 
0 
0.184307154449295 
0.323894909249139 
0.03358367883164421 
0.233413798893009 
0.066243236406812 
0.1958915956481429 
-0.08403797430021095 
-0.0477735433176441 
0.08438178854883159 
-0.01924564141748062 
0 
-0.006703832417883339 
-0.03585051771254185 
0.5097449963870567 
0.02445161192640715 
0.08226329115529282 
0 
-0.06216259839351941 
0.6271016883455561 
0 
-0.07299493561680227 
0.3972406323213366 
0.1221981015057308 
1.928010537335773 
0.3042059407821698 
-0.2634801256524325 
-0.6395995491899837 
-0.2720493201494675 
0.02463744655352688 
0.1635628021266978 
-0.02405224229377285 
-0.03466938564648731 
-0.14758042991606 
-0.5271069039529234 
-0.3207979656900835 
0.3015482645138914 
0.0445393750809875 
0.4504560329423969 
0.2217076793648926 
0.6430557430934929 
0.01823444642931562 
-0.01484084491690867 
0.1667056112362108 
0.5505298463148682 
0.002897301304842566 
-0.009930603380789004 
0.3163472009703716 
-0.5122350819300622 
-0.193205165941881 
-0.02216315402275766 
0.3459551372562078 
-0.06014932567667856 
-0.03125198628814461 
0.06556527409445097 
-0.03981351775178891 
-0.2855385639017281 
0.197024974877183 
-0.1316217628680801 
1.160884771184072 
0.4648658482704734 
0.2440102048762191 
-0.01782094764134244 
0.5732007653477666 
0.7841797165600107 
0.2393781764385787 
0.3363991710390729 
-0.09301459419993093 
-0.1353439238358718 
0.002952787648649847 
-0.013775753798769 
0.06293018767946526 
0.08312163078030392 
0 
0.1829793458629283 
0.08013560796574699 
0.4008024978309315 
0.3865264667643057 
0.3928815677266438 
-0.08048354316480212 
0.02116338015892583 
0.1288331665801843 
0 
-0.09744062659998948 
0.03488952770498907 
-0.0005809609919856513 
-0.00855825423662932 
-0.005956293781652813 
0.01375750482512627 
-1.529490450022767 
-0.02134457929793061 
0.01503240440504798 
0.3061829673157917 
-0.1456050278221451 
0.1347672355760102 
-0.597929080281529 
0.1625527546222549 
-0.1674644716149812 
-0.612042688905034 
0.04033780084411412 
0.3107640628565126 
0 
0.03550813100296587 
0.2974594296889713 
-1.162709128109461 
-0.6136167357276976 
0 
0.08337643306977389 
0.2041301827612098 
0 
-0.1466038542750266 
5.711138409602787e-05 
0.03615581908918963 
-0.003329289302724507 
0.1126352417109577 
0.05555540857632493 
-0.05869277427742029 
0 
0.002389191346151395 
0.298637512358242 
-0.1349873999601819 
-0.01125168114239669 
0.1723896913671231 
-0.004186508968075958 
0.1232846686625757 
-0.4237050087031198 
0.02867685001862422 
0.3513321717696773 
0.06184353508384841 
0.009608614408267324 
-0.0374841804989413 
0 
0.5685491427630056 
0.4003904322659165 
0.1587646535105955 
-0.5934899080857634 
0.4716764232210025 
0.03706363576545652 
-1.893712333741547 
-0.01186812627246805 
0.2402819171197779 
0 
0.0147874299624935 
0.2804527161578314 
-0.004192828039189396 
-0.1997225111378714 
0.0123497361410054 
-0.002825750272768999 
-0.07290947800774264 
0.07767363693660634 
0 
-0.2627058658807401 
-0.2910483257340355 
-0.4435423178285739 
0.006165558486261762 
0.1346850272245873 
0.00609809358431218 
0.3485681506603335 
-0.07064699087502252 
-0.07185259023593865 
0.4160210937588928 
-0.03901232931632181 
0.1121442923248915 
-0.02207341859115836 
-0.1997419593690799 
0.5832435184141158 
-0.1463708851328664 
0.3580039731048772 
-0.3781599312728556 
0.3993648389708461 
0.00289006500153751 
-0.0001484110536862134 
0 
0.3254666517980767 
0.5137556269133058 
0.4228861934839611 
-0.009830408431755167 
0.5698153288107433 
-0.0364872609007911 
-0.5700844688619545 
-0.02734191671057584 
-0.07938325686260611 
-1.862143412917307 
0.3104140250192798 
-0.06928083673092487 
-0.02782517566311681 
-0.1474993861398563 
-0.3120812044960871 
0 
0.211661083371336 
-0.01154389043776079 
-0.03688505435010048 
0.4854141144242463 
-0.01312352209702551 
-0.00279405607246049 
-0.03937658451821382 
-0.4599763105929581 
-0.008237971737506469 
0 
0.235593579351291 
-0.3577517618819286 
0.1595098048423097 
-0.01083985450939449 
-0.3913809891926909 
-0.07522419272124559 
0 
-0.4018323934826594 
-0.3621120467948409 
-0.1682692782192347 
-0.149180497603817 
0.7810333029516463 
-0.01734098159385393 
0.4511843859574432 
-0.1149346226644571 
0.2602660905484858 
-0.007580290058369959 
-0.04958547101184575 
0.2990768669699634 
0.2465351692224156 
-0.01995440764227541 
0.5439998335962937 
-0.00106504265407978 
0.101239803887785 
0.03719905969576329 
0.03245083887776826 
-0.002544870938548179 
0.2835028832500834 
-0.003653117955080741 
0 
0.04704890548756813 
0.09956492329441995 
1.06986888667211 
0 
-0.03511975527802162 
0.03054523867712162 
0.292940667879923 
0.02349916345593262 
0 
0.1148347770677381 
-0.07557583823993665 
-0.008629693109987884 
-0.1492933971183499 
-1.037591012185339 
-0.01037288991598895 
0.09589678158521785 
0.3976327219475111 
-0.1090804787785406 
0 
0 
-0.07311693742676903 
0.09855755788782709 
0.7692816073609248 
0.2681312878968594 
-0.3282928171306219 
-0.5512871459840329 
1.24381920805663 
0.380493760476981 
-0.131590899885618 
0.1145817551383052 
0.09840375186521456 
0 
0.1888019110521743 
-0.1974282301019198 
-0.03253827749774996 
-0.02149945401241515 
0 
-0.2935896230686877 
0.3607917795853929 
0.03907823670347846 
-0.03553207359734692 
0.000115163284123947 
-0.07297385803513279 
0.05821109315511609 
-0.1162540991515558 
0.09229745394063063 
-0.006852292697510091 
1.064186937425013 
-0.530389558989305 
-0.06952466511755842 
-0.01047833825781785 
-0.3058220117743929 
-0.06274361879665004 
0 
-0.3382957389432611 
0.1823041974169481 
0 
0.2912291171850329 
0.04320979810538301 
-0.0369829432169423 
0.005376009170175312 
0.2254120707839262 
0.486898289879833 
-0.03267833608004474 
0.04540282180739534 
-0.07317417365063855 
-0.007487729240274014 
0.2405809249052614 
0 
0.1447299078641056 
-0.1411391094610469 
-0.3118400342576109 
0.4059569918134736 
0.01994113452045056 
-0.0168003031511914 
-0.02184051597142479 
0.2823688858169159 
-0.01847815018095107 
-0.002588605922854268 
0 
-0.07776823133945487 
-0.5102813800787166 
-0.08507892648943502 
-0.09023600370603486 
-0.385076541235577 
0.04383910545739006 
0 
0.03808103836987078 
0.3020058449581428 
0 
0.2317233941153736 
0.05411852530662679 
-0.9994042423407212 
0.06356782616258383 
0.1740043857514169 
-0.102657393402812 
0.0354246688820886 
-0.1154966542302243 
0.2537152579960949 
-0.00931163338907769 
-0.06181970870018344 
0.02180665392359529 
0.06639987221051483 
0.2003252552594754 
0.6188877536770196 
0.04722537529666232 
0.08981284910712979 
0.06410583245486527 
0.1671256767155056 
-0.0119491952573884 
0.3584868813029475 
0.714342952153695 
-0.05908664944438924 
0.6472401493543012 
-0.0743676466864404 
0.4390607015357129 
0.417057309443583 
0.03814258992564845 
-0.3775601471169467 
-0.4421485145865716 
-0.007179023670195384 
-0.03255444018193904 
-0.2571418941019588 
-0.005775254558122798 
-0.08430809286811068 
-0.06069933423713119 
0.1308229846700326 
0.003905963742622956 
0.160823909467897 
0 
0.04906920803885761 
-0.110982153035019 
-0.008026722492805618 
0.1135607590089332 
0 
0.02474212698949882 
0.1842521740176374 
0.0008288577473605809 
0 
-0.1039127287762028 
-0.0005231716145789184 
0.04172212850383608 
-0.02754858571553467 
-0.2041523740580789 
0.04706914083394691 
0 
-0.02474022300227362 
-0.07068664457197435 
-0.002518279462286809 
0.1005079395669843 
-0.0341510413059972 
0.04755666071904584 
0.006229240411180008 
0.7635399340350696 
0.2139792632006102 
0.120290882774633 
-0.4674075373989814 
0.06706279011628 
0.2854744245844192 
-0.1578751454132011 
-0.1426335348102144 
0.02449820697641916 
0.3616925730604922 
0.3096492629546249 
0.06410063439709054 
-0.1089606981519605 
-0.03705187783828188 
-0.3795201292872235 
-0.07566573369388226 
0.2655090910428261 
-0.02751721771991993 
0.5815334448443032 
0.003751387947058268 
0 
0 
-0.001572337988173578 
-0.02897361948426887 
0.006893435552830204 
0.07953163869044158 
-0.6879914241490566 
0.2942013520795411 
-0.01479298791799416 
0.4332940060391266 
-0.09091158460048704 
-0.01065281723597336 
-0.4039575292996638 
-0.006117070162692048 
-0.008333178810433106 
0 
0.2723562244175962 
-0.03372337385488174 
0.6558899939865528 
-0.01185408328947937 
0.2317179050811388 
0.1574156087425322 
-0.2168228630145368 
-0.0475996820848278 
0.7271999589441579 
-0.00613645233000819 
-0.05173386307511348 
0.9416361877712105 
0.3437826944771817 
-0.01931760562567998 
0.1001067222726493 
-0.01790294958345639 
0.3856850891642346 
0.07475540243064491 
0 
0.02970335480528784 
0.2130867892172136 
-0.003720256458781884 
0.2045038052396765 
0.4320756533081782 
-0.08040693703007427 
0.03113417318254465 
0 
-0.1712368445021146 
0.009962144882907111 
0.1157140582685147 
-0.09061313812179021 
-0.03125859940644485 
0.78846527208532 
0.0443772088115479 
0.1238132952783985 
-0.09840508298588138 
0 
-0.05253033978555997 
0.09199485150390908 
0.2301852365977015 
-0.001773916174286876 
0 
0.01928062350738427 
-0.3490837586425887 
-0.1480205872386123 
-0.0367316708038995 
0.01222038458944569 
-0.005763207565243844 
0.1447268020618062 
0.0007114759926553478 
0.1055532621157056 
-0.01870402046257398 
0.02646324254674564 
0.09799446355742192 
-0.07912322417194236 
0.1109597414615205 
0.09114302735579351 
0.1048318086750463 
-0.005310268280675546 
0.006957828835333541 
0.07180597834638403 
0.004116065183914274 
0.3201538973656753 
0.2757221213159266 
-0.04635355382934614 
-0.1427785159131498 
-0.1811243011978209 
-0.03706202311147963 
-0.1560112385682846 
0.1090186844546589 
-0.1453195182057572 
0.2229626265897474 
0.2621963424510437 
0.2645837115228373 
-0.3472351114398154 
-0.2245657299570113 
0.2357951633726278 
-0.09954130355664806 
0.3140729125518259 
0.001518339466962094 
0.01682624289039162 
0 
0.09221347998534736 
0.01589314862409064 
-0.1229020085624089 
-0.2588327325685418 
-0.008234556832234665 
0 
-0.1089338667816754 
-0.0247990783724524 
-0.1143873154522858 
0.1799670779207341 
-0.5527300922601992 
-0.0514927454327274 
0 
0 
0.3263240788944566 
0.4054111897507529 
-0.626335260284213 
0.003921119316152641 
-0.00198487134459332 
0 
0.02464457548909995 
0.1619432881422677 
0.1735003327864213 
0.02624080646987012 
0 
0.4404870213770249 
-0.5090479368402098 
-0.001973075660432694 
0.6362841882293553 
0.001045740958743681 
-0.4676646464722124 
0.03606214702096942 
-0.1232074990983771 
-0.3123679651214943 
-0.1510563323402881 
0.0903689920834692 
0.01870130895647471 
-0.410425658267604 
-0.2525499984061325 
-0.1081504085276503 
-0.1493637727989023 
-0.2305214179278071 
0.02751338898344518 
0.3621093701156106 
0.4920428271443006 
-0.06766862565093411 
-0.1033924274601321 
0 
0.004192879388146783 
0.7198054526478307 
0.008297050369710719 
-0.6465444834214277 
0.06443231668558436 
-0.003880306761613808 
0 
0.1900899192779599 
0.1437606656086542 
0.4424428557718681 
0.06054923541499968 
0.005372695114243998 
0.02240300350610314 
0.04386843887775156 
0.1610749196415153 
0.07320969602793156 
-0.3258358595689747 
-0.03858990807443281 
0.2193324863914615 
0.06631023934190343 
0.1976737884583008 
-0.06860587888754766 
-0.5933107003677843 
-0.01578564128437112 
0 
0.07028805774880564 
0.1341313731398413 
-0.04701264733918675 
-0.1594019311636057 
-0.05625958596886006 
0.2638341524627084 
-0.0431865682946205 
0.3824727070808334 
0.342230734731538 
0.3777775431726574 
-0.1421327938453339 
1.063693980550205 
-0.07298140923144025 
-0.01833365893780065 
-0.1749748064217352 
-0.07292876224501388 
0.1987970882334057 
-0.001644022690086836 
0.000582145871135019 
-0.06320924199741315 
-0.07366997216077611 
-0.01574722938956309 
0 
-0.009318275725011153 
0.302450488625715 
0.07178003448874107 
-0.2153617396066866 
0.6888415696601152 
0.006412688676078771 
0 
0.1132798254446757 
1.260873348146076 
-0.03852067149442884 
-0.2466902628450343 
0.1536637123325566 
-0.01746349042672893 
0.03672268487726816 
0 
0.2554636054682692 
0.07993918462184914 
-0.4343090802023129 
-0.09706731333029919 
0.5451396010780136 
0.4631606781230638 
-0.3876713101982981 
0 
0.2405501931823984 
-0.1226286821167227 
-0.01020223794272923 
0.01584912097030048 
-0.0006032525049720187 
-0.02399742730420779 
0.002259290204665882 
0.07393082145200965 
-0.3099669769848385 
0.3724400205780223 
-0.3482189303107489 
-0.1153874869935111 
-0.001695854847189491 
-0.2097193850730475 
0.01117934041742601 
0.3993682843954818 
-0.006517640224797652 
0.04975059233418247 
0.009550886142269207 
-0.01249993483795658 
0.005897132797544911 
-0.4184043396967345 
-0.005751183580006118 
-0.01554426410483936 
0.2079220118681011 
0.2535322832434839 
0.253095853572219 
-0.03745876783667664 
-0.027372724730657 
0.2974354628572083 
0.06435830252157747 
0.02157185518035585 
0 
0.2172168135360327 
0.05969235929991899 
0.07543307503853883 
-0.08708233685699351 
0.1933072045384951 
0.2076910663671334 
0.1552478229857787 
0.01063132915140656 
-0.08886580901950923 
0.06483848725621097 
0.06112413657172587 
0.0191733763819781 
-0.2466337293266958 
0.02842417419180986 
0.2859936108856836 
-0.003629990156889876 
0.01944743620311485 
0.03654041308034363 
0 
0.02272100885458107 
0 
0.05688671757133581 
0.1208825703042775 
0.1058856227437728 
-0.05094263936384363 
0 
-0.008749332089346262 
-0.04331786767353778 
0.03123275945163417 
0.04071053435891817 
0 
0.2628340081051915 
-0.0001473386458599522 
0 
0.02132146451503192 
0.06826698860945032 
-0.08700025143319705 
-0.002338275510279153 
0.2106362659072971 
-0.03312133628940212 
0 
0.1677927016848906 
-0.09728935391744334 
-0.1157010853862677 
-0.02845133900276896 
-0.3454017317006242 
0.00545538982331433 
0.1283846042772743 
-0.02487203121455091 
0.9592159783594625 
0.2259811895030772 
0.3645425804256708 
0 
0 
0.02763270705449983 
0.1650974298266108 
0.007623823277544869 
0 
1.058569578891933 
-0.08496281230110335 
0 
-0.03606524458247165 
0.1853519512866293 
0.2817421856072695 
0.1581400962798185 
-0.05469925249304945 
-0.005019543640665286 
0 
0.2908560264993439 
0.1577204557915403 
-0.01968763751409392 
0 
0.2673777585113484 
-0.1245287500263562 
0.1052650426657954 
-1.253761597202118 
0.1254481510885491 
0.3313243920237354 
0.1780576496992211 
-0.04628747101444596 
0.1629008303180696 
0.009272198595762504 
-0.01590242103752331 
0.1978540476590315 
-0.0389894768244566 
-0.03668169803695534 
0 
-0.06395436620687163 
0.09512540134947649 
-0.3169362032008216 
-1.160396751600919 
0.08384566651069464 
-0.1715011120790854 
0.03046048153055681 
0.04020710634648653 
0 
0.03969652364407737 
0.829453645453556 
-0.3814197980101163 
0.05767061325045551 
-0.5717461598718454 
0.4687141065481396 
0.1943167639284392 
0.2758992360789153 
0.1038497857429799 
0.003248879335995454 
0.2631088614576519 
0.2494182093933136 
-0.08582543879285799 
0.2669635575596271 
-0.006643961675091033 
0.01323054784034928 
0.02763891040362416 
0.3289277684202626 
0.06458077409178477 
0.03372316195612434 
-0.03254709529568757 
0.09098380743298093 
0.05332861694275397 
0.1589150573611748 
0 
0.000740286653409175 
-0.5045527583366476 
-0.1310725230593457 
0 
0.0472018557880443 
0.3267146783334283 
0.1777614168545265 
0 
0.2431162297178409 
0.1084076591774796 
-0.2866711209069853 
-0.1177021675805605 
0.005368058983501385 
-0.01264242870705895 
-0.02885402847764429 
0.03908436656352913 
0 
-0.002411355203130003 
0.05849286766088621 
-0.1409618736775293 
0.6669083158022461 
0.1159341380222253 
-0.1234878725107003 
0.02364636351695173 
0.2325185692391704 
-0.2415084639224244 
0.3318223371625183 
-0.2941758809473288 
0 
-0.01422948300050617 
-0.0233746581221411 
0.02570615094709511 
-0.005221229691618684 
0.1931773050646354 
-0.03990063494391259 
-0.07778140071932596 
0.1337348217503843 
0.301938055743625 
0 
-0.03343708323894209 
0.4942764630027406 
-0.0352628915376999 
0.05105517702118306 
0.4542286986051422 
-0.2720487388269676 
-0.07704615621961917 
0.7528515149882203 
-0.0292450990251233 
0.04189668874769995 
0.1664409018009132 
-0.09583929023311538 
-0.3534835703702943 
0.5943309173754032 
0.1672564208397853 
0.05795030383470264 
-0.07889764450239474 
0.170861011556723 
0 
0 
0 
-0.003510847032326775 
0.08166488188034995 
0.0169111251982982 
0.3978109732956123 
-0.0193267799098895 
0.02612208943336023 
-0.1868697713221765 
0.3834951512413243 
0.01486767842072996 
0.004161631209272874 
0.1823528376049303 
0.1521009631318486 
-0.07219954164575627 
-0.1067321925566636 
0.01768527557876583 
0.2476756762599303 
-0.06458157137853433 
0 
-0.1846950324451516 
0.03709420176846456 
-0.09772076091546042 
0.1959114034521112 
0.02033744575739543 
0.04462953999263518 
-0.9112566909730448 
0.6925246425124791 
0.06489777819329078 
-0.2508031713973016 
-0.006464469979541004 
-0.3946274025051034 
-0.001437675365683073 
-0.03854849456362903 
0.2167932181208322 
-0.01685341533681419 
0.0323673766212622 
0.4160038576044895 
-0.01914467749126571 
0.1601436681255138 
0.7932697702890427 
-0.003537078380457554 
-0.1237296037281287 
-0.005687388523601027 
-0.04970446618953507 
-0.03663378744508691 
0.008152081182817551 
-0.2389291231576589 
0 
0 
0.4124933450311545 
0.1908917055411926 
0.2567944543064283 
0.3448786357625049 
-0.0260763332818864 
0.007843392745150179 
0.09363182266963543 
-0.02628891152171813 
-0.134229677230772 
0.5161769518140169 
0.09555532502609737 
0.2794903175115239 
0.1051486868931006 
0 
0.4191404313377071 
-0.0194064655051476 
0 
0.4562764846515017 
0.001308120599353054 
-0.5792797817823232 
0.09002178278066147 
-0.2384818075152191 
0 
0.5260704512510589 
0.006100700992280016 
0.03556455645173147 
0 
0.2017991955710818 
-0.01594307434258768 
0.09658009171177637 
-0.0165366029856796 
-0.1280325318011966 
0.0749688551324256 
0.0423226396056921 
0.3636370647804876 
-0.1813937558310684 
-0.2881703573440332 
0.2676794554301524 
0 
-0.1404466283894943 
-0.2549033599678521 
0.1433007428135296 
0.141841664599863 
0.07430583372528646 
0.03568169668056097 
0 
-0.00715656043321366 
0 
-0.1243420554114961 
-0.2295543815917899 
0 
0.04098628353762785 
0.005202307208961567 
0.1477463013755735 
-0.01998497372092625 
-0.008968984063938373 
0.171168985487207 
0.1562789688688303 
0.1096719285706121 
0.03723542885853923 
-0.02856577655158393 
-0.006664847242358917 
-0.008893024976985991 
0.1260399791086831 
0.01384111959351902 
-0.1303512048837541 
-0.05237999500541264 
0.1192559255394122 
0.003232679613452063 
0.1669833900949683 
-0.2468918166387925 
0.2849929428198912 
-0.04422586307917535 
-0.4673614234240438 
-0.004080459767577868 
0.04396418146021817 
0 
-0.0827413453765751 
0.2549495884012384 
0 
-0.01943254490724947 
0.1000504736042119 
-1.56789204114458 
0.6075442392365373 
0 
-0.05808632898787214 
0.1331187548564029 
0.02223124340610704 
0.1241117681994474 
-0.02174159788098664 
-0.02422011785620362 
0 
-0.3407359363841416 
-0.05492625358007655 
-0.2068114747154291 
-0.009909436536373415 
0.01754829794539315 
-0.2108743170473208 
0.2842302976974925 
0.1731890029235588 
0.1443712413418495 
0.2772024954008788 
0.0561194719707146 
-0.4932082433630628 
0.0515013145209153 
-0.4664187450069549 
-0.005647539508928657 
0.05455249417569153 
0.01936984875459581 
0.3755328305006038 
-0.09462558390182929 
-0.005755764973192974 
-0.5231136181213319 
0 
0 
-0.1640669931193234 
0.2547975941795246 
0.009335777777320911 
0 
-0.312025355438788 
0.0150976129261601 
-0.1471332166297405 
-0.005093778406067942 
-0.0218076635834917 
-0.1979532416427111 
0.02300045265262519 
0.7516588616406885 
-0.1140071463071462 
-0.2700322985611744 
-0.01532632440042082 
0.09526463772646988 
0.8584241046693454 
-0.03178665249449244 
0.516156641565518 
0.0987085123972708 
-0.007638038901865197 
0 
0 
0 
0.213195643226945 
0.003277065945337966 
0.3205340055618974 
0.0669052576923217 
-0.1443502882356186 
-0.07624779888158351 
-0.3940510462051605 
-0.1492061261741006 
-0.1045456904994483 
0.4180565492595937 
-0.02766179762910213 
-0.02180393913177242 
0.4287768206948225 
0.2078253488600394 
0.01343516346251442 
0.1217289226155492 
-0.02567159163145301 
0.1977978755600238 
-0.294183457928104 
0.2108817285144008 
-0.001073393611402153 
0.261821045662383 
-0.06262644875827375 
0 
0.4926127395619009 
-0.05949603054448517 
-0.03861063701138306 
0.03551194623458762 
0 
1.094039852385667 
0.02295770804657758 
0.3206504073899628 
1.049463771971892 
0.03960941141901509 
0.2437967552288362 
0.2244986736860443 
-0.3795498857894996 
0.503470554614836 
0.2241691109569006 
0.2679790662810023 
0.1389518258794353 
-0.1032685096886432 
0.2249357450912865 
-0.2203669494815633 
-0.01636096617931797 
-0.006096414397395401 
-0.1577849101798157 
0 
-0.02460570693758828 
0.07218117029914931 
0.3611234412404584 
0.563336225580469 
-0.03525898607508043 
-0.07468518235649949 
0 
0.2007890698234407 
0.04108035159587547 
-0.05034566854704677 
-0.1396312886573778 
0.1150208074578545 
-0.0328926451393081 
0.07297714757897243 
-0.007218104150886164 
0.1169535574278488 
0.06666867646345624 
0.01211601500333126 
0 
0.09081828428539135 
0.2762419702027581 
0.4709010072122806 
0 
0.0009316835751957287 
0.05365474193762772 
0.2111323255091648 
0.04554819707467422 
0.4544606600137621 
-0.532789902123852 
0.1386839816673373 
-0.01635798442588644 
0.09733403535650459 
0.01602271011850084 
-0.1560062966618319 
-0.02732134731352517 
0.02722596671516212 
-0.49794790653022 
0.01355916317415717 
-0.6071424044381215 
-0.01421815986446641 
0.3521912830635793 
0.01416398969842735 
-0.02730290794801351 
-0.004098695828848317 
0.3041112683240913 
0.2162122287388397 
0.0163727401611495 
0.09652189738568671 
1.02927135168754 
0.3255979292068371 
-0.08540982159680711 
0 
-0.208798404518941 
-0.3381784736800207 
0 
0.01947090402485994 
0.0427026428444038 
0.1295440910868748 
-0.3426086147780171 
0 
0.09711984206507711 
0 
0.0382797487311803 
-0.02357159968643234 
-0.03468629732141602 
0.5356923392083396 
0.0962509801277128 
-0.06328463232832 
0.03971809534373674 
-0.9736907775915286 
0.002131041515621286 
-0.2515151957402436 
0.09981132771228414 
0.4330159437427019 
0.2983497891396296 
0.1095882492726565 
-0.2314147523125881 
0.06109374256769157 
0.01455872965363735 
0.0280695309482852 
-0.3505641205893338 
0.1525074280553611 
-0.8160724583509987 
-0.2166161265944819 
0 
0 
0 
-0.02337547399317813 
-0.04695995531144155 
-0.02973896854773687 
-0.02738872879894966 
0.002361274205815382 
-0.1181016232954086 
0 
0.3304769127078038 
0.06733544990039378 
0.1383742460879311 
-0.0145822710198096 
-0.02689229644197252 
0 
0.04496836948963154 
0.02830307272190252 
0.1759424625685184 
0.3660311436911599 
0.4075491843281197 
0 
0.262449716115922 
0.5564155540404944 
0.2171634904791218 
0.06645321310186955 
-0.1194523849265998 
0 
-0.07171735314607136 
0.4707941524488353 
0.1654278949553775 
-0.1392105397696269 
-0.09491684577883273 
0.4305952892808927 
0.01117996389786363 
0.02842756250071017 
0.2598830105439094 
0.2096623847851443 
0.1229010371759892 
-0.2738089994307397 
0.006915283303683027 
0.07158859397282254 
-0.05955995652567539 
0.1176802552724592 
-0.0621315903247849 
0.06000174331006862 
-0.02082540230188962 
0 
0.02791184851529287 
0 
-0.05395796179331332 
0 
-0.006613439885543681 
0.009735416179789444 
0.09852981861500239 
-0.03351697422198863 
-0.09508260003599711 
0.04306656001384698 
0 
-0.01253862743061713 
-0.0124297284073018 
-0.123966545515014 
-0.00481514446275963 
-0.005466429933734689 
-0.02726217236067315 
-0.03066948880104481 
-0.02485515885481523 
0.03318914279693261 
0 
0 
0.1657350545809306 
0 
0 
-0.01973960644551731 
0.04244084027198818 
-0.03444254500307076 
-0.1165948638783332 
-0.1461866522084099 
-0.06218978462986829 
0.03723149914786312 
0.2234727547726557 
0 
-0.0756813608463868 
0.1169247240212496 
0.5155590498947826 
0 
-0.1448122457389724 
0.1144871534422283 
0.4340976755399843 
0.0103911164994154 
0.2664919933431099 
0.1456982958369461 
0.3357845626602057 
-0.1409399438878111 
0 
0.3676630700429939 
-0.003391460668796747 
0 
0.02186748594549607 
-0.4067868359538513 
0.3114597051855758 
-0.3652089396217855 
0.2936988577175472 
-0.008142914819136354 
-0.01026518112706249 
0.4164888780903234 
0 
-0.01837891430930304 
0.09406898049401964 
0.07542224832410166 
0.1757528817168063 
0.422771668441196 
0.05884708375554518 
0 
-0.001443112886250358 
-0.02128404544391269 
0.004113730932847517 
-0.09540623196550346 
0.5272751509100998 
0.7832796037016311 
0.1840795952843643 
0.04962331342849086 
0.06897366597744221 
-0.03838418313531267 
0.814559774917711 
0.1052663392088823 
0.07010413609661943 
0 
0.04230562180023204 
0.006325807528680804 
0 
0 
0 
0.745538592017005 
0.002934373239374486 
0.1401657347214489 
-0.003614362282948345 
0 
0.08298421954221437 
0.2114545786585723 
0.01482544889699384 
0 
0.03730845215217329 
0.01962422915273915 
-0.01868735497452723 
0 
0.01008852067270206 
0.3385597421953324 
0.08833459294701017 
0.07034733621622027 
0.1483628634967858 
-0.001581980939377392 
0 
-0.06443595205305107 
0.2026327942033751 
0.2168510658465506 
-0.06177029164388518 
0.01131963387126627 
0.07480427461485389 
0.1654936538699255 
0.09707511678745397 
0.005416393500437776 
0 
-0.00833307068423308 
0.5057186812397617 
-0.1200418467967225 
0.1215744012047967 
0.2613111272465174 
-0.02819015307360282 
-0.00992843768357983 
-0.07508824832503189 
0.02099168826330152 
0.2716294517355952 
0.1705699176750133 
0.1787580733869435 
0 
-0.06275177189708761 
0.3035891384613481 
0.3666683769016837 
-0.089366639730437 
-0.01660406249613352 
-0.1106366507491809 
-0.04867404372871435 
-3.19103814912051 
0 
-0.1095464772441572 
0.01579654610768274 
0.1286096603254787 
-0.01707122909044124 
-0.001225557764677787 
-0.0253913391151987 
0.7436821093214215 
-0.4471066202025651 
-1.172479732643942 
0.01460253175997878 
-0.01015104941399138 
-0.004189959324285477 
0.3297628966050506 
-0.01797191479647014 
0.08303589917548497 
0.0007757424728107604 
-0.07620572038988781 
-0.3021016816846145 
-0.2774364715547599 
-0.1390465947881076 
0.07700950203162764 
0.08630353896911364 
0 
-0.1940023623783425 
-0.03059634596833569 
0.03396871876636413 
0 
-0.008597502643846643 
-0.0420444202004415 
1.031902972117285 
0 
-0.3737373507309122 
-0.05559672726484616 
-0.8135139442360557 
0 
-0.1756480975906863 
0.02203397760943503 
0 
-0.07949626691612309 
-0.003621085463964747 
0.1908119683032128 
-0.3410957302801129 
0.004036844627509873 
0 
-0.002802643708605445 
0 
0.3856341835619376 
-0.03597184876642248 
0.1251498617171861 
-0.02510767892441186 
-0.40685531364893 
0.03759964816424775 
0 
-0.01438729186072333 
-0.1159341222272118 
0 
0.6120819200743247 
-0.04863161977774396 
-0.0745148560285788 
-0.005971013917114336 
-0.01130273630374695 
0.1750281920527637 
-0.1958058843660459 
-0.4268287463134527 
0.3229732067520699 
-0.04255856048255829 
-0.1171723572148412 
0.6277389680920792 
0.08904914843093034 
-0.1167130133824755 
-0.8326078537217879 
0.5151995565798704 
0.1079769393040963 
-0.1136904024922646 
0.005121006181351429 
0.5228975793396465 
-0.3033412266668108 
0.03719604812394497 
0.1253515611016281 
0.0007310056434943757 
-0.02305253616046968 
0.2639891138114351 
0.007830726700919163 
-0.3089546983828477 
-0.0291749407420779 
0.05382241094621378 
0.04365607219037058 
-0.04614164644271729 
-0.04712081238793819 
0 
0 
-0.01919022143775032 
0 
0.005621015815899549 
0.2394470664154329 
0.01983717763944794 
0.04143058697497366 
0.005804502787310021 
0.5916300058466097 
-0.08369245148894522 
0.04507042177213014 
0 
0.01409567980071741 
0.008552361414141143 
0.04967314417397926 
0.6006468453292739 
0 
0.0957312332963645 
0.119995061356452 
0.5892404856597803 
-0.444512300229726 
0 
0.108082739066535 
0.006950777186824742 
0.117518920756177 
-0.01484892698400013 
-0.01775679089142826 
0.1055988884090799 
0.0721399096172273 
0 
-0.01326301917677981 
0.01224842486635793 
0.2536068277327384 
0 
0 
0.07855321558344183 
0.4063443398265152 
0 
-0.0710563634381256 
0.1779954415193648 
0.04060567920165764 
-0.2436027844857986 
-0.1119738779464029 
0.08897678435423953 
0.06909181413562997 
0 
0.2894173763519116 
0 
0 
0.8990858812019403 
0.02994703635860799 
0.2506296589659309 
0 
0.1136596653796712 
0.02733635222155634 
0.006404493478723397 
-0.004756212091120365 
-0.05385425285867788 
-0.6689750349018583 
0.02566557934500847 
0.23460623271019 
0.8938910465477565 
0.2354933560232259 
-0.2238844524427163 
-0.008936480538443425 
0.04039934906170001 
0 
-0.01068619833579009 
-0.002302354316103872 
0.4286302803421035 
0.1253481843620583 
0 
-0.06025313689430604 
0.2146994550798094 
0.002261337125223992 
0.1188123382921459 
-0.009059909301635371 
0.110975005600459 
-0.0409037065822388 
0.4177933480409356 
-0.02380626893597839 
-0.6353535289117214 
0.06900611886556156 
-0.4653884446900435 
0 
-0.003409293968975035 
0.02268254609890188 
0.07837383557040242 
-0.1188915311680025 
-0.1132332040344113 
-0.003773012518143175 
0.1051173298171514 
0 
-0.1175333532612116 
-0.1209293865433819 
0.3293794829863576 
0.354611705633294 
-0.038853756490067 
0.003870087275216491 
0.2425715685046695 
1.103028437353813 
0.01651095705481606 
-0.09948692465096819 
0.4275890722296579 
0 
0.09886021445935869 
-0.2005308151981042 
0.2006910891161215 
-0.008703421693785008 
0.4514628972738994 
0.04259983010151198 
0.01698738216065969 
0.4335579482713059 
0 
-0.1636128545538591 
0.08746010019035909 
0 
-0.1336925525349576 
-0.03314609994765653 
0.02429640423388835 
-0.4575332811860842 
0.6180088009790005 
0 
0 
0.2817337673290407 
0 
-0.01182594520532842 
0 
-0.07792805348678407 
0.1164137321006146 
0 
0.01043798279412589 
0.2536764916298162 
-0.04287091142333906 
0.3400822688762162 
0.1933235375145781 
0.1175749823385282 
-0.001876876087400986 
0.2386865797739998 
-0.003904848376357382 
0.01529902204745575 
0.05925123295491876 
-0.5136992411343343 
0 
0.04163649418519021 
-0.05866055992108135 
-0.03328007404957573 
-0.3528707292535515 
0 
0 
-0.004126279758432208 
-0.01132739346930032 
-0.01585453406734027 
0 
0.02581393682359857 
-0.2307040850995287 
-0.01452600770064792 
0.05812904240987146 
0 
0.2447043177272531 
0.0178859188095975 
0.01146126346321616 
0.2963544413973228 
-0.3172967661945768 
0.07642441560780984 
-0.2106147155989377 
0 
0 
-0.1223156740172886 
0 
-0.5076214820864261 
-0.03081496580001343 
0.0308938376331932 
-0.03948552601409788 
0.02021494698178845 
0 
0.2082680221938484 
-0.0004966975146354984 
-0.03449309578444942 
0.01374524688968931 
-0.004166868074897189 
-0.5029394719608743 
0.5420093664025099 
0.3791937368798621 
0.1129643373661213 
-0.001879936967090331 
0.05508598165552618 
-0.002638612037320028 
-0.1140059308762768 
0.07734181122174293 
-0.04375915472806453 
0 
0.07980270499990488 
0.08521697532635719 
0.1661373478339082 
-0.01417390464588432 
-0.176843863362239 
0.1172792711224334 
0 
-0.1790830151505471 
0 
0.003516718271391541 
-0.3885900187418098 
0.009994107328338876 
-0.2923959102083128 
0 
0.002046905714184867 
0.1506486302149081 
-0.02756081158080243 
0.07629790891977946 
-0.006484361114433011 
-0.003065764872140759 
-0.2303902484807563 
0.3586318993122732 
0.008190980601360601 
-0.06366023172311132 
0 
0.005786877592365287 
-0.2550665561830215 
-0.02888061897187233 
0.1434026860556719 
0.1373650808646881 
0.1932243114691088 
0.04523297346040427 
0 
0.09528195324743861 
0.5681609601267464 
0 
0.0309972646936919 
-0.1828983561682956 
0.03246148133460951 
0.008159273327810877 
0.04235162077985762 
0.03747982281820777 
0.3281102680062342 
0 
0.05262509739058879 
0.135426327581041 
0.04342697598454836 
0.172128674426443 
0.2239824648158966 
0.1143071437836682 
0.02963648847789988 
0 
0.2411313870805229 
0.05612107898986813 
0.08848680192492178 
0.008284636361829162 
0.003569169850084875 
0.7173396274439076 
-0.01220162802632999 
-0.2172565243706017 
0 
0 
-0.04788562005369773 
0.03766277746921472 
-0.1338506584611924 
0.01722237931761833 
-0.01540337859032451 
0.08371988581608501 
-0.271960446653436 
0.3993507160695754 
0 
-0.09853049411460341 
0.574889837919515 
0 
0 
0 
-0.05310684691625529 
0 
0.08126209274809154 
-0.01501383503984051 
0.03894691921254358 
0 
-0.002304414708660681 
0.2122986739020116 
0.5128333048385809 
-0.04150817604683456 
0 
-0.1014948445001344 
-0.04050220253759927 
0 
0 
0.2105814184965026 
-0.09728305462184708 
0.09869699390371858 
0.0007711198081808295 
0.05037015070119151 
0.1499661613554268 
0 
0 
-0.01833063008596389 
0.1426194737106647 
0.01867858945316785 
-0.03788457200369409 
-0.8562143384026613 
-0.0806117199072468 
-0.08607249180919893 
0.08182834946383638 
-0.1798971931491877 
-0.02628909259782678 
-0.06504153850121608 
0.0888331328374567 
0.01226609762707553 
-1.13219468979642 
0 
-0.07600280557446419 
0.05941108216007515 
0.3179932124371316 
0.2045344467078261 
0.1350675393775466 
0.2721946766683469 
0.03655107401678089 
0 
0.06909705398858008 
0 
0.4606727263456209 
0.0521347389777659 
0.05771585441122266 
-0.4534237203086159 
-0.4754841183414201 
-0.0189236020392367 
-0.01070999036812741 
-0.126152567567574 
-0.01702212890736924 
0 
0.265049451052186 
0.1802212993278179 
0.01605832145960783 
0 
0 
0 
0.002684874798081469 
0.2162438146220575 
0.2296991376177116 
0.03428137285425722 
0.3155692047687682 
0.3623694184816474 
-0.06343206014106337 
0.008277852737498452 
-0.03761574664888445 
0 
-0.1543393941749966 
0 
0 
0.08181164167356757 
-0.01294734436233393 
0.424385112539875 
0.6338871520151464 
0.5266724961945812 
0.03710036159865956 
0.4979225151866719 
0.2456616798458924 
-0.06197403458874957 
0.1413744009049457 
-0.004308607972883924 
-0.2154891020907226 
-0.0007500319411125022 
0.01283413770331514 
-0.3291578848716736 
0.03095602874542725 
0 
0.02040351313413724 
0.5232550070134726 
0 
0.424117120865443 
0.06837734934670434 
0 
0.07387043816917994 
0.5450546630841119 
0.1149497575447469 
0.01986486242502664 
-0.009093327100908955 
-0.0292701403310954 
-0.0136606736567967 
0.001208364746481682 
-0.1544992882186901 
0.02439937989342426 
0.1210385765046792 
-0.006184842899492634 
0.009032218533628495 
0.001467146170186301 
0.09910934563010847 
-0.07483859585564839 
-0.2671714695283728 
0.878504391930171 
0.2869107048530381 
0.1003194540246916 
0.024375330189634 
0.03402075649745535 
0.2267240595839083 
0.06698511998623054 
0 
0.1503866680313823 
0.0844270403872152 
0.1357045608783389 
0.4813395155051524 
-0.4839634726791266 
0.1890203331006518 
0 
0.003527657697372634 
-0.6299366255953461 
0 
-0.0463717651501992 
0.06697334541245145 
0 
0.001866730433039314 
0.009890508890135201 
0.1460560029632316 
0.07174387362772928 
0.295885681145584 
-0.08334160516692324 
0.1021926407802108 
0 
0.06073032426456518 
0 
0.1961098793788729 
-0.1029403846794248 
0.02009525774170732 
0 
0 
0 
0.05177592100902287 
-0.0605737364970193 
0.07148547350768353 
0.4398819226370699 
-0.07532223399249514 
0 
0 
-0.009470135924475123 
-0.0201414013785983 
-0.1360709704872349 
-0.07350917642139602 
0.89260236243953 
0 
0.002547601548295466 
0.1251667770071065 
0.1507771995103266 
-0.4584759171680117 
0.08282956709850267 
0.0721835449127099 
0.05414369780707347 
0.01812474076858164 
-0.009202813164078715 
0.3332075151682397 
-0.003752315823561132 
0 
0.03490351176336931 
0.001196917488328984 
0 
-0.2365576617036598 
-0.4861295856681968 
-0.06103950345137812 
-0.2424206067411425 
-0.03387836599671532 
0 
-0.0320522187435524 
-0.01720848374614476 
0.2550557042857766 
-0.004640794834466742 
-0.1110221953904687 
0.5721732459400997 
-0.04984190001756066 
0.02825795342662961 
0 
-0.004050638165158035 
-0.003709404658771581 
0.01020480291208563 
-0.1718453509987517 
0.01906148490435988 
0 
0 
-0.1143162818352791 
-0.1421922001405539 
0.05388936707551097 
0.1498868860972707 
0.06961482255861424 
-0.7000377602153293 
0.1152615681094072 
-0.01198569401493438 
-0.008404802632047965 
0.4029646277462488 
-0.1563396461714491 
-0.3985415240538606 
0.5074843929992389 
0.1872355324282659 
0.03372804881083656 
0.0545832831333006 
-0.05935174148751635 
-0.01583990202257527 
0.03145800853108334 
-0.004664126562550978 
0 
0.002302031637991895 
0 
-0.1093910849689739 
0.3443590779766419 
0.05858257982559691 
0.02394747892318186 
0.5278438266397444 
0.09203105464311281 
0 
-0.02167033024303431 
-0.5105664755057874 
0.1897042700121203 
0.0750226609109873 
0 
-0.03720467261374613 
-0.0006378876451236309 
1.633064508597092e-05 
-1.125175551758502 
0 
0.1534487189966665 
-0.05972379085088785 
0.1473778114411132 
0.322638156972168 
0 
-0.007728809717144577 
0.4970903351436142 
0 
0.07029209232824898 
0.1462912839832982 
0.04530325496192333 
0.00207641133098089 
0 
0 
0 
-0.007933582755265971 
0.06070478529290871 
0.3199266262025942 
0 
0 
-0.003683099529201956 
0 
-0.345861408670942 
0 
0.2480502860507991 
0.327644655648408 
0.07753398035380951 
0.02713104048979541 
0 
0.004114251254653402 
0.04055518021978581 
0 
0 
0.2819998686663695 
0.1734872088748682 
0.006185248509697795 
-0.03821888863875589 
0.1703424692800036 
-0.2150566027720403 
-0.03584396524512005 
0 
0.148604548122075 
-0.06688359815972184 
-0.07431190012963905 
0 
0 
0.2662274952331133 
0 
0.04145391964990364 
0.005117350934379628 
-0.001414120790031624 
-0.006644234844186277 
0 
0 
0 
0.0284404097133542 
0.02237899833165753 
-0.08052462557229195 
0 
-0.02298716249782864 
0 
-0.00398157608848348 
0 
0.2594656190848284 
0.2229552846027595 
0.3047621785984892 
-0.05781902993304353 
0.01098772720701308 
0.03189777601473388 
-0.386517715073908 
-0.005915313479219522 
0.3700925641295452 
-0.005154136189696925 
0.129656364230892 
0.02606106825956647 
0.0008763702587069431 
0.1731485974507649 
0.2010869546985482 
-0.01702814117592118 
0.01259685480186893 
0.3043945917187347 
0.07568074014203505 
0 
0.4786178916483342 
0.07065880513408795 
0 
0.133255575923629 
0.009932182785720209 
0.01234033343457574 
0.8840838649616767 
0.1741511420086492 
0.2840403470898792 
-0.02448215754068322 
0.1971340818317582 
0.5600769015667804 
0 
-0.02258541003492629 
0.6230741954023556 
-0.03682434776612533 
-0.08918258475476611 
0.5505191894509465 
-0.08547942423252361 
0.1453653711072019 
0.2972908653148753 
0.2509596660253262 
-0.3899927118202807 
0.2624215122901465 
-0.005793862214741003 
-0.00244705406339247 
1.190852847613363 
-0.1246414585686705 
0.04996910285405722 
-0.003421628382045108 
0.1046703949946696 
0.3139755405509895 
0.06034015762155368 
-0.1239759965332213 
0.04252846352654449 
0.004574648438503538 
0.05310464556331849 
-0.2627049622651037 
0.004524299557758507 
0.0515688161175984 
0.04949754131791417 
-0.04522429962172229 
0.004635684593177897 
-0.02619567777215937 
0.01385882930220522 
-0.004691515129252651 
0.2529087896773028 
0.03474556701728914 
0 
-0.01562117576025335 
-0.004290103493058054 
0.02832062497591734 
0.117803234166997 
-0.09809032996448214 
0.5554325508070839 
1.267082112624812 
0.008124110089950228 
-0.2681786463998576 
-0.02123733590023033 
-0.2186933943189186 
0.006046222872675379 
-0.1141225997314397 
-0.2158223175837409 
-0.03626522785888648 
-0.02567535034106298 
0.00701175706860189 
0.9462928827851884 
0.008958110380567669 
-0.1273310077781251 
0.3274533610399617 
0 
0 
-0.04711538588720391 
-0.0113773189220331 
0.009397955000913678 
0 
0.1824346352432034 
0.02749619876513275 
-0.009145258513620674 
-0.0008116142639256914 
0.07136232167094213 
0 
0 
0.03651496756085628 
-0.2738411623317237 
-0.02078569465479641 
0.02555381398128038 
0 
-0.1117985408820875 
-0.04334866945779042 
0.007632488510806171 
0.05933832260119198 
-0.006513655965959668 
-0.1163988833395574 
0.1457028083595029 
0 
0.2363678497931135 
0.09839437777466807 
0.1000871134737038 
0.05638477316782223 
0 
0 
-0.006218484938105087 
-0.00988829852403445 
0.02194991154245404 
0.001655868187192509 
0 
0 
0.08475521824891856 
0.2981230311086594 
-0.01884639692824845 
0 
0.105434368188551 
-0.0193579025542655 
0.2463614205351073 
-0.1282666789675662 
0.02907824712314765 
0.008254364212650793 
-0.02203711080015895 
0 
-0.3281958667150244 
-0.001984361829328751 
0.5114944629391179 
-0.040768080940836 
0.01517515784850798 
-0.2911127585506801 
0.002398733162588053 
0.49392902032748 
0 
0 
0.008298313186354647 
0.03215672888862901 
0.0003559842682843366 
0.3267291286188555 
0 
0.008431878074463887 
0 
0.02936936425823904 
0.02145518398148515 
0.07239095537701537 
0 
0 
0.1303036453477511 
0.6445676676871949 
-0.1404102588180327 
-0.09227480212842307 
0.004584084156350129 
0.1178311330672987 
0 
-0.05422486100327068 
0 
0.1006833839007032 
0 
0 
0 
0.06433876596907999 
0.01022222968352945 
0 
0.1168717598390443 
0.140782266345829 
0 
0 
-0.0484761164545899 
0.390784338550513 
0.4893034057264843 
-0.02810271552969533 
0 
0 
0.1128152305616032 
0.02010788565921404 
0 
0 
-0.02185227431173444 
-0.08820098930004684 
0.09145322489892457 
0 
0.04487472627120543 
0.05826403272192111 
0 
0.6127098722299885 
0.02139743878479073 
0.6474974157210793 
0 
0.2594185646276306 
0.7393839318353775 
0 
0.3775488978970072 
-0.09246635355789729 
0.1884481413772801 
-0.01217039989656598 
0.352396516958061 
0.153097801694753 
0 
0.01372832606978684 
0 
0.2847545289299878 
0 
0.4554904987816654 
-0.2201396695626962 
0.3317721540180998 
0 
0 
0.03683219458454376 
0.09495102919858794 
0.3224826283395923 
0 
-0.07818092286995519 
0.1144503691813317 
0.1433619658600469 
-0.2894669178331894 
-0.02681132621953207 
0.004316906673025617 
-0.01243248817127482 
0.155568304862979 
-0.01903985544467061 
0.1345524379351385 
0 
-0.2545549480988143 
-0.7219113439156746 
0.1151415262440329 
-1.956662636450647 
0 
-0.1952663545445751 
-0.1103116437071465 
0 
-0.1295797506325377 
0.009998565961016561 
-0.0453580433541908 
-0.03375853564703986 
0 
0 
0.03758627689876936 
-0.002946816491484551 
0 
0 
0 
-0.1984622390686434 
-0.02574809045296654 
0.01884248144616638 
0.3616886960265852 
0.01511007534965194 
-0.006646716228786341 
-0.2179898730813367 
-0.01076157791257552 
0.05528834815030371 
0 
0.3063254620448332 
0.01276724738373993 
-0.02997535513426667 
0.3969891972928966 
0.05651481558770977 
0.190793509736189 
0.6383135374876804 
-0.01638900188966398 
0.1402995507853795 
0 
-0.01973795971206854 
0.3177097818374053 
0 
0.01837644416138817 
0 
0.05064152068839746 
-0.0199669790462914 
0 
0.03586723041156037 
0.02611889559215992 
0.39341364582317 
0.1996079575546379 
0.01518454941580913 
0.008782926797296682 
0 
0.007821169906096624 
-0.104007070826769 
-0.4596298192763001 
-0.07116361515805195 
-0.09515302543159043 
-1.123339818668367 
-0.01166378441550472 
-0.08857209197424107 
0.01071886406268958 
-0.05347100495603094 
0.1429046084672252 
0.6962469053608842 
0.5383460648253511 
-0.03434059324037097 
-0.1487664688593667 
0.009224312965984905 
0.1793785297253502 
0.1222206902766595 
0 
-0.0512325822365 
0.01178472833645327 
0.01101478927685665 
0.1086784376960587 
0 
0.2545029154488464 
0 
0 
0.01902508951639914 
0.0413249799089173 
0 
-0.05523630946772413 
-0.02052648855220956 
-0.1035572180827128 
0.6281123106575712 
0.1264750123712799 
0.1807593404338858 
0 
0.009361491331034285 
-0.08040501795078275 
0.243614626352105 
0.3439785088456893 
0.01401200441463511 
-0.03431948691700637 
0.06131346396302138 
-0.09897058054024842 
0.1905827471100761 
-0.002325241137390968 
0.09000098829054519 
0.0329616785201547 
0 
-0.02960858219226755 
-0.002549172548074579 
-0.009336488201044523 
0.001593388252130226 
-0.05066845026789968 
0 
0.1613946554954498 
0.1388342255062626 
-0.008395643789848056 
-0.002792206589874457 
0.2650145215925357 
0.1517089632294653 
0.120975628710455 
-0.0774720968298187 
0.02717650446681064 
0.2136335039767036 
0.1701144600249095 
0 
0.1019534532896562 
0.01430150226629213 
0.002984006636545568 
0.01844634256414747 
0.03859644802469483 
0.1966885094802934 
0 
0 
-0.7427571553959097 
0 
-0.2741780108192722 
0.03516021665923171 
0 
0.04037021102375877 
-0.009527783307507157 
-0.02532132289646398 
-0.01923155378945638 
0.02631768502560089 
0.1573541421465384 
0.03030065023457465 
0.1469305355791162 
-0.1032979752252551 
-0.002920014063304248 
0.01935583780105595 
0.003027605748929917 
0 
0 
-0.01914631111318439 
-0.01633196160494826 
0.05380274356303156 
0.3220805474495728 
0.1304658596745814 
-0.01125680658867648 
0 
0 
-0.2379317606907524 
0.06279868411011791 
0.02175555737848805 
0.01967786563052761 
0 
0.004404860062053576 
0.006876310645416535 
-0.002421897541689954 
0.1792864278194487 
-0.02616420408033518 
0 
-0.01467071032226392 
0.01950473845045276 
0.05396696269986621 
-0.1695641832999591 
0.1318062142922013 
-0.06114034474785657 
-0.01129799988129783 
0.1051721185298937 
0.004223818575292282 
-0.01946204166191724 
0 
0.05001240405848721 
0 
-0.0123346886098769 
-0.008129465208977867 
0 
-0.0002859114357512488 
0.09391380696554451 
0.07743118476646435 
0.2245752208619668 
-0.1845844986785916 
0 
6.317030082061213e-05 
0.008112864501936563 
0.04221393466859196 
0 
-0.2495718295970104 
-0.074417514898621 
0.009856671713894108 
-0.1193328691485658 
0.005550448421854727 
0.009896093905756466 
-0.1012996324275184 
0.08381709860345851 
0.1591061495933971 
0.03768612836277371 
-0.2830951127096589 
0.8540335075173306 
0 
0.09355031686702853 
0.148931577082411 
-0.006942588587365527 
0.09822086109919884 
0.01132347329737191 
0.2625642473410809 
0.04363554645671178 
0.1500796929552026 
0.0006070675059704955 
0.02650219955908041 
0.03207300030407648 
0.1775230271175541 
-0.02690753078803733 
0.002891147066138988 
0.0730585973399228 
-0.4125350694043318 
0.2167743851206183 
-0.1536486287336117 
0.02293339706972714 
-0.005599323822662284 
0.1688300948600312 
-0.008747973314880945 
-0.01995877707509768 
0.01554187610152098 
0 
0.01181886350052725 
0 
0 
-0.002896274668297729 
0 
0.0724360542732696 
0.1039471720051231 
-0.2390421908591592 
0.05508455803028853 
-0.001297106217202575 
0.06105236773619082 
-0.04441481533206257 
-0.06894090538977006 
0.01013226215134249 
0.1562299763295226 
0.04948883801047961 
0 
-0.1194722314905782 
-0.06658109924067535 
0.1424396118642181 
-0.0005379285323880727 
-0.09006234405147083 
-0.0175990059787759 
0 
-0.03317903381648956 
0.006613664016649858 
0.7467898446643149 
0.1354424865517229 
0 
-0.01740684082519864 
-0.004919942688205833 
-0.02295825989131472 
0 
-0.01811768067068548 
0.03224729293825944 
0.1272814012184477 
0.2714414234116466 
0 
0.1490972866483502 
-0.06107773501457533 
-0.7224728498654726 
0.110105320236838 
0.04288795190140994 
0.0968174010668026 
0.05119232083033598 
0 
0.08091191333584866 
-0.04530952683937849 
0.04924005612208537 
0.1228107950151531 
0 
0.3315789783676769 
-0.003134865029450192 
0.6020073293571794 
0.05336251339618561 
0.3686665027663916 
-0.03736700594212692 
0.2324653244493346 
-0.01545565868821415 
0.03144658063247141 
-0.02063199100499866 
-0.002440247900987046 
-0.03264521236361947 
0.07637434159608995 
0.1312097292355646 
-0.01548941864628796 
0 
0.07451742805336459 
0 
0 
-0.08098934241622099 
-0.782528091643144 
-0.1270696914260943 
0.02832965483239606 
0.2239866685144803 
0.06186494769904707 
0.1081607232194458 
0.3361290936731318 
0 
0 
0.02460471322532231 
0.2209295030530197 
0.6081381080158714 
0.2429215661262414 
0.09133930619825677 
0.1272609471983839 
0.2643386937416335 
0.1546251076282684 
0 
-0.009830320334112116 
-0.01194591227484852 
0.1842628330602614 
0.0829549560576837 
0 
0.2452144960860988 
0.152335059948174 
0.08129654959479257 
-0.2349401616266592 
0 
-0.2642393360596521 
0.04242019265790128 
-0.005245561440507018 
-0.005007743518168984 
0.01112033886864225 
0 
0 
0.1285207599976039 
0.09220178789344281 
0.03531009808617722 
0.02978038928254996 
0.02152522637613697 
-0.01040546729516089 
-0.008707672907308905 
0.009060347881893346 
0.05001584337523772 
0.006732921464819706 
0.4611160517220667 
0.1100104224764018 
-0.01212446247963231 
0 
0.01766313340258493 
0.2820946679408067 
0 
0.2427994989829402 
0.01222141746463245 
-0.05213948766940069 
0 
-0.2313528307733575 
0 
0.0124950978816801 
-0.03618122314762607 
-0.001564069842433649 
-0.07459134002512072 
-0.02235267828929721 
0.02097591661166755 
0 
-0.04103084386507895 
-0.109581535907344 
0.1020370165318107 
0.04769969388590766 
0.05618925189933991 
-0.009835642946286156 
0 
0 
0 
0 
0.03460512589177115 
-0.2827947664536326 
0.2530383437598341 
0.6234809989636854 
0 
-0.008216996355502477 
-0.1460923188117831 
0.1315909737530992 
0 
0 
0 
0 
-0.1239689217860714 
0.1345032461976534 
-0.0948452346163049 
-0.004970431340926988 
0.04035523867930819 
0 
0.05123547129352442 
-0.01290273388277146 
0 
-0.007025558181414353 
0 
0.1417055962406832 
0.0101569698242408 
0 
0.4138909708984835 
0.07401144594540529 
0.04373980771437577 
-0.1292246088934775 
0 
0.08878563584116132 
5.861703402840721e-05 
0 
0.1484186838827837 
0 
0 
0.1226350024733491 
-0.20745816496559 
-0.002528335806125907 
0.3878600724030583 
0 
-0.007123142834826862 
0.0225918359015446 
-0.01275578675875591 
0 
0 
-0.09955071283738454 
-0.4603908225254413 
0.02436211204622398 
-0.1676117268278338 
0 
-0.3552074064513281 
0.1708619132067936 
0.001073035366033661 
0.04637545104818535 
1.186803757242438 
-0.03016450483847857 
0 
0.09543078869943866 
0 
-0.3000458404329571 
0 
0 
-0.01553620069829219 
0.7312048166016129 
-0.02679889715690051 
-0.004622488276549443 
0.0691078576055322 
0.0330901857951245 
0 
-0.415849468363068 
-0.01563013130710466 
0.03236252528762258 
0.3053747091848167 
-0.01765903396264649 
-0.02879233821276791 
0.03455698505733468 
0.03434221440205275 
0.1451927064735642 
0 
-0.04726922388409399 
-0.05088377127372153 
-0.0134543258985875 
-0.236019398879575 
0.1648991555699761 
-0.02326416891278626 
0 
-0.1186267002749189 
0.1433271770707179 
0.003921831915732157 
0.0617671363617916 
-0.02312773505729084 
0.09024476048968275 
-0.1291600144240352 
0.0630912848192586 
-0.001544620260993596 
-0.02052670098832628 
-0.06059807402796138 
-0.4445647442302924 
0 
-0.007715183024279974 
-0.008542324803066187 
0.002448210470447743 
-0.05565012361843004 
0.1039829282064548 
0.002366908409866308 
-0.003723337546699272 
0.008572157626892129 
0.05777287717068902 
0 
-0.03057272120079058 
0.1226391370849298 
0 
0 
0.1853711906432609 
0.3551637070369423 
-0.0835873199520671 
0 
0.03562631645270373 
0.2141625714661209 
0 
-0.004207025543410814 
0 
0.9022423289877914 
0.01474762097235164 
0.1044702912904654 
0.3497215155893143 
-0.002768721523375269 
0 
0 
0 
0 
0 
0.03557412573846429 
0 
-0.4980684026400936 
0.1148674171959866 
0.02474574427288407 
-0.001552250198645346 
0.01014151666338645 
0.05760333397140844 
0 
0 
0.02546773791775897 
-0.01387965200193131 
0.04203869357487643 
-0.08908395756080477 
0.7257229515725022 
0.01579253549525515 
0.1442641539669558 
0.007989935227131009 
-0.01157255744172712 
0 
0.02667227126887895 
0 
0.04919257426214865 
-0.05447107840055438 
0.005683780093562972 
0 
0.02182625733266254 
0.1850182918999091 
0 
0.5012548639950362 
0.05775547082844382 
0.01134538767885762 
0.003235685012232327 
0.4990210415265498 
0 
0.1267156333440323 
0.2639639481549164 
0.0115720513935837 
0.2088525988532919 
-0.1574544369618635 
0 
0.01038162721140877 
0.8059575932802973 
-0.06322032809606115 
0.07969629670014956 
0.7038033736460115 
0 
0 
0.01179386531542035 
0.2317881285153205 
0.1214778138737438 
-0.001439121350165146 
0.03631849561162871 
-0.5124368860298885 
-0.006632462271420765 
0 
0.5595569947407237 
0 
-0.01268585805596635 
0.0004162745099852371 
-0.002117429590339724 
-0.100474212301498 
-0.08479521714275023 
0.0481228919087015 
0 
-1.109937443891179 
0.09999206848483763 
0.1062767322254309 
0.004374033374069781 
0.1661646426116132 
-0.7737258600115793 
-0.04278677841504448 
0.1129038783836992 
-0.01156444933518715 
0.4970501818174881 
0.129811836691469 
-0.3228593947436611 
0.7912790990470274 
0.06776588337492789 
0.6030746874683447 
0 
0.462538652248727 
-0.1843157284043613 
-0.03984253681036974 
0.05278399737544823 
0 
0.3215025141611605 
0 
-0.1237504360251048 
0.3482670754403594 
-0.07986789167524605 
-0.006047070051064892 
-0.01332700892917435 
0 
0 
-0.1572968696815225 
0.01580688992044878 
0.3312094565927029 
0.03320990523677255 
5.896457819443156e-05 
-0.06224948903313464 
0.4948615768438973 
-0.003657884695118748 
-0.06942468621969547 
0.1523645843369278 
-0.08791562711409677 
-0.186729668461855 
0 
0.2231201571834103 
-0.004237018101487819 
0.1301901110089208 
-0.0008585527716573406 
0.1298182754859545 
0 
0.0920187551619971 
0.04136447219049142 
0.01328655792353178 
0.04184559392201753 
-0.1007917964689548 
-0.009805065088501078 
0.009130105623973624 
0.01334248110146198 
-0.2423575394695964 
0.01451871766698458 
0 
-0.05954369286604057 
-0.007790087098301052 
0.001012094879949524 
0 
-0.03459832867735436 
-0.01302511557382783 
-0.1050567938865366 
0.02850571951149814 
-0.1101260340525775 
-0.02188089571240894 
0 
0.1909171720031484 
0.06880526866287297 
0 
0.2527436891814956 
0.1796390262890689 
-0.3387508422474763 
0.01596819459890756 
0.02881755166839514 
0.07855323157255088 
0 
0.3498133086787481 
-0.009270370008908005 
0.1916833165170125 
-0.531911792566422 
-0.01200504225975117 
-0.01494874107077245 
-0.01452289730418634 
0 
0 
0.0009073389535679959 
0.1181079847830884 
0 
0.8662635251887546 
-0.008008687225767006 
0.03143056309006948 
0.0443931945229563 
-0.02879285093464403 
0.03635395198765878 
-0.01538887127319252 
0 
-0.02238248921244092 
0.08950999236795093 
0 
0 
0 
-0.06677504827559166 
0 
-0.05371172087372388 
0 
0.2639730262428361 
0.3052963964590887 
-0.02953059237481252 
0.01472706707124693 
0 
0 
0.1241113805161255 
0.05978857703216189 
-0.2519355256787222 
0.04529679981052451 
-0.0009626922959250616 
0.5489424554645376 
0.01733649202614461 
0.09797054475406487 
0 
-0.1017774908540078 
-0.04509694372867565 
-0.2987671476042497 
0.005258062604847011 
0.07984824393616399 
0 
0.001117607036091083 
-0.09818564365594297 
-0.0437588630209705 
0.01925055910559224 
0.3198093136218619 
-0.01274468085387687 
0.7933203602516639 
-0.05690170894434116 
0 
0 
-0.03681023966214383 
0 
0 
0 
0.03584911050258106 
0 
-0.003012100683484256 
0 
0.6457957695103514 
0 
0.03065267103757026 
0.1693648252735596 
0 
-0.1105316353795913 
0.01024615423834571 
-0.03879447819112252 
0 
0 
0 
0.5234221137078277 
-0.1031134404808703 
-0.008906508015333044 
-0.09142325126071078 
-0.1344542097129668 
0.7722588223035947 
-0.01547735319285565 
-0.0658397151595924 
-0.02103815120208294 
0 
-0.1493911178421554 
0.01045389213231619 
0 
-0.01215308295523784 
-0.0005823740903953107 
0.3299486487061626 
0.5434494961794055 
0.106804763957966 
0.2225583047821957 
-0.2937152809243312 
0.6490789150682019 
0.1142371636291825 
0.3263768040348118 
0.05584919405718348 
0.7610162349366542 
0.006941809066038267 
-0.006464082237974015 
0 
-0.03661437812388471 
0.0004875560873373666 
-0.004690206135736387 
-0.06818550564193741 
0 
0.1910731419845366 
-0.01729098688877029 
0 
-0.04810056653861064 
-0.004204904471514999 
-0.020403402835267 
0.01111698030799484 
0.04558146406582607 
-0.05056314055711451 
0.06430685632427623 
0 
-0.6326026278934735 
0.02799219673248666 
0 
0 
0.25322679699838 
-0.065284484817662 
-0.1911329206866314 
0 
0 
0.01993267370035777 
-0.01009130364620967 
0 
0 
-0.2073612964353312 
0.004395907679588385 
-0.06119855484800926 
0.2792241901914526 
0.292811026379047 
-0.01917022367595497 
-0.15086759219383 
0.6849640347364977 
0.2027236720405558 
0 
0.0363566106755174 
-0.1523738690966261 
0.001650955235033327 
0.1736456084083234 
-0.04463477536358874 
0.009499884457785419 
0.1373718391685145 
-0.08105169025438247 
0.03807437969074817 
0.0439864007154644 
-0.02750111039082288 
0.0744422752139165 
0.5522854804910268 
-0.5351386878586604 
0.2110199264029305 
0.05738161796585255 
-0.1424803055685496 
0.1885676483545184 
-0.01889525781859457 
-0.02658134013428747 
0.2451354662096142 
0 
0.02538377909945111 
0 
0.03467230156493969 
-0.07745179686732928 
0.004752462472311668 
0.7051265935275828 
0 
0 
0 
0.005419937925676757 
0.03710291418621091 
-0.0416488522726358 
0.03770768321647767 
0.4015825124618087 
0.009786998877581072 
0 
0.04743836922940765 
0.04553401815821434 
0.09450846723456853 
-0.05147727012231935 
-0.08526776272648535 
0.3035338326806861 
-0.01891115724761763 
-0.07710855756632699 
0.002750195720622552 
-0.0363900133438773 
0 
-0.2018197018693385 
0.1789713964812391 
-0.47436795484981 
-0.1162505858029559 
-0.09133578827800093 
0.2613009953918272 
0.02735077746178387 
0.1055298488007096 
0.4215035474618011 
0.06450921736422799 
0.2252983088059757 
-0.009592259347770967 
0 
-0.06278686764213209 
-0.005744283929377376 
-0.03398828344856685 
0 
-0.01667379515313406 
-0.08458096832037887 
-0.002216368619297158 
-0.4473259333561342 
-0.06732814600326899 
-0.1250898087412968 
0.03923141833246859 
0 
-0.1193608982034 
0 
0.07938946791830823 
-0.03032823868925946 
0.02530119990554094 
0 
0 
-0.2311516162005717 
0.0437154150182486 
0 
-0.05673067236623191 
0 
0.1127544254726133 
0 
0.07728613923700071 
0 
-0.5276370987414788 
0.03588622995054171 
0 
0 
0.01660622217992351 
0.006258946086209268 
0.4374734675009502 
0.4619266990003196 
0.2283221992242433 
0.1651965560258518 
0.03387069773606269 
-0.03350214783739267 
0.02088911271417919 
0.2229644574912942 
0 
0.06060307963873846 
0.2877057603004169 
0 
0.0266652568905198 
0.02065639574551375 
0.711666636912339 
0.009173563501790138 
-0.2355027304917561 
-0.02159509053113513 
0.1453813347764576 
0 
0 
-0.1103904534688306 
-0.244633709513547 
-0.0007050585656444583 
0.6882251756956325 
-0.05716460362456736 
-0.4005956486105683 
0.2150898259814027 
0.05137449892050121 
0.104271778858446 
0 
0 
-0.07627000138282661 
0.180024244523203 
0.0132776622814667 
0 
-0.01043819036327789 
0 
0.2465862979208978 
-0.1147427770241778 
0.02051595248891923 
0.02944824582916719 
0.01379394988550597 
-0.01373100363172526 
0.04515375818102273 
-0.01893173320563798 
0.003570713625370861 
-0.4205109308540677 
0 
0 
0.1263012127089852 
0 
0 
0.005107010007369458 
0.009078559303702386 
-0.002687342428166391 
0.07022165984400279 
-0.0999924382284956 
0 
0 
0 
-1.115410724766496 
0.0481807314554355 
-0.7447200802521479 
-0.05313534899108063 
0 
0 
0 
0.3600623470565137 
0.1897059862082172 
0.02551188550112767 
0.002948089742437377 
0 
0 
0.3237034284099669 
0.4267810014467576 
0.001706005733806595 
0.02111245965966632 
-0.006460300490688876 
-0.004708945618126901 
-0.02508701133587724 
0.03576075205995077 
0 
-0.04280054044476949 
-0.1066293336595533 
-0.05158016067871286 
-0.03701498214732662 
-0.06036896601162865 
0.1124379755698226 
0.1639451547485123 
0 
0.04939441862047066 
-0.001555914997601845 
-0.06225043574893849 
-0.003273482762701356 
0 
0.2231799396248754 
0.01003500956187037 
0.2527853897541694 
-0.1285755948793209 
-0.05253619745874376 
0 
0.005090708107172255 
0.02837884649364599 
0.4403670463363074 
-0.003604946264462502 
-0.0007524041039360871 
0 
0 
0.1237932381041675 
0.03822912654556408 
0 
-0.1339348339132064 
0.1278669653051634 
-0.03089676579754274 
0.3580195697513734 
0.004719420251580567 
0 
0 
-0.2207612047380537 
-0.00696974417690762 
-0.001028263185678262 
0.003757583991676815 
0 
0.07231739064815419 
0 
-0.09057483562426674 
-0.001869790994785817 
0.03517351570306471 
0 
0.2169750776475381 
0.1128094052497379 
0.6701924313094307 
0 
-0.08269021178075324 
-0.2189010542890474 
-0.0009528773847134742 
0.3194314958988357 
0 
0.002048664186768332 
0 
0.4505174132335679 
-0.1162969293399296 
0 
0.2844758137298468 
-0.002846952774715156 
-0.1079909273753749 
-0.01136288153290875 
0.1543844302895676 
0.01514665984061811 
-0.008851999972673998 
-0.118839857225168 
-0.2473438986907128 
0.0149789989686587 
0.006151673240921263 
0 
-0.002898814332400888 
0.0913417283650665 
0 
-0.008098743392538613 
-0.01349390375270239 
-0.1434260363979861 
0 
0.0107078133297406 
-0.9224323429060836 
-0.1741108366527365 
0.1412080553011927 
0.08820969173837831 
0.05480757966715185 
0.004631743995441632 
-0.02396160683462651 
0 
0 
0 
0 
0 
0.1277776425983504 
0.2443148659085495 
-0.008866781436015984 
0 
-0.003423494879306183 
-0.1011141532017308 
0 
-0.1890143898766228 
-0.06876354155610151 
0.0408881943411315 
0 
-0.03248710450272278 
0.1236955572647516 
-0.0138546674488794 
-0.1213676250824325 
0.04255315507653974 
-0.1273826410084831 
0 
0.05663514671752906 
-0.03816567677630447 
0 
0.01058802786034043 
0.2698242796458174 
0 
0.08856457164357978 
0 
0.1319141520777136 
0.01816530343106199 
-0.08146133257900375 
0 
0.08365609340123224 
0.05651959460402897 
0.3451791888546223 
0.1601680007376417 
-0.02738187214104145 
0 
0 
-0.2357867357077484 
0.02962733465826062 
0.03534042956029791 
0.01699217561110894 
-0.002563208620472067 
0.1369725842635466 
0 
0.02601803186093555 
-0.0212647108135143 
0 
-0.01015734297040659 
0.1164242043153935 
0 
0 
0.0586279774844868 
-0.5008293980956446 
-0.0230491613413319 
0 
-0.01528884765393065 
-0.00280513689951532 
-0.2635997958109304 
0 
0 
0.5247469719821599 
-0.02076218176114792 
0.04103212065993064 
0 
0.03659971121826936 
0.0720167597142064 
0 
0 
0 
0.002832224045142086 
0.1147139491432258 
-0.01145852281491216 
0 
0 
0.05686539344847763 
0.02616313753704682 
0 
0.3373587181541414 
-0.0337861893260645 
-0.08416063012229823 
0.01410308736305933 
0.7202318710582232 
0 
0.01082466337851399 
0.03461545366600981 
-0.06016725845398949 
-0.01754701214232901 
0 
0 
0 
0 
0 
0 
0.0741176966509533 
0.06348130557462145 
0.05680109266469864 
0.04487984455344269 
0 
0.099190996444074 
0 
-0.02026890529887376 
0 
0 
0 
0 
0.007500510000992033 
0.2846876551826541 
-0.01620796480999212 
0.0327712805610727 
0.06830025803548311 
0 
-0.01675044875790064 
0.1377712999445804 
0.1003567855631429 
-0.1375084858267241 
0 
0 
0.01639892644589505 
0.001448778169956106 
0.03904974523230472 
0.181707812058961 
0 
-0.003344230756498557 
-0.02883711240218087 
0.03877106337510428 
0.1800114876421118 
0.5502684696607071 
-0.002888308562855576 
0.08089579134428911 
-0.02575387847797983 
0 
0.2782993728301368 
-0.1322701044031667 
0.1245633657331858 
0.08483793466940844 
0 
0.04897375434736655 
0 
-0.1414253463695543 
-0.01706012556386291 
0 
-0.4209620199042159 
0.1251843786336098 
-0.03674981204526929 
0 
0.1930587476630381 
0.01343858981475328 
0 
0.04221435103898205 
-0.06893934234992997 
0 
0.1379934675863565 
0.07061228169427568 
0.02360276963752176 
0 
0 
0.08935692254514879 
-0.009183236675645343 
0.3937324463497507 
-0.02654817140402041 
0.1351302441089052 
0.02857083100145745 
0.2461995414707975 
0 
0.03653618522358646 
0.06627156287850082 
0.9651704707509974 
0 
-0.0103261821340057 
-0.001189957464356235 
0.001094891123524749 
0.03486158791243194 
0.2251875770505058 
0.04618478531687587 
0.01425780243960029 
0.02202124143670183 
0 
0.01893887295730918 
0.0046429966935438 
0.0244088405342393 
0 
-0.07254045671116897 
0.07328172471165076 
0.02159346472290223 
0.141178096794738 
0 
0.09637549925225608 
0.006176457392252079 
0.3681760145885078 
0 
0 
-0.05318335814026263 
0 
0.008988591265748762 
0.003379535766756007 
0.6929967792443936 
-0.0202500705829415 
-0.059464263020681 
0.6727349546486642 
0 
0.0528754218413927 
0.1237647453518795 
0.6549047116529497 
0 
0.05352382875211385 
0 
0 
-0.07278419847856771 
0.05955221908314119 
0.1542483903244347 
0 
-0.1248617529844124 
0.168218809652033 
0.04974498687926171 
0.0630031661588675 
-0.07728541471048612 
-0.01102891201128187 
0 
0.4740441250754857 
0.01673070995487972 
0.1334675054325398 
-0.01878611322675728 
-0.09784005227726893 
0 
-0.09521310088652848 
0 
-0.08047671251871613 
0 
0.04710128280245572 
0 
-0.1245241674691482 
0.08065733443990696 
0.01535466842710324 
-0.05209530311107513 
0.01528435323087213 
-0.05517552783568733 
0.003405467404085876 
0.2643110373283041 
0.1940157499204508 
-0.1499331559189743 
0.02538651085110734 
0 
0 
0.01898170409019463 
-0.002207489833335717 
0 
0 
-0.07095770908331164 
0.001036726213056055 
0 
-0.05028857909253773 
-0.002859207289708397 
0.01559648527369091 
0.6895555858979016 
-0.03634882031300116 
0.0265778676610214 
-0.0008199557565453594 
0.04207412851771931 
0.01026769236183826 
-0.972097317519931 
-0.04559063137738809 
-0.0206415565356713 
0 
0 
0.004139018378774327 
0 
0 
0.06146769400300356 
0.437758205828946 
-0.003172507471909751 
0.001319823504677984 
0 
0.6415783100530938 
0 
0 
-0.01726005536540478 
-0.1034987131014715 
0.03550577615363194 
0.006563192543938406 
0.0346326176641169 
0.01877245328911422 
0.05249828312359131 
0 
0 
-0.008255878590429474 
0 
0.3106591285283765 
0.002545901673770466 
-0.0005565342603885554 
-0.01791164372000321 
0 
0.271503148567588 
0.0428740258836553 
0 
0.0009602972003700486 
0 
-0.1044841671069118 
0.141531876299452 
0 
0.02658211999441217 
0.04770055542873027 
0 
0.1498801625440184 
0.07881090751508321 
0 
-0.3503461808704744 
-0.1136859406317068 
0.4433129405035213 
0.002609133476260868 
0 
0.0001142658065122827 
0.007679995881084779 
0 
0.07190372543882703 
0 
0.2773402431731841 
0.1071173508220521 
0.001235822523856839 
0.07608069910185562 
-0.03046178542597407 
0.03221347236609433 
0 
0 
0.03552609081784843 
0.2025834328190672 
0.008930036385141655 
0 
-0.01622663069367837 
0.02842019608679655 
0 
0.02399044305427737 
0.04245273280606974 
-0.01229426251529241 
0.02234121311263459 
0.1049926370876016 
0 
0 
0.004125166268544936 
-0.2288636588509452 
0.08555272941291903 
-0.01263676792940076 
0.368918355740553 
0.02377994298488595 
-0.08760997749311739 
-0.005805849373087975 
0.1271907731017279 
0 
0.004916235845588732 
-0.07442322380812458 
0.1578969424708564 
-0.02194635561362806 
0.09203321728166036 
0.03090647067507206 
0.0009170096430476622 
0.1275334735428715 
-0.0170557916236466 
-0.25501330663986 
0.2027592002556806 
0.2710663755689894 
0 
0.03377460489896365 
-0.03447796475837761 
0.1747310238418748 
0 
0 
0 
0 
0.4118362480824033 
0.010892779198263 
-0.02691798994759697 
0.09073354750851148 
0 
0.1263221024137743 
0 
0.003741642110910021 
0.2503193483914773 
-0.1355097016605806 
-0.003549235934875283 
0.06115358414649817 
0 
0 
-0.04281382555955716 
0.03991204123532992 
0 
0 
0 
-0.05774194257683272 
0.03974172685348877 
-0.02491219631917002 
0.001509825108681639 
0 
0.03628817630667412 
0.107189884121237 
-0.04622371736816841 
0.08183500150601913 
-0.008787847807233896 
0.0846586067001612 
-0.07445722530417606 
-0.009931832431440983 
-0.8666057606358346 
0.004838271526267132 
0.2198687412538115 
0 
0.04211940582821776 
-0.009218899822155152 
-0.5579981804953282 
0.03682352977832497 
0.0003866142497508527 
0 
0.1009494206020269 
-0.2714993505773938 
0 
0.08522794287868223 
0.1027229514997436 
-0.02561487981545985 
-0.04747778132831416 
0 
-0.8357145119582567 
-0.1609372597408987 
0.08741040621207635 
0 
-0.006677371524618697 
0 
-0.01725589061693308 
0.7049400341330051 
0 
0 
0.1889846860494332 
-0.01656555427020107 
0 
0.0274354851843435 
-0.01333568952846013 
0 
0.05207243923422696 
0.03078400063556802 
0 
0 
0.06857834434164475 
0.04855081409147875 
0.07180785803012787 
0 
0 
-0.09384464227416529 
0.0297653316855925 
0 
0.02193551070197839 
0 
0 
-0.02775989690417923 
0.03412010046547954 
-0.02362253203180469 
0.07119849467366081 
0.01462777860321726 
0.003372054527558577 
0.4395379330853024 
0 
0 
0 
0 
-0.09305243832098795 
0 
-0.04971238309384954 
0 
0.003685019133194328 
-0.03055673370485341 
0 
-0.004320977208564377 
0.1677853398604424 
-0.04413031580762794 
0.04135199134379727 
-0.00343950546233338 
-0.0009090438485601345 
0.03911674869112988 
0 
0 
-0.0113256227335201 
-0.234893753846475 
-0.1163120894516344 
0 
-0.0150374396648664 
-0.001888373056336359 
-0.3735775900647139 
0.01417378803109262 
0 
-0.002828722334378613 
0.04317973493345381 
0 
-0.001183516651120557 
0.5341637484638717 
-0.004857719683824945 
0 
0.05636014227634963 
0.07401304008092909 
-0.01456016977690728 
0 
0.1313443266226606 
-0.04222330164333318 
0 
0.03869739640065511 
0.03190557431408095 
0 
0.1049624068152873 
0.1021732169771591 
0 
0 
0.01011203077992399 
0 
0.002090951185350781 
-0.006433045229586699 
0.1642637365643179 
0 
-0.01334044387647854 
-0.04807404979111644 
0 
0.04051038586566794 
-0.009430910391885922 
0 
-0.5980529913837985 
0 
0 
0 
0.0900231206142461 
-0.6916860345536732 
0 
0.008716182038111919 
0 
0 
-0.002183720281170168 
0.1025394478455556 
0.1479356896116015 
0.03454352121767084 
0.07021599599179319 
0 
0 
0 
-0.2192260938246607 
0 
-0.04868977227641876 
0.1388156843650138 
0.01723059833745208 
0.01368436417682698 
0.2582165930105893 
0.01748160061209654 
-0.09959989477672315 
0.08120753088066175 
-0.002984642392899814 
0.5311664610542911 
0 
-0.2071485668149519 
0 
-0.7267482471276226 
-0.02088652478236425 
0.1885502092264947 
0.04553738620424227 
-0.02140298879615206 
0 
-0.076685964525259 
0.05247815328121912 
-0.4511385410337602 
0.03771330549033668 
-0.07402061191176221 
0.03240955911135064 
-0.003310229767875983 
0 
0.3352307699846663 
-0.001868433964298005 
-0.01050637729801258 
0 
-0.1727360522338545 
0 
0.01104509629031319 
0 
-0.2157462895244646 
-0.164678174580656 
-0.0052278652253665 
0.06115502481982989 
0 
0.03968516360957232 
0.09905079053025959 
0 
0.08568785055323888 
0.1969772465865978 
0.02435105025110808 
0.0003213255599648763 
0.01410951250276027 
0.1961726190806433 
0.02895431046814366 
-0.008657789207859846 
0.09199607802338967 
0 
0 
0 
0.01838960029989183 
0.02387903708366304 
-0.0480705415793152 
0.1162355080951821 
0 
0 
0.1381683126083606 
-0.1006006432665211 
0.2283424578801689 
0.1407523887760383 
-0.4271292786467535 
-0.0217370884224879 
0 
-0.01409419432187622 
0.4622466611836694 
0.7563236447413162 
-0.02474334428092567 
0 
0.03059493157867309 
-0.05023879429257589 
0 
0.5696952202387529 
-0.09049182400959258 
0.1378927298916038 
0 
0.1606960439238493 
0 
0.006231463752207705 
0 
0.6192796675199012 
0.0129664518847486 
-0.2716015919637319 
-0.2283029045016864 
0 
0 
-0.08649155907076231 
-0.03550231186128325 
0.02344650966731739 
-0.04271690168812833 
0 
0.06279104339239092 
0.03889312680180165 
-0.002952974304990232 
0.08001111546837976 
-0.2063116801234353 
0.06669845549565989 
-0.02433764264359102 
0.06847159273646636 
0.298750646835114 
0.008843765515850529 
0 
0 
-0.1310978335162073 
0 
-0.2212169504584863 
-0.0023806455451986 
-0.0212184106013097 
0.3145763599079817 
0.005444872037129921 
0.00144479217132143 
-0.1781098937021106 
-0.1023990851608949 
-0.001832192042711165 
0.005482840412157635 
0.01121548875920669 
0.09194313825312431 
0.3767186894758776 
0 
0.014701303344551 
0.053030382660573 
0 
0 
0.5994559806748572 
-0.01771939482315187 
0.204750463775698 
