solver_type L2R_L2LOSS_SVC_DUAL
nr_class 2
label 1 -1
nr_feature 5000
bias -1
w
0.087745934082579 
0.1744836965549733 
0.4044322913848258 
-0.1891943920145801 
-0.07236694672816708 
0.9326384363057122 
0.07883888449437443 
0 
-0.2173539789676639 
-0.004396441311652725 
-0.1110919097801198 
-0.147836373279536 
-0.09386725730188698 
0.3165601469128586 
-0.02066032710378462 
-0.2792067876668107 
0.06659303823182039 
0.8244338574874921 
0 
0.6410025631299533 
0.5798073698945486 
0.7294242652841707 
-0.06834048146056559 
0.1273826589801628 
-0.1132068714814201 
0.006622342357210259 
-0.6785436449602671 
-0.07277477912662629 
-0.009051416323507911 
0.02246286318444403 
0.3803296011710152 
-0.07829202884675923 
0.7138205797705593 
-0.06349179003540137 
-0.03020504168071628 
0.3250079942864179 
0.1318597809863987 
0.1429338417691714 
0.214160311213467 
0.2431100594699704 
0 
0.1827593396915277 
0.01016957881440421 
-0.07226783662476007 
-1.32559625484344 
0.08437520379772234 
0.08214329266499311 
0.1534234282397121 
0.07754865379962252 
0.326231880642943 
-0.09013748033750918 
0 
0.05404399227147871 
0.3220860075787798 
-0.05407222480250832 
-0.3489366894743683 
-0.09473737462430243 
-0.04244715419226161 
-0.04749642015372577 
0.5655752008574333 
-0.01572710668128526 
0.1801758331942903 
0.2428172738796948 
0.05485660527593288 
-0.5331184194577487 
-0.02968814262182518 
-0.02422426713094548 
0.03611748632309809 
-1.096331961921764 
-0.06311174451576787 
0.5449259835735849 
-0.3820060418575159 
0.1599264922691033 
0.1296671642168996 
-3.47496098534825 
-0.1289729669212608 
0.02907185327666693 
-0.1201458408515845 
0.2920985333686326 
0.05260809968689278 
0.1183189362419111 
0.09158816444094509 
0.1504598971758679 
0.1607862293642205 
0.1989427282120995 
-0.2569826529904938 
0.3113709042511811 
-0.01959134244800611 
-0.2582081609794268 
0.6587744966812866 
0.1023362326712161 
0.221181476919149 
0.004311127024157066 
-0.02831720323899581 
0.09970932398596584 
0.05107811739289012 
0.2417649247541453 
0.1765638157049575 
-0.8342485786406955 
-0.06839103385100909 
-0.06202189825214104 
-0.005841073711588879 
-0.08409289933485412 
-0.2235578580597275 
0.07775867471791069 
0.07013164955814423 
-0.1841995642208901 
0.1554511814209664 
0.0575418543723509 
0.2503471838967568 
0.2376258958444667 
-0.03500035074416626 
0.3155941742430602 
-0.1592069235405242 
0.01272883753886864 
0.04971939212219353 
0.4005361234778212 
-0.008968327097767953 
-0.03185549310595713 
0.8735516837455769 
-0.1254007864243849 
-0.496600999296096 
-0.05226661265573743 
0.03518211330579047 
-0.07290902882384037 
0.2861288072838626 
0.07675177573790037 
0.102044708157797 
-0.06237731688521155 
-0.05401065389815807 
0.02189728670171571 
-0.1079302195794366 
-0.4616406212407624 
0.1327042440828992 
-0.7378887633042327 
0.04369510676150869 
0.0007306834960548497 
0.03738518260834307 
-0.01128291794497752 
0.04921519360761194 
-0.0896377193418116 
0.1706791103399222 
-0.0325206279315654 
0.005013603304540537 
-0.2532221925601733 
0.2017341752639637 
-0.003322804087750323 
-0.01305392240893823 
-0.004070688044802269 
-0.01243531128617659 
0.06183981015054338 
-0.02081202231688672 
-0.49850324312094 
0.02658750638939487 
-0.1204178624340938 
-0.2081610926317797 
-0.07949740131787884 
0.1256364877069436 
0.03591701950011793 
0 
0.2592280217663614 
-0.3863939229560329 
0.09843509949023746 
-0.6828981273470569 
-0.09211084713333091 
-0.08733581590552046 
-0.317400616464076 
0 
0.05484674962135992 
-0.2187298936142679 
0.2454993211608426 
-0.07387091531845 
0.2875259042386373 
0.1957845685113086 
0.09650334110685134 
0.1817084907165385 
0.4655649225057823 
0.4360730173190269 
1.225625201018332 
0.0002762525344001973 
0.00343721393784791 
0.0191559317791043 
0.06517511547732029 
-0.2034439235814868 
0.1141981532596872 
0.01977835871828203 
-0.4556256190375687 
0.4721724099014686 
0.01617448061312411 
-0.1153625411706374 
-0.189551866302301 
0.104895267975156 
-0.1107345236224852 
0.02667067322831585 
-0.007598245959744347 
0.2296388593130411 
0.4425186693294322 
0.5616840891914587 
-0.2636858799659677 
-0.01905572525161757 
0.03963202593029756 
0.008513066753434887 
0 
0.1407930814610112 
0.1233243001204844 
0.07814652791450943 
0.03366577448133399 
-0.2911883955416462 
0.002811319498542249 
0.284518033256411 
0.216340287255704 
0.0468074119466685 
-0.01817850987585567 
-0.1426272037915723 
0.2830302313822552 
-0.004951059787444997 
0.1620131122163871 
0.08882025891569705 
0.2082018523357621 
-0.05839116277141709 
0.4281788425210611 
0.2329445096283899 
0.628347015103742 
-0.01214889872473561 
0 
0.1711009611590816 
-0.0255432027326506 
0.3448698978752293 
-0.06113219643275375 
0.07464561481044864 
-0.06433364202029321 
0.1404584752018408 
-0.1917249647119746 
0.005913843508092083 
-0.01322350099020449 
0.1071764813802886 
0.0673707720276485 
0.2052864352990326 
8.861431278684839e-05 
0.05442862757916709 
-0.02452649133882584 
0.01529277199779096 
0.001526590499143101 
0.4343874467253364 
0.05824430919772224 
-0.06155168520349774 
0.06632602672301306 
0.03778279068083049 
0.3388836831616329 
-0.01013234727873876 
0.3895456538154753 
0.1214223718230262 
0.08380918018587 
-0.4362779613419647 
-0.01464472075665083 
0.572939609054488 
0.05685598141553935 
0.3986772134841369 
0.07431722821602339 
-0.1084457821859413 
-0.05169853540589885 
0.04952718786612941 
0.002918647237378247 
0.2462281386765973 
-0.1452704513455555 
-0.1563692438378168 
0 
0.3231885404650937 
0.1826358772183738 
0 
-0.1816647249566728 
-0.01083573107776131 
-0.0449560805453856 
0 
0.03905898057151218 
-0.00308518027437024 
0.02723907229482571 
-0.158309052067239 
-0.02782107905263617 
-0.0618107360377238 
0.04313054191603622 
0 
0 
-0.3553856897026834 
0 
0.7640975941263143 
0.07785131402375048 
0.1438546290930554 
0 
0.1388220167971925 
-0.01584161199585354 
0.0949083580752146 
0.2764939917043216 
0.01390137662963911 
0.03549975927844188 
-0.02337331946994335 
0.06133608825082668 
0 
0.04030307488557025 
0.1714922314341989 
0 
0.3338010786089848 
0.001727184068788542 
0.2756442291666721 
0.2684129454204808 
0.5648426603183583 
0 
0.04478967667401553 
0.02118843795449365 
0.05278837675200764 
0 
0.1166764324036038 
0.0751705101261954 
-0.03402745809617284 
-0.07258410967618602 
0.3884419704222358 
0.05416894294937342 
-0.1506506358132557 
1.170668854422521 
-0.1021972227953398 
0.05837311022657175 
0.0902892406323214 
0.1270039002830179 
0.1818741925749247 
0.01912512421830312 
0.4862686669195757 
0.0160462747917493 
0.1154823744052306 
-0.5800756908831252 
0.3059487798728597 
-0.02680124769625199 
0.09232860416252361 
0.2020515841546945 
0.2137891693283621 
0.02634044136253463 
0.1344406459122304 
0.1966669625154954 
0.08494267645100197 
-0.6229876770007482 
0.7717495852399794 
0.001519796103970411 
0.00339245702338595 
0.08473371115579074 
-0.269019612475918 
-0.05261403318560853 
-0.2032619468979336 
0.01983681636334302 
0.1329134125840088 
0.05752820919734662 
0.296827903022652 
0.03743191673707306 
0.03836211647288137 
0.02366694777540028 
-0.2359982600974384 
-0.02392071304672795 
-0.03593043561937793 
-0.1173976076180887 
0.1087868445885636 
-0.1339456471654382 
0.5117818264418216 
-0.002840508815697414 
0.01004993681505522 
-0.1652156273408672 
0.9606997591206425 
0.1699508795291758 
0.348027699143391 
0 
0.07107968743039372 
0.1080997527780861 
0.06534949533300712 
0.1314918752259869 
0.002947814809252652 
0.2379327576710771 
-0.1299677657041075 
-0.1098327026267038 
0.03750889499168428 
0.1441802316269238 
0.1081899094831925 
0.05402562625773933 
0.03595610874448757 
0.1323317024747722 
0.01050400318145544 
0.2370852898885353 
-0.1118364883468054 
0.4307002109746816 
-0.002173780215282047 
0.2226081480771413 
1.560176696178597 
0.1081370501985127 
0.01306249768527538 
-0.01685815716243508 
0 
0.03118243053055292 
0.08911147371908779 
0.8877554686565884 
0.1009233190953565 
0.3192009309017959 
-0.0008388579503535208 
-0.05862748459149511 
0.01471427547179291 
-0.06692589581117693 
0.1424677589881209 
0.07511927599757019 
-0.01246602663148962 
0.1710504533757886 
0.3626923391848362 
0.00810308815666726 
-0.2153943165878566 
0.3433281683733908 
0.01462185259085026 
0.06199575496652669 
0.1127095651751912 
0.2275843269174736 
0.1438839557140474 
-0.01688181135219569 
0.3732934464735205 
-0.1442882197884547 
0.1174860833107272 
0.02746033169672005 
0.6009647839068715 
0.3589564646914688 
0.025574626142784 
-0.03830419879717537 
0.002297546009236291 
0.1165203518594849 
-0.2771755750449881 
-0.05827775780654254 
-0.01948455260490231 
0.1496255821391505 
0.05810207249763302 
0.1720600323145353 
-0.3444913154879806 
0.0656439689943691 
0.2849189803548527 
0.04682205057661704 
-0.1694571637974617 
0.07181793055676917 
0.03334550453453404 
-0.4417256428753049 
0.01057586327979042 
-0.4138262222535418 
0.02091026183932042 
0.05513364717597422 
-0.04203343478284135 
-0.07587784020995658 
0.2868484809604166 
0.1100520575725136 
0.2865829735916507 
0.3019359326054445 
-0.01050631853317509 
0.08497957759696118 
0 
0.05985415042394779 
0.3337801933284196 
-1.217981259817332 
0.09241951789041281 
0.3516325698124926 
1.092587184421898 
0.1329955847289845 
0.1287035238074646 
0.2901789348109753 
-0.06140022889927901 
-0.07028353301334747 
0.3881467929197652 
0.4093393448577502 
0 
0.1082049547527715 
0.008819601555198597 
0.3814668638586379 
0 
-0.00725059366109681 
0 
-0.07398814960635829 
-0.01372794023313319 
-0.0524089761701826 
0.01992424653301761 
-0.05770309856709547 
0.1315489291553398 
0.4488357778405103 
-0.06871232480463389 
0.01833201184831204 
0.09701125752396718 
0.449730207220977 
0.1159798509189509 
-0.1565230421794429 
0.1714119724519091 
1.370748871373475 
-0.01170436218339017 
0.04476053332380444 
0.3693749750321453 
0.2532610749180587 
-1.671219885548584 
0.009448646637890997 
0.08584037794368028 
0.03727510092118731 
0.03542275204727735 
0.09930799783057323 
-0.2103391274255954 
0.4400193913841948 
0.5188141624398985 
-0.04185508529022865 
0.006509674589438966 
0.0137026869124649 
0.03593646316120119 
-0.1265047768628118 
-0.000408892522971802 
0.2183372221683402 
0.7375835661417437 
0.01114105982497028 
-0.01362044561113272 
0.1180221905306301 
0.1287891396286538 
0 
0.04494022971676582 
0.1337029469224203 
0.1545676305028636 
0.01182343657174597 
0.1247192398818967 
0.1502896534615151 
0.04786085798157955 
0.004121966785648398 
0 
0 
0.2038118330617642 
0.1398653687819775 
0.01612448672552783 
0.02948194726898026 
-0.09771594736623546 
0.03358031796636667 
0.430187925527156 
0 
0.03935747182664855 
-0.1711795768923784 
-0.1537816958078535 
-0.1071753531987923 
0.3369830520188589 
0.05739784933765419 
0.3453028341753085 
0 
-0.07727293601531907 
0.09933967564571235 
0.5494804274011691 
0.04398424131113247 
-0.001033395418588551 
-0.01031099590841969 
0.06984455936854164 
-0.001034390917978105 
0.01719015806350452 
0.524643572800965 
-0.03938590432470866 
-0.6247011337062112 
0.257662788623211 
-0.01430661157535888 
0.0009998327743432321 
-0.03138490289159026 
0 
0.2158597797021736 
-0.1516681751930514 
0.1083401930004287 
0.2706819246897007 
0 
0.1671625516195846 
0.1323767033776999 
0.201035540211795 
-0.1414201087544291 
0.03082083796514415 
0.02207688719566034 
-0.009967731376181451 
0.01337080517580523 
0.01163752434437452 
0 
1.32391904766856 
0.02883938111110579 
-0.03962978082655749 
0 
0 
0.4950995644812061 
0.02480370660418206 
0.1769820903189288 
0.02587297119668413 
0.1379525076064803 
0.2500796664738292 
0.3963206008850051 
-0.1424856586659846 
0.01471094419636495 
0.01034871037045637 
0.1490238585856 
0.02961521493248865 
0 
-0.08520113472891072 
0 
0 
0.05507547318511157 
-0.3364514069349394 
0.1770613756069572 
0.02023504892391999 
0.02964199224216716 
-0.1968254672443869 
0.03300335245776616 
0.01944644131665549 
-0.01646987605050937 
0.01453006782574122 
0.305678640262995 
-0.002099121763601856 
0.07090755149756471 
-0.00964830323533006 
-0.2294028018175828 
0 
0.608349510282249 
0.1784256864027366 
-0.2152358343076375 
0.142816755171561 
0.002835465819210379 
0.02210185506960621 
-0.03832580668579717 
-0.4835678873039206 
-0.01104061939855141 
-0.03846083007018263 
0.05397275499032525 
0.2105209300477599 
0.1663049425937182 
0.01298210051303279 
0.03303906604557366 
0.002288680127412543 
0.05299143553270255 
0.06636983248003929 
0.1257525132609125 
-0.1053255440377631 
0.0951981775239038 
0.2184163935959261 
0.1754370190887581 
0.1573485777307541 
0.5863651606917868 
0.0008060314646078247 
0.2058542262877161 
0.1415791338112208 
-0.1607994576971158 
0.3798023993671246 
0.187201641788779 
0.02676175162958394 
0.3873266504594494 
0.1989725364558446 
0 
0.1324146924723451 
-0.04419649014691248 
0.3622989151650488 
0.01014795729941381 
0.2136945223718142 
0.01528274122207021 
0 
0.2059944389902841 
0.1891933176770393 
0.01717236253952981 
0.03986023546747958 
0.0005540026204832834 
0.12576618845112 
-0.1290330167605383 
0.09474953769185814 
0.06408501123278607 
0.3237993696628083 
0.1992690066164881 
0.01824239921215804 
0.0004364108591713659 
-0.009993113168979766 
0.02031780271999135 
0.0003438771280396283 
0.09467813190510363 
0 
0.001899823878357444 
-0.01384181143519586 
0.07239881529261182 
-0.005075581296992374 
0.09248997274428938 
0.07041173478229651 
0.286059274733021 
0.04811808416793791 
0.09414546681946566 
-0.08474807520979384 
-0.0163348596677933 
0.1317250954778264 
0.2811404218603915 
0.1089863819805242 
0.005485939251514813 
0.1117416106156245 
-0.003468816512234923 
1.051626398381998 
0.1579224410072727 
0.07010956730686059 
0.01045173653768433 
0.05883973408518772 
0.1190301798888695 
-0.001889808789971718 
-0.05357065010857204 
0 
0.9283393010008699 
0 
0.01452759176706611 
0.1887461490716668 
0 
0 
0.07447282022906909 
0.03657945989925881 
0.03817397420665259 
0.05796314538536414 
0.001253688895793008 
0.3950300401309155 
-0.02930146726680464 
-0.03949625552669604 
0.007669757082392797 
0.03313651899509874 
-0.04765489489420853 
0.08909930579233145 
-0.9844977174972065 
0.7918167074933282 
0.1221781492751424 
0.2312122465434439 
0.09335656574809202 
0.339253631114371 
0.02818123599065724 
0.04979488112209075 
0.08900790589433387 
0.068786419617144 
0.1508864999383283 
0 
0 
0 
0.3200440795772489 
0.2917883253800231 
0.05792937176331792 
0.006482672924692052 
0.04429932940089795 
-0.02381457625850328 
0.1116738050654114 
0.05214944047548551 
0.03141999912013277 
0 
0.003906204430166806 
0 
-0.09215981556380579 
0.248334836446689 
0.03180217627561471 
0.1937579010420129 
0 
0.1837068441333156 
0.01420342851592353 
0 
0 
-0.3522669570032969 
-0.02913116938005762 
-0.2336996358556092 
0 
0.009039214838049741 
-0.05754997519968424 
-0.03522435061363793 
0.1765516709189436 
-0.06325480061567706 
-0.06707746560108445 
-0.04030653975064765 
0.03936055893258528 
0.06931324875967206 
0.2507027133327309 
0.5596515069172775 
0.3435952587046752 
-0.08291651386956374 
0 
0.04106934084708933 
0.0373769129675684 
0.002107974433992171 
0.09764440474958153 
0.3427671963248096 
0.09943741122102499 
0.1461604717161031 
0.1733242062255966 
-0.01126359823628018 
-0.2322622763043805 
0.07417286392987166 
0.04365464912261333 
0 
-0.03666284101114431 
0.2262429276300312 
0.2659479484922692 
0.2203893761435013 
0.004651304200781533 
0.03389825008555492 
-0.1604792531565587 
0.3663149302158176 
0.260182632000513 
0.001004891713457286 
0 
0.02886368311128392 
0.003629605387094549 
0.01159408502051791 
0.585412053363806 
-0.007147481006505485 
0.1112038562686027 
0.3040053789820034 
0 
0.04638311505616011 
0 
0.5564707269819078 
0.3011600131611742 
0.04899026345985347 
0 
0.08301689260189869 
0.5425350778453418 
0.01395970198455314 
0.04920367574845456 
0.3236766323695943 
0.002515197153731459 
0.06491119032896485 
0.05913615092836353 
0.003777027896047565 
0.9494005426142104 
0 
0.005601710822292823 
0.799240909010886 
0.5062262263075099 
0.1572911250570844 
0.2012555755992528 
0.05911174491512165 
0.9177763593009887 
0.7323397138411197 
0.002089050031546519 
-0.01282998522546995 
0.2147948711795194 
-0.1052827670778968 
-0.0163256952876614 
0.2012573534840177 
0.003453510157687317 
0 
0.002062464830931079 
0.03000142702584489 
0.05143358912820451 
-0.03444096030090116 
0.1445789861873716 
0.1212970471319792 
0.00131369305301764 
0.3173930774051401 
0.4570115023315723 
1.204742660087551 
0.8965359079767951 
-0.08036103763705438 
-0.1248930498667575 
0.0387941153308803 
-0.00488256919189657 
0.02126723687156943 
0.1206422092457575 
0 
0.08836607996794854 
0.06351796773483054 
0.01722827766507378 
0.002697595936119731 
-0.1218587957165362 
0.3750774370768291 
0 
-0.1034739667077595 
0 
0.08784688830354959 
0 
-0.1675708437009807 
0.1740773621887152 
-0.06378490536927661 
0.08291071385974928 
-0.1982629249591512 
0.3601863211887076 
0 
0.1156111694307504 
-1.012567737759697 
0.00389788604125552 
-0.01339234721162657 
0.03596034222055929 
0.4766561476276583 
-0.4015851445868955 
0.3753218306307811 
0 
0.3059994284766345 
-0.02501658557887182 
-0.05871622309732129 
-0.04966960165332632 
0.02930770025627915 
0.001413231973058853 
-0.2129682970156983 
-0.1458683067340214 
0 
0.7664606304604328 
0.08817647233875003 
0.5356264616885853 
0.8864645453564076 
-0.9944485636494949 
0.01458420731556812 
0.09914239345394887 
0 
-0.3573223679693776 
-0.02997911837013135 
0.7058736636218745 
0.2736587919817824 
0.03878639144479433 
-0.004865751200155146 
0.1042347649647596 
0 
0.07501393242710305 
-0.03726068445784612 
0.2466605842460109 
-0.09597645529136775 
-0.1699753314472933 
0.02402384546343676 
0.001184033997360588 
0.1597059593149925 
0.03994697417503324 
-0.05387051759610478 
0 
-0.01314182103461476 
-0.01849860882188368 
0.06575852736596552 
0.1639068519963788 
-0.06709495530576209 
0.06790128363648242 
0.08458785041915524 
0.5935926925741514 
0.01239733051911972 
-0.03108057624191998 
0.002662645375567289 
-0.06813087972926074 
0.04383006193087389 
-0.4913781742021613 
0.2222703057503543 
0.01228987801366935 
-0.04650877188739344 
-0.07216185081159431 
0 
0.05179450616718927 
0 
0.1154632522309974 
0.002132737428223072 
0 
0.00728950356167076 
0.04797302574409432 
-0.2622500704674647 
0.6477815248115296 
0.03883674547152975 
0 
0.05293878753197857 
-0.1037894881480522 
-0.04178220507685873 
0.2212836188995337 
0.02583558713138737 
0.2891449620833364 
0.3405035648745423 
0.07422738222473077 
0.2933384405968473 
0.1577553419357892 
0.2419329856917806 
0 
0.03199984841115001 
0.003176197083743758 
0.06266164706959171 
-0.1025184262314456 
0.07055690961248674 
0.01466325633376435 
-0.04288152200292986 
-0.1487248355660474 
0.07814197844755787 
0.5556090160114159 
0.1527891073981803 
-0.08978044801066305 
0.04342647006939139 
0 
-0.007546722179401436 
-0.08839380372571323 
0.0001008544771569283 
-0.0391371034588777 
0.04163386751801691 
0.02453046324146804 
0.00299408099228647 
0.06150236239673384 
0.04448193357243521 
0.1352582422460433 
0 
-0.7054049688269579 
0.1954681770492608 
0.01662574391314901 
0.09577180755033042 
0.02067605294288453 
-0.07630056131533529 
-0.03998628656288193 
0.02143612982523695 
0.1774817162107198 
0 
-0.05004146096232333 
0.8233187643605386 
0.001821644002636312 
0.1034632993659725 
0.00820993549458212 
0.01116289416068738 
0.9831268649663236 
0.1675672375794154 
0.01712728368373 
0.003679585197464324 
0.03991597705278949 
0.004291296301771813 
-0.129010881305193 
0.2603810192101751 
0.02154129171531327 
0.2503710181945596 
0.002760040421622999 
0 
0 
0.7255030070565659 
0.03770146534378929 
0.02521773810042253 
0.3137854332062581 
0.08212178221408431 
0.1695382485677604 
0.02402087153843174 
0.1431695937626786 
0.003060216509752155 
0.001287012177573942 
0.1217958798076629 
0 
0.1470386751860372 
0.09030869233287367 
0.2087716627784965 
-0.3522179846069104 
0.01771974829866484 
0.04018628334935106 
0.1943406209342825 
-0.1291661721535938 
0.109503188815707 
0 
0 
0.003063687483392009 
-0.04218995848513882 
-0.05327266376776751 
0 
-0.01423106449363924 
0 
0.2850840670298137 
0.9956190725430702 
0 
0.04499125364491191 
0.007847933759625541 
0.07898068472765711 
0.04412376182336283 
0.020546729469832 
0.01857284750540307 
-0.08259613214108165 
0.01964136414011042 
0.006615889256868736 
0.3259888334386675 
0 
0.003729855556570433 
-0.08759768810633833 
0.08525693433732728 
-0.03700617958639674 
0.2632433661904609 
0.06355742736675792 
0.1839235921200938 
0.1003234936966111 
0.0006801537060405317 
0.006989172832811569 
-0.01098193504562405 
-0.3362509343668437 
0.1510093739888441 
0 
0.02933247191224963 
0.04736181892481291 
-0.361632148179717 
0.006666980970775945 
-0.2179376516828919 
0.03385074763491114 
-0.007566870225551924 
0 
-0.05239463603276417 
-0.04084613952918542 
0.06676027504284392 
-0.07916240352375059 
0.1281800159628639 
0.5133005807305728 
0.524475602202063 
0.1218165520812708 
0.008532425603862184 
0.1579410665182592 
0.1752713101028411 
0.01295896505890815 
0.2330823028984009 
0.006851234985531325 
0.00382357669055321 
0.8082695866557046 
0 
0.00237183488125284 
0.2523898433782942 
1.003743290200236 
0.01072378164910154 
0.002426785481794379 
0.2776671299027808 
0.2642303139481731 
0.1299534613886958 
0.03549627468767614 
0.01060025701614972 
0.002198508783491133 
0.0470642651346105 
0.02454908282637724 
0.008230760416153497 
0 
0 
0.1901829244887587 
0.01709694919190773 
0.2249522694285339 
0 
0.004320998332267935 
0.1031001616866733 
-0.1592722656350799 
0.1334550560575262 
0.01220723797047131 
0.1327518343231536 
0.0556613647479155 
0.001353601500841243 
0.0009745513787551687 
0.08927213368725544 
0.03764297550805402 
0.04919374468415633 
0.1027055981660817 
-0.01057372448325413 
-0.003301620170159989 
0 
0.103538992143388 
0 
0 
0.003222804608804969 
0 
0 
0.003636308445221774 
0.002299305704737618 
-0.01737583944183832 
0.001257632699157457 
0 
0.05301560183300573 
0.1013855366115218 
0.00807422294955887 
-0.05682054445749193 
0.01396455986854385 
0.1248857828080761 
0.205186791684923 
0 
0.03072379904692917 
0.001826449219585696 
0.1324662504864842 
0.06873055650054695 
0.1014861636960631 
0 
0.01066298091441045 
0.0182269900231585 
0.2384057737657275 
-0.08679212200854355 
0.03225958185414182 
0.1214859287477781 
0.05149813403861503 
0.00901718368914173 
-0.07877982576136314 
0 
0.02407519025588345 
-0.0768762116906237 
0.06391025033696106 
-0.03183033860153968 
-0.2254185138756633 
0.003039606474728814 
0.007448649593969816 
0.1357330027506142 
0.006045420891652843 
-0.002150947952563784 
0.1702448256132731 
0.3116612962606825 
0 
0.201570914987234 
0 
0.649899841385196 
0 
0.005302903902975083 
0.05785916322314643 
0 
0.02283586209361747 
0.004172029580688574 
-0.2640860861261053 
0.1047492614910641 
-0.1701722373319856 
0.1670150948213794 
0.02272600319924426 
0.2848027117424987 
0.004272958004299137 
-0.003130658894101406 
0 
0.1962785453893204 
0.2220497317734132 
0.3266386190519402 
0.09045461946377154 
0.04648886567394422 
-0.1033744171676248 
-0.04556746410485701 
0.09219562745642862 
0 
0 
0.3142413900462795 
-0.04788313974303234 
0.0001693267381335136 
0.003997735476122633 
0.3883844530678548 
0 
0.05978955260952565 
-0.06200118346599695 
-0.007006623230313146 
0.1882897879199744 
0.0196336232207779 
0.01493308424152984 
0.02678423871333858 
0.05946723136755137 
-0.2097659553921671 
0 
0.06937348233026369 
0.02823795936784793 
-0.006105707402022509 
0.006953044139253437 
-0.155584910250041 
0.02112799964587361 
0 
0.02427367026929054 
0.2355436157198431 
-0.1596759861342773 
0.197127297485075 
0.05300528201304478 
0.03025872777383633 
0.304510357122875 
0.1176855417889593 
0.1560160958732844 
0 
0.002617261264812151 
0.1272921634418032 
-0.2758559460553739 
0.4168329291717895 
0.5103927502822138 
0.0448462528848727 
0.06650738364879523 
0 
0.03131747884313708 
-0.02319447655175914 
0.04931685759626596 
0 
0 
0.01531739668611914 
0.04103224523400888 
0.02202101224760405 
0 
0.1780259044922998 
0.04608048078556744 
-0.9032653844955898 
0.0008973791239708938 
0 
-0.05408150920233144 
-0.08603913034055163 
0 
0.1891825168846986 
0.3261581952620514 
-0.08756563692519306 
0.8203047866904581 
0.3618432301973087 
-0.02107332325424655 
0 
0.002282062632300007 
-0.02560394586837995 
0.03761350902106084 
0.08567574397883723 
0.3245901531194172 
-0.06401918357180666 
0.7775384927236136 
0.005236531045680389 
0.2259924887344798 
0.0001555822101226569 
-0.147091206930743 
-0.09250337424693694 
0 
0.006966927784657889 
0.02617669517303617 
0.04499548054719828 
0 
0.5446799762701081 
0.005041556289095396 
0.72745972546096 
0.02564250282587007 
-0.2528449241719261 
0.2758613238771742 
-0.1092700828338785 
0.02645773164380306 
0.03980449087925002 
0.2927737935523634 
0.003804392467664145 
0.3468390837505883 
-0.0500408936498456 
-0.246626187194051 
0.03275363000008476 
0.001073775765153493 
-0.04202759632869901 
0 
0.05380745062898031 
0.1992964078754606 
0.4577825652142022 
0.1020177999835588 
0 
0.001186330168300087 
-0.02521669262925055 
0.1912999160334704 
0.1214241120438468 
0 
0 
0.0480865936174857 
-0.08807312565948716 
0.1117385151912636 
0.1279695219957666 
0 
0.02340328546063679 
0.08801383082045257 
0.230858208288912 
-0.04000630758456303 
0.717900799948626 
-0.02739542227419728 
0.01344227607637797 
0.05580607601700047 
-0.007030279662763098 
0 
0.03861788965540006 
0 
0.2356484058715428 
-0.01936956385592913 
0.3373948728553215 
0 
0.8728183701269522 
0.006157854938533923 
0.1738916343894647 
0 
0.0009576643761900015 
-0.1150034966882884 
0.2536561318394524 
0.0774094627827779 
0 
-0.02096916132985325 
-0.01523136671010075 
0.02586634874910099 
-0.2085490971971079 
-0.05526201104263158 
0.01178775902413618 
0.03172980362775241 
0.001758496509654839 
0.03669540146656928 
0.1933606021380437 
-0.8265693298612222 
0.05206551263573149 
0.1887627962431032 
0.276787353419106 
0.6427496455606443 
-0.05012946840615311 
0.1123273318883389 
-0.09333257499081932 
0.1612511223366734 
0.04410363814045561 
0.3310683786804834 
0.3399875032453785 
0 
-0.001080021000676876 
0.0006171044175381131 
0 
-0.02940138785536198 
-0.1481928481912496 
-0.06709013187984608 
0.01336681251523324 
-0.07559100266252969 
-0.004955998264562514 
0 
0.02579458545100498 
0 
0.04249689160808141 
-0.03253584978953545 
0.03937920239308041 
0.01545178204639872 
0 
-0.04485419762394648 
-0.06314072887718565 
0.08549122244419 
0 
-0.05134357319105484 
0 
0.04618440420178086 
0.004646210378402342 
0.6226519922410199 
0.01850233013973529 
0.9939047214481391 
0.05815864733101739 
0.0484238436364268 
0.001658663722484353 
-0.4246642657513285 
0.1351410066843146 
0.0215603288563267 
0.03385534559999815 
0 
-0.01349720560609369 
0.2235979455674078 
0.02322746307524325 
0.03901723937836155 
0.2247374027479222 
0.005255109180568126 
0.1395955367590377 
0.07690433056966879 
0.03611925572237795 
0.0767379229777967 
0.03789993055824425 
0.1783410438715643 
0.01327417633120082 
-0.008593021568090973 
0.1406747713589871 
0.01159473239134801 
0.1015892757000608 
0.1055829169121547 
0.03335636647097709 
0 
0 
0.05669262208197186 
0.0190032403723558 
0.002290455024762017 
-0.1392618271216836 
0.08723694396873047 
0.0891411811882817 
0.000765239738242553 
0.00492930372132703 
0.1808811156847713 
0.01830044266756581 
-0.3578485966418529 
0.008483877838237966 
0 
0 
0.05419703497855296 
-0.01877179244312137 
0.1167458134798843 
0 
0.01161120781487696 
0 
0.05193292143136519 
-0.3167625478747921 
0.3012020799999995 
0 
0.05167829294605507 
-0.07501491395005949 
0.2931411264359793 
-0.08588242145257861 
0.1100982441093087 
0.6266103472909963 
0.2428198548523303 
0.09680168016899732 
-0.001693150548497107 
-0.04380347954434703 
-0.33660224486146 
0 
0.1630621071168578 
0.197115144009771 
0.09795097457863206 
-0.03076347067525085 
0.002349334445163113 
-0.03974464863288069 
0.009410854154998888 
0.02723284505009232 
-0.06225382566668324 
0.1196854392575133 
0.05436852959566853 
0.1059377051936643 
0.2231757627047325 
0.08222062723722151 
0 
0 
0 
0.03051341790270926 
0 
0 
0.1034080139309002 
0 
-0.05102094794059654 
0.1093238890922386 
0 
0.03723769432852869 
0.01276231281238498 
1.301778243599183 
0.03373463749009967 
-0.3711955503999728 
0 
-0.1743544445300909 
0.0417573517662761 
-0.07822798349314158 
0.1013134649506811 
0.1068402354647211 
0.04695790290853788 
0 
0.004618418168934462 
0 
0.007884354793522678 
0.008247040094515655 
-0.09227967266369932 
0.7449778042252114 
-0.6376746230107229 
0.02114848616177781 
0.341890735825773 
0.0397804098237613 
1.499522900607976e-06 
0.3194839692078316 
0.1489438195810363 
0.2942611264660097 
0.1179140845788342 
-0.06343596738296832 
0.373466532830821 
0.009252725575457865 
0.07315391277467559 
-1.394546122375235e-06 
-0.1449948800390583 
0.1577819642481644 
0 
0.2307061093072399 
-0.06301115408734473 
0.009810346486464141 
0.03937583543866932 
0 
0.1742743539492333 
0.09343992906055552 
-0.05901576343273675 
0.01328424510882979 
0.01899334925639725 
0.03328336978868925 
0 
0.004993104139819644 
0.1807494269439495 
0.719254996799981 
0.05100845680788185 
0.01792468122330758 
0.02073356062045462 
0 
0 
0.01241281552146594 
0.334781576027832 
0.1419711002209662 
0 
0.3262602109867028 
0.01842084067314965 
1.12899846026596 
0.07650964403255604 
0.002880934353631118 
0 
0.01214523682849363 
-0.01234888123580487 
0.1032031632928741 
0.1182974889076332 
0 
0.03224590448192177 
-0.1117721772915358 
0.0004753739390799836 
0.01929544847118285 
0 
0.007936187534286295 
0 
0.02180408100896974 
0.04969502424060586 
0.0595346549212838 
-0.1113234146623654 
0 
0.06117258071387924 
0.5177897135937364 
0 
0.04385936858139622 
0.01653841025402104 
0.01313440845417216 
0.4603886598927997 
0.2906438506285671 
0.01341356822004485 
0.0018342319759168 
0.008284326211922353 
0 
0.004263543557760781 
-0.1302870017312104 
0.1531191783124902 
0.1008666879741533 
-0.0004793253567971275 
-0.1284261658305982 
0.2005624007926545 
0.1437000917249865 
0.005752156375027033 
0.3367741340553643 
-0.1339328174466037 
-0.1123316925518168 
0 
0.01556540160864841 
-0.08208901121506752 
0.5249056459495335 
-0.03946862358007096 
0.003513539839543623 
-0.2683695974637159 
-0.06188984947151456 
0.6461582295568619 
0.54006628770721 
0.2493143538437873 
0.04184061145068815 
-0.286863086220255 
0.09133308018754287 
0.02630692083941079 
-0.006396694659602251 
0.2938871042541281 
0.1641896855135921 
0.06231682753467117 
-0.03250271274309215 
0 
0.002961234165112882 
0 
0 
0.03068831564534858 
0.1820300435817591 
0.07781708318915605 
0.009122215882516091 
0.385698051799046 
0 
0 
0.05400248480330907 
0.01812994995214455 
-0.1219343709057132 
0 
0.03817101005824011 
0.1161341134994437 
0.02540107214797465 
0 
0.5991486015153281 
0.009755274228682253 
-0.009266299159278341 
0.01328549223458418 
0.002083552866918474 
0.4168623518650392 
0.004867778112175626 
0.04693435745633117 
0.09989386076678486 
0.003432831304118067 
0.1007398524993334 
-0.09510876130285573 
0.01709495332778203 
-0.1232432493960754 
-0.1836057567249195 
0.2164189032391785 
0.1004446287474545 
0.2599822972231735 
0.0530086843021623 
-0.3858809902332285 
0.001983608065840962 
4.361624706856135e-05 
-0.01079452238122054 
0.2165943117029567 
0.02149048512697268 
-0.06353618493752836 
0.03380244355042548 
0.04533269036985575 
0.02227980221107064 
-0.08764568473011239 
0 
0.05703253317426153 
0.1100608128290828 
0.4076711153808901 
-0.03727194009702331 
0.06078150575937601 
0.00189590735295742 
0.2578957723244212 
0.9482344778570923 
0.1136429371476345 
0 
0.003641603615509204 
0.05712014808913609 
0 
0.004931423294127414 
0.1657300343720411 
-0.4697545983135726 
0.1211149325298124 
0 
0 
-0.06322553820081672 
0.2399181283008982 
0.0597083394132553 
0.07018921832401104 
0.5738790647835615 
0.05813628504098126 
0.04708184125485559 
-0.06860070004228946 
0.0380507112267975 
0.3793776173279765 
0.09022778726819361 
0 
0.07400947752671799 
-0.1264460654447445 
0.03731702259921924 
0.0249059371253735 
0 
0.04186560456777415 
0.3346795882537453 
0.1027920266289225 
0.03116321365347319 
0 
0 
0.04794313009051481 
0 
0.06403709436410437 
0.009994969631077037 
-0.03828577784123977 
0.0172275820890922 
0 
0.00847078103634573 
0 
0 
0.07285558078476154 
-0.06217158888692458 
0 
0.0162513789769536 
0 
-0.5416151555168722 
-0.1787517218437557 
0 
0.167701890601114 
0.02871340710516903 
0 
0 
0.3796760585232183 
0.1621736646630184 
0.06108262242090813 
1.055731196708798 
0.09061561059898411 
-0.02826527037582822 
-0.6352662115462806 
0.06252702637739244 
-0.02258892440160776 
0.1140953854310159 
0.1189851043945848 
-0.02046600025019573 
0.01498653354395432 
0.009961885288511994 
0.1988040015883323 
-0.04569126173535939 
-0.01081982251316589 
0 
0.07589620727037173 
-0.1527596068650109 
0.1144195115404831 
0 
0.02116865985042164 
0 
0.01281026114799671 
0.02324165736708188 
0.041562797089174 
0.1160297075575411 
0.02589599920023723 
0.002618158182871931 
0.2238263720207659 
0.02093146348196954 
0 
-0.02096108945024423 
-0.04679001823053851 
0.2570093210763945 
0.01738453565376716 
0.3480999104629597 
0.2578265482405482 
0.04531784304446566 
0.1432990676919799 
0 
0 
0.0006958071617570671 
-0.144488325668632 
0 
0.1327399593410681 
1.587796832739786 
0.09614415426032086 
-0.009670043605780956 
-0.1261519579869622 
0 
0.0767698257238093 
0 
0.2331944373666313 
0.1683009738848902 
0 
0.05467478729734612 
-0.03476369121097109 
-0.1266023632438652 
-0.0001197962734074028 
0.08460037441218783 
-0.02677840697472418 
-0.01933600707409461 
0.02568978798889032 
0.08877070678260424 
0 
0 
0.5927301550333854 
0.2839248292786491 
0 
0.00103446077305185 
0.06893193061004813 
0.01788499987409404 
0 
0.1590632931580691 
0.06174407327644188 
0 
0.002421673804297367 
0.005640991499141559 
0 
0.01329135279838692 
0.006068933542084529 
0 
0.07435396691737473 
-0.07755671834550261 
0.1253772130501206 
0.2965499898016282 
0.1350692077207812 
0.002375866480311301 
0 
0.1729987665257227 
0.0711788306078953 
0.3795473018058199 
0 
0 
-0.1324331551585788 
0.07153787411589256 
0.009687734929636911 
0.1398235972389671 
0.1585182980526941 
0.6380599817567457 
0.2690814644480827 
0.06601602725813722 
-0.06446011593479103 
0.007584540543585139 
0.0132299735861711 
0.1394161848654548 
0 
0.08506652648363178 
0.007754153462225801 
-0.03683544951578138 
-0.01856652852539458 
0 
-0.3084983827014956 
0.07954633021237416 
-0.001071173863556645 
0.1259597416830293 
0.1297208778727578 
0.05955503110218132 
0.3052141379024332 
-0.01585388900231784 
0.005030196554448356 
0.03935658114317657 
0 
0 
0 
0 
0 
0.1628954860271573 
0.6303526104696546 
0.03703827250788873 
0.06949704255276444 
0.07506365069695178 
0.0193113632636331 
0.1496003682427341 
0 
0.4254668899645886 
0.06311706993596426 
0.02762786458886547 
0.03161630998794995 
0 
-0.1481641733512941 
0.1090946497380801 
0 
0.03134862742213905 
0.0417753298246178 
0 
-0.02485535657069129 
0 
0.7651738389096314 
-0.2851267402775039 
0.01201059883058094 
0.003698709784315926 
0.03228840254710556 
0.003509759082168145 
0 
0.163892415907634 
-0.3040241880751423 
0.5362229987929001 
0 
0.0026221482490259 
0.4348253400237877 
0 
0.03503699988608183 
0.4003260845873687 
0 
-0.2119724460524749 
0.008522726775426077 
0.006522835190185289 
0 
0 
0 
0 
0.005873561651020413 
0.06661849718800011 
0.1561042054354084 
-0.2401808558596853 
0.02775830879763535 
0 
0.1509598752744815 
0.002104462764855943 
0.003615109365352035 
0.01519400787288807 
0.003617408714017722 
0.2034288235447921 
-0.001052658053229573 
0.2023673865758355 
0 
0.2037248368189911 
0.006843051967323814 
0.0008016356115756386 
0.1679231217142958 
-0.5197183112243442 
0.110125928374991 
0.006836199789385495 
0 
0 
0.1715936547862462 
0.002906822528229172 
0 
0 
0 
0 
0.2878734692796734 
0 
0.004337022401837952 
-0.1073794452653713 
0 
0.06868996376689829 
0.1999970973542917 
0.04258476451556981 
0.009564005364204412 
0 
0.002507278510638977 
0.02620170174522359 
0.1750120298603397 
-0.09447603795323094 
0.03973226983442611 
-0.05214608891530866 
0 
0 
0 
0 
-0.02162920077850725 
0 
0 
0.9483628198859989 
0.2995426181373184 
0.05911643227706059 
0.798453501553864 
0.04431922658473419 
0.2735022543759223 
0.03828944331906824 
0.03552473806562492 
0.4268925075357505 
-0.06801911884497173 
0 
-0.06586427811836719 
-0.0172762989832765 
0.1816768488499292 
-0.04026149871104637 
0.07224956016274302 
0 
0.02430705533261129 
0.07268502595573789 
-0.09370597380352996 
0.2021205790525351 
-0.6752097592539639 
0.07394502788676277 
0.034461826100676 
0 
0.1934423822637696 
0.006882258954592017 
0 
0.05338284608776316 
0.1869762453430126 
0.1378661602722617 
0.170058770048779 
0 
0.01178643545937647 
0.005227472048230417 
0.04868912970560027 
0 
-0.3708758332394642 
-0.007229451027766613 
0.03322341144950285 
-0.3918505922881292 
0 
0.004047347305377491 
0.04132399642253445 
0 
0.3641601969770702 
-0.02967335540590935 
0.004433966183589538 
-0.1084638562222961 
0.3262557269193375 
0 
0.05629361952566015 
0.0881506971087205 
0.008609475015971962 
-0.008011684219323053 
0 
0.009692511944306061 
0.1494164412117083 
-0.1157396829944355 
0.01819656466398065 
0.001263912132969514 
0 
0.3251244474309715 
0.264971933400362 
0.254837819104698 
-0.8253420488601709 
-0.04441884799475394 
-0.05521645721665688 
0 
0.007725187317727139 
0 
0 
0.005042965856188192 
-0.03493317915838103 
0 
-0.0704750781798538 
-0.08074720785491558 
0 
0.04517135016013605 
0.4154318376534994 
0 
0 
0.08763888337430771 
0.4961897959741919 
0 
0 
0.7817736943731963 
0.1453832485997829 
0.008059411379437605 
-0.3011929165479282 
0 
0.07974927095756459 
0.03314191383193013 
0.02592805972237185 
-0.5206551644554382 
0.01402674233200305 
0.5339203931247719 
0.001962156836880195 
-0.005218133966290398 
0 
0.1323669011062584 
0 
0.06945065700814708 
0 
0.03814698319240318 
0.05680465550792206 
0.1118466648884966 
-0.2702683960983252 
0 
0.04929592545572324 
0.09285238003236763 
0.0348432425985189 
0.4292788967958999 
0.1373939373968 
0 
0 
1.00686770322424 
0.005931119215542237 
0.001634807373923486 
0.3645627301558703 
0.02546301488551642 
0.3360291933102688 
-0.04404508574676311 
0 
-0.09524692414924193 
-0.04536006141915405 
-0.2241075096548709 
0.01221035819186671 
0.02207286101616705 
-0.1295305697235545 
0.155671849657507 
0.005841029937490376 
-0.7618174751765446 
0.001394821846436511 
0 
0.008753674886738722 
0.06261792707030685 
0.2087277978025271 
0.6003063848107717 
-0.00898959076163711 
0.196403772169666 
-0.02090422120409809 
0.08112202347031169 
0.00329956704980163 
-0.006471433498056494 
0.2154421535404387 
0 
0.02449317368715509 
0.007097458685993515 
-0.002897745555900462 
0 
-0.001782875326114123 
0 
0 
0.02349084168884871 
0.3880854433504103 
0 
0 
0 
0.03034854011199876 
-0.7290312698751267 
0 
0.05302425657773642 
0.06407249358743522 
0.06339415125748638 
0.001026059665621395 
0 
0 
0 
5.348727382866061e-05 
0.005979557152642104 
-0.05552852065055763 
0.1612382116349095 
0 
-0.07422451590257267 
0.1108951165966549 
0 
-0.04262838950771129 
0 
-0.03771577189687784 
0.1891840634174918 
0.00228511542780488 
0.5091161282149236 
0.043609167707463 
-0.2597221092167217 
0.3656239794618253 
0 
0.01817002164158005 
0.1159167639315514 
0 
0.009653815290957331 
-0.1380942166910959 
0 
0.03769825827366744 
0 
0.0848933580736969 
0.6767020809385418 
0.07608913670798129 
0.01542439472147471 
0.8296833008512776 
0.0420254020279487 
0.06463562822614494 
0 
-0.03112041558603186 
-0.1836325919152264 
0.02251103715310988 
-0.1390744976720221 
0.4816610415915457 
0 
0.0014348024248009 
0.08278709322870755 
0.0289365955870317 
0 
0.009523459658643487 
0 
0.008685426319844956 
0.07416581294267482 
0.005151421865434705 
0.04411328376570643 
0 
0 
0.02489190882330427 
-0.03047972903037684 
0 
0.001390422923301678 
-0.04268630080301514 
0.01055909228547864 
0 
0 
0.1483422728040866 
0.0537836553390573 
-0.2983223158150692 
0 
0 
0 
0 
0.0201197178031641 
0.08866894850297649 
0.009061983456068918 
0.03861384911887873 
0 
0.04490811403607671 
0.3390187507536363 
0.3928038623768899 
0 
0.04824751115043204 
0 
0.04734747125091768 
0.1329041305165494 
-0.3304093022812239 
0.003697474436077331 
0 
0.01311338595596306 
0.61608436566578 
-0.008011889918675262 
0.0006097812249946524 
-0.002612316243913666 
0.04623697333387042 
0.1070403691130886 
0.2527417102711872 
-0.03571661952361608 
0.248895935281048 
0.01384633383931786 
0 
0.05829418561549458 
0.1361889378972961 
0 
0 
0 
0 
0.09087266553723544 
0.03557614019126822 
0.02647613851114959 
0 
0.001210839279355675 
0.01426678260455682 
0.08917442145939694 
0 
-0.5849579166479765 
0.01898157806601437 
-0.093231855558883 
0.03723857698685083 
0 
0 
0.06560567297654504 
0 
0 
0 
0.68752619329244 
0.09346999370663919 
0 
0 
0.1394892809240955 
-0.01257965508907414 
0.8835262460469112 
-0.003051519544314527 
-0.02346529892369217 
0 
0.0007748421563375747 
0 
0 
0.7689702967914752 
0.07572043824570318 
0.4331532117136147 
0 
0.06112930194793034 
0.02347610812249822 
0.0174564783731517 
0.01194903654078815 
0.2743744700269164 
0.2638725911579652 
0 
0.06220896622056243 
0 
0.0354485391253947 
0 
0 
0 
-0.01821207652456151 
0.5563698015675825 
-0.2060884783217848 
0.1677974763062911 
0.009256078838540785 
0.4319858640620465 
0.09176832597996513 
0 
0.005494887143460775 
0.1276305436587435 
0 
-0.06982492383361673 
0.05490124849146286 
-0.319712645225144 
0 
0.02773013196865254 
0.2158554570372 
0.3059037758577106 
0.02128344709506571 
0.2054996098870645 
0.01475312577163462 
0.09351640191135432 
0 
0 
0 
0.03471807777147132 
0.009381046136817549 
0.2400330128472735 
0.03358256873307291 
0.01305676754169426 
-0.02734234919293058 
0 
0 
0.007895574297461757 
0.09460950722584263 
0.1655181631885579 
-0.02094762235048444 
0.004277489029895433 
-0.2177587991589467 
0.04169475669370952 
0.05234502321697622 
0.05021197124308564 
-0.0524332372094739 
0.1123007851713181 
0.004707635400788251 
0.173618849377995 
0 
0.08290745693089908 
0.1547867778664283 
0.008133079100122667 
-0.5028056748723277 
0 
0.06902151900502286 
0.007391321351679179 
0.004951417022374789 
0.4296204074789451 
0 
-0.1846626474234745 
0 
0.03298181189755726 
0.01185418104086489 
0.1759893114678476 
0 
0 
-0.0120023005958956 
0.2634814311576054 
-0.0463554573101077 
0.07593661991525832 
-0.02627318958794126 
0 
0.01627345883625102 
0.02002495638584736 
0.03405746362224194 
0.06095412426271371 
0.03138938937067497 
0.01212775621028891 
0 
0.01151860465143172 
0.02079432267671762 
0.007968849082155095 
0.04918807707646328 
0.01370495033170506 
-0.09636521890521654 
0.008078220639660759 
-0.009310152622064961 
0.194799828799483 
0.1596300880448473 
0.03857734321171152 
0 
0.02332464600374619 
0.00740998509082761 
0 
0.0001811678851311092 
0.03853787761995234 
0 
0.1231188324620483 
0 
0.05573972880045369 
0.01598876139487144 
0.01157908671529614 
0.01148883147817877 
0 
-0.06273420917988159 
0.0440715582289354 
0.01497589221368993 
0.003825405489922897 
0 
0.07401172776053686 
0 
-0.5402451747985333 
-0.1702759262410735 
0.04436212615571021 
0 
0 
0.0387474014929569 
0.04397873958848092 
0.0491625167673704 
0.01523995922193865 
-0.001008414368872227 
0.0309957997845885 
0 
0.3404710581809118 
0.05660857328144452 
0 
-0.07766319554475218 
0.1275520429793966 
0.1072595050459616 
-0.04582227299615124 
0.150015343076585 
0.08211798356249743 
0 
0.002112500845691124 
0.2136224466346352 
0 
0.07034359455888935 
0 
0.1285464232470109 
-0.02536911378748263 
0 
0.06787647056767736 
0.02803655570735984 
0.009254838701134967 
0 
0.004429267725733571 
0 
0.02581478832923651 
0 
0.688754558656686 
0.001586993692045914 
0.2309402208830899 
-0.07734994797322542 
-0.003746774911397991 
0.1011605007899268 
0.2400001069670951 
0.04699347522368176 
0.0143380389725561 
0.003669845637911856 
0.02934674695059042 
-0.02757012546325679 
0.1295363226833854 
0.08503480485024753 
0 
0.1976543320830752 
-0.009691357933516062 
0.6682261470749752 
0 
0.005811292974671435 
0.04291524809357828 
0.005835168480586381 
0 
0 
0.2508993706825166 
0.02110884066005408 
0.03901043397478104 
-0.07011751601884286 
0 
0.004878858397255814 
0 
0 
0.01948638444979445 
0.01766247984771695 
-0.04598323109241452 
0.02898225667438758 
0.0003756309833991968 
0.2790561428751168 
0.07079919527772448 
0.1077198286310407 
0.008164288221264188 
0.07244558349855723 
-0.4031400644621796 
-0.1836072537643748 
0.130037889707026 
0.06811225213421068 
0.03893453255742969 
2.301036045846489e-05 
0.04821746654267742 
0.6500165303948755 
0 
0.09727882020866344 
1.050967584170504 
0.1364070376552491 
0.02340488268419979 
-0.08641896299160892 
-0.05123375770244026 
0.0499142228818074 
0 
0 
0.002696647222865757 
0.6845029000010441 
0.2331943493827803 
0 
-0.005834170688010666 
-0.03049032897623196 
0 
0.01926516704502409 
0.002118962097633882 
0 
0.0547948080896281 
-0.009695742222015663 
0.01303588634074274 
0.02538018250045511 
0 
0.006437116084082727 
0.4351432254116854 
0.3150475957230363 
0 
0.0655034543852025 
0.2815285401379378 
0 
-0.02037108103299407 
0.07412217317354131 
0.02427765122497346 
0 
0.09863105049930604 
-0.07627528210687229 
0.001399237327226288 
0.106391842688398 
0.01291302654550212 
0.1189700922641589 
0.0541626517994174 
0.006569612134553053 
-0.07982754749828291 
0 
0.02789199376365847 
0.00152123315514026 
0.2976609915416469 
0.04607817256906004 
0.002783843632128688 
0.0867712502316442 
0.009598316723017948 
0 
0.1365084370567288 
0.01367892502092245 
0.01763476189532158 
-0.02256420528724237 
0.7402453329015135 
0.06246201650147321 
-0.003063542063696616 
-0.09238507512925358 
2.244053885324714e-05 
0 
-0.8589916788363038 
0.04339860302279046 
0.01643960309882683 
0.04990981457570089 
-0.08757245611926219 
0 
-0.04475769792863378 
0 
0.05226320584240176 
0.1989380512708523 
-0.03075655567642721 
0.1386598773149535 
0.002791305953389652 
0.4873776303763887 
0.0009256450552971702 
0.0603667088744413 
0.004854738212474003 
-0.01804971494135255 
0.006278653898229275 
0.5674367102047511 
0.1123410130986442 
-0.3823770170016034 
0.007296998666948314 
0.08619529064034917 
0.08760538081990624 
0.6861988465700901 
0.1182052317957922 
-0.0753311352960214 
0.005440507339090185 
-0.02769089507399805 
0.4291022520886424 
0 
0.1283533532848297 
-0.03733794586526985 
0.001564301127094519 
0.6234912565463308 
0.3656897163166575 
0 
0.1314889057336098 
0.5480531823561069 
0 
0 
0 
0.01815420334345131 
-0.02658175928486526 
-0.06582888557830854 
0.7658261110706625 
0.07591599260763987 
0.04722925677010521 
0.01810421694792184 
0.02074045758833834 
0.2513245533586027 
0 
-0.1749398307861848 
0 
0.05822135609886398 
-0.005894007040022689 
0 
0 
-0.04676805361179275 
0.02888024384197769 
0 
0.1802508737760144 
0 
0 
0.1167168635218811 
0 
0.008884236949932395 
0.01598127646724731 
0 
-0.1416278181970941 
0 
0.02963054979752112 
0 
0.004306051712728737 
0.008514259263964732 
0.1063309560913989 
0.5514407544561544 
-0.01508217512604676 
-0.03005254580172932 
0.3675041085582945 
0 
0 
0.06939663693737859 
0 
0.007065415380585896 
-0.03196192317813731 
3.097966586154342e-06 
-0.01112321512079829 
0.03228294365591378 
0 
0.1997572070868631 
0.004500953682632861 
0 
0 
0.05693209302536344 
0.0424313091713978 
0.4892214760434652 
0.187674123986326 
0.000311653036326733 
-0.00729955432622393 
-0.001772103030548129 
0.08702641411713574 
-0.01226425344137399 
0.1564393052697902 
0.04911052197857787 
0 
0.1749418961436531 
0.02592670918413846 
0 
0 
0.04919434231520631 
0.101454613101537 
0 
0.1088904014370124 
0.03345879763480324 
0.01245608990515622 
0.02891941618359949 
0.0250737147387364 
0.1911575698863185 
0.001166685537853781 
0.1414292160315991 
0.0747497100979397 
0 
0 
0.009785159522901326 
0.8964997778792809 
0.06539844213247051 
0.2456692719222078 
0 
0 
0 
0 
0.1425547998633566 
0.02808719889063607 
-0.02575170955545634 
-0.02296532298119427 
0 
0.03829654284723293 
0 
0 
0.09138538411735866 
0.04935854818118575 
-0.1159026532978457 
0 
0.0138519770143753 
0 
0 
0.07845438301155083 
0.1085214340695116 
0 
0.003817273323503778 
-0.0443808651776622 
0 
-0.002674779986073149 
0.1562724203082912 
0 
0 
0 
0.009301305168242714 
-0.007362688188202328 
-0.1380256304849573 
-0.2944833369977902 
0.003012536311772129 
0.6116663207249797 
0.006160174753124363 
0.02344706415730928 
0 
0 
0.003257106694796522 
0 
0.01500575262560476 
0.005591456323710585 
0.09657835845494961 
0.09652165526113615 
0.04981715489772067 
0.02508154591121095 
0.00618337893569509 
-0.01498718342764955 
0.1274330857373741 
0 
0.008931103989222571 
0 
0.002472649306720183 
0 
0.2617655764892329 
0.09270853849998473 
0.04095626751394058 
0 
0.01434391525198932 
0.1678735710623234 
0.5197962077220344 
-0.01106317290154211 
0.3617363488304516 
0.006485520930679413 
0.1829967131694843 
0 
0 
0.1576321739245976 
0 
0.3627348490699308 
0.01383145121984352 
0.1213147146871204 
0.04479086744396362 
0 
-0.005779274433402478 
0 
0.05640574198051074 
0 
0 
-0.1012075593202043 
0.001182365034117866 
-0.001530534171470568 
0.00446807743889833 
0.04647733907718321 
0.09618216240451122 
0.04168804207663485 
0.0590548338984181 
0.01495616404372705 
0.1088935808223318 
0.00867342818513021 
-0.01834562240326281 
-0.4622977210019343 
0.2340955373551648 
0.03075497116941825 
0 
0.02065502788951648 
0 
0 
0.1541646798818422 
0 
0.599095156597832 
0.007985756997259121 
-0.010495976449298 
0.06998119055303229 
0 
0.5828243921364953 
0.9806200735181905 
0 
0.02168592599099584 
0.0249157846030412 
-0.001615712601239567 
0.1705266086836427 
-0.0821800917775305 
0 
0 
0.7808325730186985 
0.009232709297563254 
0.04415536275270843 
0.0580872476610419 
0.003595836298863679 
0 
0.02421061094537163 
0.330379601439868 
0.03225838566163561 
-0.01335499798328076 
-0.01854699976061414 
-0.02183175684393133 
0 
0 
0.07892613170076512 
0 
0.04284231223742398 
0.04667925657289385 
0.3372192094287683 
0.013375891923099 
-0.04372395282144129 
0.04406899407956629 
-0.02090801107510252 
0.0652061664917802 
0.03805416057299647 
0.170297517967976 
0 
0 
0.1552986685481405 
-0.01296007969599182 
0.3295435023652643 
0.2381804552897992 
0.01580561719560331 
0.006877819079095564 
0.009840446028274883 
-0.04221437000395218 
0 
0.04838398380216161 
0.009955029144610657 
0.112595339064736 
0.006550220191367935 
0 
-0.2598816065315513 
0 
0 
0.01918272221773956 
-0.06554910844476121 
0.03062843876956462 
0.01674567453752825 
0 
0.2438527868702397 
0.01513552795966066 
-0.013456649704004 
0 
0 
0.007207902640565404 
0 
0.002605774619037026 
0.1244507458076866 
0.0360007463580646 
0.8560911724119117 
0 
0 
0.01076639136093477 
0.09726190368092658 
0.6061661516962311 
0 
0.1421090989533386 
0 
0 
0.1605717887709854 
0 
0.07347114358827461 
0.009502631651180761 
0 
0.006543047387482341 
0.1482230896831193 
-0.0842007079593451 
0.1209600601750345 
0.01953306029822929 
-0.007211196341498958 
0.0335219877199163 
0 
0 
0 
-0.4287558795757038 
0.3523982684799964 
0.0005114591255873051 
0 
0 
0 
0.1043493446751848 
-0.04857701303181532 
0.006974478468331302 
0.05408206143803809 
0 
0.03175298239651276 
0 
-0.01794613040985996 
-0.05259323077223869 
-0.2179948323578757 
0 
0 
0.007650783614760042 
0.07735596392379844 
0.09807101584683461 
-0.008232595700428811 
0 
0.03422246105546976 
0 
0.03303340340517175 
0 
0.08053523303848018 
0.07604229855406949 
0.01675846566961457 
0 
0.0009874375451269146 
0.103812196158755 
0 
0.01448842505290856 
0.05783876746791014 
0.0119752975865199 
0.2240282186981087 
0 
0 
-0.3025865904234501 
0.0003904785073201859 
-0.1354219897437945 
0.2092065123051541 
0.1926158424374753 
0 
0.1122084969821139 
0.0186748741910246 
0.4713135814496738 
0 
0.01146752426237189 
0.2632309675152399 
0.1774241061340229 
0.1733370851022045 
0 
0 
0.02105787818378155 
0.07077835569812421 
0.05719536926132113 
-0.03296326676224696 
0 
0.346514087814517 
0.6808506262501374 
0.005181518758006881 
-0.03545149109937246 
0.1320810877559129 
-0.1760947749863529 
0.006283882932514993 
0.2140358440743247 
0.4050882776512416 
0 
0.1510543102946665 
-0.04739596027182919 
0 
0.1410629431231293 
0.00693435067116433 
0.1025576705913524 
0 
0 
0.02806756902980546 
0.0139486415015966 
-0.01674114620763704 
0.02895272785667983 
0.5101698978420777 
0.0595907308671257 
0.001701007453831251 
0.01209105655827762 
0 
-0.03521275686273099 
0 
0 
0.01280477433903542 
0 
0 
0.05951904715642682 
0 
0.01319670210206272 
0.02457747757605195 
0.09706319548052639 
0.2016053332816503 
0 
0 
0.2340554023257088 
0 
-0.0007430572203820261 
-0.06521451408755302 
-0.2503981474776671 
0 
0.8756687883526192 
-0.02628951156956102 
0 
0.1011469848418727 
0.2259556588006843 
-0.1024358764808454 
0 
0 
0.01044780743878911 
0 
-0.01076987461543159 
0 
0.3230884634365947 
0.08247433015353992 
0.002497475601766368 
0.007132425928986314 
-0.02067650671601854 
0.003010834690252939 
0.1078120587811442 
0 
0 
0.1616846634500149 
0.08941670469251986 
0.1016489726113157 
0 
0.05052653812268837 
0 
-0.003485924724842656 
0 
0.02606721453531609 
0.1640984693441321 
0.01111326291060637 
0 
0 
0.07772223777864076 
0.001934891965756551 
0.1141093664824179 
0.01573286119934362 
0.04313648709307456 
0 
0 
0 
0 
0 
0.07348218674752435 
0.02674044169489847 
0 
-0.4235730005583596 
-0.0631325187784814 
-0.01374512880507833 
0 
0.06791315361527753 
0 
0 
-0.03060331551459722 
0.02608027166981951 
0.1042832483843158 
-0.2448027693939603 
0.2124415105487459 
0.4129878809880304 
0.01473100978156553 
-0.04498323145231764 
0 
0.002859205715586809 
0 
0 
-0.0442150571960899 
0 
0 
0.02415595674669345 
0.01104216031584932 
0.04773034500126706 
-1.261183694380377 
0 
0.07547388282761053 
-0.01260312417301585 
0 
0 
0.03273758470510882 
0 
0.01540004398302226 
0 
0.06096113755351311 
0 
0 
-0.2759734709952798 
0.1187369193455337 
-0.03530420594785991 
0.2794704745918482 
0.03676469321584754 
0.04972116455534573 
0 
0.07355538162339309 
0.06455930550068122 
0.03902855430754836 
-0.2345061164758946 
-0.001194958357950551 
0.6495001818013446 
-0.06296338678861138 
0 
0.6532066264956551 
0 
0.041434154279134 
0.01151380580912896 
0.07040240421013888 
0.09763605877903295 
0.1195982167972782 
0.01042502839682996 
0.03374787083028288 
0.1021868477224468 
0.01593985537453843 
0 
0 
0.005261102706365792 
0.2852197023440861 
0 
0.6073082202650663 
0.01454974010124657 
0 
0 
0 
0.01726886793201474 
-0.002051127538339332 
0 
0.07812423390484752 
0.06927476837903226 
0.001658616300307669 
0.1382637143095221 
0.03592924528135882 
0 
0.01980040186387721 
0.0385763001959824 
0.02693036620961537 
0.04937138957134624 
0.005001020387648061 
0.07892953737085659 
0.0001380067131238753 
0.7584014484138372 
0.09473980873647683 
0.1292181475182773 
0.07069099843264599 
0 
0 
0.08556249759527904 
0.1386190228089543 
-0.05855423103870246 
0 
0.4561482822344015 
0.1513107294874423 
0 
0 
0.1007641750596932 
0.005610345287287094 
0 
-0.7266998685679422 
0.09880316516796636 
0 
0.1787080503077789 
0 
0.0217770611872011 
0.4468781826537305 
0.01321028072287145 
0.005401506634229276 
0.01660390418584083 
0.09529486920775343 
0.02133174558117609 
0 
-0.1020680692724114 
0.02571503736060867 
0.08676303925397805 
0.006881751822649639 
0 
0 
0 
-0.005487215953954143 
0 
0 
0.06618304989134932 
0 
0.05938645353622198 
-0.05039916680013079 
0 
0 
0.04727404171023628 
-0.09198058121287481 
0.03223101795969704 
0 
0 
0.6297151068095679 
0.2535965286407747 
0 
0.0266030861742573 
0 
0.0293323336932915 
0.02939883043982571 
0 
0.2150027224532215 
0 
0.2335315266230505 
0 
0 
0.01701715916120613 
0.0408691755201266 
0 
0 
0 
0.2378109588977568 
0 
0.0008591609426606934 
0.005965320939129885 
0.01888415325920307 
0 
0 
0.3288703873970694 
0.06689717202054 
0.09036557940875485 
0.06048878264435398 
0.01722502370502359 
0 
0 
0.01686079755501169 
0 
-0.02157855486789367 
0 
0 
-0.03352570184305345 
-0.04301865943886917 
0 
0 
0.06657101242071554 
0.04694739354631568 
0.6221552340566393 
0 
0.4468620347379501 
0.002131454596595805 
0.05182481939206426 
0 
0.0345304443133893 
0 
0.09389011579050316 
0.0187947575522185 
0 
0 
0.06459894419400865 
0.003473024176763364 
0 
0 
0 
0 
0.0003851267294144497 
0.001449338660075344 
0 
0.2942836363743382 
0 
0.08055547703879373 
0 
0 
0.05735882338089286 
-0.05242358429428431 
0.005247693725123215 
0.1633910253014012 
0 
0.01026614561120907 
0 
0.05210882311760364 
0.02017397790284291 
-0.06444464545529759 
0 
0.01476625107744605 
-0.7511456468390986 
-0.8656958835763926 
0 
0.01124321295614864 
0.02944659370091807 
-0.008261896765802879 
0.04596083754579089 
0 
0.06386394045677415 
0.03280736610858859 
0.002242449743393263 
0.08050840513031673 
0.125046589394027 
0.002586275846506832 
0 
0.003965040218677098 
0.2106290125264031 
-0.1727685824596561 
0.3914244573792283 
0.02535855778764437 
0.008047157254645627 
0.2297791361309525 
-0.001297966005284256 
0 
0.07177320625990059 
0.01938674536616792 
0 
0.061508521696941 
-0.003519390471142231 
0.1760605398403924 
0 
0.5419539785350025 
0 
0.1061803116428647 
0.004180051351710918 
0 
0 
0 
0.1274317944565034 
0.2234574570616256 
0.09046338877774307 
-0.2600142350772733 
0.02999471709704227 
0.04457683895275171 
-0.04408748097177746 
-0.002007817412621165 
-0.004785531436405463 
0.2558466393247756 
0 
0.03477550782502295 
0.3540294462689574 
0 
0 
0.1586133362676032 
0.06167477564573701 
0.0620784089242177 
0.0454879171624341 
0 
0.2232674176287674 
0.009162264956077365 
0 
0.1941896912167062 
0 
-0.03133912140152923 
0 
0 
-0.0111671302042835 
0.02922449700808454 
0.1148707601026032 
0.06389963819220847 
0.06185700917623847 
-0.01691948367929425 
0.007670807781150799 
0.01364455830323229 
0.233301164690607 
-0.01213321646018563 
-0.008925218344570027 
-0.03245074634697259 
0.04687238451594326 
0.03965206395540693 
0 
0 
0.26147636398316 
0.04622346919984541 
0.146669563078838 
0.2628684620127871 
0.02089767997631337 
0.04585377872436409 
0.01269504749406906 
0.004898819011058019 
0.004338428091469949 
0 
0 
0.04768339845706841 
-0.006846323405338047 
0 
0 
-0.0600840440728985 
0.4860248832915268 
3.471166098640054e-06 
0.009520650924258635 
0.003495264144170151 
0 
0 
0.008351575839466073 
0.001848414684337544 
0 
0.2031786103466843 
0.05702716979735397 
0 
0.0007128680223511177 
0 
-0.08072725887823858 
0 
0 
0.03340690913613781 
0.02199610753841437 
-0.02414113084935033 
0.03305861596786382 
0 
0.02417022951472329 
0 
0 
0.02650552703214019 
0 
0 
0.007683348546696346 
0.03666094803236259 
-0.1244023243300013 
0.007742400578245702 
0.06214485314250625 
0.3030344012268837 
0.01165762578035231 
0.3113978335915865 
0 
0.02747544955144094 
-0.04688815249825788 
0 
0.01545803574251037 
0.06750804965734249 
0 
0.03021625895096135 
0 
0 
0.01381989832423663 
0.0259473321665243 
-0.005480998640799369 
0 
-1.875976666739197 
0.003567980009924226 
0 
-0.10637491356228 
-0.01755686075769635 
0.2151460036793649 
0.006967394164367199 
0.0519299463241977 
0.2285798668235171 
-0.006484716020245649 
0 
-0.07359927861172143 
0.03331235308032247 
0.006684362012897689 
-0.01419033747394276 
0 
0 
0.01012363847409203 
0.03794191249993263 
0.005410450925917205 
0.03573295466067697 
0 
0.002843396093661037 
0.6381025599772248 
0.1038852363958474 
0.2313622506949096 
0.02404162804567081 
0 
0.000856521932062152 
0.007996970088263087 
0.001674053470701707 
-0.003657297107233638 
0 
0 
0.008717828394246315 
0 
-0.1889335116288674 
-0.006223300942927436 
0 
0 
-2.242953438746488 
0.0301778621948445 
0.01324532330794161 
0 
0.03783339716227369 
0.01380833586732104 
0.008782482174544769 
0 
0.1288290826915571 
0 
0.01616991626442882 
0.01801589833070635 
0 
0 
0 
0.01406236925247985 
-0.01604734725931831 
0.01859946483889814 
-0.205959774858444 
0.06128560952896497 
0 
0 
0.009789516434422147 
0.06221760465436919 
0 
0.03381875256015906 
-0.01352617857193008 
0.09793491417218242 
0.1284016825673435 
0.01572991113144992 
0.03602152055974838 
-0.1826823320210657 
0.1287732938871551 
0.1069544524359267 
0.008945308577861253 
0.06269761071595888 
0.004878683701340189 
0 
0.00310165409507681 
0 
0.04615745605677336 
0.1648675205684517 
0.007428693472571713 
-0.04787363151615624 
-0.02064124553925819 
-0.0491857884217461 
0 
0 
0 
-0.2392569018825154 
0.02022554739963114 
-0.06462116242867394 
0.008491363566708021 
-0.01353044180705945 
0.004047772691596115 
0.02248770755610332 
0.05372793700935633 
0 
0 
-0.0118470694438472 
0 
0 
-0.004780051125246504 
0.0125266649705862 
0 
0.0266195189797413 
0 
0 
0 
0.0436817283663222 
-0.563628435060613 
0.04497836702415969 
0.1179401818487223 
0.03868680965188113 
0 
-0.004726630657764724 
0 
0.05665660977986341 
0.2747375868666294 
0 
-0.02075753202758611 
0 
0.1777220430750458 
0 
-0.0005244287004635451 
0 
0 
0.02980003573435493 
0.0323639690206004 
0.06700874700078603 
0.003068639065934325 
0 
0.00662812820181537 
0.01538795375260986 
0 
0 
0.6493897510618175 
0.03247850578694086 
0 
0.07818530822238785 
0.8258993510217588 
0.004233128663770865 
-0.01054063061191339 
0 
0 
-0.004044776635066889 
0.01287387986878505 
-0.02899833382343562 
0 
-0.01240268217662911 
7.007324441380655e-05 
0.07885814170365467 
0.009664350672053243 
0 
0.201790250146776 
0 
0.00488355606767661 
0 
0.1631722012414523 
0.09328653069344138 
0 
0 
-0.4236916087616527 
0 
0.02171086468679735 
0 
0.1381026398409708 
-0.01513880627668242 
0.01828623244238916 
-0.01449477179440927 
0.1052997058801269 
0 
0.00263445675271663 
0 
0.09174590173769603 
-0.1508505839097986 
0.01343887542776084 
0.07314998865012859 
-0.01423738813678836 
0.004670426428134446 
0.1959621345473187 
0 
0 
1.174450133795481 
0.07020513274646668 
0.1556654811689507 
0.1322962699897565 
0.0906050088473446 
0 
0.4453757367924989 
0.1252884060397134 
0 
0 
0.02227125242513403 
0.004328248589790502 
-0.008297802564581196 
0 
0.001909859406114204 
0.02109626095929121 
0.01685973440027813 
0 
0.001802971354842055 
0.1071265075398311 
0.01741406563781451 
0 
0.05863959284903689 
-0.0189935829024577 
0 
0 
-0.008889674427933248 
0 
0.001016874483447777 
0.0458336731636112 
-0.02865966415155083 
0.003226509787454614 
0.0100463017028033 
0.001770139008932033 
0.06079693826583554 
0.001595080677517527 
0.02027769447660807 
0.05686074257876577 
0.01769987375988868 
0 
0.06931054924543316 
0.02742388618094362 
0 
0.02542517926451484 
0.002059805303705159 
0.05302552398265686 
-0.005123561700269349 
0.07502578347319055 
0 
0 
0.2029531809058802 
0 
-0.1378267470337228 
0.04760723333018309 
0.0131481282803749 
0 
-0.01982337319654972 
0.003249059183249767 
-0.05836289161076245 
0.03917248943203561 
0.004853515970101641 
0.04173162730827882 
0 
0 
0 
0.05312574358226225 
0.07117525224060729 
0.4738138004708596 
0 
-0.03460479029979609 
-0.04098764295782335 
0.2188564903175734 
0.1129231042547515 
0.1445579000642572 
0.007710745100970082 
0 
0.03258742739347874 
-0.04748209281009873 
0.009765462203648568 
0.07564526778944151 
0 
0.03192471459698872 
0 
0 
0.09373070480456724 
0.2128859059304065 
0.01022967264496314 
0 
0 
0.1303264151417561 
-0.06199756651874742 
0 
0.3412656341484498 
0.0470531393301704 
-0.005146919173630558 
-0.000252217398301694 
0.001340480077584769 
0.08614927400766186 
0 
0 
-0.00410651182989169 
0 
0 
0.191025624900769 
-0.01795136917628285 
0 
0.05246754279605168 
-0.07144461557895476 
0.2537292355053664 
0.02262919142697701 
-0.07951815727445302 
0 
0 
0.1724056625451397 
0 
0.0351875420832764 
0.1023941973980404 
0.006036028163662232 
0.01063202867158217 
0.01131881333279526 
0 
0.308161323631879 
0.1445811974780404 
0.002840821011879713 
0 
0.04033969985611826 
0.000709547822757697 
0.005847800279193901 
0 
0 
0.2266287899003688 
0.01307423637955245 
0 
0 
0.1744491684818385 
0.01171037024574958 
0 
0.01044785433216819 
-0.1114270276832743 
-0.008430623972383412 
0.04755014845890228 
-0.02011965912926687 
0.05100034356566506 
0 
0.1596325536853476 
-0.04433511491978046 
0.003930957816999398 
0.03287332020062057 
0.009662029469298982 
0 
-0.2103739885623114 
0 
0 
0.2943930921293615 
-0.07773463989000541 
0.002595475552653712 
0.003266955059130973 
0.5741049692275272 
0.002240121038802602 
0.1536862963983455 
0 
0.007771128359013967 
0 
0.004733969083398519 
0.001680104968215561 
0.01712999999734231 
0.1139683087951074 
0.007449924512456429 
0.8666421400489901 
0 
0.01664145637017692 
-0.0001791812270431001 
0 
0.1718453077270117 
0.3633096347352997 
0 
0.2966957891917984 
0.1561085408733535 
0.04685009435766055 
0 
0 
0.04555676162119437 
0 
-0.2051526020785251 
0.009326598883873096 
0.1507012296203553 
0 
0.002751256794096555 
0 
0 
0.0930190941753697 
0.02760545280738348 
0.07035792884519668 
-0.1126906256983968 
0 
0 
0 
0 
0 
0.03826985229469038 
0.07044716409704893 
0.0104569331962814 
-0.06177677464585143 
0.005292332426381894 
0.1545930173181352 
0 
0.01373090250852938 
0.006601979757898811 
-0.02015078464049268 
0.007820335797487954 
-0.007975095384290261 
0.003848728642361127 
-0.006428887832372131 
0.05222920716737919 
0 
0.046317633334174 
0.02871873283645694 
-0.07007974685580214 
0 
0 
-0.1243305858817384 
0 
-0.1331520853206903 
0.5639780474113568 
0.01154327880211049 
0.0910031066472666 
0 
-0.410336986176191 
0 
0.01968142151578554 
0.08622594690936079 
0.001758923901389819 
0.02041257276891819 
0.06540925892421938 
0 
0 
0.07827250849713126 
0 
0.03743768995177829 
0.32104940131751 
0 
0.003098463809788814 
0 
0.01235134515885955 
0.1451340019387645 
0.06010858402810858 
0 
0.01542113085060945 
0.01373524300018271 
0.08260255106146579 
0.008627470581855827 
0 
0 
0.05291237138990432 
-0.03455861370597772 
0 
-0.02577177934096238 
0 
-0.02046754491843468 
0.146969962730966 
0.2923087709767097 
0.5262097368299786 
0.04142044739238388 
0.0008922334583401024 
0 
0 
0.01544220807363192 
0.02400287254987619 
0 
0.615065870431052 
0.06068956029597276 
-0.02760851087632413 
0.00896784243306736 
-0.003443681357545011 
0.04226534968054432 
0.1233998734540669 
0.1812730968015921 
0.4391827272576638 
0.006380714723576984 
0.1473597701649293 
0.7018275674957857 
0.1958959371779304 
0.04309182159855764 
0 
0.05878321768895915 
0 
0.1471413465714646 
0 
0.02584575664177566 
0.2599201264305748 
0 
0.3845850879946741 
0 
0 
0.2627779696249672 
0.006629535906298448 
0.03063480282844201 
0.1263112870849825 
0.0141099259821811 
0 
0.5327397966651204 
0.385190651061204 
0.00792520641153264 
0 
-0.01495794493158957 
0 
0.01820215420776657 
0 
-0.2585759999944955 
0.003658444424559208 
0.01806921460158729 
0 
0.009185642321213163 
0 
0.101691753735786 
0.111290549427384 
0.1695687420675259 
-0.001697664857628732 
0.1082989144584562 
0.0004562833329197138 
0.01977204805424029 
0 
0 
0 
0.3757967214710025 
-0.0504387746362003 
-0.03056005447050212 
0.01781415810600519 
0 
0.01821383420537651 
0.1408627138093526 
0.02229949657455391 
0.01946235891868259 
0.1547806923668684 
0.007892724938588072 
0 
0.08853226646448654 
0.4205074653739475 
0.02691129573917427 
0 
0.01359670952417678 
0.1185627115770219 
0 
0.0004002740377604945 
-0.08154812292592614 
0 
0.1256701594899453 
0.0470733091255284 
0.1887047324289619 
0.004668003516071424 
0 
0 
0 
0 
0 
0 
0 
0 
0.005907229708635421 
0.001221506219454186 
0.02050915090637241 
0 
0.01276906706869056 
0.01781213011383744 
0 
0.2068429089550673 
0 
0 
0 
0 
0 
-0.1827131846746166 
0 
-0.03038715274797978 
0 
0.1018041046312739 
0.7993069554025549 
0 
0 
0 
0.5268659711611601 
0.03001604530709887 
0.0007041628117245582 
0 
0.02468608685779133 
0.01636904729021605 
0.2392344140581701 
-0.01552132281468967 
0.04027028226669315 
0 
-0.07785182241898862 
-0.006979234208858243 
0 
0 
0.6892518843862996 
0 
0.1426398971066667 
0.1356324592778824 
0.008091836044451454 
0 
0 
0 
0 
0.02264248411235699 
0 
0 
0.001777756350937916 
0 
0 
0 
0.03411217292531651 
0 
0.0003000220710371252 
0 
0.01088489530985364 
0 
0.06247543068596375 
0.09271465139240764 
0 
0.07124078356059084 
0 
0.2461341457987756 
0 
0 
0.004123851704408554 
0 
-0.008126742854265854 
0 
-0.09099308547100823 
0.1880120361462032 
0.03180115535039089 
0.02775820060814675 
-0.003411073651716227 
0.006102827817534216 
0 
0.03581962665720671 
0.1344695852211728 
0 
0.2669409723733941 
0 
0.2520324468746284 
0.01604360988722417 
0.001994547609298736 
-0.002575609196053399 
0.0310418671747502 
0.009422473465592572 
-0.1748832520372755 
0.03018499922009491 
0.04637050972380506 
0.2229310590503964 
-0.02344415474896733 
0.04228306319934225 
0 
0 
0.03728841823645725 
0.002327553529103224 
-0.1069969864210727 
0 
-0.1816563269239499 
0 
0 
0.1166731991954186 
0 
0 
0.01108127360321337 
0.00746276704842634 
0.5808085805785157 
0.0077323273586679 
0 
-0.6534339088830001 
0 
0 
0 
0.03651123652268842 
-0.1073690907530029 
0.1551254391871664 
0 
-0.009959447950177844 
0.07005555326631777 
0.001716079242255952 
0.001287203077386776 
0.002753497668000218 
0.07086339432220573 
0.004707125287230347 
0 
0.0307976656641934 
0.1412549141269516 
0.007856240782986045 
0 
0 
0 
0.01655902538709327 
0.1019318829183315 
0.0439305764608672 
-0.05709125099128273 
-0.1163232700383676 
-0.001757777012832942 
0 
0.3038856065109869 
0 
0.009035736064795834 
0.3184195983814687 
-0.01660386124437921 
0.03133041516292878 
0 
-0.4584032653317854 
0.02247606426462423 
0 
0.02732319354765175 
-0.02502256200039244 
-0.01724232510730914 
0.2663977199140629 
0.02451521983283077 
0.1542955574818227 
0 
0 
0 
-0.001065906941269647 
0.009084749137439896 
-0.01286850689155277 
0.2462277081176676 
0.05297869269117367 
0.0430785080381145 
0 
0.007759839695556265 
0.06661075409881638 
0.002320038418269057 
0.0257792902376129 
0.003822001125807668 
0 
0 
0.05553731073672479 
0.07840329732956865 
0.004058391278409112 
-0.05947536070693928 
0.04405048960678142 
0.01118941218369144 
0.06173248862129983 
0.2181585681364392 
0 
0 
0.04199589838360224 
0.09718662018051512 
0 
-0.01144250861549601 
0.01375257598073584 
0.05830570349602538 
0.008948844882534277 
0.1379055184676542 
0.1391175205842642 
0.080850689128106 
-0.08032984791599503 
0 
0 
0.01727521415907141 
0.01930435119852588 
-0.08518562357095526 
0 
0.01601357156092395 
0.00270761101182213 
0.003295774294517943 
0.1073714006566872 
0.05120439688456303 
0.0553641436839329 
-0.03050775566670751 
0.01971364474666462 
0.0553641436839329 
0.3664737236903338 
0.05754994624137388 
0.05667945485971141 
0.7448034873501511 
0 
0 
0.07208631320317434 
0 
0 
0.09081046040949203 
-0.05397976345498236 
0.01592280892281937 
0 
0.1137930209154548 
0 
0 
-0.004946702323592242 
0 
0.1786702234294819 
0 
-0.008440553151715723 
0.006643919999768502 
0.03626021576005347 
0.1888034343048334 
-0.06602586318137094 
0.001211846475078117 
0 
0.02556009375194797 
-0.04815371875102659 
0 
0.1007920534974249 
0.2110899961983065 
0 
0.0609591674458887 
-0.0607880931355857 
-0.03650506223022244 
0 
0.02245868978753988 
0 
0.001037162072434016 
0 
0.003184553561745308 
0 
0.01678339359531568 
0.3072604677768983 
0.0003786386267528932 
0.194951561865291 
0 
0.01104906578828648 
0.0003998920938388653 
0.01083209890238348 
0 
0 
-0.09970559667319973 
0.0009670502639049768 
0.01937727701255224 
-0.2594666707859334 
0 
0.005000038606964995 
0.168423783137035 
0.009088181634777022 
0.9237218051796809 
0.02584494399661401 
0 
0.110473811078792 
0 
0.3240301428414483 
0.00399511362755421 
0.1214861730055193 
0 
0 
0.02545878306066487 
0.04015821703281752 
0 
-0.01032642417668023 
0.03124438442541925 
0.01378455727670838 
0.1018849224703657 
0.01144718378122007 
0 
0 
0 
0.3639652926355428 
0 
0.003682236954763392 
-0.0444535603905954 
0 
0 
0 
0.03793009317604255 
0.1272016772856643 
0.03853487651334763 
0.6174099019072226 
0 
0 
0 
0.1266585164581203 
-0.1212279763012263 
0.01044563861461162 
0.2627291404970435 
0 
0 
0 
-0.009213475444653785 
0.07438649492969092 
-0.3838873519464067 
0.07585534298050155 
0.01582359123832176 
0.03205867939613632 
0.05729646619471405 
0.09924025636459796 
0.07502752537554877 
0.002068630631397242 
0 
-0.03424342044459129 
0.08240497569902794 
0 
0.09222441396038142 
-0.05719686778683815 
0.1147186622352941 
0 
0.02240240202672683 
0.1718363231354149 
0 
-0.05174907061822297 
0.2698318170721662 
0 
0 
0 
0 
0 
0.2625708324494847 
0 
0.004643250950450113 
0.1425463116633466 
0 
0 
0 
0 
0 
-0.00261408677995992 
0.01400079651143381 
0.01532027928232549 
0 
0 
0.001548775587102595 
0 
0.01336783041021484 
0.1223669844993978 
-0.01359498626153473 
0 
-0.02302196443370457 
0.0009307811640764476 
0.5321287952115517 
0 
0.06038204222299327 
0 
0.05769159133703666 
0.0174350272606883 
0 
0 
0.4608421216630914 
0.07095370246115175 
0.04047518546848793 
0 
0.0006109323253668791 
0 
0 
0 
0.2042810135446725 
0.2166088837159725 
0.0216345737421206 
0 
0.2961422833381231 
0.006925055793532702 
0.2448434439399324 
0.003315942473816955 
0 
0.1683661806159616 
0 
0 
0 
0 
0 
0.2131972521027433 
0.03925436413945808 
0.02815943111633211 
0.07835914794822671 
0.01575854061420172 
-0.02061018100140138 
0.02091267149065576 
-0.02153063837504113 
0 
0 
0.00178292871051667 
0 
0 
-0.1026303462299801 
-0.01516640281650711 
0 
0 
0.04611575479942098 
0.03058709776632208 
0 
0.09736249765480808 
0 
0 
0 
0 
0.111848344613152 
0.01576433516112561 
-0.04171439477221098 
0.1003957904106092 
0.05087070976398409 
0 
0.01238272258611604 
0.08754858598874692 
0 
-0.00780603617736263 
0 
0 
0.116273534103917 
0 
0.001996692882983482 
0.09436767143775654 
0.04717074132400085 
0 
0.04466204420331097 
0.002523155527800787 
0.1995354929457584 
0.06758615083354808 
0.01351006887315678 
0 
0 
0.1369026954161799 
0.05877264703235781 
0.02412234332663309 
0.07445797094278571 
0 
-0.03511719602146902 
0 
0.04400577933795494 
0 
0 
0.001028925564646067 
0.06096185443197513 
0 
0 
0.0003623047922239433 
-1.286558896890087 
-0.002134753977790759 
0 
0 
0 
0.0003438821664367555 
0 
0 
0.01109252669512093 
0.01036600555080397 
-0.01700039951080349 
0 
0.01420124204377633 
0 
0.112424618737176 
0 
0 
0 
0 
-0.007346780135783624 
0.008492712099556194 
0.001476190555377877 
0.01249018358431511 
-0.03874447174972018 
0.002684841719825003 
0.1865243281611567 
0.00151070398993219 
0.04018898658980628 
0 
0.1817830084661831 
-0.05616935748912406 
0.1690473661747405 
0.0211407741272912 
0.01629542495888012 
0 
0 
0 
0 
0 
0 
0.1150663187924041 
0.004816338448672878 
0 
0.1265874596785447 
0.01800638301454093 
0.1272110212167297 
0.02317091649232125 
0 
0.04887297051336242 
-0.04865187903237342 
0 
0.006912016692937707 
0 
0.01767810619920328 
0.04891647037559533 
-0.2715696331658244 
0.0181500677849183 
0 
0.02879708349780381 
0.009161281392591685 
0.09443443306888578 
0.00712689611690058 
-0.3510681570662846 
0 
0 
0.005113326479728765 
0.005584265106111311 
0.0008914726642049507 
0.0231287120892036 
0 
0.04274876377536906 
0 
0.06285240628631203 
0 
0.4476222096016961 
0 
0.03234956978244727 
0.01671308383688344 
0 
0.8511259043923506 
-0.01637097538700596 
0 
0.08850002303359979 
0.09710756029416465 
0.007560316082549722 
0 
0 
0 
0 
-0.1947661073593736 
0.001105905752444812 
0.01748816894898505 
0 
0 
0 
0 
0 
-0.003539425244450188 
0 
0.05843629338502886 
0 
0.01301526542410799 
0 
0 
0 
0 
0.02524348848866921 
0 
0 
0.002549216872872231 
-0.0004840907558365647 
-0.006776029920280382 
-0.05098979045092448 
0.01500749154572509 
0.2598493229672409 
0.2205761253397785 
0.0176478080011897 
0 
0.0020655433917868 
0.01174088173694279 
-0.0407563974096337 
0 
0 
-0.2466805546008371 
0 
0.2093794144567667 
0 
0.6161978287027801 
0.07702064854522313 
-0.009177118069146614 
0.03765639981238736 
0.1189842408285417 
0.05785084746619152 
0 
0.01143092872493854 
0.01577665035998949 
0.3137847741620718 
0 
0.005034316279852428 
-0.02956930898475049 
0 
-0.01264722857152582 
0 
0.2409527796126685 
0.009387645981503401 
0.001713966302661858 
0.1260615350875142 
0.08749993300761195 
0 
0.04196727479681209 
-0.05235554108389685 
0 
0 
0 
0.01918005922823513 
0.1134350654442319 
0 
0.08226013918473056 
0 
0.117844719201851 
0.09421859405007978 
1.101324932181274 
0.2096827450611221 
-0.03131026923334086 
0.02325754158344452 
0 
0.000379119202423768 
0.01132425494331869 
0.07877036469154834 
0.0006328926901014997 
0.03432968253307224 
0.08585123794788306 
0 
0 
0.02361996506627768 
-0.02787045947909193 
-0.03204330784203825 
0 
0 
0.06487117779663788 
-0.1687446171087916 
0 
-0.006737660240882647 
0 
0 
0.1740636743746632 
0.05872394520794545 
0.08443617527384668 
0 
0.0004338939028738929 
0 
0.2179717758964066 
0 
0 
0 
0.004189423833221847 
-0.003987764350272913 
-0.1351540179218099 
0 
-0.04391919293282656 
0.05687563265046774 
-0.0840513187403016 
0.03292557541913584 
0 
0 
0.02759338747321072 
0.09096024824112889 
0.001164429836465727 
0 
0 
0.003748062171607538 
0 
-0.01166232261636323 
0.0360835902983885 
0 
0.1099930747812936 
0.06207250591888199 
0.0001704951517915645 
0 
0 
0.002289454794165144 
0 
0 
0 
-0.1215635250504479 
0.01715986975151564 
0.017380599937825 
0.04618374845030977 
0 
0 
0 
-0.4614705244030678 
0.09884081336450054 
0 
0.1954482899769356 
0.005676409467548245 
0.02373068780436795 
0 
0 
0.02304996847164467 
0 
0 
0 
0 
0.05304358168265567 
0.2382686393829147 
0.001846481139416147 
0.0192386957882935 
0.009900138986992818 
0 
-0.6105679710758127 
0.009884663326032782 
0.02158513850124781 
0.08889424203834484 
0.03919494900051888 
0.464987169899774 
0.002862276433987812 
0 
0 
-0.01260008283403149 
-0.07642098276500925 
0.004033811779214848 
0 
0.04424799415366389 
0 
0.2840343755387093 
-0.0007889936772086752 
-0.04170632088268864 
0 
0.002883219429696913 
0 
0.05005956971608352 
0.0301767942980182 
0 
0 
0 
-0.0140637547735729 
0 
-0.01905532430598645 
0 
-0.04761966617863207 
0 
0.131280703360954 
0 
0.002639888472681188 
0 
0.04105449691633305 
-0.00692057180265146 
0.02287623501310234 
0 
0.06911313196169612 
0.2405289412658144 
0 
0.03697265063245408 
0 
0.002053421967073484 
0 
0.01934205634489445 
0 
0.1009908685075719 
0 
0.0110863787919478 
0.01337911942544195 
0 
0.01189152616158036 
0.1691157398739596 
0.09204714656204449 
0 
0.0249923523980191 
0.0008253788370585699 
0.02098626347701986 
0.02753791854312378 
0 
0 
0 
0.1019731522870386 
0 
0 
0 
0.003254677643497493 
0.01535080001082154 
-0.01171826965175948 
0.5622329286709913 
0 
-0.02593767281655839 
0 
0.03839068274266171 
0 
-0.06038888524235929 
0.006251823037366567 
0.01123030162998895 
0 
0.5462948349311829 
0 
0.02526885807727219 
-0.001090632615974513 
-0.03828280944461533 
-0.0901081501864385 
0 
0.0399448361847363 
0.01536480967592604 
0.002869105569082081 
0.01552551154508554 
0.0148153772150421 
0.03164646613004731 
0.005503900686489656 
0.001328909349465345 
0.1303649748105374 
-0.01430700162933656 
-0.0151469598535361 
-0.1716135272673365 
-0.01826741337976758 
0.04922422448097033 
0.02677758729507868 
0 
0.5330329573977197 
0.003592416998385574 
0 
0.03578917873872692 
0 
0.02135518767457936 
0.007488598972258314 
0 
0.08009668516173354 
0 
0.2360462083552743 
0 
0.0673622368627923 
0 
0.01364142984060414 
0 
0.007495951070487278 
0.08318557896145622 
0 
0 
0.1473784291334607 
0 
0 
-0.07405715628910839 
0 
0 
0.04828222502844067 
0.05588692596216877 
0 
0 
-0.0202433561117861 
0.009745199693079678 
0.04374706390284355 
0 
0 
0 
0.06374512616583297 
0.00359709584932262 
-0.01594555229543953 
0 
0 
0.1392950776136038 
0.06595840389779099 
0.004590363384117942 
0 
0 
0.004515319200101407 
0 
0 
0.001782163522712181 
0.3589632513203938 
0 
0 
0.09330363147520271 
-0.1086546111499214 
0 
0 
-0.1287509210339614 
0 
0.003081471296317747 
-0.03320034512674849 
-0.02237379884204576 
0 
0.03778997259099384 
0.04055412657374984 
0.0102625573519653 
0 
0 
0 
0.03588165260188825 
0.01208949843534435 
0 
0.1096703402812707 
0 
-0.2581222410707221 
-0.01640510349987638 
0 
0.006212417614566429 
0.02583131188580745 
0 
0.08432674018919632 
0.1628187498246964 
0.006437051148629672 
0 
0 
0 
0.02672752213439719 
0 
-0.03137820147920713 
0 
0 
0.1282724551331582 
0 
0 
0.01945785295179574 
-0.02227079136903691 
0 
0.01876645214137522 
-0.07193744709064061 
0.03323377783864328 
0.009182832262648504 
0 
0.0594432404569839 
0 
0 
0.008669180712475169 
0 
0 
0 
0 
-0.04322678734623621 
0.3896845444385833 
0 
0 
-0.01772484736851887 
0.1307111006998099 
0 
0.05047388123362563 
0.02349656302266159 
0 
0 
0.06177636270968574 
0.07701967741421173 
0.00286253233237129 
0.00401482116701596 
0.004860939240951825 
0 
0.09748024732429698 
0.4109049631807646 
0.02162915745577437 
0.01968730244674431 
0.05517446268076388 
0 
0 
0 
-0.0471595667259203 
0.009194002771083272 
0 
0 
0.2781614231612365 
0 
0 
0 
0.01379610219580952 
0.02591494987421508 
0.2427808945313502 
0 
0.04288803166286679 
0 
0.1383231568417445 
0.1835323095306677 
0.0727270080970611 
0 
0.0948641996224935 
-0.01373647140940742 
0.0226740815541426 
0.04952888129496164 
0.05919259480944405 
0 
0.04035720587728058 
0 
0 
0 
0.0006647507884420655 
0 
0.03428385546351642 
0.03722241796843215 
0.0001542259741019796 
-0.01875050703158191 
0 
0.00868769441845698 
0.05744715385186416 
0 
0.09481225196794789 
0.03359104960718774 
0.002761455714243264 
0 
-0.002247174539372142 
0 
-0.1021617437766223 
0.4813496362755717 
0 
0 
0.008396180910832586 
0.001894204894332149 
0.01142900307293348 
0.003479891422113674 
0.03415505540634648 
0.06102246354171772 
0 
0 
0.004345700596730115 
-0.1660911540008779 
0.07585034967403023 
0.2689558098577413 
0.001083923559373846 
-0.2370390389042594 
0 
0 
0.1613142735566888 
-0.3239633318961838 
0 
0.04731194261423073 
0 
0.0001697318022481955 
0 
0.2666811369233977 
0.1085222579748517 
-0.003819362520080737 
0 
-0.3232025942933311 
0 
0.004504145860856721 
-0.001400243241563575 
0 
0 
0.003226154572631414 
0.02319231375644341 
0 
0 
0 
0.388000717433639 
0.02977106082921139 
0 
0.006324055851097891 
0.006770061156849964 
0 
0.007474233243655967 
0.03908571487867735 
0.01016345883480626 
-0.008419884287078416 
0.03959995284050475 
0.01034454114629045 
0.05444974210067366 
0 
0 
0.001285773333085406 
0 
0 
0.05678299126679516 
-0.006719129509545309 
0 
0.01117412012540497 
0 
0.05645670940438565 
0 
0 
-0.008919790689312526 
0.5511312124179015 
0 
0.05320882384802167 
0.07029354584221785 
0 
0.002588917467106715 
0.1349166354328231 
0.01615774190805037 
0 
0 
0.07137934733559165 
-0.09675293493419454 
