solver_type L2R_L2LOSS_SVC_DUAL
nr_class 2
label 1 -1
nr_feature 5000
bias -1
w
0.08839871943727207 
-0.5558950548195191 
-0.07730932097897009 
-0.4882752994340763 
-0.2356631496461079 
0.1895688758990512 
-0.2410972616469568 
0 
-0.07716815044849021 
-0.1194774829633065 
0.05662293939298502 
0.4860752200334371 
-0.1920448282100992 
-0.1621027673429763 
-0.4096864789570349 
-0.2525618901179064 
0.02744559500641246 
0.3726102567424903 
0 
0.3142395901599964 
0.8738665331746185 
0.09279291490212044 
0.06465625102541771 
0.2031668556155552 
-0.01187711054556249 
-0.4981734775492314 
-0.6228897554805535 
-0.7947590986152742 
0.0001359503828872058 
0.01874496356011137 
0.4781464678643727 
-0.04470097341976574 
1.787903443160136 
0.2711335783101301 
0.5841946586154542 
0.4816423735666988 
0.1484083171062278 
0.6166569156398236 
0.2302645479181795 
-0.07413699184527733 
0 
-0.01885360255080109 
-0.6395368802826247 
0.07570038197804697 
-0.7752411788933448 
-0.06509212800027415 
0.02039918442507883 
0.4369319478534558 
0.02324521042378844 
1.10527429346 
-0.146612428307263 
0.1528735844198668 
0.04433252707909199 
-0.06113819254589443 
0.3666340812665247 
0.0117102548724396 
-0.2043862007587098 
0.2080269861682008 
0.01280898926841375 
0.2320403664245526 
0.04552572552919283 
0.2584642410259572 
-0.1240778648666568 
0 
0.1711772901550397 
-3.093802355288414 
0.1478383370718044 
0.2436537789542349 
0.3356006776150645 
-0.004073072792863644 
0.4387651517692624 
0.3558286435168367 
-0.1817345540403853 
0.2929996259076287 
0.2528820579841879 
0.04945014413419364 
-0.7582833526622584 
0.0562788941319394 
0.5068807875660458 
0.008785472784310905 
-0.1031215541569717 
0.04750613240447755 
-0.3257876665833219 
0.05405307281501721 
-0.1463357929281474 
-0.05785101377933243 
-0.3469299288709541 
0.02210137372033737 
0.1814437656785802 
0.1861940387448435 
0.07151877383806314 
-0.1051303194756261 
0.03293396923406802 
-0.156149066060049 
0.2361708726654613 
-1.630664461271065 
0.2428242404944144 
0.688580934630857 
0.09519921474220355 
0.2483239531359443 
0.01345326421018627 
-0.007611901905030232 
0.1594751295499272 
0.04617447298013558 
-0.2859695957025404 
-0.4554983814656249 
0.07209432328660798 
0.0355478624115365 
0 
0.5204939033434367 
-0.08511525254732673 
-0.416609447391146 
-0.01449477059088158 
0.006776254699673089 
0.1309001797375588 
0.113888295906361 
0.08382535839843298 
0.08069401613641626 
0.6579919931720049 
1.161828996272769 
0.1723810751286521 
0.06694603552978724 
-0.02780749211323499 
-0.09853476545743699 
0.01387893724565023 
0.1988393784062356 
-0.05717948714212761 
0.4957869164175848 
0.01728517938090981 
4.131671963893266e-06 
0.001846668493641636 
0 
0.3135100134146001 
0.3014180535541967 
0.1406330901769537 
0.6539695668915335 
0.1114109027052926 
0.485627057134071 
-0.01141897089754633 
-0.6597341852226829 
0 
0.008023915202567839 
-0.4763274254244269 
0.07410941109110789 
0.1180397392017369 
0.07162869399454726 
0 
0.006205805258131714 
-0.22648378934198 
-0.7654777957488447 
0.08590268291990301 
0.01677050805619403 
0.1166586456785962 
0.1580937082478918 
-0.06363758915578734 
0.04638356817315119 
0 
0.5086136994336143 
0.05430953747062012 
0 
0.5701249710063396 
0.385351586345783 
-0.5269332343403721 
0.1158814578878484 
0.006344661862605498 
0.04641873992822994 
0.05137744825765716 
0 
-0.005391409285980545 
0.05538691623412011 
0.07208741595189511 
0.1648637629289311 
0.1902293143496331 
0.2530116227937683 
0.06292106881735404 
-0.3731222175418054 
0.4236406413492115 
0.5021671011210718 
0.177071942191915 
-1.60406508111186 
-0.05046405837604529 
0.09446093887347461 
0.02114066860316811 
-0.03852779096519235 
0.5121515542098103 
0.004574836000693399 
0.1974224271229768 
0.144919317572124 
0.08145545410626323 
0.01434181665654022 
0.9128994673257064 
0.7562909968837632 
-0.07282983672947449 
-0.01515246751934579 
-0.03639921579212394 
0.3075190983681748 
0.4532310406579617 
0.752198616083426 
-0.2574623307456419 
0.007545355583925203 
-0.06467956611736282 
-0.3746143632032158 
0.005385278198913116 
0.1230560871531735 
0 
0.0006462984090472491 
0.005538757075154289 
-0.3129210069983949 
-0.04670732087545472 
0.747445572103804 
0.07571245033336325 
0.09984420384939195 
0.01365706745457578 
0.05175785216927699 
0.3904584035267965 
0 
0.7416036853535598 
-0.1727175436453778 
-0.5546687124630747 
0.00965429597131613 
-0.03412944515408153 
0.01087199679382981 
0.5204240666380808 
0.005166202718688184 
0 
0.2321555329732946 
0.3502094455946181 
0.3395980313697064 
0.06860029089918149 
0.0157108693190278 
-0.01263156662443507 
-0.0710229087258564 
0.07036752580357288 
0.3775797770035738 
-0.5301956260914772 
-0.03663682612731747 
0.08005655076859981 
0.4124390898622484 
0.01537320105806787 
-0.0002066236522888271 
0.01285020024025595 
-0.006958668967592495 
0.06706675314966896 
0.3038673056991939 
0.01273888703261638 
0.04877569899214681 
0.01647859151746043 
0.3084889481212381 
0.3829769926030881 
0.1682960715934179 
0.8321117286179985 
-0.06619816370041032 
0.07433526460288516 
-0.1526423171233394 
0.01245324508789859 
0.005277275291497143 
0.02587751040234766 
0.1585033090983902 
0.1041699447335431 
-0.1933974628145624 
0.00898953439590933 
-0.05406441458751764 
-0.1367838282430307 
0.01016497463631476 
0.008086711756833979 
0.09752687675282663 
-0.05921347219832167 
0.4947307807688457 
0.3607843128408407 
-0.03913278204510726 
0.2958915525184684 
0.03827576789525103 
0.003215620058361352 
0 
0.006099767632927358 
-0.2328911913042893 
-0.00917794520703526 
0.1076944381222514 
0.1963771845720563 
-0.2265886685795797 
0.4216320271797426 
0 
-0.5378561779120693 
0.3794967456248771 
-0.5705042528402954 
1.286969080021814 
0.2810419347575391 
0.07035531767751342 
-0.04619326312572218 
-0.01297388421068946 
0.1056859332815499 
-0.342297009931578 
0 
0.1149008684842558 
0.007743574375322864 
-0.02018223437194193 
-0.01226923006657098 
0 
0.003931634356549636 
0.009791420407136067 
0 
0.4999797060167683 
-0.0009255979904321185 
0.06859712884498126 
0 
0.3473227176328203 
-0.03864015185140035 
-0.593097693042328 
-0.001055771892916241 
0.009185580984680312 
0 
0.06569520050584168 
0.02825395724278554 
-1.287811216413463 
0.01176976076246881 
0.04655160900970701 
0.04505334003998353 
-0.8028937535006293 
0.5231345016826956 
-0.2971330380637406 
0.3837368198312409 
-0.1877279667481419 
0.4165343586128167 
0.2509884842004846 
-0.0004467649730781438 
0.5575592459022332 
0.04461203100194119 
0.6048278112874611 
0.001152235025726503 
0.1181993839230873 
-0.01852958283056169 
0.09189785950162271 
0.3653065833283736 
0.1646579650161537 
-0.03035405380836584 
-0.0314387892426484 
0.4527579965634913 
0.1248997462006354 
0.0583679080684544 
0.6855019758419428 
0 
-0.475460656409637 
0.07147345267625028 
0.1231374122268588 
0.01664565209239591 
0.2260087389797903 
0.002451089107451021 
0.2155973963266378 
-0.03104486931866817 
0.2993951148988355 
0.05460380658575532 
-0.0008894903398363012 
-0.02121305720227915 
-0.03199154859189035 
-0.2112551309941465 
-0.02019403461647999 
0.08770581788734766 
-0.1996556375948608 
0 
-1.54209419879259 
0 
-0.5908144753870779 
0.02742057857711141 
0.1216544033290726 
0.004627753959101728 
0.2134833782929627 
-0.08816586647222799 
0.09600062146223498 
0.001580690606023636 
-0.06505488588871665 
0.07239363655717646 
0.017280523967365 
0.3037657839144641 
0 
-0.3984029723035802 
-0.01959654676570117 
0.1719447142544209 
0.2222514002447523 
-0.04974467017902455 
0.1110504505444308 
0.01941861792498677 
0.1310649938104783 
-0.1037583635144989 
0.02920662036658611 
0.02938918592790543 
0.08225231627187746 
0.1527064781237142 
0.05867536813458391 
-0.007259927652024472 
0.1658924017484618 
0.009986678461457668 
0 
0.0210141232724772 
0.3098457740874673 
0.6284081176312589 
0.3657884680469783 
0 
-0.03432562033199463 
0.0188232458165622 
-0.08865983337838371 
0.000124143076668978 
0.5781808327483399 
0.07967688523009631 
-0.3522755152872924 
0.3669006451675609 
-0.3709072843140456 
-0.02733036522746719 
0.1392947136068697 
0.09526153951642971 
-0.04277221811505499 
0.08391758848566919 
0.2042164834214068 
0.5079595499631133 
0 
-0.1417303494079139 
0.455458646080928 
-0.05297194488868419 
0.00677489629496664 
0.03563068718486156 
0.1687103978840625 
0.4282407471870813 
0.2293781955698287 
0.007392126000696951 
0.7946901642775289 
0.4298367263156095 
-0.1458179106710822 
0.1342073297186753 
0.01090771216921598 
0.4959523549253813 
0.3724425219902852 
0.5545985083704891 
0.1365767642018519 
0.1529539395048409 
0.3998135861516307 
0.03775811186637548 
-0.06198298187805439 
0.1735421775092075 
-0.01037190615040847 
0.007236281035562325 
0.4127117685653374 
0.06695357972611052 
0.02077716678847397 
0.1106487300661391 
0.05905589583465293 
0.003118497500894565 
1.000670647345002 
0.08774126442414518 
-0.01964178693219574 
0.7158573106445502 
0.3327303510986658 
0.3367125403635592 
0.01065468379132464 
0 
0.3252819558152 
0.7548095339232197 
-0.03885262727217417 
0.1798226290775033 
0.01591529174641417 
-0.2019395225674565 
0.01332658984124954 
0.04632245962162613 
0.01476412650278769 
0.04372273413068872 
0.5900277682402225 
0.1995705230194168 
-0.7279033866735737 
-0.01786695248551856 
-0.06736425540577153 
0.6175459417865556 
-0.0003224276632411728 
0.04845802579127433 
0 
0.0006079845191101234 
0.01977948242199853 
0.1037810624464672 
0.02437096916979556 
0.08643942783970597 
0.51495677988025 
0.2081268407628427 
0.2854329440985365 
0.004059609525849161 
1.253648289804543 
0.2824314122216142 
0.2167852919241845 
-0.03093086262666262 
0.3291204783982543 
0.01659805282881884 
-0.02861224474020977 
0 
0.2320647960662036 
0.5688754567870969 
0.3674861535478358 
0.008065215585569802 
0.007698722593635561 
0.01491258385833073 
0.106837778489769 
0.632139774357536 
-0.04632830023348515 
0.002946192892350006 
0.1731904894764191 
0.1235430483235437 
0.009283699747708771 
0.01609471710815915 
0.06335923189795746 
0.004779340853930595 
0.04793526515324532 
0.3031499933762179 
0.1990343470107773 
0.002603987839062208 
-0.02675175791098984 
0.3711657739726327 
0.0391256986821886 
0 
0.00483271281291464 
0.07517908670686343 
0.1081079150819906 
-0.03013385781100063 
0.1397283105561694 
0.276957116641335 
0.08485203041318015 
-0.06901696013055114 
0 
-0.0425033915528419 
0.0451964130714882 
-0.3093134177082577 
-0.02670114202339044 
0.09141626298641641 
0.233590211734057 
0.004574102281505292 
0.3044338994863725 
0 
0.008123555260142457 
0.06518878321539498 
-0.2919680935763384 
0 
0.01133086907394464 
6.276081240245885e-05 
0.6817915072516929 
0.008532377937503336 
0.02930277774071091 
0.06886548088730693 
0.5800148049657043 
-0.2255880007812988 
0.0167943680131041 
0.04264782314537838 
0 
-0.01209216323466727 
0.023017161740637 
0.4984258102459309 
0.0517571431896945 
0.3442430382765188 
0.8113988316432027 
0.2739118651939128 
0 
-0.02277577643118526 
-0.02852753250469919 
0.6953242581912515 
0.8519085464375379 
-0.0056979957086818 
0.6086881650007153 
0.01076247047815661 
0.07295745375937274 
0.03070217449178201 
0.0602362201703986 
0.08954331796732667 
0.04872777301722767 
-0.2950587299816987 
-0.05722729071987572 
0.006219413941089047 
0.006570938653578973 
0 
0 
0.6934549799214106 
-0.0349015244556518 
0.0002701887437388711 
0 
0.06099411459829623 
0 
0.1626712142855132 
0 
0.151302828523245 
0.3134754348411699 
0.4046380574870864 
-0.006613039740384824 
0.06226086858253931 
1.213527104041218 
-0.005605561435698762 
-0.1175126510079343 
-0.07422555158058206 
0.02467294836068303 
-0.02449289059319251 
0.07805694761208001 
0 
0.1314554774239785 
0.2849179184817958 
0.05892368152377633 
-0.3475078230008306 
0.07309619022010326 
0.09025324172849106 
0 
-0.01886321261271379 
-0.7966537870884741 
0.1475523430270296 
0 
0.1699497753675419 
0.07400321619834313 
0.04052449402646641 
-0.03187098406968462 
0.4168303530212908 
0.2965010125646106 
0.0004771061420107422 
0.1142813789339 
0.03528006234031388 
-0.07864142572817753 
0.1477362073673712 
0.02205929238777302 
-0.03305399991638679 
0.0359732807414947 
0.1947390659532802 
0.07648492818801295 
0.08899812910277299 
0 
0.07456108902150556 
-0.01447980985229347 
-0.003700029993369324 
0.05947574499404595 
0.2972877347905321 
0 
0.848716771288228 
0.1994615337740536 
0.02248321670574205 
0.2022661871421573 
0.2857882803045516 
0.003720484255220383 
0.07150603380795123 
-0.01638332451596313 
0.007411235591430494 
0.123014100935449 
0.2975236140938549 
0.1335785650086256 
0.3803227172837579 
0.05286517312724603 
0.00161340220970216 
0.1922296010618157 
0 
0.2464690992887761 
0.06464877345473075 
0.138374443027172 
0.7085604923285558 
0 
-0.1268435169708819 
0.2732338393601534 
0 
0.070247542651666 
0.5124329395120647 
0.09612234434577052 
-0.03098112147393582 
0.2876009299484925 
0.010841627840775 
0.03443689672918476 
0.1359057533718788 
-0.0350363149305854 
-0.1924037412663756 
-0.01246447840090567 
0.2488209601049028 
0 
0.415770938428198 
0 
0.4422727693039209 
0 
0 
0.04737971399854252 
0.5380667759679104 
0.1017799724817912 
0.3108638510362755 
0.1564661034108973 
0.06720652537039401 
0.1535833998276711 
-0.002298258615889631 
0.4968927248026752 
0.1175265083578171 
0.242569189095623 
0.01696545464096649 
0.4751674165669977 
-0.2059536999795163 
0.1539652688564853 
0.194782239544823 
0 
-0.7109350244499046 
0.03257707313102422 
0.03890690856140529 
0.005854230176315253 
0.02543551392775451 
0.1862561654427418 
0.0005445591817889127 
0.002123035126549877 
0.1770713559911994 
0.005757217244625315 
-0.02839110400818821 
0 
0.01075971673880124 
0 
-0.0336309635794564 
0.1003697891801788 
0.03501009761628435 
0 
0 
0.01461934351564088 
0 
-0.01796891835842958 
0.2465303853125973 
0.1149064780993074 
0.04643979710002327 
0.2346418694527667 
0.2694534197204931 
-0.5235678123804264 
0.3020680584516193 
0.3652507293924882 
0.0354867279849358 
0.0951803392355744 
0.04630250669664385 
0.01751067456855657 
0.3611949660019352 
-0.001131903793891405 
0 
0.007179758620197903 
-0.02565011865371386 
0.5252515217835066 
0.004900484382023192 
0.03059772449335144 
0.2273880961203126 
-0.002523037115975712 
0.1559061865797318 
0 
-0.04399782179314183 
-0.7776631226940596 
0.04720030389249143 
0.03821916499738737 
0.01719565987202814 
0.0007736954459349818 
0.06776434529458483 
0.01136643934751661 
0.04344385307614484 
0.3711352301719822 
-0.2037023330322799 
0.02579262663942338 
0 
0.1586850250234713 
-0.5003665917898924 
0.5989543128527 
0.290229636412619 
0.007024972529617361 
-0.03340363376218419 
0.3525218399847572 
0.1325383860277022 
-0.04037692514423442 
0.1789302220599765 
-0.06041577915874757 
0.01352319515610875 
0.1775207401628343 
0.3207517020772119 
0.1466197148732529 
0.2725529202296242 
0.1631949480581016 
-0.00585841003310243 
0.01975137245590234 
0.1168611749553057 
0.01734962139301605 
-0.005577745077347673 
0.3021115978437705 
0 
0.2189457708965801 
0.1832628862604627 
0.06042273823351651 
0.07577720262245408 
0 
0.1072258472735096 
0 
0.01841778946659272 
0.01352114094656905 
0.0499438472416235 
0.1114251232131726 
0.3123595775370434 
-0.004381193949907731 
0.1109417811026197 
0.7236625115576202 
0.3570496177631098 
-0.01731962222306999 
0 
0.08122692194350822 
0 
0.009512608994012411 
0 
0.05912511856370513 
0.4811662079568292 
0.664242402433137 
0 
0.06313061904492868 
0.01842503781559656 
0.07677324822895476 
0.7608965070237526 
0.0516775092107218 
0 
0 
0.02560967596853422 
-0.0190021790595172 
0.1041682861898388 
0.0784607621278995 
0.03539264647247792 
-0.006891866163893468 
0.01938763432008411 
-0.2723025820027105 
1.046792767498157 
0 
0 
0 
0.2484276485133146 
0.1721177553794413 
0 
0 
0.008507856283032002 
-0.4588220029810682 
-0.2007274105992982 
0 
-0.3119199470318328 
-0.03992248352606715 
0 
0.1443973004820243 
0 
0.0006842580466708817 
0 
0.1089492386046291 
-0.02308556866834886 
-0.03393947741982794 
0.1277202819887648 
0.1177962193629069 
0 
0.04811913482479561 
0.3123114537045766 
0.1518153702188966 
0.06502443665496618 
0.09326466212622618 
-0.008059922997457577 
-0.02941492338887698 
0.0139448627934098 
0.08719039080461868 
-0.03046747337830695 
0.006478519375605064 
0.3377839857610757 
0.1670878816451582 
0.07505884064297808 
0 
-0.01548498306449132 
0.5125481155671494 
-0.07718069437824479 
0.1498170101728417 
0 
0.3508662934997152 
0 
0.02395198618847049 
0.2454599364001802 
0.03488944620663183 
0.1120279139239999 
0.7741760126279397 
0.3882784526549641 
0.01024548926968151 
-0.01909236376742788 
0.1126648042489383 
-0.6682289710772087 
-0.02197316837895129 
0.001851388433091806 
0 
0.01914456493984448 
0.198645202364985 
0.01449165246201933 
0.08939745006645511 
0.04791316509443004 
0 
0.02789183397786594 
0.1304263628123678 
0.003420409419808789 
0.3188927100411785 
0.2880738656858429 
0.9521519144030445 
0.2638838713373572 
0.05170311113332289 
0.1123720027044249 
-0.8717650460725556 
-0.005836506133643622 
0.07475042404158969 
0 
-0.3916436033657916 
0.0293686798125922 
0.03044585466818479 
0.08511100832644111 
0.4027386007492342 
0.004148579705428622 
0.02173334358038854 
0.1505708569744239 
0 
-0.05618838072771735 
-0.1073542652083786 
0.09041289560259551 
-0.1050989960684907 
0.1650706545960114 
0.05363402615760279 
-0.5335731131440624 
0.1987466042094007 
0.1415978242085482 
0.005017627805395675 
0 
0 
0 
0.008771444331505108 
0.8438996410330284 
0.1104377846414537 
0.1868504660840597 
0 
0.2051293467028827 
0 
-0.03974603105223722 
-0.09794399211959674 
0.056948999001574 
-0.007458364950803677 
-0.5252405776593676 
0.08715455398283201 
0.0449881602713216 
-0.1655177577067427 
0 
0 
0.007525995710457455 
-0.001483530147112954 
0.3884345866606674 
0.001089767980990303 
0 
-0.005253289464527439 
0.06094104600735416 
-0.003493792633906817 
0.1032318009543194 
0 
0.02312228302827194 
0.003751163590876842 
0.04947298161185577 
0.03713965536890758 
0.3786047431442149 
0.5091984961907996 
0.001357313392597738 
0.1304750154334315 
0.1880448519433079 
0.0856721446916183 
0.3784854614424983 
0.06738488489666851 
0 
0.149747761334017 
0.0001071385871719798 
0.01213176821714308 
0.02975454111960647 
0.1892015644009887 
0 
0.06034129900126002 
0.02368443563974482 
-0.06026553520843846 
0.3233835838378866 
0.06672340726063074 
0 
0.1193701148571986 
0 
0.02326043557368157 
0.009379892993402264 
-0.04549743960652057 
0.01926428520278556 
0.01091952920572639 
-0.07841554968521362 
0.09210473460877114 
0.06516474178020304 
0.1904835403096504 
0.2253788019433771 
0 
0.1603189103615402 
0.120978651576639 
0.01779816514245849 
0.04792184298374829 
0.1349802096696266 
-0.009800224981022438 
0.04040570159252899 
0.01637311449624249 
-0.00479471693264544 
0 
0.09887539499506059 
-0.5781325231883425 
-0.686470128480741 
0.03872614573034801 
0.01862107200943066 
0.01093553880308558 
0 
0.1177789030238703 
0 
0.4324091523162804 
0.003666431327967933 
0.1185155342589856 
0 
0.2469212055711851 
0.02789563982633493 
0.5944396588416787 
0.05706736479827104 
-0.0452319490026913 
-0.1071809803227608 
0.05894517298522762 
0.07456825302083639 
0.07068697366161419 
0 
0.1138360693350452 
0.2314335614276581 
0.004726979362900494 
-0.03625429042249839 
0 
0.0261346609607795 
0.05168113988453444 
0 
0.273317211522171 
0.3700322515249716 
0.05896591818018542 
0.262689269643105 
-0.01742551710321364 
-0.02997267537414802 
0.1717332217618062 
0.1743162873376184 
0.04966311201519245 
0.006027518944877083 
-0.01496288426440426 
-0.03304971906162572 
0 
0.07570930554479485 
-0.01642552532384302 
0.07929769612650413 
-0.04899105582752348 
0.06919700247223544 
0.3295161829701573 
0 
0 
0.0974504454262152 
0.1621056024169374 
1.169595890115658 
0.0678940930568923 
0.007872270979236056 
0.04000905115757612 
0.07599347091135435 
0.004497833240483457 
0.03778329754704049 
-0.1655118850880938 
0 
0.006947015953042103 
0.07460728961463889 
-0.02439210589381094 
-0.0905422562151936 
0.09301655995823986 
0.2753956745967071 
0.2291031180383137 
0.7101172973263367 
0.05932763544289192 
-0.1397041718727785 
0.07403668618504039 
0.300017472039716 
0.00705024105043832 
0.05566388526815523 
0.3502608700204146 
0.04112023283277464 
0 
-0.1459199961128288 
0.1549673435398413 
0.02830807326182074 
-0.02723486882839268 
-0.1521046777028046 
0.0638927010588996 
0.1076375594921147 
0.1703775607427322 
0.008819370173756906 
0.9733903498481455 
0.4216234927266295 
0.09319308143320067 
0 
0.4460826769706615 
0.5195674124752848 
0.176752601929748 
0.41330954072378 
0 
0.02076582800999518 
0.03682980676520931 
0 
0.01576530011059778 
0.2722137170744629 
0 
0.3608509376084734 
0.09383750719437854 
0.5836259221660419 
0.4247976550547459 
0.5307516578060538 
0 
-0.08110914658977232 
0.05171264703978826 
0 
0 
0.05790829645375514 
0 
0 
0.1037871777162374 
0.02919174079092418 
-0.2694028491544364 
-0.01978170897146742 
0.01826584905378642 
0.2411494484177316 
-0.02159157708027115 
0.163148045540397 
0 
0.3671893532809921 
0.1025094922029691 
0 
0.0007815969499764573 
0.3234381762082143 
0.01344681189848273 
0.04520077523415347 
-0.2430564831429096 
0.2990197049827075 
0.1927298293548081 
-0.01525431277833309 
0.2690385917995252 
0.1875229368146812 
0 
0 
-0.01338924815619148 
-0.1779085815043372 
0.03822439344571885 
0.07606342884042473 
0.00601394462489258 
0 
0 
0.005042060021021612 
0.1839076819157947 
0.001947360231287617 
0.001243540870372178 
0.104484263789726 
0.1412829945269705 
0.3245786026018623 
-0.2081884666388417 
0.04590395528754886 
0.3425072649966851 
0.09390120117932091 
0.01024734457942083 
0 
0 
0.3812248766751917 
0.7487513627315892 
0.004987539420660637 
0.314418822717613 
0.2929534448663564 
0.01650664611293077 
0.000239591382336551 
0 
0.1492877322692412 
-0.02218452927807581 
0.01324442565183521 
0.2294104877116325 
0.07836805028744981 
0.5881076493929415 
0.01866549567794807 
0 
0 
0.09054371084875917 
0 
-0.006322509003444348 
0 
0.0005448629289812061 
0.0005845610598580033 
0.3507166144980495 
0.0005781646637065019 
0.2896732705256311 
0 
0.02402029451955234 
0.3945855604893416 
0.01068664531016075 
0.03022155365738969 
0.004001096138878267 
0.2523443918517988 
0.2369956871529276 
0.09335494191983654 
0.13719564481609 
0 
0.2419483882234738 
-0.01312853510053921 
0.01531511289137593 
0 
0.3185597599839259 
0.4499150209576451 
0.5706263379180725 
0.01512579285724705 
0.5038282616838654 
0.003357911735571002 
0.007213467382383632 
0.0224203205163844 
0 
0 
0.1661410968030531 
-0.147396503069593 
0 
0.0164573069294734 
-0.2851225844803583 
0 
0.1784845011405514 
-0.005409040304191148 
0.04591664144646958 
0.4755568953510415 
0 
-0.02458742886686469 
0.02128792249680588 
0.1012618153150594 
0.3274267061345448 
0 
0.0950925161342886 
0.1270365003366471 
0.12877023297136 
0.006917284002605023 
0 
-0.03633219416668359 
0 
0.01287275736023544 
-0.2888367812661796 
0.009116568532199446 
-0.01711745989910856 
0.4180860530775605 
0.002434950794023567 
0.4293906207379365 
-0.002431898320485367 
0.2570100760879607 
-0.08462156076094639 
0.01360807499036425 
0.3974023381887979 
0.1503361881652886 
0.4127881691287005 
0.3816253308124719 
0.08267623849426149 
0.07581635713962377 
0.03608475633619954 
0.005573259308935839 
0.01106626129211266 
-0.1226769520399389 
0 
0 
0.001980169164880139 
0.04495214587527772 
0.5965998419611894 
0 
0.1533747342701953 
0.1660734135813758 
0.1041704832075446 
0.02365077159266128 
0 
0.1214220755640232 
0.01326013467578223 
-0.02565339494904743 
0.215755450678892 
-0.02749770568192283 
0.03271876070526605 
0.1411002225088391 
0.2215279632381732 
0 
0 
0 
0 
0.1197035433285288 
0.4703298930903349 
0.2748636905777971 
0.01433576677171522 
0.01820180347414753 
0.7235964313809798 
0.1749387888931455 
0 
0.01683697604578631 
0.1208057469515792 
-0.07394561992182869 
0.1327091037241084 
-0.007629096833411798 
0.2086805043864938 
0 
0 
0.2718360153023039 
0.2127406008863589 
-0.00572654411169158 
-0.03321846586500478 
0.1089910591511664 
0 
0.08483161877511822 
-0.00568788084510006 
0.121422869258287 
0 
0.7078677989226989 
-0.002132319810821456 
0.1048196993132626 
0.0004588197476862999 
0.02154210709578053 
0.006652103171413442 
0 
0 
0.2283778716375071 
0 
0.4200050654393416 
0.1072604950578097 
0 
0.01116045833171209 
0.1444945915286864 
0.3469932370217922 
0.005086310858960871 
0.02134687214599558 
0.004731845369101135 
0 
0.1802645023595252 
-0.02193810590926816 
0.04311440879758356 
0 
0.3126971553382686 
0.1455598259097262 
0 
0.005000165912801488 
0 
0.4266108095959463 
0.01640655233725079 
-0.008731568238163557 
0 
0.01138353984682564 
0 
0.2111532768794842 
-0.01491266647807802 
-0.03527244972045043 
-0.0139464978390163 
0 
0.04724662184488092 
0.3528931596604032 
0 
0.239800785683557 
0.03219375722797235 
0.01131844669520828 
0.2079573934780013 
0.1137350135922941 
0 
0.01612000267516477 
-0.03492957198409131 
0.175515653866812 
-0.01583345366730061 
0 
0.07569882949663699 
0.01565749178855443 
0.1062970385353474 
0.4650284748022423 
0.0301213125093677 
0.05480411441334099 
0.2083144590920361 
0.4437935505218305 
0 
0.3213929740400968 
0.3278473400950246 
0 
0.39491033459199 
-0.04158887202589525 
0.54638232131426 
0.5408560345803126 
0.009382537719699553 
0.07454120455140636 
-0.06217155773739248 
0 
-0.03101582406173278 
-0.01815936874685512 
0.009826721528428419 
0.0002358877665330746 
-0.009871996811273332 
0.08810416614193148 
0 
0.2534622572969889 
0 
0.01763316622260189 
0.01981994829250967 
0 
0.09476446049277781 
-0.006615928638163336 
0.06991366556175772 
0.06989260081107848 
0 
-0.009482674524211563 
-0.004094487850577122 
0 
0.0893277790642493 
0.09156623744675171 
-0.2892412522633573 
0.03130690589210033 
0 
-0.02296539345981766 
-0.006845656729709507 
-0.02930587998518356 
0.0252775923749339 
-0.008997358616384007 
0.09527696982578071 
0.03782550904784324 
0.1104426345825603 
0.05121619767177939 
0.1654240489434491 
0 
0.09992601443352334 
0.1724732278736956 
0 
-0.0001893943794667469 
0.1292063820440117 
0.5976380894517208 
0.1430953917319378 
0.08104486138931206 
0.1087544372420897 
0 
-0.1305566408467089 
0.1475476297130531 
0.2562625229495825 
0 
-0.2101260183861376 
0.01992653670957867 
0 
0 
0.01017785241221811 
0.05041647959848428 
0 
0.1229319517619608 
0.1238413418904968 
0.1084586808372292 
0.002823347472579683 
0.3141978805545386 
0.04726311080620393 
0.07285474894249126 
0.1622078358780863 
-0.006283400901190988 
0.00732807606695949 
0 
0.2503150855780368 
0.004223385633420583 
0.2502581308236171 
-0.03148739850946311 
0.1468060946491633 
0.07160421546459653 
0.05197120481489657 
0.02459482905075243 
0.2901497222240692 
0 
0.01204756473918518 
0.5718524392214069 
0.3904147382163035 
-0.09364275273803681 
0.04235376011330855 
-0.005924495486346716 
0.3781267055498196 
0.04142986583926015 
0 
0.01297404540719414 
0.1839401543237223 
0 
0.1900187449071306 
0.485004970679599 
0.08754244207405634 
0.01727784681530019 
-0.07215548390717932 
0.168552183499153 
0 
0.1652717273467963 
-0.0210281930377255 
0.1220763733948788 
0.4425020425636336 
0.04738768665771774 
0.018057555547434 
0.001922158963675591 
0 
0 
0.01664007454335126 
0.2845934449835664 
0 
0 
0.1732121219401333 
0 
0 
0.08201561631102663 
0.004148569270599864 
0.003258537428273874 
0.03294330087535118 
0.0152396727447726 
-0.07013078246014079 
0 
0.03465176644141611 
-0.001056029392292637 
0.01378071048690126 
0.01305314559856467 
0.1631850400561874 
0.03880165850969564 
-0.02254172857682266 
-0.1304011843828327 
0.04815551396637684 
0.01150293676359875 
0.07103752940742268 
-0.06040971213747828 
-0.006934703839759473 
0 
-0.03420105315997224 
0 
-0.07410059488228364 
0.08570861828698836 
0.008617367575931401 
0.1822684680276716 
0.271085618922884 
0.04688595205335701 
0.003244150480051236 
0.0158893737645913 
0.1057766875704624 
-0.02470197175434705 
0.2370532976375375 
0 
0.0369195001468716 
0 
0.02362502450914138 
0.009792300989756801 
0.04063618186159723 
0.004549276389943806 
0 
0 
0.105687124931256 
0 
0.021301429378543 
0.03300806962731628 
0 
0.03006923571674294 
0.007587094854818801 
-0.3320314853418599 
0.2648331940496113 
0.5168146566054566 
0.1106911506718027 
0.01323193690054062 
0 
0 
-0.08691454231833531 
-0.4061277364276439 
0.5920893031289716 
0.0006933120870524011 
0 
0.2297572083173968 
0 
0.009615848186273911 
0.3996213909775404 
0.01770922481428481 
0 
0.05850359913303162 
0 
0.01827761641530076 
0.1418876072727945 
0.08021201812899426 
0.002599495882119045 
0.02309262377421546 
0.1282674921336844 
-0.03235787595448519 
0 
0.09512788100938446 
0.03157779651465168 
0.2457414229430535 
0.4076627845572043 
0 
-0.03867458203900229 
-0.1725613112664125 
0.01520628775959718 
0.3930711368450213 
0.005925348484284166 
-0.06592560486620486 
-0.1347976152031184 
0 
0.006131937430701426 
0.2226208019732989 
0.2384638091902917 
0.2993202479171121 
0.1157258165859042 
0.00369233663903381 
0.01783995916765513 
-0.1054519208821246 
0.06318904175644247 
0.1299602514091597 
0 
0.003972595064007175 
0.2304387071982784 
0.04559174230925112 
0.2746850725093314 
0.3863570946455315 
0.01778062923125915 
0.1283574274163041 
0 
0.01559824879629158 
0.1667753674385552 
0 
-0.8310382591122694 
-0.02527785862390574 
0.007012324719833152 
0.02826697563335179 
0.132548023335502 
0.5732994844698551 
0.08292606352358076 
-0.007936657728557795 
0.8385448183898796 
0.05807996627364261 
0 
-0.006625308655448916 
0.007523816325889003 
0.2110512628213243 
0 
0.03669110087105522 
0 
0.005493701562598974 
0 
-0.02652736758572033 
0 
0.3168372022765381 
0.09155852307288288 
0.000341248280395628 
0.4084122705974729 
0.01201260578819528 
-0.02860974326325592 
0.05968379637779473 
0.8899043382718506 
-0.07240986345543871 
0.009653454976359556 
0.005166328903094183 
0.02648053490252559 
0.1411067592716904 
-0.1515761880182439 
0.1062413075873769 
0.1232539779299669 
0.003894828514420574 
0.01098553637815157 
0.382029792373474 
0.1043294346499482 
0.04689853627326872 
0 
0.1843618485051957 
0.07864748828201833 
0.005129322647432311 
0.1093688374250863 
0 
0.08750065245497779 
0.003386818010471798 
0.08238132862372451 
0.01989467286788187 
0.3247137892154222 
0 
0.4024961257816695 
0.009209276195609094 
0.00278536878749911 
0.001188474476748181 
0.1968519479579453 
0.0213191223072709 
0.04351584610653157 
0 
0.02967678945886861 
0.01139793333080527 
-0.006230370301814162 
-0.005933754257136652 
0.004770341471957099 
0.1833303332485851 
0.06210331804866354 
0.119956032611106 
0 
0 
0.5031370765110783 
0.1205714335677895 
0 
0 
0.05818779897628013 
0.08801277090743745 
0 
-0.6071370282792936 
0.258808086491777 
0.1688194195012818 
0.06181088026761076 
0.0108601178034737 
0 
0.04243240737841075 
0.08811230225690121 
0.05444759551291722 
0.05129821134221805 
0.02188197280037414 
0.1469988608980938 
0.0193050386506252 
0.04485920000311518 
0.2482543922105356 
0 
0.0508765792373868 
-0.4007485241892758 
-0.004036084819119417 
0.4101172231981691 
0.02506245307649016 
0.1709928425407084 
0 
0.09098863648460338 
0.01644063449880838 
0.3422031892521732 
0.05727222209091928 
0 
0.4032896854780916 
-0.003416238068793442 
0 
0.08239425815632413 
0.03120482522221225 
-0.0514153623353544 
0 
0.05462752590799744 
0 
0 
0 
-0.161665994720145 
-0.02186057089745032 
-0.06017374478917205 
0.005039410218859064 
0.04115822085859482 
-0.02468930912390366 
-0.05093557239324274 
0.6596992026828763 
0.1635371952834112 
0.386873743767449 
0 
0 
0.1191958189409707 
0.09964435022524862 
0.003865203266002502 
0 
0.5844026846636553 
0.124780009116444 
-0.01510353857500978 
0.004975937458105926 
0.448702384902008 
0.1824676628173976 
0.2757390362533794 
0 
0.009761312926120595 
-0.196117896656718 
0.06404932121332854 
0.04076504441395368 
0.01365866752295884 
0.0002454880194542165 
0.1101824713089574 
0.1255436148874482 
0.06212548272274115 
0.02168038081053519 
0.06781405853351097 
0.170685819246689 
0.110930845162332 
0 
0.04666790498748093 
0.1116336522087457 
0.0729528756651264 
0.1843953781358962 
-0.1087142985274759 
0.02492153187535541 
-0.006509784467319625 
0.0332103628100307 
-0.0536460899288151 
0.00755441276781957 
-0.0753387367464599 
-0.04425679037888383 
0.017071321232163 
0.007308449636732058 
0.06151236449804252 
-1.518723396698559 
0.02755006309294066 
0.6297460070915279 
0.03191251014308721 
0.07558444187121044 
0.03199132686168023 
0.4576646195225855 
0.1691349526415689 
0.09998544867697204 
0.1490050020700736 
-0.008947839954846345 
0.1963947007429732 
0.00237758324523814 
0.04893616882582148 
0.2955742223421285 
0 
2.09780308781491e-05 
-0.04923318556802836 
0.5334237732930894 
0.02309419390683517 
0.1621368015496764 
-0.08186361377140584 
0.06460914585774534 
0.06526079168622347 
0.1404709243737837 
0 
0.02257815045619411 
0.0847765951391278 
0.01079367569314553 
0 
0.02310382598566744 
0.2478129888763839 
-0.03270650023745512 
-0.02026144540827572 
0.1974806839540756 
0.1641592893438272 
0 
0.1018019762459438 
0.06894003374884021 
0 
-0.0789171240526074 
0.04070603360948104 
0 
0 
0.02904296488818294 
0.1058704998537979 
0.4793287740985217 
-0.02707904776955897 
0 
0.06635962632554683 
0.2577533326993729 
-0.01217302612898208 
0.2079667559857285 
0 
0 
0.003132453045037419 
0.1416153366810751 
0.1995940216312068 
0.04247474443219914 
0.03486882519394981 
0 
0.03956452034927847 
0.04354050719257167 
0.269085300618047 
-0.2276335742282453 
0 
0.2470290743599779 
0 
0.03545600484833126 
0.3050209319651488 
0 
-0.002197576221042092 
0.5830311912343074 
-0.0238240970951688 
0.005482796646672458 
0.03718120954903111 
-0.02192225252866585 
0 
0.4115358049421241 
0.2629280079278087 
0.2992567268098345 
0 
0.08259239000538574 
0 
-0.02558817792601602 
0.006351693984726911 
0 
0.01286428777223728 
0 
0.2955541368535225 
0.04509048133569038 
0.001417261087574985 
0 
0.2696479379885349 
0.05493945518317551 
0 
-0.01079560062826803 
0.07257886990134671 
0.2258981544004457 
0.08571175535246117 
-0.02806207197504888 
0.1229627102170811 
0 
0 
0.08410559249509575 
0.01375072780437569 
0 
0.148843470123162 
0.005495358259188242 
0.02319657160126515 
0 
0.2096154847444534 
0.02829702960281227 
0 
0 
0 
-0.02843197289930774 
-0.04668245745060735 
0.6539747394265232 
0 
0.04618765114653374 
0.6880490001211766 
0 
0.1272228181906951 
0.7260428804529414 
0 
-0.02560351836652082 
0.01537237754631321 
0 
0 
0 
0 
0 
0 
0.200009770276435 
0.08620241905001941 
0.1820791128928236 
0.2716464453357903 
0 
0.03463078694247821 
0.01213294619143465 
-0.0009385007280695594 
0.03691598424522902 
0.1702088427104196 
0.05685493192867091 
-0.0586198775733035 
0.2776847586474355 
0 
0.276710808008407 
0.01845909956232795 
0 
0.2388358311651578 
0.01140848655402119 
0.00983436001825313 
0.01741200406309094 
0 
0 
0.3100409303101564 
0 
0.01285644936931522 
-0.138927918483591 
0.3140714162293508 
0 
0.1189005325917235 
0 
-0.06838480302155529 
0.005247499790023737 
0.04422205459911072 
0.3470899795473159 
0.06049368831044172 
0.07743035936539454 
0.09220198498325556 
0 
0.03097112648791773 
0 
0.2665652731237532 
0.06341727870467734 
0.0737972018423 
0.01325835386230072 
-0.105088367327884 
0 
0 
-0.1035276080782043 
0.07297082887842 
0 
-0.100577668302863 
0 
0.5680430396572329 
0 
0 
0.2645605790913423 
0.07334749689339869 
-0.00115513167368358 
0.001326048615047712 
0.02441849886748268 
0.005048187782942248 
0.002431952973071656 
0.1474792036973451 
0.0686534624176233 
0.2415128278976354 
0.04054150342250908 
0.1424368951778736 
0.0005430207764351109 
0.08923289607895575 
0.01818777265189619 
0.0625109093985084 
0.05238711967695611 
0 
0.07155828192021765 
-0.004677164682522595 
0 
0.1279105590179163 
0.2795117946429714 
0 
0.1001811844022135 
0.04457143420225092 
0.01810964089683512 
0.6993174578474345 
0 
0.01685393260222341 
0.02929135476829113 
0.004738672954775251 
0.1332611820128836 
0.1696332053198177 
0.003189552960308662 
0 
0.01153683986504756 
0 
-0.03483339288850606 
0 
0.004225435687682099 
0.08536779929500879 
-0.006445687941086783 
0.001396730687123927 
0.07170396223076654 
0.2278958897829377 
0.01935417878348172 
0.1656208247497564 
0.1015209817316438 
0 
0.002084617599109602 
0.01617467756687412 
0.004840791755547129 
0.2406479851793255 
0.6546627291041672 
0.01261132816151352 
0 
0 
0.04402036372030521 
0 
0.1624652489982824 
0.04049518092920292 
0 
0.02157270611995511 
0.01492914057536032 
0 
0 
0.002221009519184108 
0 
0.004417367026927277 
0.6135338197706334 
0.01447343419455646 
-0.007642355289346378 
0.0001087256118850067 
0.1442673711511872 
0.4438982437968643 
0 
0.5657320590402288 
0.04847006272733616 
0 
0 
-0.07823308731475273 
0 
0.3470003524513709 
0 
0.706875383721469 
0.05227571962777511 
0.005565618321989585 
-0.04063177099118929 
0 
0.002839189520334004 
0 
0.8636487818990904 
0 
0.04423803993646443 
0.3018793446293522 
-0.1761862076850643 
0 
0.03036864591578663 
-0.04658649678694503 
0.1883696014798872 
0.0612645908382692 
0.1033408620762685 
0.007684536639247453 
0.4318007302680138 
0.034712072557746 
0 
0.20432594979859 
0 
0 
-0.159067052139795 
0 
0.519899208677173 
0.0188030894666538 
0.09735540521454147 
1.007247607086257 
0.01580561733558345 
0.3393456913113914 
0.4764014303808211 
0 
0.1830284201326406 
0.09686034686439376 
0.0841744573480402 
0.08128633869315378 
-0.05442869959484091 
0.09989415415054223 
0.1404859065418958 
0.01114828473611458 
0 
0.6064437256258739 
0 
0.004109441045118551 
0.1155693932747189 
0.2400054997912599 
0.5862118442647949 
-0.01519516098143143 
0.06210188245337006 
0 
0.2357137726593314 
0.01220945964863871 
0.03828576024763981 
0.002296922819450901 
0.05253413221059841 
0.01211234031689182 
0.03501100671270017 
0 
0.112850740156085 
0.04147648886375787 
0.04648511472153311 
0 
0.01439090831192621 
0.7268980650010248 
0.241321515543472 
0 
0 
0.04023599348409092 
0.06426676074863387 
0.02917399486248869 
0.3552758411777486 
-0.0522176920300596 
0.1724600550095931 
0 
-0.01060987214942711 
0.0001968275016446277 
0 
-0.01569926768685157 
0.009152048576565227 
0.03684000709257616 
0.06345064618862781 
0 
0.0538907339310393 
0.1450986817693716 
0.0808801391391723 
0.003409995147962834 
0 
0.2243781867190882 
0.01217837272820493 
0.0013128927289516 
0.3286784796789654 
0.5676831015892537 
0.3131384808442386 
0.02627578465838236 
0 
0 
0.00504422475861713 
0 
0.0009090536334048826 
0.07580666466875526 
0.1075310847465759 
0.05890072964968081 
-0.0235550403263562 
0.06305807215051641 
0 
0.1261267950794638 
0 
0.1730684320861408 
0.4588065479898942 
0.04278381975844786 
0.0005038855164715348 
0.008625440439235977 
-0.6425745547949016 
0.001488614479422214 
0.03547288888056535 
0.04846039753988368 
0.3814839302291458 
0.3116145658053751 
0.04074084590858093 
0.07487052311864818 
-0.006697681226204719 
0.0201834409317869 
0.01172252794967554 
0.06564959725487095 
0.06446055389169041 
-0.02383969364206625 
0.009287085477232608 
0.02432503306728613 
0 
0.001923622700968751 
0.008718502469072194 
0 
0 
-0.02080576393647795 
0.005391514334461849 
0.01002573449109394 
0 
0.2539877422267335 
0.04584517681054039 
0.1287694426170048 
0 
0 
-0.01974759985907983 
0 
0.07638570737200599 
0.08348259549715012 
0.2176382988764797 
0.1699224260942651 
0 
0.1819379459393893 
0.3402781531650771 
0.2009111763454642 
0.1211535282440514 
0.1352451935428398 
0 
0.04096462398203053 
0.16346872608253 
0.1539350592721928 
0.002752713734840925 
0.03030969116942558 
0.01891634113762641 
0.6592155387335138 
-0.007368999639823267 
0.1185225714846264 
0.1966982909458399 
0.2244023838004932 
0.1780695398584355 
0 
0.02373953824576903 
0.008956772529219441 
0.04415890098963497 
0 
0.00798454877636354 
0 
-0.004778691179624869 
0.04553987681718268 
0 
0 
0 
0 
0.0789686954155386 
0.05244081358491545 
0.001983142948573469 
0.008948983439588325 
0.03378331316563026 
0 
0.02986373677253196 
0 
0.03618153563297914 
0 
0 
0 
-0.02094849898010361 
0.005344225546231401 
0.04784071408035842 
0 
0 
0.2429180411674637 
0 
0 
0.009631356291298502 
0.01569402376211081 
0 
0 
0.01676637930229686 
-0.002002951581589584 
-0.03739227792219896 
0.02435361206078327 
-0.06382546406314021 
0 
0.1570501383937589 
0.6943514904695416 
-0.06080305197155306 
0.1496781188485403 
0.1042871063035677 
0.3676123898701875 
0.03037832941325862 
0.3186174028115762 
0.4412739318132378 
0.3617327010137767 
0.1236038911282967 
0 
0.3585491181521386 
0 
0 
0 
0.100053057176372 
0.6929436426149885 
0.08896198951351279 
0.2323057018239544 
0 
0 
0.1455036408095106 
0 
-0.01212011685918964 
0.2447698510863052 
0.05056010618570517 
0.2258137784570977 
0.2528889643117704 
0.02152219153502948 
0 
0.002825745724436782 
0.1646000324454331 
0.002117396585105754 
0.04101135324973677 
0.2788144920451872 
0.6586844607420884 
0.06863926289385579 
0.01013529431254225 
0.01153400280700147 
0 
0.645022727410042 
0.01708770970656719 
0.05566242380650806 
0 
0.02637924291926314 
0.01058455192826357 
0 
0 
0 
0.3474777688566292 
6.596869614521681e-06 
0.01523460551432462 
0.01736597396494531 
0 
0.03370528675919864 
0.07241955501193188 
-0.01736332909647816 
0 
-0.01884413407207616 
0 
0.1507653256645854 
-0.06019671031510807 
0 
0.1535108586389917 
0.08687020579598627 
0.4227061814386749 
0.2827157182776178 
0.3461705632575329 
0 
0 
0.2899944895421598 
0.1625606432429788 
0.01234620087294761 
0.01584490321142402 
0.0921402652578812 
0.1344327799315338 
0.03111703986710236 
0 
-0.008020457407888754 
0 
0.1335959213653313 
0 
0.1554639797901863 
0.1656757086477443 
0 
-0.01058439575535763 
-0.04647480703366325 
0.1189022410785827 
0.08379204373559029 
0.114020151509601 
0.1690232504320527 
0 
0.012540419511031 
0.1739876481568382 
0.3888962521552561 
0.03459038942520025 
0 
0 
-0.2025671007330016 
0 
0 
0.06574398594335523 
0.01395833742876666 
0.1719256828785504 
0 
0.01588945981940905 
0 
0.5336392105876098 
0.1000051408836087 
0 
0.1250642660986437 
0 
0.04687366300403063 
0.1080540480538307 
0 
0.1374464981666877 
0.03753348671202836 
0 
-0.002477480859519383 
0.01700093968160187 
0.003391226520533709 
0.05414314746308027 
0.005345737215994275 
0 
0.01465780870655336 
0.1253470862817658 
-0.002596422643302451 
0 
0 
-0.008473073827187063 
0.6378172681457863 
0.007170965409812479 
0 
-0.009441025308989005 
0.06067165534616412 
-0.5063065114212507 
-0.1417275097186711 
0.03992558727227666 
-0.182325060510983 
0 
0.1491403909482012 
0.2679846171876374 
0.3205342837787645 
0 
0 
-0.003670991500276314 
0 
0.485220663758051 
0 
0.05660073776094506 
0 
0.01587597165827776 
0.03131238998035651 
0 
0.01918462521943723 
0.01172879387358339 
0 
0.5576175259740417 
0 
0 
0.01184855686529204 
0 
0.09977580973593758 
0.01377699874993138 
0.1770722371030548 
-0.005986825965415249 
0.1089914089329312 
-0.03351847620135108 
0.5208048853436946 
0.05481392205177663 
5.687934152101073e-06 
0 
0.4544638165415389 
0.4923238758829852 
0.09511068863902998 
0 
0.5486014903386913 
0.2474090021224017 
0.01543033292855273 
0.07670015285632138 
0 
0 
0.05429099735096078 
-0.02615177466557936 
-0.02141233048403512 
0 
0.1079754985070148 
0.03085241875945326 
-0.003769509013298822 
0.01409414105474129 
0 
-0.1053587966720141 
0 
0 
0.02020390133314386 
0.1303314128356564 
0 
0.0238282536921311 
0.1686703736123964 
0.4902674297986099 
0.01136414276557971 
0.1309990630658321 
0 
0.1746595723273236 
0.04304238755939095 
0 
0.4025088529689521 
0 
0.06931548109323768 
0.06722302447331943 
0.4222192306789159 
0.1762726097254857 
-0.09179452335469244 
0.03958864095380214 
0.05964055201557543 
0.08959159039948401 
0.01253028207522437 
-0.01500717385208292 
0.08725260623168124 
0.02042748406253578 
0 
-0.5833301608991798 
0 
0.212900232030489 
0 
0 
0.08610266954197364 
0.2561665037143997 
0 
0.04726801747655812 
0.1364943328894589 
0.05218471586873524 
-0.007750415941810177 
0.06177680292333104 
0.02857133858459113 
0.06156197555984442 
-0.123384045470599 
0.2517691986667935 
0 
0 
0.5151102609333497 
0.04902963012824918 
0.2656394243900411 
0 
0.03535006846660053 
0.0004445612760775317 
0 
0 
0.06448522534268324 
0.01402506468835582 
0.003089161510263199 
0.172264887667765 
0.6252706321353715 
0.1452028200460543 
0 
-0.006755851808946201 
0.01420482736284169 
0 
0 
0 
0.09556976006097277 
0.1041006468092552 
-0.05557946053379872 
0.06067795180410676 
-0.03719809257630128 
0 
0.2055433280030774 
0.0507897077417855 
0.03860818280382741 
0.002179348679929058 
0.6156365797777817 
0.002396196374415328 
0.09898413472718358 
0.113755013679417 
0.004989926283505094 
0 
-0.1507738762635943 
0.1175564442208851 
-0.0002264032469577272 
-0.02006835383855675 
0.01647898744592229 
0 
0.08500445658026236 
0 
0.05819314669245377 
0.06212478822682749 
0.03089020310110558 
0.4671293133662372 
0.001299221349325636 
0 
0.2496579633698042 
0.7522998531792014 
0.01288466707892531 
0 
0.2946298372954122 
0 
0.08779403880435578 
0 
0.236685973540477 
0 
0.2783374087014204 
0.02331624820825287 
0.02578324077184362 
0.5191423551872129 
0.003635374988920689 
0.1417317448556543 
-0.08637989082462577 
0 
0.04204142787300862 
-0.100728259520736 
0.0669012536812342 
0.06726385880640834 
0.06814175362716739 
0 
0 
0.09962876499264324 
-0.02127295958001678 
0 
0.0008583206642689467 
0 
0.1809042370827254 
0.01270779123013845 
0.02591040113569442 
0.05973452282389904 
-0.01483449256373885 
0.078558244112305 
0.06569526497748869 
0.1543467098822399 
0.01330869255272485 
0.1795741452695578 
0 
0.01691109298033852 
0.03316663734032503 
0 
0 
0.07606924239235986 
0.02428158809516769 
0 
0.1642944602339227 
0 
0 
0.01492180694434215 
0 
0 
0 
0.01828438581256436 
0.0713947181814016 
0 
0.09187845426455105 
0 
0.1358481611790258 
0.0338588124055179 
0.08770050630709346 
0.3083568515285465 
0.05142428283187536 
0.01012495366840062 
0 
0.01789054221053332 
0 
0.04713473457920781 
0 
-0.01253439367518528 
0.005942727656170392 
0.013929151020826 
0 
0.02844077752029733 
-0.02535690456865087 
0.2158330362476782 
0 
0 
0.008932653478711351 
0 
0.02678990833911295 
0.3976811726375842 
0.2329244036513775 
0.00177564932023544 
0.01653071576531502 
0.02871063583666825 
0.04445125810696735 
0 
0.2136320211121995 
0.006990432032044684 
0 
0.01424503471136156 
0.1127836775259277 
0.340539115722822 
0 
0.1266505162093936 
0.1160017323788192 
-0.07406518644924671 
0.08183663620150346 
0 
0.06711234070574429 
0 
0.07689741590509336 
-0.07666828171545416 
0 
0 
0.1440258017932145 
0 
0.03716611362558624 
0.00213764685682011 
0.001063712081638096 
0.025515656188141 
0.1643136271885468 
0 
0 
-1.129963827851664 
0 
0.001937268068610978 
-0.01830280730888778 
0.01610778824774019 
0.03685831562277747 
0.1268885152726669 
0.03541360454883345 
0 
0.0187764050558235 
0.2066746998231369 
0 
0.0153879446658395 
0 
0.01529140736713773 
-0.08789670283335847 
0.04226391445235173 
0.02004575414524316 
0.3555608265440552 
-0.002080175112736449 
0.00397461428686059 
0.02683044408415903 
0.002400900972743529 
0.154910862619199 
0.1019712560024863 
0.03612472689708234 
0.004933093396237806 
-0.002822162781676105 
0.07595428130950801 
-0.009900491485888105 
-0.007339729091777655 
0.007065528866409446 
0.1085041971077021 
0.3517782798986588 
-0.009876694611750749 
0 
0 
0 
0 
0 
0 
0.002917253811243315 
0.02831174813213767 
0.034187448852957 
0.01375616559683337 
0.1039908558788394 
0 
-0.05443192621301575 
0.1855335244079311 
-0.006733918439951928 
0 
0 
-0.00159708660549028 
-1.020327203260037 
0.1978286842539294 
0.006258465013619 
0.02201974309484574 
0 
0 
0.3156894157512815 
0.3292272031358141 
0 
0 
0.03822682739449558 
-0.1781906882215699 
0 
0 
0.2157254525043516 
0 
0.007991037303575439 
0 
0.110616718972403 
0.1684383790167855 
-0.1635768390961265 
0 
0 
0.1678279489321043 
0.01627453700484261 
0 
0.06191315722606035 
-0.01150373205004101 
-0.1785828842058723 
0.002650368773911341 
0.02192788116475733 
0 
0.007356983991594867 
0.0246946602064723 
0 
-0.07251195871369068 
0.0251768882494099 
0.06616329502634857 
0.2158903716879971 
0.02175453760177514 
0.292655101199767 
0.1672680098560438 
0.166194461231736 
0 
0 
0.03575032310988652 
0.003434951005538479 
0.6539507736437821 
0.03230574235199332 
0.06695394301951904 
-0.1189512767135082 
0 
0 
0 
0 
0.01435256080628094 
0 
0.1545890829280434 
0.2112304757161726 
0 
0 
0 
0 
0.002746377102665936 
0.1144749995387653 
0.2036997768333251 
0.05597404306848447 
0.141624580623071 
0.0319415681068223 
0.01837434939010194 
0.1577938216603995 
-0.02091935945444034 
0 
0.01927892732375837 
0 
0 
0.1183161628799356 
0 
0.1959647182366965 
0.6073358081837793 
0.4944142141241996 
0.08850719538118927 
0.3232946612159517 
0.1030989149036142 
0.03957942688304374 
0.1335662705388866 
0.07514954572953489 
0.09429162863063567 
0 
0.001455430503581225 
0.09584751157433959 
0.06657857603647534 
0 
0.01905109267570436 
0.3812140003593347 
0 
0.4165114830649366 
0.0644975742608285 
-0.08802852631716163 
0.03761838042773941 
0.5029226099955082 
0.2052183063786727 
0.1245405709662819 
0 
0.3126749079519247 
0 
0.01215748240178941 
-0.008340899549071143 
0.003500006201231523 
0.003803296678581338 
0.03382900276276367 
0 
0.007415524270353041 
0.06393665089377165 
0 
0 
0.2966572090064077 
0.3506201015424227 
0.02620456626004964 
0.0104276797921137 
0.02974157183096679 
0.1666571960373426 
0.04034713521644254 
0 
0.18930413366775 
0.1926823559796208 
0.182025399200087 
0.1858939165618664 
-0.02557385112986396 
0.1867311893882183 
-0.02245154023125491 
0 
0.02538003875189462 
0 
0 
0.0152458611730925 
-0.1791233309897772 
0.02642397231581577 
0.001575210255221415 
0.1125578577886869 
0.06117890877984692 
0.1428923836758881 
-0.003098320468918152 
-0.02983686193506125 
0 
0.007759575036305079 
0 
0.07623526578409588 
0.4340882326320274 
0.005190064116037815 
0 
0 
0 
0.03498259236236182 
0 
0.01626238045695017 
0.1875232881156082 
0 
0 
0 
0 
0.01695409419204839 
0.08971079437586019 
0 
0.9194819386272428 
0 
0.002314151884490369 
0.06084534917072772 
0.2178326731176993 
0 
0.08634909636847825 
0.01864419212968457 
0.1113750952719739 
0.004781343809157752 
0.01499820982919367 
0.06907110507257808 
0.01272104623008868 
0 
0.0002526399806695352 
0.01548277892794656 
-0.007632548972298637 
0.002025325949590798 
0.01217143554650665 
0 
0.3375307155639637 
0 
0 
0.01158824735891415 
0 
0.4479094157405638 
0 
0 
0.2754560391143552 
0 
0.03360893844864397 
0 
0 
0 
0.00465105369254195 
0.01402819890372678 
0.003907312655806411 
0 
0 
0 
-0.1737781641537378 
0.1557094295764171 
0.0661018406144505 
0 
0 
0.2639688763833636 
-0.01783678362692786 
-0.008338803123891275 
0.3441655475367689 
0 
0 
0.4485054285828191 
0.4070241227220436 
0.06928422705921411 
0.1305139630224002 
0.1812827585773359 
-0.007045170567533346 
0.0153515623439395 
0 
0 
0.006683684565182947 
0 
0.01637308354136359 
0.4010287484781482 
0.02533519915091473 
0.02577748616105009 
0.565154321160126 
-0.0002234655232038829 
0 
0.004227825240374546 
0 
0.2069494824880916 
0.01525318761163891 
-0.04520163098577716 
0 
0.002423918113448692 
0 
0.01573618219321367 
0 
0.07307569565487881 
-0.004577444728154662 
0.0660058804716759 
0.202343297901827 
0 
-0.0825409387809275 
0.2144685390161184 
0 
0.009074955764169347 
0.01043127397865646 
0.1849354965497323 
0.004531235344919496 
0 
0 
0 
0.01018650146238394 
0.1818877501612081 
0.1384222308804503 
0.03023337418580789 
0 
0.006357951849419598 
0 
-0.04873667072849149 
0 
0.2778223770780676 
0.298819963092781 
0.02140935499015422 
0.02952352911681078 
0 
0.006721333078982259 
-0.1398109868934131 
0 
0 
0.1705556697064888 
0.1532710233559172 
0 
0 
0.1112305979380187 
-0.002274815934873384 
0.06871548336221465 
0 
0.2872430132852856 
0.05172359577337446 
-0.01554079006491567 
-0.007146843984006634 
0 
0.1034041668614445 
0 
0.03177028003865377 
0.005517957561986538 
0 
0 
0 
0 
0 
0 
0.06323679416587168 
0.001205175258392516 
0 
0 
0 
0.004390937789863603 
0 
0.1248550194954277 
0.1630252123018105 
0.1649422922407251 
0 
0.003771640551483592 
0.01819896964070969 
0.002300458133207242 
0.02538008206723414 
0.3065558243651062 
0.004912515873546127 
0.02347558246443824 
0.01439715771509074 
0.01239585557833505 
0 
0.128614056964014 
0.006223059770249666 
0 
0.3740666549776059 
0.01553720614449757 
0 
0.2083566829385141 
0 
0 
-0.08754048662853353 
-0.001046794580828885 
0 
0.5955578547429916 
0.001254962430969747 
0.1372806822398023 
0 
0.149579357752554 
0.3618956743914428 
-0.4344371789606945 
0 
0.6624548549777529 
0 
-0.002853122910386126 
0.7450796776120621 
0.04495210152926488 
0.04594718748288773 
0.1085209364967101 
0.3695344161725693 
0.3938948216379517 
0.3012982574161275 
0.06364600755951152 
0 
0.5114803745010191 
0.043559408235543 
0.04766613413834981 
0 
0.03703985559995563 
0.1324526590416015 
0.08316273570153621 
0.007986742440510404 
0.01369176946300487 
0.06225672931163136 
0.004724713778914177 
0 
0 
0.009397252579915754 
0.03655282394426872 
0 
0.003677735100968813 
0.005096121461716159 
0.001816415423194543 
0 
0.2115376457587232 
0.008889576819114044 
0 
0 
0.002910406157842994 
-0.0141322080447481 
0.005069303021938859 
0 
0.3684739519972934 
0.8462457224082489 
0.02115282862254024 
0.02071184602520645 
-0.04337539098510439 
0.005091867940498039 
0.149914068824078 
0 
-0.1377577558237415 
0.04135968175987147 
-0.01164230754475822 
0.0118978448856147 
0.4683574765695767 
0.005957029492159181 
-0.03620921691928865 
0.4698684132756734 
-0.007274498210732372 
0 
0.005878509925250832 
0 
0 
0 
0.04713986121686994 
0.03483909862922169 
0 
-0.0009037975260542724 
0.02350022928810439 
-0.2963271374507411 
0 
0.01320862645931159 
0.5922350055045085 
0 
-0.02077779503846893 
0 
0 
-0.2456835710725125 
0.01174561687979503 
0.006495306917057945 
0 
0.0286223097224008 
0.01038244847795889 
0 
0.009938260427851018 
0.007049914859963099 
0.008939601332723706 
0.02678602821899854 
0 
0 
0 
0 
0.008552492266273633 
0.01831034065803035 
0 
0.005021246495807359 
0.1205412930647399 
0.2788854198573503 
0 
0 
0.01375528453021176 
0.1035786226389398 
0.05346683800568802 
0 
0.05920505255522074 
0 
0.01598374569272009 
-0.01907068920687788 
0.00397392399849462 
0.002038965453280436 
0.479977442434783 
-0.03327493847267254 
-0.2525737595096044 
0.3804991141020566 
0 
0.1712915727063355 
0 
0 
0.00206667933527138 
0.06108919237760269 
0.004606198882426396 
0.302239066626832 
0 
0 
0 
0 
0.007405283307491971 
0.03414360294733941 
0 
0 
0.1123975865207902 
0.359673276098039 
0.03524000522477228 
0.02666646229578498 
0 
0.1982044819551669 
0 
-0.01755580241131608 
-0.05031976828129393 
0.1100586493216166 
0 
0 
0 
0.00274550498452182 
9.482506246285023e-05 
-0.03998492812605944 
0.05418560946909549 
0.1600886221085072 
0 
-0.01285404958842585 
0 
0.1635234758765269 
0.2532351645336133 
0 
0 
0 
0.2865768292184179 
0.005941846154159427 
0 
0 
0 
0.01615205124625561 
0.008157987787592172 
-0.007292744303583456 
0.05351981011717218 
0.007505088466152399 
0 
0.2497514691716859 
0.002730932709931887 
0.2838921332662834 
0 
0.1211717199825243 
0.3184807934753099 
0 
0.1548685994325269 
0 
-0.1293105391252668 
0 
0.08578533032703706 
0.08235881086592718 
0 
0.01157205715742063 
0 
0.2416783894738875 
0 
0.2674907333500485 
0.04250729565437487 
0.1522897147214345 
-0.8441388066155611 
0.0585504362319637 
0.09994737288024901 
0.01588489385787656 
0.2344856426962567 
0 
0.03763995549948154 
0.05510202077387381 
0.139444105630332 
1.994287614764806e-05 
0.2821596445609775 
0 
0 
-0.4492405532634768 
5.088616548562703e-05 
0.02005446319485279 
0 
0.009762452065300192 
-0.09239964836046748 
0.1220017182943638 
0.3307193658366278 
0 
0.008462971924950741 
0 
0 
-0.02429053507768657 
0.001346414947264406 
0 
0 
0 
0 
0.2905972877598341 
0 
-0.01853683833422878 
0 
0 
0.2049044321715865 
0.05328852519796306 
0.04076255925813209 
0.3136074192477912 
0.004025484969016648 
0.003563357808574301 
0 
0.02412038612039062 
0.02804813961279919 
0 
0.2029438259732439 
0.01825205154533278 
0 
0.5183107352457147 
0.1237688386226717 
0.2547040861790872 
0.3500646061434095 
0 
0.04852647672184355 
0 
0 
0.2356538917144433 
0 
0.03925006262621655 
0 
0.102365240581608 
0.008461862696859723 
0 
0.007942044998151928 
0.05263058570401173 
0.4883185518167265 
0.05955195442445532 
0.02765730952401984 
-0.5793649585480406 
0 
0.007724386785891094 
0 
-0.1978418869572977 
0 
-0.08924271532041234 
0.03876563624815652 
0.002656098064156529 
0 
-0.03478107026047711 
0.01167085066914408 
0.05912999182835518 
0.222943313593999 
0.2717892851425794 
0.005619905535001241 
-0.03965264786355021 
0.03244673980134653 
0.1888082812397054 
0.07850019196951112 
0 
0 
-0.0100447432513832 
0 
0.100508208398755 
0 
0.02280563754690455 
0 
0 
0 
0.06548324050411028 
0 
0 
0.01049245333877588 
0 
0.41955776098341 
0.02417931027402974 
0.1625330799770102 
0 
0 
0.03272622374677902 
0.1383124320022081 
0.1174442306458943 
0.2157491858640753 
0 
0.00940832490566592 
0.02538022372454706 
0.167885575532408 
0.02791730713297316 
0.05113090105464253 
0.01014518251912707 
0.0003425403231410415 
0.00483375766639962 
-0.004795200240900081 
0 
0 
0.02003084515687668 
0 
0.1545603749996691 
0.049257696493328 
0.068074255918497 
0 
0.1080281089697449 
0.09524143328496694 
0.07664709526515617 
0.02861084011439381 
0.01060017878467255 
0.1749467057489675 
0.1517683462995859 
0 
0.02715110271346172 
-0.0001581639544122592 
0.01076338801174402 
0.003847625305613418 
-0.02410246097065225 
0.02720373306867851 
0 
0 
0 
-0.01067453171439751 
0.3262420191326919 
-0.0005103046980356506 
0.1293271613558324 
0.002696425099014321 
0.05746885296231709 
0 
0 
0.0081618664257915 
0.07438541912752648 
0.09111713103297076 
0.05518151727267968 
0.04060277971076794 
-0.08642731287007364 
0.01622947481964035 
0 
0 
-0.006923608565570336 
0.08469481086832706 
-0.06041224420136253 
0.05543917538313661 
0.2223791906836456 
0.3437656301488789 
0.009528032061333127 
0 
0 
0 
0.146635507810951 
0.01290305632132302 
0.001575767657793274 
0 
-0.006707125941336814 
-0.06066127294580474 
0 
0.129243418342545 
0 
0 
0 
0.005135925745904437 
0.01102548530230717 
0.01595474076299618 
0 
0.0650556648977782 
0 
0.05817147583044067 
0.01022029869692249 
0.001406553107351425 
-0.03115504454749309 
0.06577522822275331 
0 
0 
0 
0 
0 
0.05297635378979897 
0.04842774510453387 
0.1150551867986244 
0.05026020981460197 
0 
0 
0.01594414301706659 
0.1038277398463532 
0 
0.07279980414337713 
0.06083388883561884 
0.01410025073746915 
0 
0.0003679035403021501 
0.04164336261449195 
-0.007522884307065702 
0.1563822079868931 
0.3381749031613983 
0.004770366909190723 
0.2668081278414634 
0.7227491231126051 
0 
0.01927734332809124 
0.07839965216682819 
0.08002404840321116 
0.06135412841751493 
0.06551211887969804 
0.108415497943153 
0.04118320981595459 
0.06206944822704249 
-0.03585449586418488 
0.009751478718631527 
0.01300544420026705 
0.1579980194999098 
0 
0.0002154212796055479 
0 
0.1229697312041955 
0.1283194745403708 
0 
0 
0.03724881806863126 
0.09193837383688197 
0.01210813060453344 
0.008572467727545677 
0.004839093275996405 
0 
0.0204032627663308 
0 
0 
0 
0 
0.002041019157087779 
0 
0.01975462869426012 
0.188828381866789 
0 
0.1906255745904183 
0 
0 
0.000771372129294174 
0.1455356980748846 
0.01193449346589275 
0 
0.0181126307795609 
-0.002019805708114385 
0.2924844430681484 
0.01490372867620705 
-0.02846414184128954 
0 
0 
0 
0 
0.6455433887556961 
0.08338301824491312 
0 
-0.0003497915456737192 
0 
0 
0 
0 
0.06521221383578475 
0.2655362830523757 
0.06534917707840038 
0 
0.08422453064449062 
0.00383500436034013 
0.01183807735239994 
0.07411958119049303 
0.03809455052815891 
0.06439420122334215 
0.001430430024792889 
0.03546755513470964 
0.0458724121898155 
0.004807718930528178 
0.007967060751391508 
0.04646253054658163 
0 
-0.1927464769149216 
0 
0.4680698825049305 
0.02118055430056982 
0.4050891696583174 
0.06496680916249163 
0.1440271159399433 
0 
0.03069306907085038 
0 
0 
0 
0.1679295687326763 
0.07144783548607685 
0.006434168435803874 
0 
0.06734480890507741 
0 
0 
0 
0.0158482873383465 
0.03933492219001479 
0.008396310148148045 
0.2905135898533694 
0.09685689343578407 
0.06116259637783666 
0.1300035587444437 
0 
-0.01583337564620932 
0 
0.076699598896061 
0.2295435809365691 
0.250765020725102 
0.02576986350663913 
0.09643917843043701 
0.01797904062134633 
0.1888735424546891 
0 
0 
0 
0.1762032922588301 
-0.002875986704613157 
0 
0.3913683381123238 
0.1890958938924615 
0.06821150726802112 
0.2342432701173959 
0 
0.1889987591233276 
-0.02478623656649085 
-0.005074010745915951 
0.05909123080459182 
-0.01331071769670047 
0 
0 
0.1397016480517492 
-0.007094930272578401 
0.01318316132460513 
-0.008913278593918926 
0.001413724124719193 
0 
0 
0.003643664513317725 
0.06992966889865571 
0.001054199463768878 
0.3131065521322724 
0.006337699447739842 
0 
0 
0.03527054968237436 
0.0444953654079316 
0 
0.2014908649382897 
-0.02940733239991707 
0.002567140392931215 
0 
0 
0 
0.01341111742060479 
-0.0008618404978866338 
0 
0.03433294345365996 
0.01750826536277488 
0.05351051939670648 
0 
-0.01558142764007018 
0.06247449601435677 
0.1316462819218741 
0.1004883304880784 
0.05757663984571759 
0 
0 
0 
0 
0 
0.005602798419772311 
0.01688134358410533 
0.1619458101884315 
0.2863186358851084 
0.007096402932144435 
0 
0 
0.1377359575694654 
0 
0 
0 
0 
0.1128136819107683 
0.03909897127017424 
0 
0.01120483560947732 
0.001493723653030723 
-0.1809318832941402 
0.05797142818190092 
-0.03570127588898865 
0 
0 
-0.01548980661642259 
0.07941724750470264 
-0.01570788547202391 
0 
0.4591227137942867 
0.01826337894912632 
0 
0 
0 
0.1212999014877686 
0 
0 
0.1655724723122093 
0.03967940471609763 
0 
0.3274081449335498 
0.09356347916790131 
0 
0.3672255784623678 
0 
0.03060567425149404 
0.005712970020651391 
0.0007954144215685351 
0 
0 
0.1129807750079572 
0 
0 
0.01436176459366104 
0 
0.01027650229620563 
0.191055602171959 
0 
0.007337218497291886 
0.8457665291743616 
-0.03327186281705394 
-0.02794142111161579 
0.08845440590453096 
0.00177010931805426 
-0.04256634128590114 
-0.007369047410271042 
0 
0.06056835646141551 
0.146186376876994 
0 
0 
0.1187732063670994 
0.1079011161941644 
0 
0.008185423598466078 
0.003707589784483831 
0.02951469704654089 
0.1429373692930519 
0 
0.004219952352605476 
0.02873066926651474 
0.03464592568629914 
-0.01268603047624722 
0 
0 
0.0001041066135781077 
0.01112960869762755 
0.03407224942766221 
0.1252663475084713 
0 
0 
0.03351565139054744 
0.05505445851563773 
0 
0.4010225797757355 
0.02426826999808349 
0.1178512142201159 
0 
0.01580973307756383 
0 
0 
0 
0 
0 
0 
0.04537947468047793 
0.005913392639572461 
0.04297279353907945 
0.2687528619065666 
0.02135255683121872 
0.01089141214477914 
0.009142774112799044 
0 
0 
0.02387601998816512 
0.1255439936222124 
0 
0 
0.2562889845121792 
0.2322510470395959 
-0.07159460154234029 
0 
0.0541197237986006 
0.01619237544896337 
0 
0 
0 
0.45524115131382 
0.02861483149159959 
0.007158909263368779 
0.3639906021300995 
0 
0 
0 
0 
0 
0 
0.04846319966914828 
0 
0.06440016865852018 
-0.01876262602312088 
0.1204474776457522 
0 
0 
-0.009421626113259538 
0 
0 
0.01870900324665447 
0 
0.003356212005551295 
-0.01699765468324677 
0.3548223508723737 
0.01072134993423993 
0.05379408715002291 
-0.04065127308455396 
0 
0 
0.01302950410100885 
0 
0 
0 
-0.002879555994807314 
0 
0.006353337414025715 
0.2437915790409355 
0 
0.2654642744733715 
0.01804952095336056 
0.005889565563445945 
0.0009279337093230969 
-0.2546114400886729 
0 
0.05653333341701244 
0.2605179947049331 
0.002813518017301894 
0.2326482162603439 
0 
0 
0.02551905171452751 
0.588114282666822 
0 
0 
0.1502716516531522 
-0.1191782428889615 
0 
0.008747265795615123 
0.1112503004183412 
0.003838137318180798 
-0.02863958575298838 
0.01395879367927419 
0 
0 
0 
0.4522518303683754 
-0.01935080492754196 
0.005872478621330781 
0.1179894540005855 
0 
0.007147384960150497 
0 
0.002174534609790561 
0 
0 
0.02121744083549411 
0.2381775108434653 
0.001130353556556844 
0.02283347476466491 
0.01431856673188887 
0.09386738550374893 
0.04762708146014744 
0.019346374420458 
0.3416994961703455 
0.09999811780304411 
0.1889627122149508 
0.3563281407286334 
0.01217556620683877 
0.02830176257675187 
0 
0.425390332261967 
0.02902118263668675 
0 
0.2476016755846012 
0 
0.158398947786748 
0 
-0.08071863788240834 
0.4567487014939122 
-0.02107221409453001 
0 
0 
0 
0.01215462027595219 
0.061358100851906 
-0.001276084028171854 
0.2070619378200892 
0.01177528371139146 
0.01217011420212453 
0 
0.2040257062137159 
0.01077526021966072 
-0.004036138328594965 
0.04116901772300142 
0 
-0.004095381856170578 
0 
0.04578378211895662 
0 
0.07624280111557005 
0 
0.002318715228343243 
0 
0.1263598353406716 
0.1920436901029544 
0.05617291307957502 
0.01957343969672866 
0 
0 
-0.0005165788516805396 
0 
0 
-0.02081130107413364 
0 
-0.0135175152672751 
0.01488121195428175 
0.01240594703802532 
0 
0.0001759122287272122 
0.001349188158381265 
0.04020891721099897 
0.07703837889891668 
0.01539477614348856 
0.01217583397665636 
0 
0.1991103038116463 
0.09599736817726985 
0 
0.3603759577372614 
0.2397108630196004 
0 
0.01407801041930703 
0.003468539331894747 
0.1365654558217526 
-0.03024528421307288 
0.1384242722152343 
0 
-0.3053890735165569 
0 
0 
-0.01736162840686741 
-0.04941957855902644 
0 
0 
0.01131714241142142 
0.03623353695728389 
0 
0.9600992254520809 
0 
0.03953890522906411 
0.1042124662490495 
0 
0.03451001553952548 
0 
0 
-0.009104700372200864 
0.118367322695216 
0 
0 
0 
-0.03700923735945064 
0 
0.0153939538362446 
0 
0.2067908023825341 
0.3408797557340419 
0 
-0.03420159598724676 
0 
0.002854827804536544 
0.07131846318346884 
0.1174268135996629 
0 
0.00990433875290545 
0.01067743622044446 
0.03367790650786661 
0.006366324618976719 
0.06323694837724511 
0 
0.1280693108686072 
0.008669692906875992 
0 
0.0003510355382156466 
0.006360324579098206 
0 
0.04039844962661627 
0 
0 
0.009557303993916031 
0.2661198220311701 
0 
0.4427012821219138 
-0.03924548747075881 
0 
-0.04001064213551299 
0.009745662233005586 
0 
0 
0 
0.04760296022606971 
0 
0 
0 
0.4706378184087185 
0 
0 
0.106326722036145 
-0.01248028457199777 
0.1686126610336577 
0.02754318376809586 
0 
0 
0 
0 
0.5239177851848325 
0 
0.00650988765240231 
0.02416846200884986 
0.03245666427781936 
0.4570586839799983 
-0.01404267991756472 
0 
0 
0 
0.008497572283846228 
-0.2008952603123081 
0.01590768286994104 
0 
0 
0.230357983788585 
0.2334588102421053 
0.0435257802001448 
0.2046688487696016 
-0.03112044744370321 
0.3350933974630486 
0.02993338466348872 
0.1723924068352506 
0.04523151083318 
0.6539151266068931 
-0.3040621107148962 
0.003430931913553059 
0 
0.07393147526006646 
0.0980923788487611 
0.01246502699878843 
-0.0337487391242986 
0 
0.1296184444558677 
0.002135524974465887 
0 
0.005765020235990989 
0 
0 
0.05005612915552766 
0.03969975916636253 
0.007533363467130647 
-0.01525697489867561 
0 
0 
0.03742914222500258 
0 
0 
0.00693908047405108 
0.1077134615839195 
0.09421836671468872 
0 
0.0105015903763265 
0.01653542130120295 
0.005263982624822108 
0 
0 
0.1095644770306064 
0 
0 
0.3288712633490148 
0.340663322817939 
0.005445443344702512 
0 
0.3786693123224895 
0.1257150953362431 
0 
0.08726118248539974 
0 
0 
-0.1804567869875108 
0.001401793261425301 
0 
0.2992569715360633 
0.01491790458878272 
0.002936701959373125 
0.04932333667779162 
0.0002124792752025986 
0.09159966575174681 
0.1203935353753977 
-0.3396238246573506 
0.1403758398199264 
0.01796572212173029 
0.07388185456439329 
0.06183595116450459 
0.03498953437873314 
0 
0.1757823081908143 
0 
0.06383465674097731 
0 
0.01603925836550817 
-0.09919148424083686 
0.002737265960337458 
0.59766401948017 
0 
0.00630358087437661 
0 
0.0138657395717748 
0 
0.1098279963853426 
0.02647127240855806 
0.2912458268841981 
0 
0 
-0.01036268229918532 
0.03704309623785258 
0.110512605918639 
0 
0.02815468849499583 
0.2729104321719961 
0 
0.4676620446594781 
0 
-0.01014188855908187 
0 
0.003539023496782302 
0.1046177516057381 
0.3703264699569321 
-0.01094102371832597 
0.07659489584859332 
0.1874478922264145 
0.02524721477361989 
0.0833295129794136 
0.2828947624515581 
-0.07730863461922899 
-0.002020043900117285 
0 
0 
-0.01129487101480122 
0 
-0.1336130164373161 
0 
0 
0.002265650235711296 
0 
0.03729652885537442 
0 
0.01896414999556953 
0.04574439617972253 
0 
0.01896414999556953 
0 
0.01068816153090382 
0.02686647004072037 
0 
0 
0 
-0.002446096792194348 
0.04913149547377153 
0 
0.02486508960508127 
0 
0.009092169155128685 
0 
0.03688622794802605 
-0.0219833116934665 
0 
0 
0 
0 
0.008720243479256968 
0 
0.1450744997094834 
0.3529531970254166 
0.1398264888315705 
0.05291114845179139 
0.02215013385111731 
0.01027818239879259 
0.01318471494650337 
0.07161154973306839 
0 
0.004915474837553741 
0.1991343447851413 
0 
0.1243006946422701 
0.107357577936717 
0.5303806246359455 
0 
0 
0 
0.06057257483139144 
0 
0 
0 
0.05832475831607387 
0 
0.2943735598816752 
0 
-0.1871072432347606 
0.1848724130952506 
0.007171607955776297 
0.0199735967735562 
0 
0 
0 
0.03626537251454089 
0.003927563007227099 
0 
0.01201029859920104 
-0.4251327535407797 
0.3507378031364046 
0.01404355965518041 
0.02298155734965391 
0.007306109326041898 
0.00539903396396723 
0.02276195645640165 
0.04333859381373213 
-0.1965630410855192 
0 
0 
0 
0 
0.1269398350782867 
0 
-0.01110285340170576 
0 
0.005210005011424053 
0 
0.1117812976935496 
0.001407671080389113 
0 
0 
0 
-0.09689050375120534 
0.02464564651040789 
0 
-0.01105340855753605 
-0.01241462976327818 
0 
0 
0.2786141791559147 
0.1451266676821498 
0.04826234843236288 
0.002535535153825114 
0.016097793391254 
-0.008848716218859732 
-1.395532601480559 
0.2548379005646019 
-0.03738408586509843 
0.03452765150996011 
0 
0 
0 
0.03114369575047634 
0 
0.0109154039357595 
-0.1325370394826333 
0.1888503058698922 
-0.002632392214432518 
0.01358332969986384 
0.2750397967901327 
0.1827959773465589 
0 
0.09651558515123879 
-0.1290860249438741 
-0.02383909880948612 
0.05410016849037385 
0 
0.07665356504337088 
0.01145769887357565 
0.4038993406638502 
0 
0 
0 
0.001615959042220011 
-0.01130733997931542 
0.2097684781647092 
-0.05926585715092676 
0 
0 
0 
0.08617488243176578 
0 
0 
0.06718533011528358 
0.08397437700352223 
0 
0.2728446107120108 
0 
0 
0 
0 
0 
-0.03858742151076364 
0 
0 
0.03007520929873168 
0 
0 
0.00886156400465977 
0.01149612083400913 
0 
0.01124337624912119 
0.04340904264483311 
0.4576838130887212 
0 
0.157050293081983 
0 
0.003469909255232711 
0.1984927975746338 
-0.1421334525297602 
0.005502381178653461 
0 
0.2895277922796844 
0.006613067376284573 
0 
0.1192452927802833 
0 
-0.07236045857177818 
0 
0.01331113848490563 
0.2023019388603698 
0.04934620600006331 
0 
0.01911566526089475 
0.0174685746368257 
0 
0 
0 
0.05204460991918798 
0 
0 
0 
0 
0 
0.01838778226671724 
0.02703675455746267 
0.06400185967382356 
0.1256978795194591 
0.006773614041749344 
0.06216135469704476 
0.04904615965662883 
0 
0 
0 
0 
0 
0 
0.03232614106647494 
0.0721878110660089 
-0.04857894681217197 
-0.01011816236179712 
0 
0.03589632592727995 
0 
0 
0 
-0.05950791665870207 
0 
0 
0.05054297039993704 
0 
0 
0.04915112155768316 
-0.01227394408768814 
-0.005637963841975496 
0.03439494360180022 
0.04410373233656626 
0 
0 
0.08534609485321533 
0 
0.2040745819855459 
0 
0.09446962060504498 
0.01775569386850786 
-0.01031972603958299 
0 
0.0470656309367674 
0.02593076908730534 
0.7062249170851881 
0.1296145725857474 
0 
0 
0 
0.02919511264276156 
0.00679979817213227 
0.02006511163554524 
0.07670948631851135 
0 
0.00493308033068071 
0 
0.01912739425597087 
0.006069954360410776 
0 
0 
0.09411601400337358 
0 
0 
0.02830989967704529 
0 
-0.01303449090331317 
0 
0 
0.008179035314347818 
0.004996231208990041 
-0.07575869073695192 
-0.001924934776019792 
0.401670663870528 
4.558638779637685e-06 
0.01739312942141213 
0.006758094454716319 
0.02086931835320466 
0.02971997897191641 
0 
0 
0 
0.01135890881906449 
0.09455178918547871 
0.00504016880304575 
0 
0.001259152223915506 
0.03072583718165352 
0.03516835940451606 
0 
0.2422994153897699 
0.002858346029939431 
0.06035278354763807 
0.01527522794326758 
0.3025254662439285 
0 
0.02214093536516506 
0.1070051129517768 
0 
0 
0 
0 
0 
-0.007788285482804904 
0 
0 
0.05505257762659143 
0.03558893922312277 
0.06521681765665631 
0.01602842980953922 
0 
0.05114228897850757 
0 
-0.04581674234645389 
0 
0 
0.05075564119799662 
0 
0.0017080262349261 
0.174689607568606 
0 
0.04822716831377882 
0.0117400427807433 
0 
0 
0.08410553940993937 
0.159802877034274 
0.04184453910960861 
0 
0 
0.05236213266502501 
0 
0.006640866618492712 
0.04635315705544697 
0 
0 
0 
0.1277932819003665 
0.08182052779438574 
0.4841763904475464 
0 
0.00811245213376054 
0 
0 
0.2356982304251398 
0.06697360990336683 
0.1907678300105891 
0.02904767903885475 
-0.02932312234467422 
0.02993545281091969 
-0.01168061745976532 
0.003961831891273741 
0.05623269824184805 
0 
-0.06202962785870151 
0.09827947791151614 
-0.01045657707352483 
0 
0.05646146170231878 
0 
0 
0.01376781697944071 
0 
0 
0.08687103429249599 
0.1113802652307173 
0.02296370833155075 
0 
0 
0.05416546259618925 
0.005408744936664499 
0.0954847395972938 
0 
0.006421471629117847 
0.07285395435151053 
0.206567859057761 
0 
-0.001799965495816714 
0.1056437708326473 
0.6985652510291441 
0 
-2.072274968776058e-05 
0.0008012891626471499 
0.001795691655278738 
0.04341908598659373 
0.03677940563061028 
0 
0.05240777867448117 
0.02594655442546072 
0 
0.005502381178653461 
0.02236848944473487 
0.02602475088968525 
0 
0.07517025746191718 
0.03649503335763155 
0.09859893667864052 
0.1888372516784503 
0 
0.08928062415125493 
0 
0.2014743620278331 
-0.2033423306403348 
0 
0.004210870588445706 
0 
0.02552830280915661 
0 
0.5843883833898647 
0 
0 
0.2409490680310197 
0 
0.04556259489571135 
0.06188750421127501 
0.6689045758112752 
0 
0 
0 
0 
0.0146472464101592 
-0.05044736122632058 
0.1515118997604829 
0 
0.0284523881258049 
0.07593178424604878 
0.04170908680797267 
0.01920269820953596 
0 
0 
0 
0.2596095317608492 
0.004935728406302711 
0.1183193994322149 
0 
0.01097869168440432 
4.263809291562686e-05 
0 
0 
0 
0 
0.01980699819153252 
-0.004848417243103228 
0.02192561910227992 
0 
0.01919180452065969 
-0.004855662454011109 
0.02689308415012377 
0.0103185570044834 
-0.0005349590735625903 
0.1710659542585101 
0.1817358361401224 
0.06027362237357069 
0 
0 
0 
0.005514825066945047 
0 
0 
0 
0.0219848658220184 
0 
0 
0 
-0.007464790383060717 
0.01272083710844059 
0.8108486724710972 
0.0374783122755457 
0.01775313267731679 
0 
0.01920521187567248 
0.02038474746474645 
0.01288261481352545 
0 
0 
0 
0 
-0.05272326451310946 
0 
0 
0.2372869460373237 
0.2188421044144221 
0 
0 
0 
0.4573316652206781 
-0.02948339722111624 
0 
0 
0 
0.1455231876386012 
0.03988408897421551 
0.09075198500838322 
0.004058365514187661 
0.3941182400779361 
0 
0.01116905705958215 
0.05037966375036038 
0 
0.3077842573313342 
0.00874376527961189 
0.009251575285440565 
0 
0.0001287350958370731 
0.1527347862781008 
0.03897721404747327 
0 
0.01197768499979065 
-0.01046258408193064 
0.04586974579241677 
0.0915014898565379 
0 
0.06068790319205601 
0.01982659993523508 
0 
0.1867920021563169 
0.07600014939153253 
0 
0.003352686645822067 
0.1384146580015695 
0.6259519115036167 
0.08464906658098852 
0 
0 
0.002240154616963193 
0 
0.004744003057105956 
0 
0.2322648863105791 
0.1133040245895595 
0.001062881976766843 
0.03425820334849754 
0.07916802704979814 
0.01428021835157154 
0 
-0.01963868370098858 
0.09259627745987031 
0.07614049710547365 
0.0001096990919940272 
0 
0.0119777752409978 
0.009729431999351102 
0 
0.001863356697085093 
0.02401241361127062 
-0.00415504790113386 
0.01307070527977238 
0.1122014721477678 
0 
0 
0.01127862386815211 
-0.01805888732266265 
0.1540620482365099 
0 
0.3148085886314005 
0.01275878841904579 
0.0003263268367167924 
0.0003361227193227696 
0.1465221942922399 
0 
0.05256883627429641 
0.01536498214830083 
0.1019586685554088 
-0.04026004126244575 
0.006907383534137877 
0.00888766932970125 
0.005777544370936714 
0.1283227109262895 
0 
0 
0.2819814113548775 
0.1079623411164619 
-0.01484147550960701 
8.010619211755726e-05 
0.004816512840428984 
0.08281144519926818 
0 
0 
0 
0 
0.1589475429805189 
0.001252704732854943 
0 
0.01123396142476764 
0 
0.06557747625782331 
0 
0.1136286280673323 
0.1396592616412838 
0.01655601098956436 
0 
0.04305180031186603 
0 
0 
0.0009615152839912613 
-0.004238933728083792 
0 
0.002713134996142442 
0 
0 
0.004380034230722523 
0.01896185419281582 
-0.01497413078754749 
0 
0.2288045377039713 
0.02959751724663764 
0 
0.004885139642125869 
-0.005323193454777247 
0.02747989054442799 
-0.001235652761614173 
7.383871432785649e-06 
0.0411324938485411 
7.671444198657008e-06 
0.1171297950198901 
0 
0.05081264258336399 
0.02775810773834974 
0.008624820219436866 
0.02483357545165996 
0 
0 
0 
0.01472778215924501 
0 
0.07952273819782882 
0.09801437333778701 
-0.01366811642968306 
0.0538028496774839 
0 
0.0006148697946069802 
0 
0.09775985081655401 
0 
0 
0 
0 
0.4021912406731267 
0 
-0.009250339206470974 
0.03247392569030677 
0 
0 
0.06027340393536329 
0 
0 
0.08471084814941725 
0.03471013284120883 
0 
0 
0.01593007240892889 
0.08122196332052176 
0.03453396123042785 
0 
-0.2098493444443176 
0 
0.04664452323130246 
0 
-0.01417019843486533 
0 
0 
0.002475220465290306 
0.1560361901933261 
0 
0.02595347914227637 
0 
0.008636784566805385 
0.3901242620860969 
0 
0 
0 
0 
0 
0 
0.1153819847450812 
0 
0 
0.3223930478776511 
0.06027887435074185 
0 
0.1413309809655545 
-0.1927568832101074 
0 
0.03841187647056181 
0.1978770889206063 
0.03701212481959885 
0.00539676387466647 
0 
0 
-0.07713756075593647 
0 
0 
0.06005315745266205 
0 
0.05190333299508097 
0.0218276136855485 
0 
0 
0.09539867303526929 
0 
0.01517046253934234 
0.5837617751405292 
0.01354890954334526 
0 
0.05186033493050482 
0.01070240674321041 
0 
0 
0.01002626786170404 
0 
0 
0.275701863860099 
0.04274883598731207 
0 
0.04756995802112811 
0.1267989924519616 
0 
0.003142512331732279 
0.006826063307736121 
0 
0.0002772664303403158 
0.0009520104165098627 
0.03012283212494814 
0 
0 
0 
0 
0.006900772249743655 
0 
0.004559505748350488 
0 
0 
0 
0 
0.01653289693331467 
0.2492255976489536 
0 
0.01161531989767181 
0 
0 
0 
0.2085370494984919 
0.163758933862125 
0.05485477149528662 
0.0120402275170725 
0.001396286933392763 
0 
0 
0.08631128424437488 
0 
-0.1034680565113977 
0.1775172048741753 
0.02082299296445965 
0 
0.2771815435204463 
-0.02198585156967207 
-0.0102799549059934 
0.02988029380014461 
0 
0.1818555625479669 
0 
0 
0 
0.1720073707860097 
0.0667906704933114 
0.2316554663817673 
0.1577923542522353 
0 
-0.007778093836137683 
0.1038483805685228 
0.02435954048649658 
0.191371664724932 
0 
0.1882755132112397 
0.009956072823752184 
0.07122873181516301 
0 
0.2114768257450815 
0 
0 
-0.06787102055181927 
0 
0 
-0.02632007835676575 
0 
-0.007865784193270624 
0.01633317669249197 
0 
0.0295281793844078 
0 
0.02018276783182956 
0.1113563581526495 
0 
0.03926199937988794 
0.1670171024395494 
0.01301451822305179 
-0.02581507268484462 
-0.07347330558648016 
0.2993250028640278 
-0.075380142004285 
0 
0.09558282803567317 
0 
0 
0 
0.06330713413206163 
0.02494296358276072 
0.1549184590495162 
0.02790324427942902 
0 
0 
0.08287761946574325 
0 
0.04009403647584846 
0.048249179583246 
-0.009472486727516764 
0 
0 
0.007067578785405376 
0.4613879865512773 
0.3561468151381305 
0 
0 
0.003634144653639472 
0.008463676819875032 
0 
0.2067586230259427 
0.1267089676251527 
0.09292168082923956 
0 
0.06239646395987253 
0 
-0.02440000518168085 
0 
0.5569660142468994 
0 
0.0720325736122979 
-0.2095029322959723 
0 
-0.01570612878154775 
0 
0 
0.06070697639001935 
0 
0 
0.04575644248350936 
0.02526781360773687 
0.02122736988338218 
0.1172554615673463 
0.04291934656175585 
0.04210439535919217 
0.04460281934734025 
0.2640699560891134 
0.1216157528301802 
-0.0218788215669681 
0 
0 
0 
0 
0 
0 
-0.001771858892334982 
0.2992726867344531 
0 
0.1064344461802211 
0.01785092846072563 
0 
0 
0.002101876176530824 
0.006588628863726247 
0.1005268640434665 
0.1821515762279328 
0 
0.01262654931271175 
-0.01284818589376081 
0 
0 
0.1066294764968883 
0.1293322434656485 
0.1459593584413946 
