solver_type L2R_L2LOSS_SVC_DUAL
nr_class 2
label 1 -1
nr_feature 5000
bias -1
w
-0.4625588554621999 
0.1358831649757029 
-0.5392018605440132 
-0.4830037740218011 
-1.130443213708836 
0.1466294290600251 
-0.4739819609329861 
0 
-0.8187426031362313 
-0.9967502877701072 
-0.2858168402288211 
0.5564444230664592 
-0.6053398689135232 
0.6134895047674821 
-0.6384022351996146 
-0.3687423617488206 
-0.03657447328900661 
0.7257832468151715 
0 
0.4115374654344761 
0.805759340039129 
0.1056540961087381 
-0.3501950226656798 
0.05378719309284172 
-0.3890066487878982 
-0.2622832965872927 
-1.907628526550558 
-0.8257234306003149 
-0.0157527654390729 
-0.2413193881167208 
0.4420768599244952 
0.09293951367817241 
1.380136979071782 
-0.7292596756393703 
-0.4664552731107904 
0.2752243669218069 
-0.2880931913874297 
0.7199776810086481 
-0.5857094517850145 
0.5383071968189259 
0 
-0.8501580888538364 
-0.6525734214179312 
-0.2656812257046691 
-1.916889915715515 
0.5079053175021232 
0.08403835471844176 
0.2577209229370352 
-0.004783820287624647 
0.008776896446974283 
-0.4612836291519584 
0 
-0.6744867747231834 
0.8385374296382727 
-0.3969116983060298 
-0.239232629036128 
-0.5264969520318815 
0.3479069434592884 
-0.19219341729356 
0.7934676777108336 
-0.02031610030713963 
0.2529127821642869 
0.08977386564524086 
-0.04363141476322074 
-0.3622363442434425 
-0.4475149779543737 
-0.1146863187183438 
-0.0669746426221811 
-0.08389445890166775 
0.1555387567858575 
0.5255979948574984 
-0.9571591480427337 
-0.006602131492284724 
0.2084620103913806 
0.7116903180644728 
-0.8983463952521535 
-0.2583090736822286 
-0.07252690260170097 
0.1903396134770894 
-0.3436267824164967 
-0.681978626119259 
-0.2593149255012974 
-1.629983485609135 
0.1158758783221104 
0.234181589593121 
-0.5201823100994171 
-0.6837579745940802 
-0.01832590584603189 
-0.2643293816599454 
0.7987958596047436 
0.09212746235381253 
-0.6114990128561658 
-0.09556449484322799 
-0.8191556851836642 
-0.1524665822365155 
-0.1599901578086377 
0.1928834781791975 
-0.0150996679288999 
-0.003977976125044264 
-1.157791432328127 
-1.324157807026533 
-0.04415489737481917 
-0.4507987540327736 
0.01279276416456419 
-0.4002800597865143 
-0.7282337139875448 
-0.09371574088884028 
0.160333746837238 
-0.1295261174213585 
0.475092189093111 
-0.3431208526062486 
-0.0313652181306493 
0.02369291884319314 
-0.06102569338982978 
-0.1573753693244579 
0.1987682581001075 
0.8948702559709869 
0.1118208812920376 
0.06541382784813569 
0.7424907863095568 
-0.9438581535627765 
-0.0973069396793432 
0.02945289825375108 
0.1277599218991466 
-0.9978511062381226 
0.2432968981234341 
-0.2124522602182654 
0.05147883017603449 
-0.01778192612782766 
-0.2556443716659664 
-0.05511075199417562 
-0.09264002926977569 
-0.6272096660703914 
0.3276320062688611 
-0.05212523371691921 
-0.08785017740078864 
-0.6809201734649283 
-0.2477063781039691 
-0.1506730827579948 
-0.3827557990815115 
0.05315683079316172 
0.2272951175664137 
-0.1329923192178317 
-0.1481246129656766 
0.01055238047522769 
-0.3282882817281137 
-0.1044279172196281 
-0.02733006309732393 
-0.5956955289590237 
-0.06585784215307718 
0.1540636474449015 
-0.02815861543418591 
-1.085017872023768 
-0.224979320937286 
-0.5337029230450459 
-0.4456515731753838 
-0.09473138135254178 
0.2964068089871728 
0.5191315077017848 
0 
0.1418682410563163 
-0.3395212462867546 
-0.4816843503399666 
0.06197080712556829 
-0.05737703197842807 
-0.07035151145378563 
-0.7594861963142699 
0 
-0.4905901432063665 
-0.7527921054850374 
-0.758025154802723 
-0.2378419268266994 
0.3081243260709982 
0.4424156587706409 
0.06418201327296805 
-1.218335124106305 
0.9094175803216914 
0.5680082248687273 
2.034223686317585 
-0.1708890067776213 
0.02770898527942375 
-0.4295033082827348 
-0.1103137688020627 
0.009817802658655419 
0.2544709505399519 
-0.1769733335841749 
-0.1363752118930836 
0.521730115101134 
-0.3684391209029817 
-0.2367618132977106 
0.2243777204020095 
0.06074389721541852 
-0.04251286786585899 
-0.3547061259587507 
-0.07642290530222304 
0.1763891658075466 
0.1543444614704574 
0.3615418254491804 
-0.3450546768778397 
-0.4520655034251901 
0.1421130038232154 
-0.213235344983903 
-0.03119699372936892 
-0.1931011481582667 
0.2007878338991273 
-0.07535150875020881 
-0.1075421761616203 
-0.3475586962254951 
-0.3510054474432591 
0.3239633221703854 
-0.025911748151555 
-0.002861043344173388 
0.1495368200141544 
-0.3336256629017039 
0.2270390472228555 
-0.1385818164435814 
-0.1531253949580098 
-0.07192759970143248 
0.1171776619696405 
0.3639486555492088 
-0.1803169873446104 
0.2690541189342077 
0.003187272218342123 
0 
0 
0.3921863596010771 
0.5949304815704353 
-0.3264754444699689 
-0.03299970975208514 
0.3426495870013152 
-0.001761112971604608 
0.1627484110957342 
0.2628833542215088 
-0.1304332159657089 
-0.3229768994252063 
-0.0817636420045285 
0.02978128173415808 
-0.221170134121415 
0.02631471223426565 
-0.5594942108165646 
-0.1373649475093742 
-0.1529652195978314 
-0.3984042114833721 
-0.1785514124117844 
-0.02507931031494827 
0.04009829244950398 
0.0247737931419836 
-0.2583315367981567 
0.3434570931737493 
-0.08847807911040846 
0.4159041547056498 
0.2328184125320701 
-2.171794098070097 
-0.2668205522813209 
-0.1295717659435956 
0.6050838327232401 
-0.1517323834733929 
0.8000603470260531 
-0.136407779109503 
-0.04189840298877373 
-0.2430001220476259 
0.1472365296379209 
-1.031622096259387 
0.03013234939411213 
-0.2138954028886059 
-0.268625799077974 
0.1591473025463437 
0.4381496250626011 
0.1241638099094528 
-0.005211203786831497 
-0.1676918540671487 
-0.1209732340411089 
-2.209684742436598 
0.003115134314629456 
-0.756220543070087 
-0.01788913123700218 
0.07462429827814213 
-0.1103452937539297 
0.3138511171223629 
-0.06474361740147734 
0.4761080252631276 
-0.01048455837414897 
-0.04041603171694637 
0.7779691274007206 
-0.2374443517201537 
0.9051529133250394 
-0.6527542006978743 
-0.6141336262923203 
-0.01373202338679891 
-0.1915908049261054 
-0.0392250227625231 
-0.5801493706295476 
-0.0749227664649821 
-0.1138182981851113 
0.1067204343117366 
-0.3577367519608791 
0.002363915237350047 
0 
0.03050357749012235 
0.4312009841999788 
0 
-0.2966841646634487 
-0.00720228200633626 
0.2961998225382063 
0.433758340856495 
0.419968901930525 
-0.0003701337590449587 
0.05000260853029691 
-0.0491331462079688 
-0.0757130961400881 
0 
0.05521628750344282 
-0.002673348664957317 
-0.08639620979883725 
-0.1617678418087584 
0.2197485239742746 
-0.1067344825693285 
-0.2398058379288683 
1.122992044710499 
-0.0002090739802800837 
0.1411337605250294 
-0.01579034265624815 
0.1058176656276275 
0.0750156784501545 
0.05811637985282978 
0.5763049627776416 
-0.1363879439139598 
0.2463108360409348 
-0.07392076641764984 
-0.04701505446127621 
-0.3306226027070949 
-0.2968946729687668 
0.4132799155206222 
-0.1542371298735354 
-0.1479730032564511 
0.02699082484929369 
0.3555781700148974 
-0.04435874304992193 
-0.4180381375093927 
0.4720521811527225 
-2.257091259934912 
-0.02919532219891824 
0.1313369932403169 
-0.4024910743599771 
0.07635710822032565 
0.01476620973799835 
0.07485495684613939 
-0.08448763232641433 
0.01628339430261826 
0.4241031877862715 
-0.1135820896684006 
-0.1127175729071484 
-0.2414422411455775 
-0.06383968476908167 
-0.195080537326937 
-0.3293061433233144 
-0.04709085905104311 
-0.9174313907850574 
-0.2724474812639244 
0.9456319641306069 
-0.163583455252521 
-0.04411753382749926 
-0.09331132524990575 
1.56057034342776 
0.2029989603920098 
-0.09867406575608799 
-0.02797026921945511 
-0.009793079537240188 
0.04922138410566234 
-0.05164754221451107 
-0.6234634145659587 
0.03414399235046666 
0.472929466118382 
-0.28317956539254 
-1.877824954526837 
-0.005688269915107609 
-0.008273975083143193 
0.05044920905600471 
0.03480039014417188 
0.05716413205839357 
-0.3522217697643318 
0.05848475632944301 
0.2412129216095099 
-0.02776581298545582 
0.02687106826503469 
0.06650338467164489 
0.3071454225337333 
1.743441207734771 
-0.3852806154561433 
-0.1350499050501311 
-0.7293045626871751 
0 
-0.0664470023055977 
0.223181212875828 
0.8332196930290565 
-0.1607767479805369 
1.069248776348521 
-0.1036890280399423 
-0.2036515833761021 
-0.08005873220312926 
-0.5685459415410138 
0.5951982372625078 
0.1343919069576937 
0.1160382113929491 
-0.4021414427646674 
-0.3792054864327289 
-0.0195558152911875 
-0.7588750483309157 
0.7032287519398365 
0.03822473049062139 
-0.1572935708818564 
-0.002744941642110158 
0.4716658533676017 
-0.9099550866074181 
-0.2049660400933637 
0.3854849586435173 
-0.1081646588479522 
-0.04838836243157502 
0.03645357593097132 
0.429144776629794 
0.2811991410593627 
-0.06373513751041224 
-0.02045028513175612 
0 
0.4084472042535209 
0.04796580589602677 
-0.05144991392394242 
-0.0963513992197365 
-0.5239552772339026 
0.1230613005755347 
0.1125922255860199 
-0.258759555118749 
0.02467058299840942 
0.6815367496065415 
0.05981474390695446 
0.2097450028873441 
-0.06728145717108332 
0.09865708710714644 
-0.9484442313072141 
-0.5825722443907948 
-0.2644730464575326 
0.005774891201396732 
-0.3045577700481535 
-0.1691113822537458 
-0.1546522824395204 
0.5248212058727525 
0.09689365007172354 
-0.2010438659441102 
0.2404085915477996 
0 
-0.7822474020651765 
0 
0.02733517396035717 
-0.849727094541848 
0.8439560107722911 
-0.174683046774811 
0.2473573263974794 
1.150400509805792 
0.2550922746995107 
0.1051442509073493 
0.4514185825347632 
0.05157536207799902 
-0.1306330781943159 
0.2590314196145206 
0.2883380243456173 
-0.0417636210689539 
-0.1050793977131271 
-0.08402535828814825 
-0.1453254394803437 
0.0578218823344507 
-0.2639858992266945 
0 
-1.652714788125362 
-0.1622635427671901 
0.03557919831259343 
-0.08221999256169787 
-0.3571863565090228 
0.4432536417183418 
-0.9735176396143005 
0.07857651015122268 
-0.01469319983106964 
0.01226004150409281 
-0.542649181238134 
0.01308635032237376 
-0.2307629741178167 
-0.1043371482460379 
2.776969659215596 
-0.1468602480162542 
0.01068826577706236 
0.2759621497153129 
-0.1153904862279839 
0.008457945605617356 
0.03156071803389322 
-0.006891849158486583 
-0.005053427007518244 
-0.6182105941383392 
-0.05097708311095075 
-0.06004582904489991 
0.3358429279167546 
-0.5427558338971424 
0.08757639383936691 
-0.6189084817944988 
-0.1930217851091989 
-0.0747343874218127 
-0.08676361936970674 
-0.005997927565402046 
-0.07543280999505937 
1.080435939628559 
0.07998191590560574 
0.05477367913517762 
0.2492609845859279 
0.05913216371791624 
-1.691372539468929 
0.03013756068779177 
0.2348038288102015 
0.2602667689058828 
-0.08557597603607144 
0.101586570808159 
-0.01302799241631761 
0.02717839335396582 
-0.5198073370972347 
-0.07658997102236903 
-0.009679369759902938 
-1.384355169604992 
-0.1985682673243801 
0.2561088025010713 
0.04086355767633789 
0.1331181132037747 
-0.6182540508504252 
0.7204375293120543 
-0.01182955512840378 
-0.408275076477746 
-0.1256867810401963 
-0.2235010551616232 
-0.3251032068615726 
-0.08433173462930686 
0.2378916705225346 
0.1830976919761445 
-0.1483041796391215 
0.01432423662847989 
0.1007482128390538 
0.5248671730736623 
-0.1328134768684876 
0.06989641768141042 
-0.1196987172269467 
0.1911902484719892 
-0.398930301809889 
-0.006127849246774545 
0.7219815018089492 
-0.006690104151074039 
0.3976265334576202 
0.2979014223277199 
-0.1393923905720326 
-0.01712241474577145 
-0.1471326723185286 
-0.2040952107488936 
0.2201993019802512 
0.03088783078623186 
0.1400883392643292 
0.1456457140620149 
-0.01859286987308836 
0.2938126499472497 
-0.1990138916399898 
-0.3137520345395257 
-0.4259175948862464 
0.0003878631408444761 
-0.02464927000046581 
-0.4436706840625677 
-0.1993461085356731 
-0.1552317615944306 
-0.7901780321157034 
1.14169905510788 
0.03482955342384998 
-0.04330639031048157 
-0.01431267147389597 
0 
0.08321006761777736 
-0.07489823397760961 
-0.251717671691061 
0.01553303628605969 
0.2847042800657358 
0.2879511924505944 
0.471800835521569 
0.05661294790266427 
0.04772868932550441 
0.03360484883969915 
0.4511024936459095 
-0.167627930995933 
-0.06929465393766344 
-0.03175726530053398 
0 
-0.004933304158608412 
-0.01593857021149322 
-0.4740273056178758 
0.181169062328201 
0.02836966657943868 
0.1991977761582251 
-0.1568020770172822 
-0.3463822493035755 
-0.005455285677163635 
-0.06024191704002446 
-0.07226904966709147 
0.1156947402295984 
0.06103074208289429 
0.1790106630325543 
-0.04072470805371288 
0.0710376151368888 
0 
0.5965255014699291 
0.1974501831618813 
0.01530641935395776 
0.03397268972389583 
0.009868998590742074 
-0.06522492925485714 
0.0220302367454607 
0.06479049294146084 
-0.1357732571093984 
-0.03113160454239559 
0.2397102949219334 
-0.2111489015251501 
0.06211758259961459 
0.009590997586905988 
-0.09290871780332884 
-0.2252368229607188 
-0.25170593670831 
-0.83869457008727 
0.3711485987032552 
-0.2447001887352388 
0.08527889687125717 
-0.2784945598927068 
0.2713485455980401 
0.282286748599577 
0.9256163238989807 
0 
0.3761356445434446 
-0.193400559008571 
0.1573673002063969 
0.5924318386245974 
0.2371824997061988 
-0.02109491384407566 
0.4164260848797435 
-0.91804246239454 
0 
0.1039649522656119 
0.06222234637199485 
0.2314527606157197 
0.07309865451401221 
0.2248672977027014 
0.03858772880015442 
0 
-0.2565574287847219 
0.1182154258109123 
0.08372204106905759 
0.08092966399294503 
0.02052681983055736 
-0.3938493440052802 
-0.1819805834758213 
0.3033173592511116 
0.03870138859506345 
-0.04549659178238866 
0.2160746526915621 
-0.1094796164132469 
0.04197501840158629 
-0.2566807193354865 
-0.1565454962408833 
-1.005242136256993 
-0.580887757277339 
-0.01877668746418282 
0.01700768169241913 
-0.1237083344963876 
0.1030205833135638 
0.0574094313859 
0.2695650728705175 
0.00769820054041321 
-0.0700559544451298 
0.1490865528960605 
-0.05422709680189668 
0.04161170800440209 
-0.007515399539408809 
0.2406149039282438 
0.1354070968381503 
0.08181261275128465 
0.066231121884663 
0.1706578011669715 
-0.01127180072608864 
1.926664026321885 
0.1893658368676214 
0.007471174916224554 
-0.08149994218030934 
0.01543722457541109 
0.1274506876795063 
-0.9458391639911709 
-0.5675090127853342 
0 
1.319984046098425 
-0.02572823010475891 
0.1301803897820034 
0.1509024972473523 
-0.005593890941578218 
-0.1952245988659833 
0.1675542878967327 
-0.02209771778848843 
0.1051272378171089 
0.06185744098400529 
0.03614966506661984 
1.150486448551407 
-0.06844530445287138 
-0.4698074806703087 
-0.09562339972135608 
0.09873709211617726 
0.1260516401689401 
-0.2018035673913716 
-0.5703704136964425 
0.8984235625732893 
0.06852058357970933 
0.08855502127894893 
0.05146936749027353 
0.4432053735012224 
-0.0156940634120772 
-0.03460831922576089 
0.04649436592491112 
0.001379040831277017 
-0.02143607476180322 
-0.1140476464089922 
-0.0239186190161519 
-0.009213628003548861 
0.0009425030587237836 
-0.05110924132422363 
-0.1396347795174395 
0.01844190384656728 
-0.3892837436996293 
-0.4655530090680676 
0.08989435151413848 
-0.04628447326725572 
-0.06277211164414115 
-0.06522357751966162 
-0.1067684892020836 
-0.01572152132139877 
0.4721647895415426 
0.06280453050757102 
-0.2195451965485661 
0.01143657203537396 
0 
0.3788866810319851 
-1.036437987660113 
0 
0 
-0.1426486184001184 
0.1246223638412453 
-0.4387643562812271 
0 
-0.09256565711139214 
-0.02149889162366618 
-0.1724258239236799 
0.3121199800883898 
0.1323454598707688 
0.1224981415906898 
-0.1140716278769715 
0.1076595673105502 
0.3059918596321372 
0.2480677245524173 
0.5798853898705004 
0.5269227553483853 
0.01009651535228032 
0 
-0.2353930396980544 
-0.004985898291302968 
0.001138568365314415 
0.106317698408227 
0.3147536126734711 
0.2789271685574705 
0.3361239945771167 
0.0697435263848966 
0.0253122614563913 
-0.04323957410119246 
-0.3992003668139426 
0.04363004802297896 
-0.09592309854153976 
-0.4385374714655565 
0.4991933483177364 
0.05449454966639754 
0.1591292288653654 
-0.02447206414656465 
0.1082668690896576 
-0.3912409193639879 
0.8281693215285042 
0.2562180531469017 
-0.188164776691968 
-0.0001013855044610757 
0.04533381858387798 
0.01559674950063244 
-0.001723988650317352 
0.916911741964374 
0.1780634612158683 
0.05749776486234039 
0.2697354497618469 
-0.004933304158608412 
-0.1763307931142329 
0 
1.054502849425482 
0.6824048860737461 
-0.2665964580565433 
-0.04764620477050972 
-0.6877490423386639 
0.9499262240183122 
-0.05896174493749715 
0.1235466955727821 
0.04089894132160622 
0.01440953669820396 
0.06275362727326275 
0.1553377697833095 
-0.3392763093349667 
1.059014271249268 
0 
0.01436359721135255 
0.9282235908921723 
0.1867831360813887 
0.1364943483210049 
0.355067003094116 
0.228709493256156 
0.2245482101187248 
1.170440971241275 
0.01559579075871283 
-0.03653193520519017 
-0.009218356252171354 
-0.1524670052624892 
-0.03877436581487691 
0.1508025635275216 
-0.113040040809167 
0 
0.008469991732674475 
0.1043378094257395 
0.01531221793595236 
0.1078328503360194 
0.1034950900655426 
0.2469699743639024 
-1.341630611633252 
0.186254528749436 
0.1701583933472767 
1.191263707751271 
1.080963082272042 
-0.1087995808498742 
-0.4396158369120733 
0.04201771132836414 
0.06853970933421509 
-0.3213556877575734 
-0.02127790733039019 
-0.02788079013035127 
0.09515599311763491 
0.1922015555503039 
0.06004903505757122 
-0.9526578925482088 
-0.2123035574930826 
0.5189103242740173 
-0.06391268118314165 
-0.1743368076241624 
-0.005860562793642341 
0.1720319795225594 
0 
-0.1553494549548444 
0.3258889448594948 
0.130204822814162 
-0.2686587405871277 
-0.1677355986225361 
0.1637675598939067 
-0.1770583459946944 
-0.01005088331228655 
0.02951889564347798 
0.005962846034107985 
-0.009010606493068023 
0.0310607726986131 
0.5764615786583126 
0.2200038534053935 
-0.3557130118247315 
0 
-0.007761144856741707 
-0.1009779713350421 
-0.6120145016473728 
-0.1812359195255576 
-0.05047552640607478 
0.00750400343365256 
0.5613349092375267 
-0.6623337545086717 
-0.02384644583123537 
0.2879398402648081 
0.2075438845065233 
0.4173162062230275 
0.8662456568545474 
-0.3562044681373535 
-0.1055856165913769 
0.4765417094102867 
-0.009353724371348534 
0.08677542594912276 
-0.0583611481586357 
0.4732881747755681 
0.2553557299577899 
-0.4855346879679812 
-0.1731048247959057 
0.1476212614562787 
0 
-0.49883254893937 
0.08675842925880831 
0.1562507292738161 
-0.2946267084850206 
-0.001955637581649161 
0.03393986259335521 
-0.3742284060955283 
0.230306546355958 
-0.002795711567084514 
0 
0.007269444497281658 
0.2236029865194962 
0 
0.05153756248097834 
0.01227433466515002 
-0.003460582895369402 
0.07858144748258603 
0.04931558547856592 
1.09642289981958 
0.01063319724646934 
-0.4330060145111158 
-0.1156172905404048 
-0.0306229641071882 
0.2761364042098749 
0.03818451102407992 
-0.06249201229626765 
0.03796369591685798 
-0.08093149910141451 
0 
-0.08141725948391608 
-0.472128338220985 
-0.1648495187456432 
0.2883105955709365 
0.156438605039985 
-0.03362787942496992 
0.09895574801573685 
0.01533588149915696 
-0.3991746733024248 
0.9013972451531314 
0.06293826075706947 
-0.08382687324252858 
0.004319398924136093 
0.03157205921500357 
-0.03780071865726255 
0.1095749301734454 
-0.07904829429236444 
0.03361314344961837 
0.2105101241087111 
0.005102604719785206 
0.3936507436033391 
-0.126662346964571 
0.1527853792838062 
-2.169265751293323e-05 
0.05627317871862493 
-0.02479017469463165 
-0.4778752752054184 
0 
0.0843327811618004 
0 
-0.210060090509634 
-0.1610893178039743 
-0.1574022565288425 
-0.05755302667768102 
0.127209999401927 
-0.06832667244834065 
0.06121186830993092 
0 
-0.1173765392675261 
-0.07646615614298506 
-0.4597878087374223 
-0.1985822824803639 
-0.6212846457848279 
0.02116256899847299 
0.01353093869395064 
-0.8974755645235539 
0.01402009922355235 
0.07807763567418353 
-0.06078191521490137 
-0.3395715822907612 
-0.03406508891701081 
-0.3521488234023309 
0.01899866975329031 
-0.009663161654955153 
-0.3748936953256662 
-0.02950287717595009 
-0.0381834408068638 
-0.1310772268124303 
-0.1537497250586268 
0.07063206620939962 
0.434949785873226 
-0.1507207087659307 
0.06506410829371026 
-0.5800841386308092 
-0.006805950072369136 
1.007867092504315 
-1.209315625493018 
0.01285921806433834 
-0.05460860351951181 
-0.03625171717462659 
0.001702397983850841 
0.001120952426519791 
-0.3745774047522839 
-0.0991991064003466 
0.2511025804081172 
-0.03384819384831784 
-0.1514397284695411 
-0.2161580389672171 
-0.08753867507062926 
0.1135018396926095 
-0.2407763659160568 
0.416858636446778 
-0.08253408488443771 
-4.590482364933215e-05 
0.04796117733410921 
-0.3595461394188852 
0.0132401538848787 
0.02814408016462625 
0.2649811076594925 
0 
-0.0404129713972383 
0.1231645545885093 
0.1597929638587865 
-0.02017933612390799 
-0.005133249925094255 
-0.04171048975553122 
-0.2773075898529096 
0.04398292609073412 
-0.1175617921168921 
-0.01225872866740508 
0 
-0.08544715979195334 
-0.073743418359475 
0.01390572091358432 
0 
0.02299307505487096 
0 
0.3715964570749686 
2.262427632127944 
0 
-0.1295100016313395 
-0.07333040227385944 
0.01554495950740596 
-0.006225302888267809 
0.001690194512606802 
-0.1997467905728793 
-0.6447678317593858 
-0.3347980259189693 
0.0009061421918945074 
0.3748582076078924 
-0.05491814640078152 
-0.003428770831290447 
0.152382155869883 
-0.5553886645721957 
-0.2542380365980585 
0.1854762379247146 
0.08153792845863432 
0.6132871899044484 
-0.210685987668351 
-0.5665391278421785 
0.01322132953794811 
0.006548440327513566 
-0.01385897779250613 
0.06230533581106976 
0 
0.002890268089734737 
0.2985045042399209 
-0.9146449019928166 
-0.1672853264626956 
-0.134697417518733 
0.08865659888217653 
0.09786980438458377 
-0.2286578760010659 
-0.3208965590792973 
-0.2493717855222037 
-0.2177031426445566 
-0.2492380255276632 
-0.224114964095925 
0.299258688368027 
0.2568484404298647 
0.02347550107575997 
-0.003472577497515289 
0.07361062080593089 
0.4240664071767977 
0.009247971959296275 
0.03283791792746026 
-0.2976536820595422 
-0.08167793133929813 
1.593794080885385 
-0.01243868120893432 
0 
0.2173104039443277 
1.084712895511954 
0.1494025795260433 
-0.02332490303769801 
0.002884473412911854 
0.2425773179914515 
-0.035526450454197 
-0.09231456929645064 
0.01975727543898499 
0.1995475498636327 
0.1793031661431977 
-0.00190505198957518 
-0.04426559884861815 
0 
-0.005346522881795253 
0.07721691018727969 
-0.1366408233096686 
-1.438668221567562 
0.001531954805017795 
0.0273666433319987 
0.2198857890668869 
-0.01612373260436297 
-0.01733199297616574 
-0.4840045670660777 
0.08693951444246671 
-0.2128719660103601 
-0.8266915180438921 
-0.001993343934800421 
0.2100252988227569 
0.005729490994211428 
0.05798136805567049 
0.2217891891768274 
-1.38732830420836 
-0.6511605497093257 
0 
-0.2129536662227133 
-0.01252808979613343 
0.1181525412922505 
-0.0234056707901558 
-0.01837124163803777 
-0.01482131860716254 
-0.09333161901840946 
0.03292031450715168 
0.03277139981538983 
-0.186603349321742 
0 
0.03418879960725445 
0.006841082870581159 
-0.1147569474014649 
-0.03079109131591141 
-0.02438668965760239 
-0.2184574631378137 
0.02841632835582312 
-0.2220268685088376 
-0.09954705645655978 
-0.02272357141458435 
0.3053179513590494 
0.09841873281513587 
-0.0637447708229939 
0 
0.005404789836113094 
-0.1402438739879616 
0.3528779279204148 
-0.4965370318886505 
0.01195405656738633 
0.170247489726723 
-1.525129021313878 
-0.01910314713898117 
0.01172349235158196 
0 
-0.09908306592077858 
0.06510285944724092 
0.02657259725084125 
0.09504030132179615 
0.01210530234960672 
0.01104634704425753 
-0.1159144612407401 
0.01020418015337129 
0 
-0.3962760140637152 
-0.0885521457444938 
-0.2888749077078187 
0 
0.3395596559973538 
0 
0.2883954645346288 
-0.09682479721666033 
-0.05331400105781844 
0.05606751936389626 
-0.2990605500566009 
-0.02229195135328089 
0.3280002061828762 
-0.7067033354567361 
0.08177503512342003 
-0.02480563642887188 
0.3832731049785442 
-0.4419572392081488 
0.3375800648432421 
-0.004056508801327782 
0.01461407192714505 
0.003787080687192691 
0.158512802166894 
0.2811135122205691 
0.07355014318307573 
-0.03292089207239751 
0.04393421839323167 
-0.08944916688416693 
-0.9551282289938783 
0.1241166171878292 
-0.1322079103700216 
-1.371944499108093 
0.1319968663674618 
-0.5100440628939649 
-0.1402374765709281 
-0.4159002204175103 
0.5029754411283467 
0 
0.01962918191169345 
-0.03074137323811771 
0.09916270321946569 
0.08547204212274405 
-0.3707594730434045 
0.1273968473777002 
-0.2380068392324878 
0.09441470868990309 
-0.1532469687658053 
0 
0.09371757318871832 
-0.6187402749374948 
-0.1508690168361567 
-0.06927091004424585 
-0.1036943025100018 
0.005793650524683932 
0 
-0.2135947670138675 
0.2086141289320376 
-0.4648227320489132 
0.2287685776503894 
0.1300178103377998 
-0.05115989096453072 
0.2864303427493433 
-0.01997287877221001 
0.06623822992598596 
-0.02470304847626039 
-0.3365706090760028 
-0.1979404776274554 
-0.1147460516462986 
-0.1526099793628458 
0.4708991006622559 
0.1837623779537841 
0.08802584820791637 
-0.03167732502602288 
0.1165043248339852 
-0.0424423421629225 
0.07849420216375413 
-0.04912384856665436 
0 
-0.0140269524701762 
0.1651506334435979 
0.002332676066582759 
-0.02395894271384716 
0.5534055277070138 
0.06730895333526467 
-0.01260389363985156 
-0.06778964774554255 
0 
-0.1271925141703577 
-0.03111186358009507 
-0.01068713525327169 
-0.05758648132771937 
-0.6815668952048461 
0.1520963100824582 
0.6714518695223278 
0.2902499930018432 
-0.06214841134158243 
0 
0 
-0.1403151395459437 
0.08051308119769565 
0.3219018445620688 
0.3056063221748108 
-0.3498937030060322 
0.2184776793313918 
-0.02726377330770507 
0.2178871704761626 
-0.2592166020709393 
0.03981525152142274 
-0.03785894756537799 
0 
0.1786283047618406 
0.08712181777908738 
-0.194589666685951 
-0.004051277600143332 
0.5516463630809268 
-0.2117500257279525 
1.065675143986376 
-0.01947703877159623 
-0.007911205024825608 
0.05845045145071593 
-0.08040572674400255 
-0.06140307864618733 
-0.105850857053491 
0.04971908405066097 
0.004703537209763388 
0.3249189427829147 
-0.3258671803639731 
-0.09792529387147213 
0.03565020904206388 
-0.09174216148080812 
0.03598011292560552 
0 
0.1041245218903554 
0.112682813345011 
0.6748515987388697 
0.2328036834924863 
-0.0008112638537692951 
-0.03609351051038823 
0.2298494148575408 
0.2083787387447908 
0.1238377969398083 
-0.03437473472811872 
0 
0.01373027433572262 
-0.02643841648426798 
-0.01919780664118359 
0.1141804013396604 
0 
0.03535465876085617 
-0.7285519122618327 
0.4073716300061656 
-0.1151857212840197 
1.163837541062063 
-0.002332119290283732 
-0.01860436329852315 
0.03974863662445015 
-0.007889525253162501 
0 
-0.4375450619650273 
-0.4288282024634831 
0.36608571283187 
0.09612459513620816 
0.01596370632450289 
0 
0.9854802621340076 
0.06899590743656213 
0.1902700059515705 
0 
0 
0.02233499104242901 
-0.4857617274344507 
0.1861558271809419 
0 
-0.1021073882128374 
-0.05009044173205073 
-0.2510633368091371 
0.1348529516183575 
-0.1606802009826951 
0.1134420513024249 
-0.1144713620274007 
-0.00469394806221759 
0.01049447060970918 
-0.0682180195647307 
0.0762982390411749 
0.03609155489100872 
0.3648656687415572 
0.5277750673523461 
0.9852468598131149 
-0.303103652787964 
0.2373157548018263 
-0.1941283826728007 
0.2714271333757062 
0.2700304764811744 
0.6387776871320885 
0.4150345650553918 
0 
-0.681776873992001 
-0.3343363422232852 
0 
0.09284647673340936 
-0.5377263265985789 
0.1309356935519102 
-0.03247042898027083 
-0.06280381263671578 
-0.1640434393359312 
0.06001175683800574 
0 
0 
0.1006492879612653 
-0.05413231499539894 
-0.212569876994945 
0.01094631737950436 
-0.01434529769068244 
0.04170100784392934 
-0.0600668447142042 
0.2591775814242259 
-0.00326799610069195 
0.01705020039372229 
-0.01189609897197292 
0.06325268045179215 
0.2577775645770695 
0.3860453328005806 
0.02700356419311221 
0.6602897283583197 
0.08775494147439342 
0.1017984326475778 
-0.01479945465274319 
0.006679548487727256 
0.08538331445113989 
-0.02529767874970302 
-0.03123245221479243 
0.01421883081478438 
-0.01262206173229833 
0.1869281933785499 
-0.3537329418772319 
-0.008109048210365153 
0.0910858415670321 
-0.1500966654781053 
0.2510091858697547 
0.1015026937396583 
0.6638975051565542 
0.07972038214695985 
0.009575804193511684 
-0.06476363094832151 
-0.06935871422694109 
-0.03292992977629258 
0.122512504300146 
0.0588539565040667 
0.03811950325999265 
0.1588430144194186 
0.0162111281275363 
0 
0 
0.06309526123301154 
-0.05558035459308409 
0.007470258868083703 
-0.1354643158076796 
-1.151817776980779 
0.07828294938386636 
0.009890823964008429 
-0.311398559883141 
0.08393591705651074 
-0.07270617476359086 
-0.4920014299270886 
0.03958274723096235 
0 
0 
0.1161601370659631 
-0.02088813141126267 
0.3699978147723481 
-0.02286134489869469 
0.03323337742279137 
-0.001415407366627716 
-0.1837450691236318 
-0.1286562584544764 
0.5005186522000259 
0 
0.03314918694329723 
-0.1605818338436404 
0.2414471056777747 
0.05192717076172427 
0.05441913038220926 
1.058237081333208 
0.1814291003155722 
0.01552723221444335 
0 
0.02267907703504822 
0.04998333179145458 
0.02390877061971524 
0.3439749556970319 
0.2248161256536529 
0.1400699836410385 
-0.006022685635745056 
0.01046622314896198 
-0.1627882364541407 
0.02595325249641586 
-0.0464397806576104 
-0.1212848141455825 
0.2667580770908308 
0.04453624316411834 
0.06437866610911568 
0.3123614866843375 
0.02297014161364587 
0 
-0.0903578185556759 
0 
-0.01594188399667897 
-0.00185803718212974 
0.01672718846584234 
0.06599945086911393 
-0.2787976534065481 
-0.1622732204067706 
0.008360159126080628 
0 
-0.1783446771257435 
0.01704729150957912 
1.100248251736963 
-0.0007377142067122987 
0.02938251607402683 
0.0008276336391875723 
-0.01538667345599336 
0.04842488702695127 
0.1502893444431658 
0.006916964219565507 
0.05504255571587004 
-0.02784205305402804 
-0.008700963182629574 
0.02677070943179527 
0 
0.01072457004267093 
0.0002529205465141432 
0.01715242777799114 
0.8353007697925373 
-0.005476000530252876 
-0.3640619454372319 
0.2883332084427888 
0.05206345869476569 
-0.09413932407665174 
0.1116469771480027 
0.3050862419547433 
0.2490247233116989 
-0.2758278647570875 
-0.1788317524182189 
0.3677226134064687 
-0.05092841389160874 
0.05546085397058142 
-0.00826840852299947 
-0.0101311205264595 
0 
0 
0.3287361780364971 
-0.1653747064794091 
-0.1375549701234511 
0.08676774564431537 
0 
0.07904233044808832 
-0.08039327233450932 
-0.06112268464779699 
0.06084306702586875 
-0.4733356587112666 
-0.01994568592848997 
0 
0.01027596987672068 
0.1811415112730998 
0.8285312561121446 
-0.5494926026429752 
0.1030575568118071 
-0.03662411235439044 
0 
-0.05117855128601831 
0.007257417073257943 
0.03028653055450311 
0.1808693571698284 
-0.07951552663073663 
0.7049225959071083 
-0.3415278287127638 
1.120308985034669 
0.3292737835642594 
0.01534725149130144 
-0.4361344155510616 
0.01889482023191219 
-0.2309835322757404 
-0.01074100076357608 
0.01675133159532605 
0 
0.01415472957685573 
-0.9483568306072275 
-0.4711859439249498 
-0.1147755240837854 
-0.1426903588776416 
-0.4297005795957359 
0 
0.04382224998818764 
0.0750654595894915 
-0.3651568939116112 
-0.317176308034091 
0 
-0.03262500643869566 
0.7414906156649911 
0 
-0.3042273896499987 
0.03303513285299922 
0.03700471862908563 
0.6094205449471624 
0.3872627392340762 
0.01703065617696876 
0 
0.016324250466392 
0 
-0.1932920316098424 
-0.1337406189176521 
0.06568516472968844 
-0.04513899737807128 
-0.1150266386941507 
-0.03555007846776495 
0.2040885142281768 
0.3330089867299231 
0 
0.1938734965537118 
-0.5329121511161231 
-0.1224156325589404 
0 
0.04036356124788201 
-0.125293522277125 
1.360874679975104 
-0.4199550232494021 
-0.1028559846301567 
-0.1085871031641792 
-0.3221183624325785 
0.4693135389251695 
0.5242707231658668 
0.1411538956464629 
-0.04579882683272679 
0.006135524124201509 
0.02624807493448 
0.01100672900564165 
-0.1047409635622945 
0.5252730578489536 
0.2212863562371195 
-0.03928897688349652 
-0.3388976135006259 
-0.0852061551618061 
-0.05654276573817496 
-0.04390732487406459 
0.003397073112696302 
0.329568969711813 
0.08514896396173732 
-0.04676256363659911 
-0.3399580658603996 
0.326647838336737 
-0.002837069017222269 
0 
0.1143821413786154 
0.01174667721573487 
-0.02801039463472873 
-0.1823067137365513 
0.004674887546905475 
0.01336778136699043 
0.05013441642395469 
0 
0.3647480245949716 
-0.03368492676978446 
-0.5929386883321921 
-0.06546734409961637 
0.001094586221001165 
0.6563914250133556 
-0.3355648730660909 
0.04272258625245989 
0.08862034267957353 
-0.1072498839958938 
0.05054947788949846 
-0.1079080724019962 
0.06658599286723728 
-0.03981049260460996 
-0.0004766378312874256 
0.09131426939088347 
0.07256462555114662 
0.2535915021309591 
-0.3362696236389956 
-0.5710434225628773 
-0.01610613842072163 
-0.3743580772697244 
-0.003893051639804691 
0.1306978659533805 
0.02360521594292618 
0.007132517615110565 
0.01158623042412713 
0.03340831422007446 
-0.1635312075946072 
-1.073278653002617 
0 
0.004158515880853075 
0.2371163230155098 
0.8419508712371316 
0.03836190426027001 
0.1432252086746963 
-0.05048795257348547 
0.5181484704889074 
1.039257161060247 
0 
0 
0.004249002922887455 
0.02225167330472026 
0.000405793259091118 
0.02034267905284787 
0.03989215277624558 
-0.03873992890602228 
0.08605415040495804 
0.008092225303325491 
0.03941817068259843 
0.3216403386682356 
0.291968635941213 
-0.001438515622516746 
0.0288669592181022 
0.8352542907986585 
0.1145902407064289 
-0.04188097635750603 
0.02030298402803326 
0.07242953558039417 
0.228541228020274 
0.3524887364729777 
-0.01748107392106665 
-0.003625078999298733 
0 
0.02623155960539605 
-0.07055634115279009 
0 
-0.09067825035802991 
0.4778563170401653 
0.01534022985539099 
0.05381551658293261 
-0.01741766990802115 
0 
0.1415067359648689 
0 
-0.08820526041212215 
0.002312363353169688 
-0.2173309862303724 
-0.04141445358900409 
0 
-0.009527591240508717 
0 
0 
0.06118893411559636 
-0.1260369371585086 
0 
-0.1191123083859909 
0.000557989158823632 
-0.2433997874449515 
-0.005699576913534767 
0 
0.09574210506947642 
0.0704803461411509 
0 
-0.005029968479791751 
-0.1994196637690691 
0.183361953482266 
0.03253413159020147 
0.983514563026838 
0.118998693122691 
0.09301409539262367 
0.05056646708381057 
-0.0528346705839165 
-0.02422968452998832 
0.1679476562087648 
0.0940186252687408 
-0.1826764807335232 
0 
0.02050188225070623 
0.1761852776913948 
0.006226133922455438 
0.09048047936195872 
-0.02550322867747143 
0.07172011200494065 
-0.1470207107603028 
0.06226693923180787 
-0.8748782536449163 
-0.03508170991923016 
-0.01426019848595951 
-0.003481643574581856 
0.117404203402068 
0.01310713901684098 
-0.3172267051301126 
0.1381690660206329 
0.09303295655467562 
0.1841018638186555 
-0.3603259948636301 
0 
0.004772806955658824 
-0.02665626110576585 
-0.2066948543414973 
-0.4789662072418748 
0.437615858005658 
-0.3940148108155446 
0.1380757299067748 
0.04021240775467905 
0 
-0.05455219642826737 
-0.1091736482011952 
-0.5315465879703779 
-0.1144848106125229 
0.1266317744019562 
1.744471215516625 
0.1316975081795741 
-0.1395100900613463 
0.17539565468414 
0 
0.1633558511204559 
0 
0.3088968120098636 
0.01774004607399361 
-0.001546071034965589 
0 
-0.02034101114281335 
-0.08025373383881323 
0.00639416349930964 
-0.03733583157207173 
-0.0537424409372597 
0.05628538791732077 
0.02639345753995217 
0.0824481644810057 
0 
0 
0.3961749050248602 
0.7504197550103777 
0 
0.07756763476765997 
0.01402592019863442 
0.02920300393463165 
0 
0.3767428920414194 
0.1338692588107989 
-0.2379801515194811 
-0.5500640392487012 
-0.1236109526547271 
0 
0 
0.01000670520309271 
0 
0.03847603958374768 
0.108081412670394 
-0.1402674020903527 
0.2647643683264498 
-0.04978652254288316 
-0.1305721693893614 
0 
-0.1225338595864214 
-0.1623837527420396 
0.6307052836436893 
-0.274088577080604 
-0.01769314409490458 
0.05350527635239621 
0.2121331005386227 
-0.04078848047472652 
0.1823405334459801 
0.06441274966046662 
1.051149199019936 
-0.09635472600182256 
0.05448447695885327 
0.01605693610530051 
0.003900213280205449 
-0.01679141508581844 
0.1773663400191378 
-0.02215348768192522 
0.1746080193659238 
0.000663552715848901 
-0.2455045031896417 
-0.2693837769235937 
0 
-0.08767173683808249 
0.03410256522191945 
-0.03994710346253787 
0.3949642374516997 
-0.125403493472026 
-0.1182876111125353 
0.4386050272452387 
-0.4882339308181362 
-0.2271741407030494 
0.2405598086175458 
-0.06101863932360117 
0 
0 
-0.001856653244159495 
0 
0.003094675071868108 
0.5765546003121012 
0.09816993731273993 
-0.05039299338679833 
-0.1688387768877395 
0.01921365379315311 
0.04261840334512799 
-0.001968970202446445 
0.07671354346654576 
-0.2143029577399949 
-0.3880557694007249 
-0.0638353260649942 
0 
0.04229229386911695 
0.208349767770725 
0 
-0.1003049762854268 
0.1633762374065369 
-0.166783907090854 
-0.001235521999975503 
0.01566749433191261 
1.48695586910039 
-0.8971488771609759 
-0.06007699378124507 
0.02977157746628549 
-0.497662194893685 
-0.01881749643607087 
-0.4369252974133654 
0.1457119224061306 
-0.02037723592194099 
0.08065229384006981 
-0.01037254370871075 
-0.01413830962192165 
0.5272360640143539 
-0.0606274630075168 
-0.04008071788437272 
0.4188432183109733 
-0.006287971559361456 
-0.09524457478612629 
-0.06872529820650902 
-0.1804372507068066 
0.003378698300528489 
0 
-0.3171424390899653 
0 
0.0060808819080897 
0.1388378235063451 
0.04895150742855205 
-0.04749893179297236 
0.2412805452756305 
-0.02886997692923191 
0.1768479272935986 
-0.004693462886098817 
-0.05863566080835586 
-0.1330847325414814 
0.06957789152764196 
0.4707321357058379 
-0.07057226288927804 
0.08943199739592045 
0 
0.2078375691752228 
0.0773277060122317 
-0.03086265850478004 
0.1814598119164016 
0 
-0.4405095755741985 
0.00420778468756076 
-0.4387532741244097 
0 
0.1849412211109953 
0.02738284044570939 
0 
0 
0 
-0.0120312825703549 
0.4933584507765745 
-0.009530605694093214 
-0.02365595401525367 
-0.001841518939380412 
-0.03396629028810139 
0.1396918321596761 
0.5840725633279636 
-0.139033521742687 
0.06436782504806246 
0 
-0.06088500233092559 
-0.09620348187691326 
0.04637386986172648 
0.02295290086080116 
0.008024896319798733 
-0.1776729411925594 
0 
-0.002421381782118255 
0 
-0.1196776916875296 
-0.2549397915372756 
0 
0.05411828211955671 
0.8973754438202842 
0.05005152961655794 
0.2837706632039443 
1.359292618454604 
0.007683178628637152 
0.3294831951786024 
0.03035782243183982 
0.03107047841598955 
0.5064708246021623 
-0.002719830805578572 
-0.05582154152646424 
0.01087908672395556 
-0.2368766709894101 
0.0164776792170386 
-0.3510720110889275 
0.146117913743277 
-0.007836235611612587 
0.0119772564778482 
0.3190560015380688 
-0.1159296943348428 
0.1042051057229827 
-0.3080906877531709 
0.0262335291436628 
0.0506351325599343 
0 
-0.2328156204673744 
-0.03443445622073942 
0 
-0.07025780060305932 
0.2626921327899947 
-1.106280126601733 
0.3164811530410476 
0.1737236264787334 
-0.003802109842382044 
0.007909798010454015 
0.07750652142542711 
0 
0.08149790685676239 
-0.1688574213791351 
0.04826330386990347 
-0.1740950451760085 
-0.07470104596444632 
-0.2179756056099117 
0.02816654852340732 
0 
0.2258145339845948 
0.04885960912979561 
0.01545853043403403 
0.1605709736996982 
0.07949930996706871 
0 
-0.446347982970362 
0.108260970591386 
-0.3925668863148283 
-0.002895977979797547 
-0.0006056199406534587 
-0.02974935081396812 
0.2127111155146901 
-1.939878295262263 
0.06383505906775176 
-0.2910924009802428 
0 
0.4462778999721299 
0.02618262284128328 
0.2680114812539585 
0 
0 
-0.1270360266810666 
0 
-0.631096325796598 
-0.0955304383793682 
-0.01524189175516204 
-0.01920311354331602 
-0.0007000601110835081 
-0.02141660915778968 
-0.1108590960284596 
-0.1532686446648278 
-0.02775717030530433 
0.04333035386596892 
0.1358207150726221 
-0.05213760597781769 
0 
0.2300738042172038 
0.9647869612896748 
0.008271150678719206 
0 
1.433167789452878 
-0.000102006201719268 
-0.02323551966622817 
0.3413634575747826 
0 
-0.08137158176326612 
-0.06639310440423588 
-0.2939424833323225 
-0.3910605676192246 
-0.1333205362121838 
0.4134249998080337 
-0.002681299932871521 
0.004258675286746626 
0 
0.07637553810745426 
0 
0.09590123740488035 
-0.01840370263634071 
0.1693033232327876 
-0.4712859501504114 
0.1891594225674501 
-0.01799807698662943 
0 
-0.04181458352150987 
0.1081199011038838 
-0.04921134464372098 
0.3594628817982651 
0.1301525269900872 
0.002804594021207336 
0 
0.6588777633840471 
0.1996723926314783 
0.008680528307557254 
0.3341635428011167 
0.001295945856303744 
0.258836209705453 
-0.002609349353444081 
-0.2025274780190499 
-0.1818162512519735 
0.05463542768651166 
0.007200051474798703 
0.08299309577221362 
-0.1813975062737782 
0.02665664720586796 
-0.1909784288996526 
-0.1149147568416764 
-0.008113952190505628 
-0.8833170010352041 
0 
-0.5087346350988918 
-0.3626306572799129 
0.07685632385218821 
0.333409078631098 
-0.07351264450577252 
0.2067082343001509 
0 
0.06561499433366938 
0.007312196005925274 
0.137656290619011 
0.01731045276485855 
-0.008279454224660835 
-0.07393699886702361 
0.02697171491233416 
-0.06539297945460844 
0.001488030351440081 
0.007900397822213565 
0 
0 
0.03672940558304975 
0.06064410724003921 
-0.03623775752546372 
0 
-0.01423412855597541 
0.05530791181677897 
0.01544238109967192 
0 
0.2265706547364681 
-0.3215323135769324 
0.1288007767199986 
-0.008528565296429449 
0.0004253665218102399 
0.0001767483736294402 
-0.06999044728021277 
-0.02638390444079393 
0.03181052798053231 
-0.2411775256399062 
0.04778553399660602 
-0.3284988748923396 
0.2457733184918088 
0.2300095479898846 
-0.001319181713284393 
-0.07605189438275826 
-0.0007272756363365383 
0.08700874368354823 
0.2165423885673476 
0.06646413225742505 
0.579345166207284 
0.07476706539400364 
0.1258715185046315 
0.2559509379858639 
0 
0.04671804186448295 
-0.07482251324224129 
0 
0.02291406613118152 
0.002567797701223518 
0 
-0.26168873867298 
0 
0.1077207091664363 
0.520208846201145 
-0.1490646757928886 
-0.08983466302636836 
0.6284269041041756 
0.1189653157334998 
0.01736570538896392 
-0.03538159179860983 
-0.007203204959483969 
-0.6283199023325269 
-0.01127047086717314 
-0.0339859159304419 
0.8818857868075232 
0 
0.1112046235921352 
0.1089020555755179 
0.02239452748411988 
0.007621396468051083 
0 
-0.004753108820030238 
-0.363266686319793 
0.05183012359700562 
-0.4758582624933768 
-0.1023643604313957 
0 
0 
0.005433689497685185 
-0.0735822194173304 
-0.1090531381724353 
-0.08201377515515811 
0.02251747585913148 
0.02235546315266552 
-0.07812210449563232 
0 
0.4020431925360076 
-0.05953433297567371 
0.1141901036040611 
-0.02386996750499016 
-0.01055094047520027 
-0.002584222917306118 
0 
-0.01646976559316372 
0.0502963874508057 
0 
0.2094955717457636 
-0.007058837822769725 
0.03263341977100682 
0.1512128651472633 
-0.03346109182482632 
-0.1145598883857881 
-0.1282277843562219 
-0.002521426590234588 
-0.1000014410273238 
0.0002596823408262767 
0.1210594351195244 
-0.06650348046583497 
-0.1025982009525748 
-0.0371633182974102 
-0.07875779026776304 
-0.04568455299098458 
8.49872729119999e-05 
-0.06702406396545468 
0.002912351919821681 
-0.1101012470058193 
0.428110439231151 
-0.2816330935814076 
0.113866296999339 
0.05202905007264111 
-0.1312319945953544 
0.06914706523375001 
0.1424512433949645 
0 
0 
0 
-0.03528324383868464 
-0.02475981720044787 
0.05762855681697495 
-0.06482099516857986 
-0.01459108071692608 
0.1121470704655367 
-0.1666846177789775 
0.02586721007799686 
0 
-0.1542650975234775 
-0.07857373463121044 
0.1921701883410195 
0.008640244452020189 
-0.0006463298825440009 
-0.03944103844456816 
0.1039361103049037 
-0.03589738699210607 
0.003103154391065459 
0 
0.9283701248924903 
0.0004329269855303515 
0 
0 
0.07179658055521609 
-0.0126178667281941 
1.311105888287097 
-0.2247750069085452 
-0.08187898348735856 
-0.08420645373487509 
-0.02043438386790444 
-0.06132137264266912 
0 
1.515917631218521 
-0.002945127257330234 
0.2662773445336464 
0 
-0.4222075349337017 
0.1351773372358292 
-0.1307081486017388 
-0.0159072637119789 
0.1612973071152867 
0.1099133351062905 
0 
0.004683966768148464 
0.001157193515276773 
-0.2041970037029706 
-0.001066660736175839 
0 
-0.08985698976958484 
-0.240981535057936 
-0.003782220084261934 
-0.267297709222601 
0.08579872086216615 
-0.03319284462250466 
0.5994294594441102 
0.05245042687431416 
-0.005050391942229564 
-0.01632349161256135 
0.4890222326718887 
0 
0.2913965294806226 
0.157453020362584 
0.1343680257363549 
0 
0.008702039501280736 
0.03151961571773294 
0.3039266556133861 
0.05476095970784106 
0.1388240727546627 
-0.02076748846880076 
0.1587174420768419 
-0.0007327245619814599 
0 
-0.193784609358377 
-0.003389938039474809 
0.02298964767579295 
0.372408464749101 
0.02343262705287884 
0.03465541049407911 
0.04115015927989905 
0 
0 
0.0222048281191866 
0.2520477735443417 
0.1203550711888647 
0.01994025952958339 
-0.003729538801356115 
-0.0442799391148594 
0.0976930841345748 
0.2118655274051292 
0.2464559985047981 
0 
0.02192200896015037 
0 
-0.08746630128862476 
-0.002653076248919246 
0.008270714429857181 
0.0634988645027795 
-0.005652354973293932 
-0.3289498206051821 
0 
-0.1164021407911624 
0.08016693712551015 
-0.03855126798956101 
0.1299543229397384 
0 
-0.1151854200667356 
0 
0.1899455358933047 
-0.03362455748323094 
0.4489622982849986 
0 
-0.1316900947471955 
-0.02305502515835094 
0.3128535850419223 
-0.0320163907657998 
0.003865177206527195 
-0.06708258488996455 
-0.003180854475402069 
-0.05150927921719058 
-0.0006683106321136202 
0.05742552809604058 
0.02975316711300015 
0.07621808022521662 
0.02008619707892619 
0 
0.05320042089319255 
0.04140274396836951 
0.02634121761447158 
0.07932491073394214 
0.02777113145020193 
0.06336910031508351 
-0.02991957866189765 
-3.308993064489737 
0.4731919051081051 
0.1469872115934919 
0.03690255653027311 
-0.003912256566396852 
-0.01453028513809074 
-0.000901926609829521 
0.03094309233583261 
-0.005556332582370472 
-0.430624119662552 
-1.308188718849086 
-0.1955388133917125 
-0.04038502629986593 
0.04460170008505344 
-0.1306968649685346 
0.04598586417911902 
0.0182494941809365 
0 
-0.4099434489795473 
-0.1519540245311159 
-0.121215803220597 
-0.1619795951231429 
0 
0.08390542160289818 
0 
-0.1528698301718146 
-0.2144667916264979 
0.2710383266557652 
0 
-0.02028109759101293 
-0.0665351021119072 
0.09100794774620281 
0.02726647711916276 
-0.2753486632596469 
0.01929605617514352 
-0.8867538924872747 
0 
0.1158304376581219 
0.08801819443114101 
0 
0.05842796273772008 
0.02839866441232611 
0.05643843808385783 
-0.9881216155501634 
0.3194579972465319 
0.2227235075275528 
0 
0.01876991327497749 
0.2725909180792335 
-0.02754423434387226 
0.07107911538101322 
-0.01000356928722203 
-0.2365891204298659 
0.002326198030883173 
-0.04397592191090383 
-0.1186081327835862 
-0.1572624518528923 
0.02110911301967165 
-0.04671623009270658 
0.1292865506764831 
-0.1171392526622769 
0.06593591115619124 
-0.001788096941314156 
1.041086835897421 
-0.2778256286229111 
-0.5476380472779266 
-0.008470668439920944 
-0.2217380429998191 
-0.01063851014664196 
0.3190788053460759 
0.08869974553323663 
-0.07616586348533688 
-1.031578759575456 
0.01653125410900729 
-0.2817461543151724 
-0.3048390110361986 
0.1841346096308964 
0 
-0.05368185381321049 
0.04436489160554359 
0.7421841475260953 
-0.02546917163575708 
-0.05208310495651632 
-0.024253050560148 
0.01201720078918778 
-0.4270289105682483 
-0.0832490619381837 
0.1620218935340965 
-0.01560324146148628 
0.05235492923713997 
0.07040380357131078 
0 
0.01004084844198691 
0 
0 
-0.1101143956925095 
0.02513299381104033 
0 
0.116236897394154 
-0.3844693389344134 
0.3918300396131685 
0.08136302511365082 
0.2428120237128151 
0.05518531507735085 
0.0296833997830299 
0 
0 
0.09314844150960924 
0.06362388505242944 
0.03116076793387214 
-0.03646258777454973 
0.1460128905664358 
0.1781486426732168 
0.007744190977746701 
0.06692682919264506 
1.205721252848665 
-0.07559827693299431 
-0.05484426037256497 
-0.1202062714942917 
-0.01001527490495192 
0.01047832505114625 
0 
-0.003352096186483835 
-0.01059677161422946 
0.8294466909130139 
0.005559070215576151 
0 
0.2250189341969674 
0.0225986950961281 
0 
-0.1520444958522704 
0.01209899197782706 
0 
-0.2276200848213517 
-0.06237580935931303 
-0.02059459109782204 
0.03448883763565158 
0 
0.06642697999375434 
0.5377616602254218 
0.752448808491903 
0 
0.04908032961973459 
0.429937790092629 
0 
0.03493482902667802 
0.1804200979068545 
0.2236073323547537 
-0.01943477488605397 
0.4832747272734412 
-0.5208947224544654 
-0.3373525372906421 
0.01402102611527665 
-0.1497763700933445 
0.06428481574238905 
0.03658327349968167 
0 
0.1698847107960934 
-0.00526963681970779 
-0.07803451147736747 
-0.007523892102445237 
0.4421321586848226 
0.08222326230605763 
0.007992443146712701 
0.1470179089042141 
-0.04000090581606467 
-0.003711629445475397 
0.03006557159215304 
0.0288682404923227 
0.002957520945610884 
-0.04616715626020408 
0.5338661330451739 
0.0567073556982172 
-0.3529348832080372 
0.01960342807808601 
-0.3479328514647068 
0 
0.2113610155011511 
-0.07710484088328703 
-0.1112418305902094 
-0.08693286280221207 
-0.2580587824273676 
-0.006707398834664795 
-0.005818254899144296 
0 
-0.06689937169600121 
0.02477901651084411 
0.009807620422789529 
0.2335943500366199 
0.05130702901834307 
0.5860195055302532 
0.00066064553625966 
0.0510884680443125 
0.004126234831789658 
-0.08414549681560461 
0 
0.849284934097281 
-0.2345566746422021 
0.06022713158903838 
0.03000485954260653 
-0.1289159634893301 
0.08336915926617064 
0.9246153361189451 
0.1269428541304513 
-0.1573046291017366 
0.004211703718910618 
-0.2062904132793358 
0.5046719113696622 
0 
-0.2430889273170866 
-0.06495259710254481 
0.1631544794869781 
0.2565770104379483 
0.3777684479307864 
0 
0.1626099294702008 
0.2615370502995813 
0 
-0.012486743341982 
0 
0.01052068460794706 
-0.0303860389032338 
0.002688046986025376 
0.6916377028227344 
-0.02230366128562639 
-0.05483377224646146 
0.2072394957945752 
-0.008023620819123839 
-0.1084216616220083 
-0.01225164515159723 
0.01087322958306755 
-0.00694176743999033 
0.0547546053071437 
0.007573448290688113 
-0.3995201417443451 
0 
-0.1410060498056144 
0.06922254979699069 
-0.02983942457508539 
-0.6970877656783083 
-0.01090147850002593 
0.001846064843236852 
0.07446190492334945 
-0.0145554798760807 
-0.12747547542091 
0.01855697101234255 
0 
-0.09647349788983159 
-0.01759610846762796 
0.1796873277634686 
0 
0.07188189033144922 
0.009088564160171427 
0.1137801193427549 
0.4524826504103415 
-0.2188334499744519 
0.2139005974743775 
0.2972748392463364 
0.006033978953873208 
0 
0.03768851094850982 
0 
-0.3999125946648361 
0.0006437753808953661 
-0.006825781662518333 
-0.0132451066098925 
0.02746991016287965 
0 
0.07185164414516551 
0.004389384621966556 
-0.0313592675792902 
0 
0.1414161014489834 
-0.5316201929303084 
0.8452122902760509 
0.07064941305744797 
0 
-0.02813715670160039 
-0.02156332947397712 
0.02000227647045668 
-0.3429623630357339 
-0.1737265811361589 
0.210483380207288 
0 
0.2111527188916248 
-0.001101046627916452 
-0.02004164137886917 
0.08923726812663006 
-0.2351415502336678 
0.03511027327509935 
0 
0.0402639640559372 
0.0176481911679507 
-0.009774702817133066 
0.01295157847441849 
-0.03426244019463399 
0.07166613347999891 
0.1036928441981957 
0.1111320307124632 
0.06418677421338596 
-0.02540228270687388 
0.002486030084952345 
0.006418458505393371 
1.344804373408405 
-0.1744597120733327 
0.3342356889910948 
0 
0.004892477899062872 
0 
0 
-0.04273867315250498 
-0.07071174191025556 
-0.110889005515347 
0.02465823521097773 
0 
-0.0237233475934262 
0 
0 
0.08330049201348327 
0.09074132356267052 
0.01557805999598371 
-0.08632245447337825 
-0.01781646271997517 
0 
0.01354618119364574 
0.166740859281713 
0.6927145198419453 
-0.02091727784694548 
-0.007011302813534165 
0.1879180135503033 
0 
0.003711503325125389 
0.03946303034251775 
0.1340994241174664 
0 
0.002725160178477945 
0.01909583016267961 
-0.08250478925359303 
0.01291896231219214 
0.06929698428683685 
0.004684075830145471 
0.5557934679037133 
0.001774321228561195 
-0.1069325074801511 
0 
0 
0.007795050519991673 
0 
-0.04723335523099807 
0.04307894579795141 
0.03471066897611798 
0.3279752303121899 
-0.2593130190216058 
0.03488092461859461 
0.01584625396561979 
-0.09219259602415711 
0.1386149391709653 
0 
0.007851603080688963 
0 
-0.4568180288400899 
0 
0.3210169789762328 
0.007930895796891465 
0.01265396062539993 
0 
0.1594094203325743 
0.1631725000163476 
0.317730281677943 
-0.1130367766217825 
0.4051089068495425 
-0.05759189854543145 
0.07064475506269552 
0 
0.008444867755422775 
0.1545325386481192 
-0.119571069840378 
0.02029865411875882 
0.004136987459364344 
0.08802330416102826 
0.03421830768827967 
0 
0.1494146138011587 
-0.2325539428163143 
-0.03921558729798713 
0 
0.05149266683037012 
-0.7479347189051683 
0.000995150472520372 
-0.2450522845042676 
0.0335868828031663 
-0.4808924764633697 
0.114410945316333 
0.1114767874611921 
-0.1409516444528947 
0.03114416019518867 
-1.337556136348173 
0.09458380857058378 
-0.007605726625568972 
-0.1909532674518239 
0.304983334425224 
0.2208016810794081 
-0.03127389743291727 
0.0715788016565128 
-0.002478419000537934 
0 
0.008247985193161205 
0 
0.1426175220260497 
0.0094970945241107 
0 
-0.3040662853228664 
-0.5704755181254012 
0.4258053060792877 
1.053676191112143 
-0.05790530374025399 
0.04725768900013619 
0.0733747345167058 
-0.00108023217493396 
0.005891428273423507 
0.0004607803236064146 
0 
0 
0.9977748627965523 
-0.06782688115335564 
0.09213250153376557 
-0.05271391945201237 
-0.006849789865026374 
0.002843143526414803 
0.2881068665222801 
0.342681154093862 
0.007981696345431572 
-0.03095554907331226 
0.01820133513754869 
-0.06107617533577422 
-0.002574493429470712 
0 
0.09670154490917475 
-0.003140404710502212 
0 
0.02575996040616122 
0.6201076749587051 
0.002079304893313953 
0.06077803274474504 
0.04918399271640976 
0.05110559817171487 
0.1163787177273052 
0.01550349303716971 
-0.03692877008633456 
0 
-0.02780941560627496 
-0.3607148928510772 
-0.07630923329590467 
0.2872235342722873 
0.2152684794145455 
0.009115685431647487 
0.02017569538064563 
0 
0.00789949088961495 
0 
0.01702843222517013 
0 
-0.07642156141961846 
-0.2150561035519964 
0.08321116677264526 
-0.2761134370144315 
-0.0131919522204299 
-0.09989893288538849 
-0.1195579235439129 
0.03021409475806523 
0.08064909135942294 
-0.0425902154792778 
0 
0.2869654369324216 
0.02616035448229023 
-0.001634208845722473 
-0.2495085755734758 
-0.003009714054357427 
0.002350667492211524 
-0.03754038630867078 
0.0002281593418935495 
0.1919053074330991 
0.1635254754684049 
0.8412554779333627 
0.01126270801363284 
0 
0.03189965587587755 
0.1679412347046281 
1.42962635600449 
-0.2758395798089074 
0.04672110313483551 
0 
-0.06165530763338273 
-0.2443464411673139 
0 
0.01667126591499587 
0.03177962466003008 
0 
0.004698709692020004 
0.1805733155913999 
-0.05834785790403211 
0.06119182608802265 
0.009778863669645015 
-0.1479736772874867 
0.03640681060233882 
0 
0 
0 
0.09408902664011869 
-0.07781802981931099 
-0.008624925842851553 
0 
0 
0 
0.1225504980495495 
-0.03840521761298321 
0.009996335207091518 
-0.2679474652796018 
-0.02375442645304313 
0.03546777079236057 
-0.00188809082480227 
-0.04397645013321291 
0.01446379905266715 
-0.1778382880033382 
-0.031906684502301 
0 
0.01772179059373723 
0 
0.1213123385827727 
0.02092819957654952 
-0.1553407601277894 
-0.100208830801393 
0 
0.1064881205601132 
0 
0.004319388677108492 
0.1528056993651323 
0.09315963872671684 
0 
-0.01529679534411459 
0.1152873100943343 
-0.006994556637111824 
-0.378354322150414 
-0.4609848337866576 
1.531652787565164e-05 
-0.4267498717371166 
-0.02868471467687873 
0 
0.1382483790497719 
-0.2277495521780659 
0.2566629574460426 
0.1196165272019443 
-0.09443088009883741 
-0.05176786535090531 
-0.08177600217917759 
-0.02634241557294851 
0.5342520940247163 
-0.02760017699468292 
0.0008286568485077499 
0.3771479661621081 
0.398402486478101 
0.1100888156467841 
-0.0040949816036043 
0 
0.08704205283904895 
-0.2962250689908499 
0.03625925697203447 
-0.0177003998421576 
-0.005829485128587093 
0.3264759761290918 
0.6202230612966509 
0.05999711182661815 
-0.0230024026229884 
0.08840057398338985 
-0.1880155502068708 
-0.3964352332375676 
0.175118546019975 
0.2115202007295338 
0.005053924162061179 
0.1171203961570451 
-0.07418485166794847 
-0.169988653262952 
0.2389917153174516 
-0.06076779394633756 
0.332974008309192 
0 
0 
0.0535558605773856 
0.1161842322941731 
-0.06798453563600168 
0.0133746102424731 
-0.5562365831440887 
0.009693117151390446 
0.009032038630282775 
-0.04708232785204658 
-0.8919009738154766 
0.07400448602656663 
-0.02819282638741134 
0 
-0.005442595360343418 
-0.0006693002430830271 
-0.02933869147066541 
-0.5698185696943798 
0 
0.02485843077485717 
0.002748675422668996 
-0.3620657715484886 
0.227073755809882 
0 
0 
0.3089266576391572 
0 
0.0003649793226330579 
0 
-0.003558547556984031 
0 
0.8396808927133573 
0.02367648255303443 
0 
0.2410686746623633 
0.1251241597267172 
0.04638905984461889 
0 
0 
0.003388516602354585 
0 
-0.1472563885324161 
0 
0.2613683847715623 
0.04862439561971061 
0.006808241493504619 
0.03334956905373984 
0 
0.002125648971456841 
-0.1531048585918803 
0 
0 
0.2413801023069559 
0.1142747622423403 
-0.01468991855794679 
-0.5357375008959537 
0.0147406261868285 
-0.1654928650004469 
-0.0304656200559108 
0 
0.2532295805756654 
0.01065441546554181 
-0.007171823343561343 
0 
0.01765652127535118 
0.1444366557704332 
0 
0.07496390468131539 
0.01375591065057552 
0.08350933128117531 
0 
0 
0 
0 
0 
0.04338328437756354 
-0.03987807806662103 
0 
-0.02074159919585609 
0 
0.003334973620648793 
0 
0.05378889041883069 
0 
0 
-0.05183358272358803 
0.08646744852500002 
-0.003727756696633364 
-0.6195446064191983 
0.440790984234618 
0.8578359848763853 
-0.02823757774433474 
0.007405376065245658 
0 
0 
0 
0 
0.1103118684055173 
0 
-0.4854851083094825 
0.09318977454010134 
-0.1096291668498355 
0.07344892748079648 
0.03533645398927675 
0.008028925882213617 
0.1479723963666547 
-8.435698646957094e-05 
0 
0 
0.1154325508698017 
0 
-0.01223692388332435 
0 
0.2533966117771368 
0 
-0.003964866227938041 
0.03818699132253957 
0.3679532009980515 
0.2306053574697263 
0.1487054182330529 
-0.2355058218229986 
-0.05123507816138766 
-0.01920499207062747 
-0.4526316332062889 
-0.4578784596343295 
0.1884328136706615 
0.1893813405507178 
0.01636258058327808 
0.5310389850158443 
-0.06498606430513655 
0 
1.013017374504277 
-0.003119730319232396 
0.1598186345930137 
0.04058691483601801 
-0.2480105543635605 
-0.03940167976952356 
-0.1475778797842855 
-0.01525316885408582 
0.1223378493938333 
0.003495725544898411 
-0.03132753621326168 
0 
0 
0.006812632385646722 
-0.1023312974695486 
0 
0.6945859476703631 
0.04047633046542756 
0 
0 
-0.01410498679265644 
0.07995156715394645 
0 
-0.008412959967119589 
0.1236499791539591 
0.03974408610135276 
0.02572941280963354 
0.2574980209685001 
-0.2918187113313565 
-0.03663154865349388 
-0.1874058584995059 
-0.135524926615845 
0.0855464768456498 
-0.174848956408048 
-0.04991375476372875 
0.1471760818658546 
0.00299752919316532 
0.5423557129171438 
0.08307018563716503 
0.2358462096710016 
0.08463066210634225 
0 
0 
-0.0160297926278628 
0.2659050296052184 
0.001783499619120501 
0 
0.4388680774346767 
0.1508418603976991 
-0.05920530141421769 
-0.0009803182918330878 
0.1873114328130864 
0.01154627212967492 
0 
0.00423068429855927 
-0.5839517669069492 
-0.02755075519311562 
0.05620066306182681 
0 
-0.03686386772374587 
0.5095536998440681 
0.01863947027194147 
0.02407668408160953 
0.003230902487793251 
-0.08140726747100331 
0.04544322435578327 
0 
-0.1494677660462483 
0.04130270958525017 
0.1047932926574877 
0.09438192740385722 
0 
0 
-0.0007352500056469524 
0.005416649091934003 
0 
-0.0623151545483364 
0.210883995542363 
0 
0.06677791347237563 
0.1428619818595281 
-0.02479304515326533 
0.0001768426562314736 
0.23186717353697 
-0.01679052492344465 
0.07923280356172735 
-0.1056441610301061 
0 
0.9354032161029504 
0.2131600240025654 
0 
-0.4036173615434553 
-0.001322420303488891 
0.0304070339887685 
-0.03869836964532728 
0 
-0.4150802193162372 
-0.006409154851982239 
0.2304412457910004 
0 
0 
0.01876666169865775 
0.6522220641999827 
-0.01078882571766569 
-0.003174263606710854 
0 
0.2565567330887273 
0 
0.005541087358206681 
-0.01269410296563247 
0 
-0.0050288825865674 
0 
0.4704017191076856 
-0.1165347809114836 
0.2318186461303549 
-0.4855634315763343 
0.06495374594627719 
0 
0 
-0.02881590797016859 
0 
-0.1336833804488595 
-0.03391821280269464 
0 
0 
-0.01433340593129954 
0 
0 
-0.6608510272605571 
0.05538366935501009 
0.8048701354228586 
0.003089062960252079 
0.9448528499030056 
-0.1120879512268979 
0.06715053496289311 
-0.03004649281710093 
0.06698617139487693 
0 
-0.002511238934414631 
0.01451642812484666 
0 
0 
0.08653651330416386 
-0.2916208048014841 
-0.01705092168242789 
0 
0.001065727217208198 
-0.06629335738453497 
0.1003444102033757 
0.6790389594433333 
-0.001981388135921347 
0.3802231419868684 
0 
0.0436102723274002 
0 
0 
0.2257642337041664 
0.188073505661317 
-0.1765179492314541 
1.022326963629061 
-0.131691895289183 
0.03833128076461294 
0 
0 
0.0004338333727556334 
0.1664353669637997 
-0.05308521870838387 
0.03420360875769626 
0.02595932587915395 
-0.09580457406382356 
0 
0 
-0.04450933703335014 
-0.02063274747316374 
0.1417925086279022 
0 
0.1842286286983697 
0.02563915357854563 
0.001178062063784392 
0.3406366510386876 
-0.1589683200576645 
0.00746546035836083 
-0.005904483101344843 
-0.005786756566320848 
0.3077136844713455 
-0.04327307708125555 
0.7940155850735684 
-0.2463258192296863 
-0.4710392662200278 
0.4585096453239775 
-1.632297800063799 
0 
-0.1952603616176485 
-0.3402857352527175 
0 
-0.001602550368477239 
0 
0.153004417199633 
-0.1715169288460028 
0.4344923882868354 
0 
-0.2610084776226967 
-0.01473568580793025 
0 
0 
0 
0.02721814475984987 
-0.0325941955640275 
0.01940394401278262 
0.08326696753338071 
0.1462656846199132 
0.1797686982678061 
-0.1398032172411952 
-0.04837554018016967 
-0.0129437591131151 
0.1156239672530576 
-0.08665259179239918 
0.1474344031964346 
0.2771095894042996 
0 
0.0004036750708864717 
-0.001527304595327593 
-0.1501065204709136 
0.2310479949151509 
0.002837971122849334 
0.07380801968608004 
0.385288589174503 
0.000770873835855548 
-0.01127417494895283 
-0.04107279075180453 
0 
-0.02106663598830318 
-0.02575278970236299 
0 
-0.06012477083137614 
0.05128260486625773 
-0.2893381358532308 
0.08458927499643482 
0.03034776166089896 
0.03814136423206299 
0.02586716253054983 
0.002028962751917874 
0.291321310068327 
-0.3642514427442845 
-0.06676503494704347 
0.4995614247630823 
-0.972611494616719 
0.02748420825379944 
-0.06037114080224746 
0.01205624244317828 
0.7553543859622317 
0.08290538462262757 
-0.04353549729098958 
0.2358262019245828 
0.07610278797633911 
-0.145983600756333 
-0.01952055848509821 
0.01034140427068487 
-0.01926730945968817 
0 
-0.04896820979967034 
0.03474375876282155 
0.002144458739292476 
0 
0 
0.01590884192189137 
0.372510771640969 
0 
0.008053474709391373 
0.007745881847184643 
0 
-0.04274219659320323 
-0.0316589757644647 
-0.2378675487693656 
0 
-0.1393325276944714 
0.1005003247201955 
0 
-0.0004992296066546732 
-0.0870360323243793 
-0.1924004273120023 
-0.0046898165525144 
-0.06764342590122631 
0.1204700261239476 
0 
-0.0898348285682868 
0.01161968366559393 
-0.03435991945471289 
0.03765441040357653 
0 
0 
0.08495497067532178 
-0.01639119390550152 
-0.0465478149158265 
0.02775445875784367 
0.06515579187286819 
0.01488960357147043 
-0.1315298903970879 
0.02877574210041287 
0.2000957869769046 
-0.01131825708479211 
0.218079820353771 
0 
0.007888994221133407 
-0.1935244309933887 
0 
-0.1963720167008206 
0.06357858159346952 
0 
0.02724713954663891 
0 
0 
0.005570841736969235 
0.06327563464573968 
0.06416254466009161 
0 
0.2293263005743472 
-0.8807845359104332 
-0.002535080337232639 
-0.2477927315621312 
0.02588340841879693 
0.2606004727687556 
0.01396054267241936 
0.09680136905121289 
0.124009924091649 
0.05998872478409567 
0 
-0.0383281437188251 
-0.2992561514981304 
0.06717253773002424 
-0.06248163587020827 
-0.008899587414459247 
0 
0.0002361551975095858 
0.01725725915874141 
0.01113488306618995 
-0.004470818579528461 
-0.009001421784340312 
0 
0.5319752837944209 
-0.2981370936449205 
0.3380974899675416 
0.01148831820605002 
0 
-0.3657821285272454 
0.03373889402861976 
0.02937793508052956 
0.05533008168966398 
0 
0 
0.03116298993871545 
-0.01021567822929387 
-0.01912781099394116 
0.04146262690538717 
0 
0.01115149607074986 
0.2126588573803227 
0 
-0.3092756250917693 
0.02590542708631825 
0.1193232114040912 
0.05097144918375087 
0.07064209854134036 
-0.00538956240717635 
0.08401522299026819 
0 
0.03492584989550687 
0.1700495484663989 
0.01668905252668586 
-0.0006598267537844027 
0 
0.01371379305310777 
0.007855428025283384 
-0.01527035607752812 
0.01656746680764982 
-0.06842018315913655 
-0.04909745510848786 
0.02630555186085888 
0.09202251892459556 
0.127657895074812 
0.03255586490410862 
-0.2658281107943481 
0.2698921141083049 
0.3243823783432048 
0.1255524160861257 
0.01948927910530701 
0.05430206726122076 
-0.1311089194664394 
0.05864761078214892 
-0.0582233214125557 
0.01100948322186212 
-0.2268175994111195 
0.1872806502554476 
0 
-0.006627091121488739 
0 
0.1294948453149742 
0.06772789523788207 
-0.02801196029108355 
0.1199218975770373 
0 
0.1155238768029261 
0 
0 
-0.02394703825904528 
-0.2021185149746401 
0.03830157890426535 
0.0455942981868633 
0.01017320458477325 
-0.3611359807314828 
0 
-0.3190178152918415 
0.02185934570459797 
-0.04780150719679945 
0 
0.001912379291166473 
-0.001419492775280996 
0 
0 
0.04561408317454534 
-0.01921956962420994 
0.003956827121372863 
-0.01188378352652278 
0 
0 
0.01973925507209044 
-0.394107468604777 
-0.03128752117257522 
0.5014913956486253 
0.02123662102494744 
-0.09274380428123355 
-0.1060401540323918 
0 
0.1134839397544907 
0.6311030303808577 
0 
0.0140165863871786 
-0.06152483085259229 
0.1651290796831661 
-0.0003458545429079039 
-0.04688913154015275 
-0.01295205553007882 
-0.03591487963056953 
0.05760405329390794 
0.222700509221291 
0.110486755640955 
-0.01746794997967974 
0 
0.04507160456758873 
0.003002975318609024 
0 
0 
0.8081651152247038 
0.1313722877449718 
0 
0.04900326007621131 
0.5441250687567473 
-0.008349247207925367 
-0.01234519990414462 
-0.552923099272053 
0 
0.008299320205636203 
0.03863430948073418 
0 
0 
0.04198076981789817 
-0.01295269136107756 
0.1604630749535222 
-0.005438239792351197 
0 
0.07938714913443065 
-0.02191706772192574 
0.003240112867196168 
-0.01043521771012761 
0.2760589776608449 
0.02813452249904306 
0 
-0.04415068120915189 
-0.02459545476704255 
0.0334614642474538 
0.07836754016496399 
-0.1302172505674413 
0.0856222182351957 
0.07273379606835484 
-0.04787264049677742 
0 
0.3045183953633235 
0 
0.04212955637980946 
-0.1654099698844229 
-0.5122960260021948 
-0.1364436378538492 
0.02420496824535972 
0.1698149792476319 
-0.01402600572643456 
0.002568565506059091 
0.03051379850718653 
0 
0 
1.050249467438593 
0.05719970303557626 
0.1946211956400979 
0.2631308211936487 
0.3123769001885841 
0.001776219684924852 
0.4075783032841744 
0.04434430049470268 
0 
-0.02217872486234242 
0.01258734297321584 
0.08622004917517317 
0.02573154238306835 
0 
0.05724562419417016 
0 
0.02843190010738355 
-0.3623807865488342 
0.009573448305325433 
-0.4593690843239104 
0.0005978787786404156 
0 
0.06502770756232901 
-0.009824201712505348 
0.0260662471726673 
0 
0 
0.01645136696287947 
0.02392881919508755 
0.03422174700494555 
-0.01254422990545438 
-0.02670564383276504 
-0.000149003050389231 
0.0002632218672838318 
-0.04710149748885403 
0.008192372767556343 
0.005687466823366766 
0.04205191466560322 
-0.004534210132596566 
0 
0.04513187561186158 
0.0488334637371869 
0 
-0.006361018069919649 
0.03285443272379638 
-0.00435914584169318 
-0.08579263798736109 
-0.3614414244747744 
0 
0 
0.02040668567709802 
-0.01103175230317434 
-0.04098389429766587 
-0.06000828212834372 
0.03484979659864426 
0 
-0.04624966879347293 
-0.004190359367838443 
0.08813583401480299 
0.04917605926812275 
0.007698781476721036 
-0.1431204772858242 
0 
0 
0 
0.08635978849711107 
0.03832951831870642 
0.2418106220208736 
-0.004502307255723322 
-0.0006760985666483012 
0 
0.1024324239503389 
0.2020494009036419 
0.07305545306810811 
-0.008994019142321886 
0 
-6.573699923445128e-05 
-0.01504570858391736 
-0.2481712187464766 
0.1154229584284917 
-0.2509183707866489 
0.03251151362523952 
0 
-0.06856295784747217 
0.09568779329916535 
0.03169276881264993 
-0.00977612710235724 
-0.07499311219015505 
-0.007251549519078127 
0.1553858357799963 
0.09790160063403623 
-0.005448055131053238 
0.5848171990317599 
0.04583651757055621 
0.0002296779707263953 
-0.003653311406433861 
0.09261885807887779 
0.1651410067858769 
0 
0 
0.07309272685402891 
0.004026583496232422 
0 
-0.3457683171177383 
-0.4800319561852609 
0 
0.04370079319671786 
-0.00683223017880479 
0.430410218345722 
0.02528593423478001 
0.0007121961092895219 
0 
0 
-0.271695121165459 
-0.3058284520205609 
0.1138590315143046 
-0.2452399178936994 
0.04251909744416467 
-0.4422478010971302 
0 
0.003935104342737751 
0.7804287813869238 
-0.01689975580739004 
-0.01330738507600709 
0 
-0.0571580834057199 
0 
-0.1708328371380946 
0 
0 
0.1691813235673777 
-0.06240939280297826 
-0.01937331463872282 
-0.008648669081228778 
0.1680712133336918 
0.02887504791902382 
0 
-0.4403526199606834 
-0.05003051393102557 
-0.09993563114704901 
-0.09399838057821 
0.03560016317356191 
0.1819189778133003 
0 
0.3019220639434625 
0.03025704648367026 
0.00609883594034491 
-0.006147439537114035 
-0.02117185179007772 
-0.04505564633742382 
-0.0517181658825138 
0.02877095005892016 
-0.01853480748088793 
0.200190809939327 
-0.3791212007230618 
-0.1157596304939549 
-0.04329297320177276 
0.2586099195414901 
-0.04048387778990704 
-0.1126009485828501 
-0.08184969994776309 
0.02937493536300419 
-0.001140482569877191 
0.01308882100222956 
-0.01613473967706703 
-0.02684900888571308 
0 
-0.0168810324889644 
0.7962073091597818 
-0.09859314888103829 
-0.05726170460927536 
-0.05567872720441953 
0 
0.1608291266022483 
0.5264715119835025 
0 
0.2336721095734862 
0.1068928020992642 
0.0295478606077203 
0 
0 
0.03686388462602154 
0 
-0.03756084858915672 
0.04007725660807697 
0.1322882851321199 
-0.001941581497396046 
0.02196186277910729 
-0.01784025667068443 
0.00118555145978183 
0.108172741926497 
-0.03439102899547357 
0.1443159127311842 
-0.2586587743665637 
0.0175601552973762 
0 
0 
0 
0 
0.1322024866834836 
0.06731587882121692 
0.09665210836348241 
-0.2863209050015958 
-0.08809321750627186 
-0.05100324934647894 
-0.02456998697123723 
0.1339060784006054 
0.03653482550871993 
0.2123205245069834 
0.005320457593788139 
0.1558354048843887 
-0.07664870355532862 
0.02430648367976583 
0.09612799894817364 
0 
0.04613350689105061 
0.01863417058379643 
0.04698949047253895 
0.003979281633799789 
0 
-0.03188215545378389 
0 
-0.1525726509279744 
0.4579649319532168 
0.04354528747558702 
0.2904831578266678 
0 
0.06084196239467028 
0 
-0.004136010130733321 
0.04605904636261226 
-0.00336518857841556 
0.01956577528240419 
0.02639368646433749 
0 
0 
-0.0004271704517824861 
0 
0.008003880390939414 
0.1396506035909532 
0 
0.02052591702305137 
-0.01433830208567198 
-0.1179254096085643 
0.2089802968116576 
-0.05154055251836728 
0 
0.009358080886561492 
0.001008375424403473 
0.05865346802359108 
0.05092040621724021 
0 
0.003524837312690058 
-0.03207201171314345 
0 
0 
-0.007315344630164149 
0 
0.0702643692361568 
0.08851874418277551 
0.5011431704829281 
0.2902181572324239 
-0.3826730777357767 
0.03371843008115496 
0.1549107521154098 
-0.6085243058977912 
0.004793594941475058 
0.1892784135190078 
0 
1.543530951213465 
-0.3739872896427586 
0.03145529676005252 
0.08657012253832769 
0.07047312445514146 
0.01020143891072219 
0.06984350213110162 
0.01545268654403078 
0.7549379886025109 
0.1537742655038591 
-0.1712786694591751 
0.7418677373699162 
0.08836797013168743 
-0.2769726775169259 
-0.02037525329009529 
-0.2698446043185584 
0 
0.1222314813763997 
0 
0.04769070841277927 
0.2179821618850959 
-0.1066748990927395 
0.4198122697792921 
0 
0 
0.2260755607051526 
-0.1090586032142385 
0.01517551809736376 
0.08785290211161517 
0.004095699555170817 
0 
0.6329576474026374 
0.3337086509982484 
-0.005991225904365644 
-0.05659458500297242 
0.004098848416320381 
-0.1109568948434252 
-0.0899323050912965 
0 
-0.002520554380478443 
-0.0004858367211641849 
0.01738932192540538 
0 
0.01286687521506777 
-0.01303856309573486 
-0.001575310209929619 
-0.08610938447997014 
0.04452847827827186 
-0.05564475536692263 
-0.01764647930737949 
-0.00409137486093355 
-0.01994795813394103 
0 
-0.178030749841767 
-0.007668739526629787 
0.2880848325495511 
-0.116238261066003 
0.008443974693873703 
0.03696671525038829 
0 
-0.07336733968715207 
0.01420961893082804 
-0.02609281155154254 
0.02074991013205865 
0.1370585834815454 
-0.01707620712498896 
0 
-0.1243254811725079 
0.7639022056834597 
0.03537289409315754 
-0.004355908570514928 
-0.02358739504863079 
-0.1720346813293355 
-0.003946603962101055 
0 
0.1115095563015157 
0 
0.1357838294477459 
0.1285279158035069 
0.003653358382390004 
-0.4576249947757957 
-0.05092923966130661 
-0.02882958699332886 
-0.04439276794179808 
0 
0 
0 
0 
0 
-0.1945100536844211 
-0.01142473354944557 
0.08703046848648821 
0 
0.01076706074854367 
0.1792168966581089 
-0.01827122071132443 
0.03522384278259357 
-0.01515968870155172 
0 
0 
0 
0 
-0.05008286605481025 
-0.02302878085561572 
-0.01428126343332344 
0 
0.1334478114652477 
0.9817595420021331 
-0.1700193538360217 
-0.007758753885885037 
0 
0.2256027067752039 
0.01263937647219397 
0.00063389864996253 
-0.1095500021655502 
-0.01296621507365242 
0.02780949151220725 
0.3824690168869199 
-0.02603106317984207 
0.07667547085862352 
0 
-0.07590823751416251 
0.01284674465626876 
-0.2741720312855951 
-0.009422779259915359 
0.6772669287449764 
0 
0.1993798736522256 
0.2820226319742924 
-0.07045998775293083 
0.003422635541806068 
-0.005361870092457143 
-0.1335631697238831 
0 
-0.02216730828176912 
0 
-0.1868346971236175 
-0.02305893655004916 
0 
0.005248349496394119 
0 
0.00882641043327507 
0 
0.007900973765534768 
0 
0.01832192919909554 
0 
0.06676092693989487 
-0.04480452105799383 
0 
-0.1015347788106196 
0 
0.2064139775276906 
0 
0 
0.02045791565101539 
-0.0496308684453262 
-0.09835861994897498 
-0.02154743776992391 
-0.1331547216773866 
0.146252264913366 
0.03499378962743781 
0.2237909893501577 
-0.05600088407722443 
0.1270944840612228 
0 
0.01245386012969786 
0.0460109098864919 
0 
0.6968568242573281 
-0.1194066549170921 
0.1643323040473469 
0.06768734256190514 
-0.01927750041269777 
-0.1383434709072605 
-0.4636450209174961 
0.06956331406134492 
0.003237072445214245 
0.06593596283598632 
0.02957816210459275 
0.2355091495547908 
-0.1047478437528561 
0.09855040943981416 
0 
-0.07763984753962216 
-0.02324143980048252 
-0.02381116672143416 
-0.04821885708311697 
-0.1588988969925398 
0.2590151313213621 
-0.01644207833445716 
0 
-0.04762897016279152 
-0.02865131441702586 
-0.2782157295498288 
-0.02685237279133819 
0.01006160977097542 
0.8558585877020095 
-0.01054053802829212 
0 
-0.5740507128912417 
0 
0 
0 
0.01973157589451969 
0.07227852480590977 
0.02674797508059243 
0 
0 
0.00932581675635516 
-0.02481283854390833 
-0.02099660363312458 
0 
-0.2009184721118393 
0 
-0.08943650622630864 
-0.03680758017874359 
0.08366996848433078 
0.01340452157820922 
-0.1177297636926814 
0 
-0.1069817955057617 
0.05169421268652303 
-0.04479735426761774 
0.04387312567829127 
-0.0005467017909275865 
-0.004423848833690736 
0.002805822791250533 
-0.01259879554680512 
0.02396419250068137 
-0.0591338579362372 
0.03698202434382197 
0.3154462040941344 
0.05540711324502488 
0.0627621644314685 
0 
-0.2123335183502248 
-0.0406425775664154 
-0.00930926375535406 
-0.1073678392145955 
0.4292300098795079 
-0.02972224853354994 
0.6546656434389474 
0.1888476604059586 
0.2318180081763904 
0 
0 
-0.402330030584624 
-0.2709766460339363 
0.05211383865723782 
0.2701322691166759 
0.4349378378180364 
0.09396700179238426 
0.1841698888295474 
-0.213849457726621 
-0.09897921653004434 
-0.2043266553963257 
0 
0.009041129441460814 
0 
0 
0 
0.07269023008907641 
0.1201864826590503 
-0.04330423424912994 
0.03182358162621798 
0.02933471045239157 
-0.02938643220173768 
-0.1020719063761443 
0.1535321325323092 
-0.004992587264041989 
0 
0.009593566095317287 
0.04446369395207311 
-1.672722404295751 
-0.09219009295169608 
-0.08407330205161409 
0.02312681909127379 
0.01122216471626266 
0.1507198614700812 
-0.05727166714414089 
-0.1837181784895202 
0.01431797261774133 
-0.01775162889184725 
0 
-0.02522610322069646 
0.06788086651863486 
0.1536668141634735 
0 
0.01141652008359308 
-0.03363570866534648 
0.037467917557224 
-0.3643982997331396 
0.06648591882272151 
-0.4520685535392171 
-0.07336773624944298 
0.1803850686845275 
-0.4520685535392171 
0.411952236281439 
-0.01898993325200343 
0.007197375934532365 
0.9681978865667334 
0.005752030128969799 
0.03823033596307796 
-0.2920535705797558 
0 
0 
-0.03507568695022083 
0 
-0.003533703917449187 
0.04200796705289041 
0.06783173896690574 
-0.01660987560290834 
-0.3066143988398125 
-0.2465511819883839 
0 
0.05554685726387966 
0 
0.01866903137826639 
0.00403607917014971 
0.02017109361025992 
0.1440249383961537 
0.0114844427532017 
-0.004409195561042425 
-0.01114044082595002 
-0.02482239331133152 
0.01056867735431386 
-0.04470757803843001 
0.01997639941736899 
0.3952695214494835 
0 
-0.1345451438395011 
-0.02369015334074608 
-0.01962669303867834 
-0.01306253006336633 
0.01918722139461562 
-0.008651893020832493 
0.007609269574797503 
0.005513974487663699 
-0.03862779936459054 
-0.0424267107707895 
-0.6383161592559474 
0.1048949862393112 
0.004969256848529883 
0.2364926126329497 
-0.2777865660977593 
0.01754468190240176 
-0.03674267095730722 
-0.2481845020920299 
0 
0.0529267520931942 
-0.06368965602773079 
-0.005908726278403135 
0.02444624038206131 
0 
-0.01636728716429883 
0.02384428491003639 
0.0732280717597493 
-0.01819611836133023 
0.8843630002873761 
0.003385902659341411 
-0.01119818468861971 
0.07246724329975886 
-0.1957702563111294 
0.02444268607733326 
-0.0049504420262881 
0.1289401971448621 
0 
0.05121068514216488 
0.1589506808803554 
0.05547092818099258 
0 
0.01466914153875565 
0.03100593431818148 
0.0006197573612138517 
0.008817822644021639 
-0.09127687844841029 
-0.009587348532706643 
0 
0 
-0.7249496991883541 
0 
-0.8638801801105334 
-0.02282586019628288 
0 
0.007438312124258116 
0 
-0.07150468041586083 
0.2884197814526936 
0.06727826648619965 
0.5306934997785769 
-0.001870039054948198 
0 
-0.1003744928837652 
0.01251233704927565 
-0.001055461729013382 
0.02787645585622239 
0.2318331917589535 
-0.01101051414494008 
-0.2962722646434214 
0 
0.003397440461679828 
0.09383092359645304 
-0.1022178768045335 
0.03215242247925578 
-0.009173464582380667 
0.03939346595698393 
-0.08108467276740569 
-0.01678609287300566 
0.06389584572021198 
0.07397477212984789 
-0.003161934106358782 
-0.1703387700319798 
-0.05477385795970699 
0 
0.07364010144069419 
-0.02222131187056992 
0.1234945532648574 
-0.0117793615207193 
-0.009540447667706523 
0.1250309376377638 
0 
0.1398437114743546 
0.2053628659384554 
0 
-0.01864217808814972 
0 
-0.01687666080141192 
0 
0.2712169051122197 
-0.09447870488471835 
-0.1938163412917782 
0.2063945489941446 
-0.269222627639938 
0.02693453072677648 
0 
0 
0 
0 
0.06583032316758397 
0.01778944123304283 
0 
0 
0.02129779249497548 
-0.00403213059830638 
0.132521468026325 
0.1134598929013531 
0.04769115354808078 
0 
0.3411446594705368 
0 
0.6792557446795912 
0.0009910466344338904 
-0.113067612333685 
-0.5118528288210664 
-0.01378279744587998 
-0.01043037943731523 
0 
-0.007323971053813411 
0.7178887597174143 
0.05198312544219364 
0.02898128405598745 
0 
-0.01002342189309663 
-0.006037178254580948 
-0.04154402210201512 
-0.01150948624523081 
0.2142464668147817 
0.0996200670163494 
-0.1007720238572386 
-0.3720504855255663 
0.1961290138843597 
0.02843676784887418 
0.3305672718464377 
0.003553416254669216 
-0.01174821275151715 
0.09695461760127488 
0 
0.004413725578705814 
0 
-0.1355431814179008 
0 
0.06293582563376546 
-0.4133143924203237 
0.1995661806406074 
0.1043775027758159 
0.005913500076921863 
0.1245540662836903 
0.1121260176434244 
-0.04420051471008853 
0 
0 
0.006945206119863879 
0 
0 
0.02559645477834697 
0.1234914481853812 
-0.003324970153562405 
0 
0.0208458768742381 
-0.1968560771778115 
0 
0.005339834975301071 
-0.3140904431257513 
-0.01432456934074694 
-0.01787542084534451 
-0.02450723465410353 
0.1722540919327155 
-0.04977521234144418 
-0.04481317244497746 
0.1892736013329675 
-0.08171704338315358 
-0.002948333908133111 
-0.02795142231279903 
-0.01697561299747178 
0 
0 
-0.01058756320661728 
0 
0.03356905963808077 
-0.001932644008201115 
0.05509706277711372 
0.1900944007829573 
-0.1192745725304911 
-0.01160300388826112 
-0.01009057563416413 
-0.04880981014932627 
-0.2621324093389548 
0.04787939265041805 
0.005227709062872293 
-0.00467252448148405 
0 
0.09465585294014436 
0.02496104736213343 
0.03866908454436202 
0.03270359354208947 
0.0395282797968636 
0 
0 
0.001556066054605133 
-0.1440278457680408 
0 
0.02231642554005487 
-0.01097325147405293 
0 
0 
0.001717776638861264 
-1.508356845469624 
-0.001773736860442449 
0 
-0.03099287829914773 
0.00366043802006575 
-0.1499892694564977 
0 
0 
-0.05249201373913115 
-0.05075409983458651 
-0.01330444634733065 
0 
0.01237364307255711 
0 
0.1813176055018813 
0 
0 
0 
0 
0.04887796515280662 
0.02408305451505047 
0.014311372037807 
0.0122232774021382 
-0.0215502076489155 
0 
0.1198100501983783 
-0.01163048883012259 
-0.369196608761829 
0.06983937283200754 
0.05087963662608443 
0 
0.2745584161977923 
0.1520429728559924 
0.01505236379142425 
-0.004083245592031905 
0 
-0.0001075833144430964 
0 
0 
0 
0.2489758223229418 
0.05331142308112662 
0 
0.3975375643621742 
0.006966577684094234 
0.1515985826735848 
-0.1041621773721326 
0 
0.3247365000182188 
0 
0 
0.08081631703210376 
-0.01252833475536945 
0.1155353733175284 
0.2760532452778951 
0 
0.06467054770826818 
0.002396014431459268 
0.005483581900216056 
0.07456905388728968 
0.09024619745710621 
0 
-0.5419946968308572 
-0.04901695545399707 
0 
-0.01298488327014571 
0.001971027772426099 
0.0023612057358502 
0.06571697550742389 
0 
0.06014931206841013 
-0.08488991736395954 
0.05738220421787747 
0 
0.529223116287329 
0 
-0.0493214550895197 
0.09675344584779633 
0 
1.105266976465332 
-0.1117837751691965 
0 
0.07215108193408676 
0.1348804987948552 
0.005620168951328418 
0 
-0.09400000088555066 
-0.04288441994042649 
0 
-0.845057116315612 
0 
0.1380878964733539 
0 
0 
0 
0 
0 
-0.0347390229658869 
-0.02412345216318872 
0.07950653376374039 
-0.4592343300310423 
0.008019936407091394 
0 
0.001481399513129822 
-0.001722840893538138 
-0.001831447987002118 
0.01149927373408648 
-0.1404409097323969 
0 
0 
-0.06052821393502621 
-0.003907568618800067 
0.04251101478075613 
0.02664668288421216 
0.4459204054601728 
0.2886598295451661 
0.07890306371591195 
-0.002991545780290632 
0.002655117521327484 
0.0111605110314011 
0.07311725524430879 
0 
0 
0.4995630872306615 
0 
0.2633369814530838 
0 
0.5267866193095839 
0.1366865782179718 
-0.1131480653552735 
0.06949116019593633 
0.2093386659180765 
0.0651563130785436 
-0.1475219960175018 
-0.05163495560066498 
-0.01942440584986125 
0.1742198659512829 
-0.01580009335434376 
0.02011955188948634 
0.1217908937340517 
0 
-0.01427009941468567 
0 
0.160162406473144 
0.2060459741411002 
-0.08441639890619543 
0.03531870772714842 
0.2119067783707832 
0 
0.02680192857938395 
0 
0 
-0.01311215625681823 
0 
0.008253860064041975 
0.06889630684915046 
0.002725137275332364 
0.01481891887330192 
0 
0.04013918901550857 
0 
0.8799212723052712 
0.3598650351688217 
-0.1803347096002825 
0.02298250893664926 
0 
-0.02395290970696792 
0.06836001780184919 
0.003602431282788136 
-0.02702374398100221 
-0.01415314006081856 
0.1616743761248198 
-0.06378738419277341 
0 
-0.0004699612020406842 
0 
0.0223355850441482 
0 
-0.1011355101715554 
0.003295079648214486 
-0.02104743755719852 
-0.07155969195121765 
0 
-0.04335140915187798 
0.03367337050406616 
0.3544091292217192 
0.1758464643068886 
0.02827718999178421 
0 
0.06237236401771487 
0 
0.2744898313634782 
0 
0 
0 
-0.1212714144665436 
0.01720643365499136 
0 
-0.1597004990728764 
0 
0.08530338909048139 
0.1164547168600932 
-0.0611676269342015 
0 
0 
0.04803653330065255 
0.02770965841051623 
-0.8995262513163141 
-0.1647105624549936 
-0.01659254869141817 
-0.004384997928362134 
0 
-0.0350292098992081 
0.04081355525183073 
-0.01561020913720275 
0.05394194736854414 
0.1729251587882265 
-0.01930146190336331 
0 
-0.001122957786847823 
0.0172538481852352 
0 
0 
-0.007484344782281432 
0.04621543265801867 
0.01027791014551659 
-0.08917271962063271 
-0.05482818858089432 
0.04598212526305475 
-0.02331559649980145 
0 
0.0004924835372287555 
0.2116476490832209 
0 
0.1183239674006035 
0.008317955058007085 
0.0322649777288375 
-0.06571189976002294 
0 
0.04456290479686738 
0 
0 
0 
-0.0284030631731811 
-0.07363898546755657 
0.01309377003644954 
0.009804477307687151 
0.05209485660587186 
0 
0 
0.1260903365547447 
-0.02675025611105164 
0.03906352826706517 
0.05742139000368463 
-0.3701386562087337 
0.3072506676288076 
-0.004532479699259741 
0 
0 
0.0179675171709686 
0 
-0.002830214833215094 
0 
0.02919652940312308 
0 
0.430613069232798 
-0.03582258940858069 
-0.1175902831180103 
0 
0.03077565023544812 
0 
0.08073674238073178 
0.12749465254975 
0.001678664152174279 
0.02286769842677265 
-0.03129407747296326 
0.003659023652899996 
-0.02366603424937141 
-0.0139101891014823 
0 
-0.02573223672888697 
0 
0.3578396869219571 
0.003439965155717096 
0.01258915336886553 
0.02484248150268898 
-0.1055818974767729 
0.00490790169703402 
0.008581020468973287 
0 
0.07066439617795066 
0.2950307160206294 
-0.001603180947024962 
0.007579445704318904 
0 
0.001516053294018323 
-0.06118424044828858 
0.1127938276683908 
-0.006767909130010176 
0.0968779501979188 
0 
0 
0.002556439217230965 
-0.1284707435438529 
-0.04658475390710071 
0.07391615125057126 
0.1794742347325207 
0 
0.04457263543849989 
0.06425964002044157 
-0.05964423255304548 
0.01587963731010421 
0.008830035639036279 
-0.008701370512870425 
0 
-0.04938565002506356 
0 
-0.01167732733304128 
0 
0.008686178987380338 
0.01090463472600716 
0 
0.7006855734518834 
0 
0.02434347834094164 
0.001403721430332603 
0.01085792056757084 
0 
0 
-0.00946072467549151 
0.02569030030684718 
0 
0.9873891867985407 
0.001722841673256952 
0.04346298739004111 
-0.02586649177796404 
-0.1851416540621506 
-0.1157616231172084 
0.04534565319907616 
0.07417108193869175 
-0.0119067246036994 
-0.09327792639904987 
0.03596248166196231 
0.008665148988639512 
0.04728996304092653 
-0.05694255373456582 
0.1109244599050368 
-0.678511138269604 
0 
0.009043989849877695 
0.1467729296385251 
0.04710599493905115 
0.03203037490744122 
-0.545697959364247 
0.01763801114220847 
0.7107525905039501 
0.1848214436605279 
0 
-0.2940188650351224 
0.01686850085178344 
0.04353560018816139 
0.009184251827401114 
-0.03084874441023811 
-0.1967294547348215 
0 
-0.4751194592190185 
-0.4504981999121439 
0.09201806281588923 
0 
-0.01194738137569466 
-0.02923026831113113 
-0.003329780553645826 
0.250513702447723 
0 
0 
0.07532532011730837 
-0.03194771289866177 
0 
-0.06962589664688408 
0 
0 
0.01970521867971373 
0.09335682293098439 
0 
0 
-0.05039788976603174 
-0.245884078734563 
0.06330913846774361 
0.002679450499570089 
-0.09777992226468615 
-0.0813594238538372 
0.01712222261633469 
0 
0.001627333986668385 
-0.03163793316017764 
0 
0.03686448154541007 
-0.1007020768058718 
-0.1234614018347444 
0 
0 
0.00322264507033623 
-0.0401594778507286 
0 
-0.002242954136433613 
0.07265583547932432 
0 
-0.2627104626965013 
0.1397766488555211 
0.04172453626980795 
0 
-0.01842869986591827 
-0.0584593743202987 
0 
-0.009481072080703545 
-0.3526560144209258 
-0.1089826209864441 
-0.01395303101252227 
-0.1632813720982265 
0.006084547673811894 
0.008501326309421344 
0 
0 
-0.07254210935542797 
-0.03114921363904934 
0.006437001440022766 
0 
0.3264879199558087 
-0.01331913911278853 
-0.2707821791517428 
0.004605129757501806 
0 
0.01566051331231309 
0.0147912490720311 
0 
0.07066476593026108 
-0.1106998258891458 
0.008902344730313974 
0.05469764194286466 
-0.004355723276978016 
-0.01113317614763718 
0.05240553290111981 
0 
-0.03399816089667361 
-0.07005084917956683 
0 
0.324844351367835 
0 
-0.02341183404356813 
0.103684134443547 
0.0106939680438638 
0 
-0.03594646237584594 
0.0002144873146902116 
0.04516211776808961 
0.001100888321531569 
-0.0004374080261273422 
0.09771930087518857 
0 
-0.01840747597120729 
0.05446061789684802 
-0.003054029817452008 
-0.01998362128679675 
-0.0224210913354444 
0 
-0.4009346101668497 
0.244331306724775 
0 
0 
-0.03535865458145802 
-0.7929812864791972 
-0.02026644303581711 
0.05746591750575493 
0 
0 
-0.003686142139117991 
0.04877715407932994 
0.1051322333568305 
0.0005057159717709381 
0 
0.03791384321051684 
0 
0.2377658263492119 
-0.06785554025876678 
0.01801150922294993 
0.001653324081796402 
0.02472328621169033 
-0.01281537304357987 
-0.0004202903713607909 
0 
-0.06892607567570068 
-0.0773392295924803 
0 
-0.009096560941372804 
0.4598992462053343 
0 
-0.1948515204094209 
0 
-1.130377290241209 
-0.1173944226014297 
0.2034306932351263 
0 
0.1119042157855024 
0 
0.4717830713489102 
0.1375231018402034 
-0.6554547919743924 
0 
-0.186997733434971 
0.00139377945186903 
0.2434122931222472 
0 
-0.09811690269654437 
-0.04961691482405926 
0.1218139570437028 
0 
-0.1399200804844674 
-0.01238313609660033 
-0.05465418940003233 
0 
0.0431409091368117 
-0.1277442941693973 
0.02264207699109072 
-0.06608821209036994 
0 
0.01292877206196535 
-0.003451081762532911 
-0.01950756597816208 
0.0756061506557464 
0.003354737609994733 
0.01450242904262944 
0.1377103703551319 
0.05229168281697134 
0 
-0.02034987580110535 
0.8767941070484876 
-0.02310379640130845 
0.01978998422296474 
0.0194483816797341 
0.01005788172223725 
0.07930725530285172 
0.003215395342122632 
-0.2001497256600654 
0.111820979477072 
0 
0 
0.02682798592307753 
-0.1168474104914268 
0.07915815333471531 
0.2600264537406699 
-0.1411206643225727 
-0.002038519475562457 
0 
-0.01357349644589059 
0.1335906369886821 
-0.06595074334718465 
-0.09223670962840202 
0.01577251516121156 
0 
-0.04176353417858791 
0 
0.1126780079915502 
0.08952264937641652 
0.03153016229959132 
0 
-0.06854452415279126 
0 
0.007205632772551847 
0 
0 
0 
-0.1897127690669576 
-0.05662068071572959 
0 
0 
-0.1333892855736175 
0.4392756501113464 
0.03617624493570819 
-0.03878529864021259 
0.01301795845812383 
0.003631668842560969 
0 
-0.001551041858682819 
0.02155117751354105 
-0.1165481092002987 
-0.01671993696780097 
0.02629403472232847 
0.06374989922853042 
0.1332245171206141 
-0.0256185835229646 
0 
0.01162211400271036 
-0.1800635059492576 
0 
-0.06277711410910464 
-0.007581106584885707 
-0.06025264232900454 
0.006965838239963844 
0 
-0.3590262509183443 
-0.2186156351404521 
-0.09578216342547834 
-0.04469629773893989 
0.2737719233329182 
0 
0.08113195157307737 
0.01371501595096578 
0 
-0.01947067390476532 
0.2011761136638684 
0.04985350508713039 
0 
0 
0.004595295239279904 
0.2558087237046752 
