solver_type L2R_L2LOSS_SVC_DUAL
nr_class 2
label 1 -1
nr_feature 5000
bias -1
w
0.6154921323225914 
-0.1519629743231199 
0.05282030198502265 
0.4057089253669715 
0.06986702492725529 
0.1955965881333891 
-0.09493523747544347 
0.2431121668814913 
0.1576932358700971 
0.02580337919458735 
0.01414733282134904 
-0.5037732307026092 
0.5877456825452885 
-0.100820893889237 
0.03544227575603991 
-0.7635677401284235 
-0.2539706705647066 
0.1207987519161405 
0.1712418770407668 
-0.07080459412858334 
-0.3040507122507818 
0.2923099818014532 
-0.3891289418295917 
-0.009122396089633444 
-0.119571210615229 
-0.09638940179859118 
1.750355135680755 
0.2525151528251369 
-1.985517489278523 
-0.04864383420013303 
-0.4796909801937944 
-0.03396957524335026 
-0.5643000989027828 
-0.8129288828319214 
-0.1964093888224396 
-0.00569101601267666 
0.6695518209180349 
-0.004913340562107698 
0.2381248958483801 
-0.1366404093493454 
0 
0.2054123074816012 
0.1748577099157448 
0.02703456964091069 
1.463423019070698 
0.05245182880615164 
0.1197593897544295 
-0.4352508224193898 
0.04653865075037306 
-0.2872767926194411 
0.006266663754234369 
-0.004754589984741002 
0.3072541861908388 
-0.08372072156069617 
-0.3566110479393779 
0.116484646116931 
0.05711537221656992 
0.8752659194145703 
0.1524165966842208 
-0.4661660226066957 
-0.2429985986183185 
-0.05634797648256848 
-0.352581120557436 
0.06260315569359258 
-0.1903819463312827 
0.02478555964219895 
0.7149103898974087 
0.0289517905751755 
-3.324159725413265 
0.2339415042914282 
0.3576249529132902 
0.4628976175519937 
0.4575219386709543 
-0.5111723235970924 
-2.509568317578132 
-0.07308873564698813 
-0.8683114612650232 
-0.1800555646309155 
-0.0593621929055701 
0.008675650638667045 
0.009368695379430683 
0.3160390277459299 
-0.005923804775577367 
0.01919967601111882 
-0.1696940063011783 
0.3016595106722449 
0.5301180556037591 
-0.1129618356582637 
-0.08638317914489599 
-0.2247373876596877 
0.0351238676054761 
0.2697719791516237 
0.03588373243648371 
-0.6042451292865713 
-0.05813019489715523 
-0.1727918376833598 
-0.2809343454876716 
-0.9096755776061562 
-1.456789867392581 
0.4089300247455256 
0.00101591892265319 
-0.08412096423771119 
0.3467198358147066 
-2.035031671334552 
0.1077466600379276 
0.5110013207869883 
-0.1099138220981599 
0.07643608353647532 
-0.01628548396011749 
-0.4985172612114047 
0.2998733097458381 
-0.07704266541724757 
0.01734260668784759 
0.03410798701628497 
-0.06928582218425093 
-0.1697057520096114 
-0.0953793564411288 
-0.1447159907779005 
0.2238437116614401 
0.26158493911592 
0.3816586042525208 
-1.459184963276139 
0.1593949101313221 
-0.004565629282590784 
-0.04140257142485831 
-0.1996915078707992 
0.02187955930593675 
-0.3423001056437192 
-1.221413974529005 
0.03328348877568237 
0.1309660079868987 
-0.9013133517482477 
-2.164719374883112 
-0.2363531290412694 
0.05672419079551685 
-0.8780049830853252 
0.1731266240566799 
0.04164085532096688 
-0.02606977016153628 
-0.1575252971174567 
-0.06734949547932388 
-0.009353931926058809 
-0.006646996593892594 
-0.02949428067396311 
-0.01215454646182769 
-0.3930181050776864 
0.03562457458855336 
-0.01148008047966192 
0.06845042826216373 
-0.003845842657793942 
-0.09612774153314316 
-0.3447428921524093 
0.117453348538579 
-0.02975159041598375 
-0.008599404434830692 
0.1657003074480792 
-0.09442353633871602 
-0.2049258127163432 
-0.09183233438680921 
0 
-0.226018275147579 
-2.6740823178943 
0.1802263104772012 
-0.02926981311029488 
-2.05793730671514 
-0.09867376874936513 
0.3044180502132847 
0 
0.3406697633537633 
-0.01799428028109576 
-0.1064891101926028 
0.03729784549261415 
-0.04486185553071786 
-0.152147368672651 
0.07009433680248052 
0.4829632102808724 
0.05642143222843679 
-0.2065003186297757 
-0.01060349622859171 
-0.5222386492805478 
-0.002636208432197253 
0.278189061255463 
0.2565985037755242 
-0.06225760148366789 
-1.12376765555753 
-0.02634120787479827 
-0.7474321233143019 
-0.2861976399968126 
-0.1478258515888539 
-0.2869041052507781 
-2.040227001363121 
-0.003662745304079774 
-0.4861408325778602 
0.1512561819390955 
-0.07651199201158597 
-0.06740867212915916 
-0.6125625086302041 
-0.7915439038224693 
0.6394845602663007 
0.2553798368241632 
0 
0.007489581520974949 
-0.2870112822643583 
-0.2227944883834097 
-0.0640207343382812 
0.3640826006213047 
0.009953901083800329 
-0.2023827439085907 
0.008193462088758844 
-0.6944203623437832 
-0.007596353947445708 
-0.03417594973843133 
0.2000254716130048 
0.01979756802458264 
0.006747498695648882 
-0.009125321853256131 
-0.7026270411914685 
-0.01037372741966556 
0.08269618310848691 
-0.2871201333739389 
-0.0833830492068843 
-0.3116805468719181 
0.1916985087817074 
0.001085164272191769 
-0.418801517491628 
-0.03619815432819467 
-0.1402341434213985 
-0.6682865292407929 
-0.04013037092236949 
-0.07876807268353177 
0.009436934832748453 
0.3786876557388034 
-0.4363017887833168 
0.8249744397010996 
-0.2971363182556463 
-0.09653569301274376 
-0.06611556638491607 
0.1481992175623295 
0.05157148990942569 
0.009163042886218324 
-0.01551667596420347 
0.04133539051043388 
-0.04611021503851951 
-0.1052401771534081 
-0.2147005070954649 
0.1744337320965466 
0.01974497625737059 
-0.3375159553680488 
-0.4180050752921446 
-0.05266212338174632 
-0.5013160560879335 
0.415802511290663 
0.1104830193524896 
-1.242520995096902 
-0.332750855616128 
-0.001748598429529933 
0.2384103907396935 
-0.02029040396592148 
-0.01857047787318446 
-0.1843203196240276 
0.1664158181826292 
-0.003653390116678512 
0.4581838391115585 
0.00833050873449204 
-0.05395698702845188 
-0.01271747083827131 
0.02173844188756711 
0.06265458551293639 
-0.1141443204854845 
-0.005651569241847937 
-0.5817431418108235 
-0.03069320320912251 
0.4190694726429662 
0 
0.2351574293946062 
-0.02968571063148713 
0.09267327162134463 
-0.2726926722589793 
-0.4943992652911713 
0.2617623202061699 
-0.2414512094638291 
0.003141762802536825 
-0.008808439877413128 
0.05389044225515241 
-0.08835318647549152 
0.1405956994787968 
-0.4347183633116105 
0.1276469743807234 
-0.003585714740807613 
0.06132058191204247 
0.7443814204335064 
-0.1667879531593234 
-0.1060226013737601 
0.4633222603316315 
0.04861774294761558 
0.1922868478424189 
-0.09887819712923826 
-0.1334893519318347 
0.009936159360005369 
0.05520958380780324 
-0.02631132704938827 
-1.507490618933191 
-0.05438226139718308 
0.2104246862445359 
-0.04984302661451455 
0.2118829564528658 
-0.08165506508637005 
-0.03228827278404428 
-0.374616616071006 
-0.0478252458755099 
0 
-0.3936300365821095 
0.09788213856542236 
-1.161321013414613 
-0.1059407417793809 
1.601678627213552 
0.08841870233153892 
0.1759388325721991 
0.2905712630110781 
-0.1267397618227434 
-0.2470929295199043 
0.005238529005481754 
-0.260332914908061 
-0.02154300914334038 
-0.01351007501609719 
-0.5152218216096524 
-0.01894942503770057 
0.05711770690348136 
0.269253705533051 
0.3279345052150229 
0.2541751876731971 
0.01191074883228737 
-0.6560483287537049 
0.09362547787421323 
0.009227935565940884 
-0.06734041610323035 
-0.4417786371145098 
0.07618413597496089 
-0.864075637490993 
0.3516084009760173 
-0.005950611572913328 
-0.1890579211924515 
0.06717851978728276 
0.0107467324445647 
0.271272833235251 
-0.3535405167867444 
-0.06269992030665776 
-0.1996226571163944 
0.003572513747147687 
-0.03380274270244995 
0.01672951455105623 
-0.4359849201547432 
0.05595752619500685 
0.01171174648823308 
-0.03115903731903887 
0.04458220841965564 
-0.259475840308332 
-0.1808982398933333 
-0.02665060779092451 
0.009721056776626644 
-0.003983912471556612 
0.2013892606100632 
0.431598428919367 
1.253358177802396 
0.5177489569842835 
0.09805767758212525 
0 
-0.3239048148960325 
0.6590060740454016 
-0.005923769628759671 
-0.00304437661744214 
-0.0236709178030399 
-0.007200026626486146 
-0.01412580694843077 
-0.01028140957676891 
-0.05747610781483816 
0.4676931942438377 
-0.1688751223352674 
0.1955784336256713 
-0.06788321032913527 
-0.0319147364345314 
-0.3731453573390323 
-0.03110636368706103 
-0.1741822914449332 
0.006299972163493793 
-0.003481881720477838 
0.1867083156387121 
0.5234572148040275 
-0.3089656641723243 
-0.09502740336427647 
0.2186911517321117 
0 
-0.05579102805977186 
-0.227301544038286 
-0.3305593541877136 
-0.5784442584454944 
0.04300272883619975 
-0.28219360808626 
-0.1010692186786775 
-0.3334853316526648 
-0.4103946508394556 
-0.333891128810523 
-0.3569165528767094 
-0.1230884222725254 
0.09439986025120897 
-0.9185179222394072 
-0.009361671278318695 
-0.2655168166653176 
-0.4627992419728487 
0.007622629796883065 
0.09360674075594824 
-0.182614950535414 
0.4779923995144384 
0.8038001694001001 
-0.1915298535185834 
-0.2907039222262807 
0.03871942319843512 
0.1940736138651863 
-0.06182767727371558 
0.5999993893164823 
-0.2410257672078577 
-0.3878530523974614 
-0.1528452195746667 
-0.009152502221897969 
-0.08702302562708458 
-0.04097514729315413 
-0.1141362691881859 
-0.04412355899119293 
1.317183353265068 
0.2705545456498167 
0.5512673428423902 
-0.4174464900495271 
-0.4678086061706502 
-0.474958841949182 
-0.1604586905625636 
0.195337617282677 
0.5387768195450926 
-0.1151347798228321 
0.2827907590605365 
0.009297299905964111 
-0.5357100875547418 
0.03667308074419192 
-0.110489446228681 
0.1526141035116058 
0.2059272192590312 
-1.502266624610534 
-0.00745417408801167 
0.03922105598482058 
0.04385725942023592 
-0.7104749130147593 
-0.2577701689450229 
0 
-0.220201879421093 
0.3532918244004847 
0.1655280297795914 
-0.04029361961174706 
0.229702075714157 
1.219016115016077 
-0.136305935309649 
-0.5307130915248608 
0.07679496480218106 
-0.1393486035282305 
0.1774164601683278 
-0.2729811535906626 
-0.2781765258966694 
-0.1883836808416975 
0.009639035865254672 
-0.04504406244406682 
-0.6117699289115464 
-0.04313987944072382 
0.09248534969867282 
0 
0.07815452173924177 
-0.1234111448775966 
-1.001873858003496 
-0.05232090821776991 
-0.08900916160115746 
-0.714209703294027 
0.1213510463400838 
-0.3345317831572435 
-0.1799362871523171 
2.116455287528173 
0.1188458472501261 
-0.2428336103280125 
0.008438875648497083 
0.1647312581460459 
0.09170471660525106 
0.00599280121386752 
-0.2251781264615457 
-0.3901432117466149 
-0.03093989024103283 
-0.162786024557816 
0.221737296839235 
0.007627173172542054 
-0.007344292521098581 
-0.1367525868928268 
-0.1269692220639329 
0.08601429964214605 
-0.2195290495872177 
0.7550050540223795 
-0.07981711153274537 
1.029101436648119 
0.3019086812739104 
-0.003132836116882377 
-0.08926676136225334 
0.04397430419866517 
0.2457602113180529 
0.09224832802363217 
0.04159117807196908 
-0.5975841273824026 
0.1496742892612097 
0.006962825982874199 
-0.001683459195641581 
0.3042455434681297 
0.04629621184115409 
0.3316222556029988 
-0.01619141277460862 
0.1004349023630679 
-0.1194292027815141 
0.2631527833539028 
0.7651969709614528 
0.02635145467897937 
0 
0.04849928112710189 
-0.2158991343994367 
0 
-0.2688662188080507 
-0.5053022963921324 
-0.04798682949446022 
0.04974429819278352 
-0.01401298512046825 
0.0631975696588308 
0.2578518543488087 
0.2181959906820093 
-0.2164766637102254 
0.06702145449421976 
0.03842099012204173 
0.1238476811861818 
-0.8405873925455972 
0.206956737208224 
0.02999800039363198 
0.130065969156178 
-0.1246825280094435 
0.04144453067874795 
0.1362492866855969 
0.04085945502414186 
0.01959008045167859 
0.02574408441609664 
-0.8627983862612443 
-0.06423319562785851 
0.7315165363406486 
-0.8346347367271115 
-0.02733648064461167 
0.002515638150842737 
-0.05118931082369908 
-0.002618613678436793 
0.1789321418004179 
-0.006347133860159455 
0 
0.2837468752606253 
-0.007715781426160264 
0 
1.195481424709294 
0.2166752172902825 
0.2441460434258825 
-0.04824891435998814 
-0.07332582855247513 
0.07887423195881567 
0.1055431894022264 
-0.003076493587440954 
-0.03541006963485048 
0.01125732374123869 
-0.4379351017237903 
-0.03692062569927448 
0 
-0.01188158052554133 
-0.01680438730947246 
0.852052829817629 
0.002535381596112468 
-0.01343567153970009 
0.01406731171523014 
-0.8999190289348771 
-0.7010478730494724 
0.02033262416453566 
0 
-0.1439606530745536 
0.06212542703472007 
-0.0842723000791642 
-0.01808793138763803 
-0.03757402539330927 
0 
-0.02478969575093267 
-0.02630374627527458 
0.001502864430504864 
-0.0348630890845099 
0.01267411578103193 
-0.4700261174051044 
-0.3490623598926191 
-0.1344067708236535 
-0.01648615233645416 
-0.00206487150233139 
-0.1673760779640233 
-0.9203438426995975 
0 
0.3257555491463385 
-0.0007154970818183818 
0.1492960374929947 
0 
-0.4830057133403539 
-0.2395567173555073 
-0.008974934133954582 
-0.09987644573724125 
-0.01947718266763543 
0.08429872148947556 
-0.09633488351970519 
0.1886463154079635 
-0.05209927775272224 
-0.005438418145000809 
-0.2295778424697997 
-0.173637948671523 
0.05679919301281284 
0 
0.01590718383553194 
-0.2637055604941499 
-0.01606815092155931 
0.5122916431010801 
-0.3981213165859438 
-0.002971194903183658 
1.496594843847801 
-0.2639681093553807 
-0.04791716501844671 
0.3991983302396276 
0.05377616965887218 
0.1381208892593729 
-0.1681048367560927 
-0.5737931485362928 
-0.08049913637013031 
-0.4046239873419548 
0.02586767622723316 
1.167707912489113 
-0.1755693656965684 
0.1910133388469046 
-0.04633250262477051 
-1.048053720075717 
-0.004677229283458421 
0.1721617321094574 
0 
0.1359916290130123 
0 
0.001677573420104411 
0.01256757516201724 
-0.002042866066495196 
-0.0187046420519018 
0.01126090007995741 
-0.2387060522148159 
-0.3312427951219795 
0.07394469794875703 
0.4096695528059541 
-0.02294064450788757 
-0.30208183722368 
0.3646653412257352 
0.008985504062970693 
-0.1411519854625501 
-0.05680795580674914 
-0.4110292127114923 
-0.01910912161520435 
0.3844629430517673 
-0.1960045451362317 
-0.07268338283454116 
-0.03039512423720344 
0 
-0.04504629534784182 
-0.02329487188481464 
-0.01902731131998979 
-0.6467919068061457 
-0.1710382950224739 
-0.08363386260238551 
-0.01505871334147641 
-0.1066599321522926 
-0.3117129832446378 
0.03793261281920699 
-0.3660701806385397 
0.01479176275678952 
-0.1601465660738692 
0 
1.881763633924921 
0.05494633926179 
0 
0 
0.03049194179492209 
0.08931881119662191 
0.5760823156692205 
-0.2986050836347292 
0.01365380287993721 
-0.1584071892014389 
-2.577357195064161e-05 
-0.3533896562607928 
0.004140970236302298 
-0.01295104938061355 
0.5543730154879676 
0.0346014141098059 
0.06843619687208669 
-0.3052057924755739 
-0.006685620462393281 
0.1272734271984485 
0.1669289400427167 
0 
0.07133526204452011 
-0.003554131299479226 
-0.0227731030258732 
-0.3771324725165497 
-0.2176596250180217 
0.5929139763806758 
0.02089932156628093 
-0.4536120863442593 
-0.2839657734838135 
-0.2863111591228343 
-0.2490151972006158 
0.04089248922945989 
-0.07243295877301982 
0.06100360514785665 
-0.04731539328827306 
-0.3480025706453089 
0.0003846009102940282 
-0.01532435966951658 
-0.3483309116185165 
-0.213164968704488 
0.6047732673439273 
0.5172449647562494 
0.04948922698835744 
-0.5369478472589417 
0.02874513063215468 
-0.0494840094935711 
0.05726553882030783 
-0.1699182196577385 
0.005169946710142079 
-0.07091726386263282 
0.1203274693416849 
0.2037496130520005 
0.4468137001883606 
0.07605702435787326 
0.1238471012939638 
-0.007786392430193228 
0.002049077847849244 
-0.1435525143904601 
-0.858306985459023 
-0.005177025663407196 
-0.7929187536924879 
0.1840765619776647 
-0.7950335144423468 
-0.01853851979640507 
0.06180100017104766 
-0.2056290700071065 
0.1895285029789036 
0.1185863442002442 
-0.2974469439155163 
0.1681377394392293 
-0.02859662653077573 
-0.1073134287220529 
0.2422997768313732 
-0.1076316997195985 
0.5379961065233134 
0.03782495013005042 
-0.468631622650263 
0 
0.05789188797338736 
0.06531544675483961 
-0.04507487829059938 
0 
0.2622946420016096 
0 
-0.3336118919070875 
-0.160575534402175 
-0.05519262285342486 
-0.774727978867923 
0.001630731447686846 
-0.141664774313684 
-0.02370098145400814 
0.8872008848783431 
0.08261547783297049 
0.09037962327182376 
0.1084517535616575 
0 
-0.08224398246627329 
0.09910352619455029 
-0.4309254208439992 
-0.06966411013622988 
-0.003358988821812119 
0 
0.07158493859324476 
0 
-0.02017148719327679 
0.9040057068522894 
0.05852824837126472 
1.044631028683973 
0.4145632691826032 
0 
-0.03547429257377901 
0.01876782614772049 
0.2556947364376493 
-0.2624998754892372 
1.032856674379246 
-0.00120929835162291 
0.04018030527314975 
-0.002481482725445745 
0 
-0.04877235793687492 
0.7938550239933649 
0.1184092998077909 
-0.2471211664699139 
-0.007137335002842683 
-0.626497389959749 
0.5230157947488432 
-0.00758565227860295 
0 
0 
0.2420657293699344 
-0.452643696029609 
0.109764657202883 
-0.02688910283526183 
0.03645768673622537 
0.01245383885825831 
0.002951701337440742 
-0.009819009671111418 
-1.177466945195076 
0.1213803489478348 
0 
-0.4267995749321996 
0.002481003361256416 
-0.7832642813855323 
0 
-0.4283732197051517 
-5.284013362434788e-06 
0.01003916604853908 
0.4436364216776724 
-0.04680585272053257 
0.002851652094227309 
-0.7845778020710221 
2.648726705779642 
0.009869195670312065 
0.3455747849839032 
-0.08511379224740169 
-0.6094814309820558 
0.07801417027448866 
-1.30323700518387 
-0.01468795265330507 
0.02566758954492011 
-0.02432417602759548 
-0.4473224956069886 
-0.1287750638850694 
-0.2744863507278233 
-0.01180245743749081 
0.07436845987562685 
0.05215890008688648 
0.01460500027044572 
-0.09211320035457315 
0.03234517002285337 
-0.1291555372009031 
0 
0.1084184363240286 
-0.289993135141742 
0.07587760375763565 
0.05531832055455468 
0.1347715053051066 
-0.4458472997072453 
-0.02056814180757226 
0.01751202886657286 
-0.4939199844890971 
-0.006793385456378018 
0 
0.6025092515764991 
0.02228610089764158 
-0.0212752428225002 
-0.3087589608035071 
-0.005384969885027106 
-0.03938510443713765 
0.1617304346838584 
-0.3995470108339984 
0.9578423656786479 
0.5147207600098809 
0.001767851352564406 
0.3203487770748452 
-0.1714532167462122 
-0.009563183341198437 
0.03568174268809272 
0.02814652288066322 
-0.03242048364646601 
0.01557245628025731 
-0.297946723578297 
-0.08495225799709884 
-0.009359315002024828 
-0.02390419006010265 
-0.5147325690948441 
0.09595209565994894 
0.4555639418331289 
-0.5770544761908525 
0.1447908572955082 
0.1558230172042669 
-0.08568809247389793 
0 
-0.07101711232536147 
0.1608172416175158 
0.592674161008292 
-0.1141694820638288 
-0.1685396300199324 
0.3592222861139343 
-0.3780239733223388 
0.2034417740312645 
-0.1598601398292115 
-0.7690310002952426 
0.001475064573934924 
0.1001419058450235 
0 
-0.005587436352460858 
-0.01460297733676076 
-0.2628043703894664 
-0.08576329707725 
-0.2350183625753966 
0.06053807702162878 
0.0615208120315591 
-0.06265600581722849 
-0.01431992947374894 
0.02789872026882208 
0.02629011612730672 
-0.2426744718976354 
0.2636175490974722 
-0.1335259700920781 
0.00246730069908847 
0 
-0.05740371308639319 
0.02524448505070464 
-0.004961951902317886 
-0.2983105802291855 
-0.1255007323493848 
0 
-0.02364571707605652 
0.06031208060580756 
0.7134538746438136 
0.01416486492210563 
-0.001693683326679873 
0.34673138317596 
0.02836882867997265 
0.05211225478030772 
-0.4028316965772993 
-0.08067468882584858 
-0.0146186503916514 
0.226090673258003 
-0.04983693483513814 
0.133774815410992 
-0.1753434945204071 
0.3138530131076762 
0.1576353387896682 
0 
0.09742552856793804 
-0.1195370638062218 
-0.6774558324402296 
-0.5332803827323866 
0.08303021393629856 
0 
-0.1555565333248519 
-0.04919975559725927 
-0.01387356635153753 
-0.2788126074343641 
-0.08669779672925834 
0.005173392885601847 
0 
-0.2276928433789814 
0.04214399613813775 
0.3447338860873425 
-0.001163958649548106 
-0.2842670903536757 
0.3598728606730282 
0.001740594944939417 
-0.04874052947891866 
-0.03734061178018192 
0.04882550679430002 
0.2777110128006659 
0 
-0.1115019648185841 
0.0908092392180615 
-0.2383274241820845 
0.01117082803104607 
-0.9720413295489176 
0.0050897826805736 
-0.05877351027521224 
-0.04761968239446711 
-0.02069621749264853 
0.007693677101132701 
-0.173895244800606 
0.5238283446126282 
-0.2392490473334729 
0.006664012972298504 
0.1203248551398949 
-0.03882616257062539 
0 
0.4047651121503309 
0 
0.09917877134884552 
0.03632484305820453 
-0.007441461351713344 
-0.01880377327120755 
-0.5694209567975784 
-0.3627428355974284 
-0.4515849045847829 
0.1619576495988143 
-0.03628134419038486 
-0.006865470539579798 
0.02721151204980037 
0.1081236795552144 
0.09558234800853252 
0.01466831329204913 
-0.4852310804200929 
-0.1860060216362568 
0.01361989122835258 
-0.02065610086660392 
0.0008319544058903742 
0.01152745847782972 
-0.2926065242621763 
0 
0.03071273675652195 
-0.2484638944513548 
-0.03158106429874737 
-0.07860734410052456 
-0.01204928766267469 
-0.2103299602650682 
-0.1396302190292026 
0.0128490601775162 
-0.5847236373329916 
-0.05811252747856868 
0 
-0.03507726364503176 
0.00400952406346213 
-0.1790669374300418 
-0.02996569075733841 
-0.03608826331327018 
-0.008675494413696604 
0.2044860865904934 
-0.02121474585811853 
0 
0.04132119489435649 
-0.00396061967929337 
-0.0115423144537286 
0 
-0.1139354106264249 
0.03996225259613368 
-0.1250795123561285 
0.010998889125269 
-0.06418835298441289 
0.9344791302562712 
0 
-0.01584492676812868 
0.08913710747320554 
0.113777711656489 
-0.1388438383966738 
-0.2621552639316104 
-0.183272883993857 
-0.2916289596330083 
-0.5678658067171246 
-0.01043455186348393 
0.08139046347508197 
0 
-0.2712586392449514 
0.3471062271034175 
-0.08877203489345011 
-0.001513026714345389 
-0.2612714953275509 
0.7847460715425312 
0 
-0.004596246178320581 
0.5098199317465847 
-0.07144804533837604 
-0.003349199853613054 
-0.2431936176443208 
0.3612612368055919 
0.2203921862615456 
-0.2470128672919849 
0.2479247772214997 
0.03900446946556348 
-0.4336867128467911 
-0.7221965665704749 
0.01490390472168128 
0.1002182888535809 
-0.3439399177462842 
0.03879578540893659 
0 
-0.009407287737158321 
-0.07432983749138412 
0.1310942124071535 
-0.003061774484647475 
0.03871394964768059 
0.4309294000971373 
0 
0.7321806821700285 
-0.01612178222856654 
0.02807561257953589 
-0.1620211481990043 
0.2748343986216263 
0.5608320558525356 
0.009245666157570965 
0.03506044620493459 
0 
0.03399765882858091 
0.6487409834605273 
-0.02823911810314679 
0 
0.1202006059606787 
0.02201934192527866 
0.2268550951363887 
0.01934591684637286 
0.01488030102023388 
0.6169216711067989 
0.03794521184458622 
0.2791219841319654 
0.02017065232632432 
0.116455741920481 
0.02340881048987279 
0.0008381429919435962 
-0.273953424255209 
0.231697910546822 
-0.2230279366803956 
-0.2984647515565932 
-0.1301195469699075 
0.3552463441428929 
-0.02298193439564505 
0 
-0.3230207511090354 
0.01904928840625992 
0.01212724660288175 
0.02287250066130685 
-0.01385433763402418 
-0.3287241706501666 
-0.04251398547496831 
-0.005306421893802545 
-0.05145628961182774 
0 
0 
0 
0.03295153172492488 
0.1231976960341474 
-0.4723033902208681 
-0.008172862443921987 
0.1602296176874107 
-0.4318148156330223 
-0.04137750063424763 
-0.1822129478242527 
-0.03571141728033345 
0.0119958832110506 
-0.02376908068010362 
-0.3290175759328169 
-0.7370711883557615 
0 
-0.1657882470327414 
-0.08518179741772008 
0.773590888602526 
0.02074259401575839 
-0.1320860669549444 
0.0234329536993589 
0.1764924295799294 
-0.01752215988780444 
0 
-0.2425086675910296 
-0.2605598028163564 
0.494067613560303 
0.1332428079831383 
-0.005609909562703753 
0.01415627349524335 
0.01563341467848013 
-0.03836265413957476 
-0.05678356111866978 
0.02098866984783592 
0.009308869179605042 
0.261107705804029 
-0.1184262637522047 
-0.09813260729718361 
-0.1106054549811553 
-0.4649387372964571 
-0.004768343954433001 
-0.08553278097921367 
-0.08329795229206299 
0.08148056815196734 
0.07803181387360536 
0.07305986510142204 
-0.2396590644846938 
0.4464645729529455 
-0.5949080305908591 
-0.1145756741901119 
0.03225531650061534 
-0.2471263662135667 
0 
-0.135234466371654 
0 
-0.09361144400112571 
-0.4363158582621574 
-0.2700032572680136 
-0.03905865372070762 
-0.2386171318278764 
-0.02510158105748117 
0.04161368808713033 
0 
0.02773431183142675 
0 
-0.2835408973056524 
0.0645452088754125 
0 
-0.002092347012803409 
0.3104276587407406 
-0.6206927940680045 
-0.0767208566495455 
-0.324714240815374 
-0.01702152172277242 
-0.3886049058319564 
0.3931298872393683 
0.002346594283450986 
0.008064408692404532 
0.2239956887314939 
-0.4808643812026463 
0 
0 
0.6203765565717443 
-0.001209882494468871 
-0.00045389821952151 
-0.3753087705715105 
-0.002507414318282353 
0 
-0.2628496155308306 
0.4379605406517837 
-0.0001799020835739097 
0.3727580501673614 
0.04866387169138812 
0.02637925295016105 
-0.2509095900755276 
0.005232905148841856 
-0.1673015359627446 
0 
0.3455490021738228 
-0.3477600838819026 
0.01976604078401331 
0.175072528452614 
0.1724615658289078 
-0.3769976851989713 
-0.441263569245273 
0.0008374658773424141 
0.02297488729508463 
0.5131006611333315 
-0.02563751655704782 
0 
-0.0154368064035509 
0.06976313194866206 
-0.01775258678953653 
0 
-0.0696843532450583 
-0.8710070011122537 
-0.2754008410999225 
-0.0270895422847205 
-0.3467214444384971 
-0.1914249191753076 
0.04965874784228592 
-0.2662504864399232 
-0.01909915235600366 
-0.5734991377817592 
0.04885187950438972 
0.009120683252272489 
0.1457001054171339 
-0.08423117004879027 
-0.001429494262718912 
-5.772899409802087e-05 
-0.001633247090555927 
0.16120953338185 
-0.2410982770996219 
-0.7589176466779221 
0.05898975517813743 
-0.08393051052999383 
-0.1176953195863124 
-0.02736802095031644 
0.04599841607593255 
0.1388112755337739 
-0.03270777035447893 
0.009862996368101319 
-0.02131094528217389 
0.0488922485936535 
0.2046759542620857 
-0.1392953007716655 
0 
0 
-0.006455404431645365 
0.04837851760932023 
-0.04415383700577043 
-0.05397359078073618 
0.1703493027110456 
-0.005160677095157279 
-0.5533881692913454 
-0.01123507670168929 
-0.2799299577762012 
0.006690981081435789 
-0.07153509661889967 
0.07714295761501802 
-0.07183384717698968 
0.0773811442212083 
-0.4318135120380792 
-0.008438238431707374 
0 
-0.03553462810100924 
-0.07282720010102139 
0 
0.4350409728190051 
-0.09653423665519478 
-0.03211135199207425 
0.2523594498109465 
-0.2026526994340062 
0.122012718596644 
-0.0002587378795093354 
-0.3263387230791745 
0.05216074416220467 
0 
0.1803903003552086 
-0.004309922396299137 
0 
0.006158981075072676 
0.6341977275179127 
-0.1842626073242035 
0.002949781690907144 
-0.007969611738568192 
0 
0.0008193568597997081 
0.02934975402349639 
-0.003866937878552912 
-0.1143434752572097 
0.004625813322496705 
0.02105759468168722 
0.08081742675768713 
0.4008594378911797 
0.05601438155625088 
0 
0 
0.08046504335522782 
-0.3080775789571575 
-0.2441721297123892 
0 
-0.01339169095790691 
-0.1541968123586807 
0.1258726016800963 
-0.2879398017456747 
-0.1056519449230299 
-0.03605552515835154 
-0.01502287221891614 
-0.3800368489204183 
-0.09220413144471663 
-0.06689803936352796 
0.06589499564745704 
-0.1145043253682956 
-0.2087659075015908 
0.1641403773461369 
0.1384147681059348 
0.0744305949952021 
-0.3955429176369226 
0.08398554299054019 
0.7211348571836845 
-1.079990423196921 
-0.3170424950990285 
-0.0003190824855250836 
0.2128220273063922 
0.241538756091276 
1.611722852181867 
-0.2411147743172812 
0 
-0.2709638708362185 
0.005598078181462937 
-0.01847028887621186 
0.07178918275241249 
0.0333771275441755 
1.304128274958544 
0 
-0.0332378955737408 
0.004591269053868832 
0 
-0.08205635758158779 
0 
-0.3513309133534083 
0.04774412068322217 
-0.006237396882386021 
-0.1579380042434135 
0 
-0.196983134431271 
-0.2087360394665789 
0.2121811306051856 
0 
-0.05204181432988336 
0.03857083638554758 
-0.285350800173051 
-0.1349984311921771 
-0.08875060636975304 
-0.2978738330653406 
0 
-0.1078117577450584 
-0.002334341891652036 
0.005429177677978177 
-0.04681765630297031 
-0.07821088346781176 
0.0003586717737049981 
-0.1770961982179111 
-0.06943173814275239 
-1.706418556893026 
0.0268461604691846 
0.001247831891585226 
0.01729633531655188 
0.8770050902619531 
0 
0.1019195989771486 
-0.1149030559768155 
-0.6180009556583358 
-0.1353708703762002 
-0.02642478084341588 
0.09150411204001704 
0.04109351526839874 
0.291002574910766 
0.4608619477692898 
-0.2328554418767025 
-0.08536625107847653 
-0.06656941209366056 
0 
0 
-0.06508637317087645 
-0.8161172432413065 
0.05016525868044554 
0.07306147205970277 
-0.09732552796622435 
0.1030812176295297 
-0.1029912335275211 
0.008356904141963096 
1.369735929674329 
0.05105694635936484 
-0.07451666375381676 
-1.194956987063635 
-0.0423340647929616 
-0.2377996420184432 
0.1427244083196628 
-0.04358675372569085 
0.0008637352641267743 
-0.2347010957274694 
-0.008534503314022874 
0.003358892974429612 
-0.1986237262940555 
-0.0585919287611326 
-0.3333859598288176 
0.2539134364637191 
0 
0.1285310519847131 
-1.070920642574094 
-0.08155517602061528 
-0.05082249983933233 
-0.1382498017979649 
0.01659991971565658 
0.01934480458707039 
-0.1550367357439319 
-0.09477659905814168 
0.1350768171356006 
-0.3859885711369915 
-0.01394223016825196 
-0.1033669573657443 
-0.04527054937575882 
0.08640058937432138 
0.00150020420115807 
0.08501730972527986 
-0.08773654790367269 
0.1660882821038976 
-0.120110097380384 
-0.05106444655098813 
0.01415690801143047 
-0.01335714726755437 
0.05053028411290091 
0.05126055357485837 
-0.03668790454818777 
0 
-0.089628727574214 
-0.4136737683505756 
0.02320038106344277 
0 
-0.1748479740114574 
0.2921140252699237 
0 
0.02064351967967137 
-0.1044559244630422 
-0.01773941674534796 
-0.005898196621491904 
-0.06619336040064082 
0.2862011721571835 
0 
-0.5595438009270151 
-0.1007628400056963 
-0.005178865602078611 
0.1973489874893847 
-0.05850934203685212 
-0.04326382149632504 
0.04404160415955532 
0.01298116539338713 
-0.0003287934477989265 
0.2767786086783818 
-0.01281104541452147 
-0.03733977921211488 
-0.04796137737353899 
-0.05447778148283954 
0.09831300751265368 
0 
0 
0.01791534401830401 
-0.01463705390099104 
-0.008305068271861773 
0.3913501100773555 
-0.3905074430022512 
0.004275786737924205 
-0.7981263476782382 
0.02244721742316375 
-0.06214438280292545 
0.05731352565191433 
1.267520476405482 
0 
0.004764370961628754 
0 
0 
0.0128342785332035 
0.1179397426331555 
0.2472469419004232 
0.06671780630109768 
-0.05789116800041098 
0.7178394036107529 
0.2814448871939915 
0 
-0.6421106066906496 
0 
0.007400261920281571 
-1.30078261777784 
-0.02133786792203531 
-0.002038020558416934 
1.160990015418135 
0.2479241826797917 
0.2397660507656057 
0.1184871421101368 
-0.1024932830781577 
-0.007643356160731841 
0.5427041267403969 
-0.2554995993735362 
-0.0154017520982695 
0 
0.6526398342922031 
0.3126947223561038 
0.1891528587057326 
-0.2439571533579006 
-0.02056734870416572 
-0.00194078450665998 
-0.009845108528117935 
-0.006855253229947759 
-0.01994897453806641 
0.1858428497785819 
0 
0.02414835859622548 
0.9685460095770897 
0.05146152731432492 
-0.01496271469072237 
0.07714188503772929 
-0.331446179580258 
-0.0618778801868145 
-0.1757074667933841 
1.223286199614783 
0 
0.0191077393326989 
0 
-0.006466395376201762 
-0.4220911330699009 
-0.08195020625363103 
-0.3616528853893943 
-0.3446382877340999 
0 
-0.001865152465336799 
-0.4289466556693345 
0.08433409698973818 
-0.205532640085803 
-0.5574895308412169 
-0.08140066345986804 
0.1171738558766688 
0.1535249441521473 
-0.3297226993403998 
-0.06454062227914271 
-0.04779671778005418 
0.09000763608976507 
-0.2428376690125094 
-0.03002646717178174 
0 
0.320907856462783 
-0.4270754786402058 
-0.2529704920862587 
-0.01247139714360951 
-0.09162421976639726 
-0.01999600698110808 
0.4656214731431583 
-0.3291419515444415 
0.2516554393206016 
0.04670854330803772 
0.8472346041777344 
0.05326181958818674 
-0.1722861154138933 
0.270101676088145 
0.002498123517520684 
-0.6614258451075885 
0.0627901980181126 
-0.03473493587351522 
-0.179145851518704 
0.006898087686695879 
0.254703058504431 
0.3168626807118701 
0.2152266412328849 
0.007985303070958905 
0.03196565492679902 
-0.02108291760726628 
0.01789409689705727 
-0.0318109061473166 
-0.2151424558658622 
-0.04264724359837583 
0.6298405304471595 
0.2438279427647399 
0 
0 
-0.01290444987469049 
0.4266523638934706 
-0.034285144954926 
-0.009245843255366766 
-0.09157385767012997 
-0.3184849311340376 
-0.01987178194994823 
0 
0.387393178144336 
-0.1230901094272527 
-0.04364305045686881 
-0.5968284595832726 
0.008034437890998626 
0.009232146363156689 
-0.007708587779344595 
0 
-0.1555298973271897 
-0.07968146007211693 
0.130451999380665 
0.04500308155168345 
-0.05301565282253341 
0.1828724436158454 
0.004401297823687724 
-0.182716773107025 
0.1025040102569567 
-0.6858355880111205 
0.1098989933107325 
-0.1546780590652748 
-0.08478888318608495 
0.0008821289083874114 
-0.03088994141778383 
-0.05505990217876429 
-0.01768191373938705 
-0.03211556351224618 
-0.08406075338827759 
-0.2254934043254956 
-0.02472105750305246 
0.05036317045210972 
-0.03920709052600301 
0.03644855116913436 
-0.03590731836578228 
-0.06982687096592255 
-0.04534867580326201 
0 
0.1641758840821044 
0.03870277685392194 
0.3405028424450333 
-0.0243940545516697 
0 
0.001285382229747218 
-0.01390515774536909 
0 
-0.325303059965181 
-0.1181965781493402 
-0.1834310034375259 
0.7899678827370811 
0.02227180538355178 
0 
-0.223651536854985 
0.2806274867328372 
0.02421018638803813 
0.06428596122366348 
0.8471736272266499 
-0.3536931457079864 
0.1817609953899927 
-0.01487467971693579 
-0.1423195847698265 
0 
0.1592246372878518 
0 
-0.00050990382844602 
-0.01580715969408029 
-0.01283589524092727 
-0.1563933006236641 
-6.355147280539968e-05 
0.21785763865608 
-0.001290731541964685 
-0.007750211311280842 
-0.02840418324494988 
0 
0.005359364752255362 
-0.1226497261421037 
-0.03133226239908391 
0.08711075676070248 
-0.3563603786286332 
-0.003136270114721915 
0.0128333655979719 
0 
0 
0 
0.009579943750385905 
-0.02293040386733063 
-0.006987842891297373 
-0.0004516492260261771 
0.04735093417489085 
0 
0.03306519451569878 
-0.009514915581512625 
-0.1086350037380442 
-0.1131659393159394 
-0.09946786865248572 
0 
0 
-0.2069409941184295 
0.1211340300189386 
-0.05316898683112925 
0 
0 
0.1457685662933734 
-1.615227271698373 
-0.09051270198237348 
-0.04715237644290687 
-0.03322150068095461 
0.1001847194946073 
-0.0148611531148074 
0 
0 
-0.2383297418011279 
0.2261548023880576 
-0.09055877145429191 
0 
-0.04957137104838959 
0.6778548310661167 
0.05862700201853935 
-0.04513591825450066 
0.03247627529739746 
-0.003118866140565649 
-0.01739360636607393 
-0.003927344661268273 
-0.08137116170324274 
-0.1499089994273 
0.2115025862876139 
-0.05277253732756793 
-0.3431627196730248 
0 
0 
0.06611804504543725 
0.08929166387225412 
0.0184310938462146 
-0.6449031767600802 
-0.01545239049032903 
-0.01189905943753918 
0.7291340491996897 
0.5858011613809556 
0 
0.02231974536251589 
-0.04111873215251145 
-0.1836358002807651 
-0.0133911763604979 
-0.6008466944605152 
0.690161307616624 
-0.3258419903788972 
-0.2562273493477758 
0.1100868211650219 
0 
0.1188923570638523 
-0.06975732075630263 
0.1344990724706197 
-0.2381044557808429 
-0.1861292162326554 
0 
-0.5880470578288968 
0.09700646570218863 
0.02774701584517397 
-0.04319904977864278 
-0.0445524413306075 
0.1623610417410692 
-0.1108302293570941 
0.007269829021793937 
0 
-0.03530866497790631 
0.7491974509733954 
0.2409633544690314 
-0.4809074989756016 
-0.008132297748126481 
-0.3261406345920296 
-0.04326601041478999 
0 
-0.1664816739338283 
0.0172917903187172 
0 
0.007337552522120622 
0.3486022104360084 
-0.0309126145820453 
-0.01029329250464476 
-0.01349371552854532 
0 
-0.009938298490114253 
0.2202799025608132 
-0.1847384073344671 
-0.1626110875396327 
-0.1928400372874035 
0 
0 
-0.3634032344361476 
0.09685946976449095 
0.07907424317575294 
0 
-0.009056311615734869 
0.5252302709621204 
0.5409789539575178 
0.07123281118662997 
0.07714415847892178 
0.00181621950566137 
0.09862187578250194 
-0.2151633039174174 
-0.1125227152869922 
0.3306529997056665 
0 
0.1065248833200415 
-0.4509853952448448 
-0.04281090847608397 
-0.178774378092022 
-0.01187299398407784 
0 
0.003439270025604453 
-0.007528124577916032 
0 
0.03396363060168651 
-0.01352459860847565 
0.06662868657261808 
-0.0191740170672289 
0.1065620879503393 
-0.2010970876048004 
0.2406990770103667 
0.002924256644550839 
0.6720849908194486 
0 
0 
0 
-0.4619151307405206 
0 
-0.03677374104425912 
0.06818411974838222 
-0.1244097007092296 
-0.02576036029116737 
0.1460293203782468 
0.0168078374253895 
0.08843555055606142 
0.0950521697560696 
-0.5257495714161475 
0.3826809751619272 
-0.4126983370553688 
0.08491836391201148 
0 
-0.3458562248322232 
-0.01730050590409702 
0 
-0.3849490544588177 
-0.02254180157767231 
0 
-0.01036053330901766 
-0.02347246992531356 
0.05643367936992423 
0.2722362147799841 
1.275143476427693 
0.01215014916309981 
0.01702112080129249 
-0.003026623071084656 
0 
0.02454661424475454 
-0.05921171363492898 
0.7382440048059417 
0 
-0.003190916335777073 
-0.5825138416832183 
0.6198561185417483 
-0.05774684701282048 
-0.6531192001867965 
0 
0.01231519855070775 
0.2573201062497611 
0.12386845564123 
0.01166726894577399 
-0.02087724831691708 
0 
0 
0 
0 
-0.07217100004310838 
-0.1988772568784471 
-0.3913970834959863 
0 
0.07752474374430608 
-0.2858168842949376 
0.0161062710841708 
0.03802053031887522 
-0.6204809841567606 
-0.02308172697980774 
-0.6641362528580803 
-0.3186394021633648 
0 
0.3803204700340084 
-0.04984634371569531 
0.002670454712658554 
0.4126711353486935 
0 
0.006208422636248741 
-0.03991298276813469 
0.0002013887436994234 
-0.01914605720999343 
0.7617171541606741 
-0.4814250135927514 
-0.07979460800313566 
0 
0 
-0.003531098458251595 
0.0864159491374487 
0 
0.1098605430722739 
-0.2015434087754881 
0.0120388858154639 
-0.208366216876213 
0.6216719617501161 
-0.2676903745527939 
0.0317431305447457 
0 
-0.553630970781553 
-2.898419812576237e-05 
0.1828342455443385 
-0.09875709525200291 
0.07623001580048318 
0.1009125411305271 
-0.0001434607530672701 
-0.06001205413407097 
0 
0.005387889613872468 
-0.2077905511104241 
-0.00200379784262071 
-0.07727212419976894 
0.00495410670712089 
-0.2357913215717856 
0.6428851776653834 
0.09569656523850154 
0.07095822783649691 
0.1347177157899569 
0.3253403504979327 
0.08596192638843145 
0.04687293155796288 
-0.2774719101608431 
-0.004693447310907848 
-0.05710049878758319 
0.1535206257954392 
0.1587452995391792 
0.05995326248483256 
-0.1496702322266425 
-0.09558613100811142 
0 
-0.2592134181677287 
-0.1985608800806998 
0.2422861661974567 
-0.1588559110637166 
0.07128908834998562 
0.1329322372506541 
0 
-0.08292012470272944 
0.02752352974746502 
-0.245032449183657 
0.02559242866127296 
0.05772823130187631 
-0.9586401911543118 
0.03893586505305247 
0 
0 
-0.0610392699849702 
0.04932929980310351 
0.003834455653260886 
0.02150893050374678 
0.1116285341760382 
0 
0.3333234522314364 
0.002636776352041957 
0 
0 
-0.2485696862924923 
0.7454060793998136 
0.3514292093508374 
-0.1033056286162273 
0.1929362649020543 
0.09692477084107508 
-0.06069890838218868 
-0.2854654190618953 
-0.002097884301579427 
-0.00243493641903708 
-0.005715560072259867 
-0.02558439833979412 
-0.1833489613594457 
0.01969366335694558 
0.2793612540235688 
0 
0 
0 
0 
0.008793762301945996 
-0.5736997625896809 
0 
0 
-0.5904317841175647 
0 
-0.2760835261305205 
0.002715611388471428 
-0.003393190151518531 
-0.008635094038865122 
-0.002129038370718978 
0.1254153717997458 
-0.1877094156409261 
0.01630543491559712 
0.5410719502022688 
-0.02250336863683322 
0.06729457793302798 
0 
-0.08328215616694642 
-0.07240398451789989 
0 
0 
0 
0.002236989795709791 
0.1523915936851579 
0 
-0.3990401869412102 
0.004636186574339672 
-0.1666134333260899 
-0.09846230290357268 
0.02513188530972959 
0 
-0.07630991416337497 
-0.5641853816365798 
0.0641731893848048 
0.0110245801082059 
-0.6115924122355818 
0.2793411057872998 
0 
-0.03218820805401174 
-0.1920799460088806 
0.08913434696095715 
-0.2871419450019009 
-0.3460239251360632 
-0.007999294395946183 
0 
0.001064372933810714 
0 
0.1730260444529972 
0.04958675745397739 
0 
0 
0 
-0.2127084973881806 
0.02882335128579904 
0 
0.02961076793492495 
-0.03299387812389621 
-0.2455320076421063 
-0.05393416268916149 
0 
0.7460043043308427 
0.07872914307112622 
-0.1211504147125564 
-0.4525792509192537 
-0.03255016669378849 
-0.2553204851942715 
-0.3954053146956312 
0.01354903861272762 
-0.2651624055399305 
0.4172978516381209 
0 
0.02664093104630751 
-0.1385618684131025 
-1.003575616249382 
0.7676095256551484 
0.02145347044629665 
-0.01286111809174834 
-0.6884823044023968 
-0.3143202235170914 
-0.1437770191789263 
-0.05373108818425031 
0.1065783351375099 
-0.0422433581918303 
-0.01249391073349644 
-0.3678156973889842 
0 
0 
0.2557571065834846 
-0.0310198670633077 
0 
-0.01647364001737347 
0.2280088148239302 
0 
0 
-0.01304035001171246 
0.1711544305523371 
-0.5783147364062032 
-0.05233953438650746 
0.06371894599593123 
-0.2267158624403523 
-0.1595590299142695 
0 
-0.1676325402175172 
-0.006263254112535629 
-0.0006986668622433068 
-0.02171100533836411 
0.5881923043009243 
-0.1591658660868715 
-0.2955746342762295 
0.4341884284730875 
0.10359749616956 
-0.1117572706791513 
-0.1754701772841772 
-1.038277028199544 
0.3438833265629792 
-0.2265284925873396 
0.5774417778510579 
0.0518460426221302 
0.7696291493034795 
0 
-0.1106946973611719 
0.5540147630513764 
0 
-0.07679592993547044 
-0.02784091448278915 
0 
-0.004812848090778191 
-0.01562758984430942 
-0.08575219744993659 
-0.1314933645567003 
0 
-0.3041014350970472 
0 
-0.1105563895503847 
-0.002025892504584131 
0.9563579386967433 
-0.393673378848765 
-0.5292587588851243 
0.0009669780970953444 
0 
-0.08865489623405563 
0.02341826769841579 
-0.3006276638508446 
0 
0 
0.2702913771510261 
-0.06833210126656594 
-0.2330694084399262 
-0.01372384613313288 
0 
-3.34277438504662e-05 
0.1911801260222596 
-0.1480648647115438 
-0.02150958093318609 
0.07556724402169224 
-0.005818036357998668 
-0.01815508862226654 
0.002166365614171653 
0.01767011542067928 
0 
0.0001521307124531523 
-0.007316580660576957 
-0.0196275818486609 
0 
0 
0.04051816375575525 
-0.1131580067072943 
-0.1681267204509617 
0 
0 
-0.04086938160228643 
0 
0.01234775020284859 
-0.005072361989202573 
0 
-0.4008719788053637 
0 
-0.3788174764783613 
0.1673178087345371 
-0.01423881665599706 
1.252366134538673 
-0.04248938675160659 
-0.004122629025569157 
-0.08738665695610794 
-0.330279850177026 
-0.1610309547779523 
0 
-0.4522780898856645 
-0.04596356761536818 
-0.1616621557098055 
-0.05029452343201712 
0.06743396380806621 
-0.2895241044607741 
0.06021294878651816 
0.3611581586400282 
0.2750447823308879 
0.100351766077796 
0.04939910949035229 
0.9826356188245743 
0 
-0.005664398467471693 
0.009697090350681638 
0 
-0.07307274734439075 
0 
0 
-0.01672726815315585 
0 
0.03612016422604258 
0.07588396981351149 
0 
0.01372697251209034 
-0.1026483705427877 
0 
-0.3496147231202391 
-0.01123627136298093 
0.08851859235700194 
0 
0 
0.02444903155476875 
0 
0.03377247029318595 
0.01044067127700502 
0 
0 
-0.01241289509147742 
0 
0 
0.02562077217541751 
-0.02982190988878652 
1.022261990735823 
-0.03657844198200809 
0.08089223150770172 
-0.003944435217519048 
0.03482407671974731 
0.01586352288724131 
0 
0.0631053144231299 
0.004900561143102932 
-0.006543811148207571 
-0.0009729123120907725 
-0.2313851829494696 
0.3348675170557202 
-1.161749562732699 
-0.07150653083968454 
0.2182090315255528 
0.6209350234893014 
0 
-0.1940825398533601 
0.01542602622211606 
-0.3990291664860059 
0.003292092752129189 
-0.251559504036684 
-0.02422351622635641 
0.353707044328654 
0.2225570160580907 
-0.505921950007834 
0.3195978557342009 
0 
0 
-0.5927352806177604 
0 
-0.4314755422889466 
-0.4540004243518327 
-0.04700867596454841 
-0.002222950870949407 
0.08316379411784519 
-0.4192557802505871 
-0.1015743557091793 
0.003610142679751686 
-0.05746080064488851 
0 
-0.03424392296249199 
-0.3182674890748602 
0 
0.01010417730478441 
-0.2305264675226207 
0 
-0.02295348112963438 
-0.04068509218508458 
-0.03286273350302985 
0.08090671555455137 
0 
-0.007560048809598138 
0.002036294731257019 
0 
-0.01796824607528288 
-0.1375252385436693 
-0.1928591721463226 
-0.009120747427905499 
-0.3014032847933413 
0.000116764232908788 
0 
0.2153161261147039 
-0.00121251297747297 
-0.01597033616836737 
0.0006750993676522902 
-0.009850126153861315 
0 
0.06117028442836371 
0 
0 
-0.2474790587480912 
-0.09731982665924369 
0.02000838686478257 
0.0009353189070244606 
-0.5943893753808952 
0.001388042655611514 
0.004652088758736119 
0.05975271900700954 
0 
0.03289949189343327 
0 
-0.05074854401087323 
0.02553343363564152 
-0.05706621599886658 
-0.03961707226071012 
0.008034020721427565 
0 
-0.1476114734581512 
0.04540005280169843 
-0.009413774750251016 
0.1723680313277386 
0 
-0.1588059960124611 
-0.001117364702348753 
-0.0348662774996251 
0 
0.1812345990068551 
0.007806516656139675 
0.005763188008640443 
0.0005256490331408771 
-0.07244175532232353 
-0.09699860536193927 
0.1789828245542257 
-0.009363503839787556 
0 
0.06671918875609173 
-0.07506866373532452 
0 
0.2168434284350712 
-0.04353061920529205 
0 
-0.007663765746144122 
-0.08044971790222079 
0 
-0.01056225621369064 
0.3137244716979001 
0.03373306481154441 
0.5396377685602894 
0.004300726065683737 
-0.00103492950128104 
-0.4448724366786714 
0.01171143925812395 
-0.04176980990115509 
0 
0 
0.08454758772927279 
-0.09319957051738799 
-0.5788054656422348 
0 
-0.5352725892290457 
-0.06676364030252571 
0.07636088215194528 
-0.04564495657634914 
-0.1701819058922942 
0 
0 
0.004613175106421182 
0.02451574390032298 
0 
0.001088806760332518 
-0.03197667432609895 
0.7158436441930568 
0 
-0.615370346377006 
0.07888243041485746 
0 
0.007046185643280093 
-0.002594119029598201 
0.03384551857629805 
0.4381325136569161 
0.3070657391831003 
0 
0 
-0.006497581962599756 
-0.2810877116092748 
0 
0.02279850640395074 
0.004288462975076966 
0 
-0.07627804883439969 
0.02001898794099389 
-0.1115915208230023 
-0.05075521529291972 
0 
0.08078602456514804 
-0.1088585957985321 
0 
-0.006631266828548429 
0 
0.01766084649496488 
0.02897027917051875 
0.6541790280171864 
-0.6785227931932601 
0.2601873750806149 
-0.03637882794927018 
0.3440082429755253 
0.06414315200193656 
0.008090089959719809 
0 
-0.3542113057637153 
0.2809183904261116 
-0.01950875932977467 
0.005979497763955953 
-0.1238536770964118 
0.04642093296253681 
-0.01673695565832008 
0.004056554885870872 
0 
-0.01204970609484243 
0.02871617219403286 
-0.1051148963632205 
0.009607661150153627 
0.001708761640161347 
-0.1004722276590193 
0.0005896081269985975 
0.01159149153849633 
-0.1061333706788779 
0 
0 
0 
0 
-0.1563979939690558 
0.01778666569187251 
-0.1951353481192528 
0 
0.4970781703615375 
-0.713531638197381 
-0.1422419210091848 
0.1335642229422609 
0 
-0.1500373464044841 
-0.4101844116659674 
-0.02722580104808302 
-0.156204223349737 
0 
-0.06578043192232952 
0 
-0.1197961800237689 
-0.24207193473775 
0.0171297391546665 
-0.01737914914750646 
0.4457044574100168 
-0.02002461196189621 
-0.005513093727662104 
-0.05679952565128928 
-0.178222645798686 
-0.2186887408721981 
0 
-0.002813736304292504 
-0.1507134972127392 
0.06988298244054206 
0.1397510795799843 
0 
0.0750526728399456 
-0.3533594323583102 
0 
0.0201712009808383 
-0.1592936405577315 
0 
-0.02536737503528765 
0.02174431226114683 
0.03383144732206071 
0.01354176028040079 
0 
-0.1038841224706824 
0.3896633423641472 
0 
0 
0.05386523929228407 
0.1221558676454399 
0 
0.1591195688402989 
0.3292399253557194 
-0.1589389363344123 
0 
0.1683930671696376 
-0.06206574183285826 
0.0579016048965121 
0.09041418679334992 
0.7475057687621932 
0.0004092611514040067 
-0.1936536902230047 
0 
0.2767862348787994 
0 
0.01426481694878388 
0.3452038437226503 
0.00386695381290639 
-0.01672075985239029 
-0.003897471674723965 
-0.08943991438585727 
-0.5912452850606712 
0 
-0.5141373847040538 
0.007884025271247539 
-0.01522252524354441 
-0.02408954877286058 
0.161411184573116 
0.03538696412986464 
-0.2051316534372033 
-0.00795731067549986 
0.0134830711705626 
0 
-0.04014657096814292 
-0.06026557853696516 
-0.0667593446374385 
-0.1432667953580282 
0.03137206777017604 
0 
-0.05397963011147368 
-0.05249272836575555 
-0.2504745221979354 
0.0715064456291782 
0.3291354668281684 
0.2121298068121779 
0.3920020314422841 
0.8807474062750105 
0 
0 
0 
0 
0 
0.4165560886867974 
-0.1449457966797004 
0.02994614780160607 
0.001547956983864335 
0.06925121439407143 
0.002828594134758119 
0.01382354708319111 
0.02271030048515515 
0.3011966778779189 
-0.1846154360045221 
-0.07426388553812067 
-0.02206690148702549 
0 
-0.2999991142862681 
-0.01219615847679333 
-0.2540649684749299 
0.7048580759851293 
0.1376281094636327 
0 
0.02803910052228398 
-0.2431283512210681 
0 
-0.003934575662093672 
-0.0001372092613593171 
-0.009340814663924024 
-0.07847085080198427 
0 
0.001565917568616672 
-0.1989721665600227 
0.1139049838044531 
0.6686970561227724 
0.2536945642847291 
-0.3621622916932107 
-0.0135615766699688 
-0.2043490118771482 
0 
-0.005826157620764781 
0.01531726058071503 
0 
0 
0.0987224639829164 
0.01164126346310482 
0 
0.03857330846711674 
-0.02677873114264491 
0 
0.1525997921933883 
0 
0 
0 
0.02829840842950672 
-0.0279124151751531 
0 
0.0888438187861811 
-0.4274936613307427 
-0.2451381086121935 
0.07424890158689634 
-0.2905415712574073 
0.2311637340906441 
0.1655922656774033 
-0.04625489090694788 
0.002085094966592303 
0 
-0.02140804129248137 
0.2844756042386043 
0 
0.04165268331383622 
0.1369485042376226 
0.01071713029624748 
-0.06992597450432533 
-0.007329583305320009 
0 
0.09094073538896154 
0 
0 
0 
-0.002188569154427312 
-0.1085578050764737 
-0.2084819247170478 
-0.2604303467610702 
-0.03363387275431709 
-0.04724607031682506 
-0.02914118696840319 
-0.1304786804276827 
0 
-0.1700033948530328 
0.08309657662440893 
0 
0.0193714152061229 
-0.01394904088810851 
0.04415874104415082 
0.002125464701025275 
-0.06089585461658314 
-0.08428282607074339 
0 
0.02962087087089429 
-0.1003061378474357 
-0.05539860021804421 
0.0343905334168417 
0.01775647372938633 
0.1133089050365843 
-0.04785330833215509 
-0.04909314899899757 
0.3768738886755357 
0.03830852725658565 
-0.01964398226750319 
-0.2456624115451592 
0 
0.03950019503497021 
0.075933529857917 
-0.009480610897715663 
-0.00115809530954132 
0 
0 
-0.1420779694369551 
-0.03004180408036172 
0.03230726890779442 
0.04455770723286528 
-0.7033575543354723 
-0.05519229967391227 
0 
0 
-0.07560659871168918 
0 
-0.4199906803791277 
0.01551969927240696 
-0.07924135997765684 
-0.08499037535249948 
0.01081198632094697 
-0.2013048343826114 
-0.2995132505396623 
-0.01056148722146094 
0.003551193102079317 
0.09546970200771038 
0 
-0.1135437189155387 
-0.08495965313017376 
0.008559661563751221 
0 
0 
0 
0.005688051552997602 
-0.08174254277482315 
0.00312380961775667 
-0.01646405049725286 
-0.1983312518036345 
0.006716610635401794 
0.02676126921350627 
-0.008751184735888359 
0 
0.01093795164598131 
-0.00296114843257375 
0.01924635321134223 
1.308389717268962 
-0.08120760636424064 
0 
0.09421627867298304 
0.01339829633801792 
0 
-0.06097188205057452 
-0.1059094379846761 
0 
-0.005885865210767141 
0 
-0.009329517705981621 
0 
0.2884097737154072 
-0.3233695079878542 
-0.02572680005270613 
0 
0.0996421201465417 
0.5224041911229581 
0.110247193879063 
0.02499676764057995 
0.008510827593924474 
-0.993167261395084 
0.1852026732101995 
-0.03831758316024019 
0 
-0.02925828921177125 
0.1500720858689323 
0.03942645259412547 
-0.003980352846296598 
-0.08917274685799231 
0.3819673824652915 
0 
-0.005594397951927559 
0 
-0.1514344025963366 
-0.03812837816284186 
-0.008324929188812051 
-0.3574865929258441 
-0.06200884817122097 
-0.2750566680805527 
-0.2214613037377491 
0.1519600537750704 
0 
0 
-0.1061629675396386 
0.01385799013586915 
0.6023579072863393 
0 
-0.06408989278569287 
-0.002563689453349813 
-0.5730340675527715 
0 
0 
-0.07760694197073692 
-0.4556681879915439 
0 
-0.06993886439277461 
0.0129632176871559 
0.728423968193934 
-0.05136698328826344 
-0.04586307993080002 
-0.05608580011022982 
0 
0 
0.7272891865616076 
-0.01387355408177475 
0.4247522913353101 
0 
-0.1437475447418033 
0.5201386769313022 
0.03720848261219873 
0 
0 
0 
0 
0.1280057842535186 
-0.3702729869293174 
-0.1862432698529415 
0 
0.0009756378417785839 
-0.1111093936630734 
0 
-0.02881662609042734 
0 
-0.01176679612034647 
-0.01668813488541988 
0 
0.1423527407676205 
0.03877519529531819 
-1.119024290196148 
0.2818722685645608 
-0.5950228486951281 
-0.01948362356721633 
-0.2609508824334739 
-0.02786150986455231 
0.2750481618174013 
-0.1855584922783643 
0.07513100876867891 
-0.288909989905986 
0 
0.03897279028880382 
0.4224540850533984 
-0.05159585522464567 
0 
-0.06718321729246315 
0 
-0.008396076865503926 
0 
-0.02619529526212096 
0 
-0.2739547815234926 
-0.0305682318500687 
-0.2357403636978034 
-0.07618702113920214 
0 
0.3834910969127885 
-0.08621781204746369 
0 
0 
-0.04477742330693517 
0.1480059713075985 
0.04829269162019826 
-0.04835568515486063 
-0.03224280164462012 
-0.04085113729031859 
-0.00228533161646478 
-0.3219310094770637 
0 
0 
0.03778515972233458 
-0.04511100314248987 
-0.2036578806469251 
-0.1452546436308639 
0.2221897081505315 
0 
0 
0 
0.009100756539815347 
0.07471480746822945 
-0.005393990691772164 
-0.5003323244267541 
0 
0.02403121367541927 
-0.3065584814301681 
0.01139651120810454 
0.00563361589610825 
-0.03445704059021212 
0 
-0.03175677571130189 
0 
0.03378978755581084 
0.7543995219446755 
-0.1548046238303776 
0 
-0.07443830869514478 
0 
-0.02359250292558669 
0 
-0.1100956292886371 
-1.391060018317367 
-0.0491847769232219 
0 
0 
0 
-0.171044806152563 
-0.005407452180993519 
0.008413332686726909 
0.07337194359816256 
0 
-0.1743297113454812 
0.004335687899939556 
-0.01676123836117955 
0.2284279696006045 
-0.3187933886021779 
-0.2210577939974431 
-0.006510925694960132 
0 
0.13727344935388 
-0.3284187621686701 
-0.09691771182569556 
0.03401009356722032 
0.02024138518724032 
0 
-0.1872831222892274 
-0.03243955214784825 
-0.01529018742436358 
0.3273641590285264 
-0.04360686821632827 
0 
-0.02270583036124414 
0.7780149488156911 
0.03566329979797894 
-0.111666986565866 
-0.03932103235102836 
0.01454103085949865 
-0.2197500706420819 
0 
0 
-0.2665152282700398 
0 
-0.255826628771639 
0 
0.4246181336940786 
-0.2866899910061492 
0.04231481586500302 
-0.003841087910763608 
0 
0 
0.01826148452099347 
0.05163501104502406 
-0.0318250859587709 
0.5388014497778559 
0.05466277298879743 
-0.1007782798168973 
0.07009235689500898 
-0.05907447441370772 
0.1837094104154284 
-0.04045358685997719 
-0.100801855479442 
0.8207386934953477 
0.6441118732331528 
0 
-0.02042835355197959 
0.2805910961331433 
0.06488773681964496 
0 
-0.3241591953618218 
-0.3436484668086068 
-0.0185084620166913 
0.1620874408734931 
-0.4666782959876341 
0 
-0.3081519733021648 
0 
0 
-0.05395758798177511 
0.005759129862601085 
-0.3868786732053146 
-0.1974686415746068 
-0.07612519787190324 
-0.07390300704283477 
0.9494562095871374 
-0.3844024632828734 
0.002219602319259424 
-0.01506632400594505 
0 
0.04247370758054221 
0.00494209790009331 
0 
0 
-0.009470814647767927 
0.006492766010375825 
0.04759802615011315 
0 
-0.2858659097213855 
0.007008322894066618 
-0.1366934802872493 
-0.7334672426850162 
0 
0 
-0.3641904024518032 
-0.002812163180414321 
-0.4072930493966134 
-1.313624702495211 
-0.1525841143320026 
0 
0 
-0.2695275987125315 
-0.08258684619102898 
0.01738457020656172 
0.6070520065884708 
-0.02265134978001932 
-0.01872094022582797 
-0.05512605299451352 
0.02279761843166639 
0 
0.04506169854810306 
0 
0.06000145010691408 
0.4138409920720262 
-0.1051861962598738 
0.05478447844809523 
0 
0.005879835099687212 
-0.0826622194908731 
0 
0 
0.1472893801595994 
-0.07526727902705753 
-0.5665336972793305 
0 
-0.1948724922783234 
0 
-0.08552523804969579 
0 
-0.03207574396047391 
0.0167997686099278 
-0.05356317071541393 
-0.003719601417436321 
0 
-0.1500514853332037 
0 
0 
-0.02850904622726739 
-0.03630828323191566 
-0.01462985825373845 
0 
-0.03426526927287659 
0 
0.8637402275428382 
0.03606740464467421 
-0.0755548777281503 
0.7908241592722414 
0 
-0.1490468798588332 
0.03504493892793283 
0 
-0.1418566121647455 
-0.05811935827378997 
0 
0 
-0.01332689935209412 
-0.01346600797897811 
0.2986318816231304 
-0.09238608047456222 
0.3449775727796548 
-0.02924896736927192 
-0.1186111971108872 
0.002968676512282405 
-0.003211400495034428 
-0.001590532491109448 
0 
0.01449357324027034 
0 
0.07206434112349813 
-0.034427166040993 
0 
-0.01814033664576034 
-0.5479021014980042 
-0.003859483664002057 
0.2629952858885479 
-0.1122981780106202 
0 
0 
-0.3695220378899349 
-0.1179046653794391 
0 
0 
-0.7749377656857773 
0 
0.1953318729763771 
-0.7602066980738785 
0.080473355905457 
-0.04411634158703792 
-0.4964954194087128 
-0.008128447128993164 
-0.1606085600773678 
0 
0.9939898366746747 
0.1678110016059521 
-0.2410549625852087 
-0.1400498672050159 
0 
0.03435363673822067 
-0.9267658032530948 
-0.003569956421993026 
0.01717613647798619 
0 
0.01061082636926621 
-0.1118879239419095 
0 
-0.0007823483895381218 
-0.004563528554871906 
0.01547460740795474 
-0.01420664263578957 
-0.5432576547028672 
0.0163714633375028 
0.002019389668111664 
0 
-0.06614254743571875 
0.04085363938377466 
0 
0 
-0.01366574636099243 
0 
0 
0 
0.08430133873629431 
0.3839316127699355 
0.006807297903000414 
-0.006351443737061152 
0.4560618041247306 
0.03261620286735874 
0.0680352400820306 
0.3889783323579786 
0 
0.00446905749750559 
-0.2613687782537362 
-0.009614491071586902 
0.04902607044494731 
0.01319941188303819 
0.06093876660278416 
0 
-0.7036715666255619 
0.2184305727470273 
0.1169893995933083 
-0.3297064797494638 
0 
0 
-0.330451861991555 
0.01256439084304247 
-0.05099575229250675 
0 
0.01936225012485343 
0 
0 
-0.008373341756976639 
0.00969011729113653 
0 
0 
0.01175858139468645 
-0.4033014461563582 
0 
-0.3670758358974722 
0 
-0.5974595575295977 
-0.09089577514395028 
0.08599965615947656 
0.06612448714961611 
0.1683589156391293 
-0.09994733459838798 
-0.08234724203500722 
0 
-0.04976071060463193 
0.04195905254356364 
0.0390793999334348 
0.1204142768860139 
0 
0 
0 
0 
-0.08958217566699926 
-0.4843314378458896 
0 
-0.01054229687373632 
0.06529059855580582 
-0.3411605044591679 
-0.003683736292828295 
-0.2561335730804052 
0.5399430389955686 
0.132401979323558 
0.02708619857142069 
0 
-0.06853401876459128 
0.01425682672393477 
0.410104061017361 
0 
0.232833060447225 
-0.01521513123875241 
-0.4730460859498827 
0.002204664996789832 
0 
0.4492184171651224 
0.1533075865856281 
0.7010565581955102 
0 
0 
-0.02843809450168816 
-0.1670732356807394 
-0.03178713666070877 
0.06237152221318627 
0 
-0.03095113615818436 
0 
0 
0 
0 
0 
0 
0.04282786465857914 
0.2337654568430433 
0.003490234281012688 
-0.378727570125478 
0.05788535945062027 
0 
0 
0.001210702136568321 
0 
-0.240798941435126 
0.1955069553735093 
0 
0 
-0.08064388530182255 
0.478383322797763 
-0.004306897525905079 
0 
-0.02953246953140344 
0 
0 
0.03055827221895891 
-0.4998155741119429 
-0.4316100780202367 
0 
0.02648019945763501 
-0.005739625936949625 
0.4007037490667744 
-0.01334729000129773 
0 
0 
0.002207424860430928 
0.3652315556730489 
0.1298385261103245 
0 
0 
0.122034969041833 
0.01760511690506844 
-0.3403234923600709 
0 
-0.4699948939007936 
1.533203957872431 
-0.2962321867489104 
-0.02352174711673834 
0.2455695610546388 
-0.0925490257500324 
-0.008210184162031025 
-0.2330442660684054 
0.0271049800243005 
0.2175542147283945 
-0.08177863440085945 
0 
0.0015321278266194 
0.001412693603576926 
-0.00101147035631087 
-0.04529365444113816 
0 
-0.02817524901755654 
-0.7383511589695605 
0 
0.02135545394489158 
-0.02010801245629927 
-0.02180050248616861 
-0.08136002141447168 
-0.0179970348745527 
0.01774924768886393 
-0.1997540552491556 
0.006229999042814421 
0.2498801662279742 
-0.7383318574166055 
0.08342734408229177 
0 
0.148373270228533 
0.06277381946515098 
-0.1385044103228633 
0.06104136311633757 
-0.03592813983954196 
-0.2246843906793347 
-0.0551360827145175 
0 
-0.1475104914030345 
-0.2843870952275793 
-0.00543089516637549 
0 
0.04414898690991663 
0.0345378092345633 
0.3098878386990083 
0 
0 
0 
-0.6966316582509492 
0.003210810273654396 
-0.003127604865671953 
0 
0 
-0.04852888094430849 
-0.301292428356823 
0.0679569079104126 
-0.4423683962624474 
-0.02404513816266943 
0.1214682930400076 
0 
-0.1016097698922748 
-0.1079589984115359 
0 
0.4235949468124677 
0.04746414384033517 
0 
-0.5169807871880944 
0 
0.3598025514188766 
-1.063901466434179 
2.618909580170226e-05 
0 
1.191862828184572 
-0.02151976742071366 
-0.00510905879461041 
0 
-0.07154964238267529 
-0.00125502576833818 
0.2547931942670145 
0 
0 
-0.08581682911846517 
0.03281927104417787 
0.3345782751364241 
-0.1284456936887624 
0 
0.003046270751077136 
0 
-0.01702982447329767 
0.02016067318950436 
0.1166830865084068 
-0.01403617772471807 
0.2295261747066407 
-0.2306770183004805 
-0.1756217127735143 
0 
0.01350186982172266 
0 
0.03546417512959628 
-0.324910239877009 
0.09561834110163371 
0 
0.02424491372840765 
-0.003259672201978329 
-0.04930077083663671 
-0.04783252823380632 
0 
0 
0 
-1.228713712306004 
-0.3743045983630917 
0 
0.08495103081792772 
0 
-0.003944736735831703 
0.006730791372833647 
-0.002977717166216776 
0 
-0.05432797524927179 
-0.02809558439392201 
0.1071952294709956 
1.501402635947535 
-0.5356605420117198 
0.1314245267583473 
0 
-0.05391496717011023 
0.4946666160037193 
0.3020355651977684 
0.003591871310793922 
-0.01497180164968969 
0.005648809039716212 
0 
0.02851633849984791 
0.1637923226718137 
0.02870523603936372 
-0.08978040142807031 
0 
0.03678172221320763 
0.463587612666776 
0 
0.07808702375317744 
0.03103339735549151 
0.001193112742553949 
0 
-0.000126386621156457 
-0.01273395696337126 
0.3326831016000466 
0 
-0.426645386195431 
0 
-0.0002542413738129021 
0.1823731926488206 
-0.1620346386555366 
-0.1395775140860075 
-0.2934947560203158 
0.002666428496106391 
0.1027600940727791 
0 
-0.03053511185750567 
0.04859375047427098 
-0.05365330341993271 
-0.1924863422534143 
0 
-0.0005356157630553892 
0.005778826377562721 
0 
0.09809418518950662 
0.03627229741086474 
-0.008081544405923152 
-0.03520770806994337 
-0.0221944630621208 
0.01062522419568989 
0 
0 
-0.0825117595146327 
-0.0481355767851025 
-0.0258773892176388 
0.006132852243137917 
0.002568805113413811 
-0.01147875730379513 
0 
0 
0 
-0.0331194883539532 
-0.006170514606188379 
0.02969000237651829 
0.2175151789545587 
0.08803447847366783 
0.00202012635591672 
0 
0 
0 
-0.768518650067566 
0.03672714771650069 
0.1779690895992926 
-0.003302686402543236 
0 
0.05348717651696307 
-0.01202052597443892 
-0.4182719165138986 
0.2430773099278594 
-0.02183599497687475 
0 
0.05518744643313467 
0.004935857497368927 
0.007242291809898526 
8.200798668976652e-05 
-0.1391750815157738 
0.1099249440976249 
-0.16555639937408 
0 
-0.1259542060099182 
-0.05392868218570196 
-0.06238014607225392 
0 
0.03008835267871122 
0 
0 
0 
0.08299766081369198 
0.02443048284543536 
-0.0009680569081516638 
0.1052403717660385 
0 
-0.05801919969895047 
-0.007674871151697428 
-0.5399419164708794 
0 
-0.2042312658578402 
0.009649652114799224 
0 
0 
0 
-0.2312321751540416 
-0.7724596004399731 
0.01969958961727592 
-0.3651817911855725 
-0.0107030818578586 
-0.02124674891616342 
-0.3725461552156005 
-0.02339014381260437 
0 
0.05159235735747368 
-0.3308898163940087 
-0.1098437378176245 
0 
-0.05242121599565417 
-0.2135220082257407 
1.00645707734852 
-0.0107785899942313 
-0.007000187437092003 
0.1538033734183539 
0.06987246638259867 
0 
-0.03742479963920719 
-0.1299500080531516 
-0.4388182001781999 
-0.0002857160705959209 
0.2026471766218975 
0 
0 
0 
-0.0235508265273787 
-0.08077314774989039 
0 
-0.2393152542809079 
0.1849052080907563 
0.006509158732068896 
0 
0.1001405577039057 
0 
0.1404319810008972 
-0.0190292477187657 
0.1659007499261961 
-0.3207212837338258 
-0.02476599143573345 
0.189311723333624 
-0.00901619840434747 
-0.9404741271976212 
-0.9758880352355422 
-0.01717286336442848 
0.144141255813936 
-0.08261001815439351 
-0.02504550894008612 
0 
-0.02350304790553998 
0 
-0.007733028552214381 
0 
0.2820184799625001 
0 
0 
0.001319785697896297 
-0.1123333693867223 
0 
0.0400613536790104 
0.004539916416618275 
-0.05987603980288236 
0 
0.7934794243314536 
-0.4171175487165569 
0 
0.3606122263539053 
0 
0.240867863827895 
0.1411657255073015 
0.1610175179747974 
0 
-0.03617825257538117 
0.05987921397797422 
0.01853744136917786 
0 
-0.06942160204108902 
-0.2095629892233612 
-0.05755047076493685 
-0.01194590309507724 
0 
-0.395124635331638 
0 
-0.04069717513460804 
0.04068233648158368 
-0.06352251206671046 
0.2758449371444899 
0 
0 
-0.03524109494552523 
0 
0.02024735190244975 
0 
0.09423988041863088 
-0.09719072933704598 
0.03925366662683612 
-0.4989086507186919 
0.1963446734383823 
0 
0 
0.03364016377550156 
0.587794944212473 
-0.1820416720529534 
0.01331791809176091 
-0.03525586986991714 
-0.3402030437209571 
-0.03488936698611714 
-0.3103517904022054 
0 
0 
0.2799246559894677 
0.05214534227887401 
0.07642621693599236 
0.1683894821420983 
0.2258338168155251 
0 
-0.2039430354583581 
-0.04855751975805864 
0 
0.06212118734622517 
0 
0.19568361312867 
-0.6029386808524509 
-0.06780937098221809 
-0.1741399106094079 
-0.2698725643477246 
0.06226560648197063 
1.08063447044552 
0 
-0.6146251673224875 
-0.0003121289566660095 
-0.0885890232213758 
-0.02872555410514167 
-0.00924458389422015 
0 
0 
0.0009600375262956515 
0.06438701237330127 
-0.1231634917615393 
0.07562799654124075 
0.04218261473405577 
0 
0 
-0.0404950883483456 
0 
0 
-0.02624356220021506 
-0.08700987585120576 
0.8193235189234626 
0 
-0.01653437205105277 
-0.2705881045780283 
0 
-0.02089505829194365 
-0.05472428512398866 
0.006214522697224365 
0.2806351143909263 
0.01043632242712117 
0 
0 
-0.0858824500554131 
0 
-0.04920614279662607 
0.038713396195603 
-0.06505041075027956 
-0.2810328714147099 
-0.02548634662920047 
0.01421878138839424 
-0.03991131516258758 
0.002839678755829355 
-0.04538094289791527 
0.02345332026085141 
0 
0 
0 
0.0129127665647062 
-0.06663250471548465 
0.03893542020646115 
-0.1244874490014909 
1.0713507947686 
-0.2777927909423501 
0.1006473531199673 
0 
0.08787835187058415 
-0.02102973047177056 
-0.01725690463298243 
0 
0.04553201959394511 
-0.04590316836768329 
0.06034047372158612 
0 
0.7487343994660022 
-0.007775503303607865 
0 
-0.0001334420270941567 
-0.1142943146084109 
0.02098920708356629 
0.001001248113848169 
-0.005291827345275758 
-0.2321217173809327 
-0.03290423473093404 
-0.0003360235359528407 
0.2519748661091203 
0.006789441135302613 
-0.1056311362790588 
0.07489667810545604 
-0.00688489165263825 
-0.1471680742273089 
0 
0 
0.2307248836452717 
0 
0 
0.0424533493974045 
-0.3196827584687661 
0 
-0.05833157161754206 
-0.009603520914928668 
0.3727516546578896 
-0.06246860075336019 
-0.01210926373192357 
0 
0 
-0.1333294108167493 
-0.2510684657054811 
-0.02660966423376247 
-0.06673728787195186 
0 
-0.1378106857313527 
-0.009203291400799608 
0 
0.3416056585730622 
0.6963412127357301 
0.07232103571182018 
0 
-0.07757429562742796 
-0.03769365668520027 
-0.1116862560840973 
0 
0 
-0.02375482110316136 
0.355972675927116 
0 
0 
-0.1141723144111895 
-0.1050505796744383 
-0.1709971643624714 
-0.02859483444732469 
-0.02764190189585826 
-0.5284636460688166 
-0.2912751097261773 
0 
-0.05844223194826365 
0.03028710794063059 
0.41772235641929 
0.008416030792185556 
0 
0.05531732533754307 
-0.008947070020125179 
0.03229990647511807 
0.05614198817340204 
-0.01171667037855207 
3.574238929952657e-05 
0 
-0.02880741986048253 
-0.08607006497739336 
0.008943193260115239 
-0.03398048710522328 
-0.03779370784307462 
-0.035113589935711 
0 
-0.2018391734653756 
0 
0.01403669025867546 
0.02787707115348115 
0.2764625654069806 
-0.4821167545491257 
0.06290680273036334 
0.064518055994542 
0.2037849958055068 
0.1588907870776654 
-0.1242945984050494 
0.01367266987337412 
0.004425062537439271 
-0.0004136152820686068 
-0.1060332270263287 
0.7341347936084778 
0.01813159273478308 
-0.05981274560219393 
0 
0 
-0.06025036722232087 
-0.0308294341067883 
0.09637579082957239 
0 
-0.07730477529066734 
0 
0 
0.008061763503145967 
0 
1.160851582646264 
0.0114362695105565 
-0.0705683828345549 
0.3191556244548219 
0 
0 
0 
0 
0 
0 
-0.2175698381195241 
0 
-0.02471582532160428 
0.1037625470288762 
0.07688442065866438 
0 
-0.2293976780502399 
-0.1704016842813382 
-0.004072830285032487 
0 
0.05104414891983222 
-0.02163536293596704 
0.03261150579581307 
0 
0 
0.03037867376309254 
-0.004509002531137785 
-0.03780697112884294 
-0.0283005385220091 
-0.08201633081555845 
-0.1040439994198043 
-0.0579592130597156 
0.05538257813229831 
0.005622247178383815 
-0.0439114748592242 
-0.002965356723728409 
-0.442978144834185 
-0.0331545887668878 
0 
1.254873479193011 
-0.7294856259013214 
0.01174215061911137 
-0.1153405197301968 
-0.3757562461721708 
-0.1186769117561165 
0 
-0.3354713294975517 
-0.02330360397345161 
-0.1768987923545551 
0 
0 
-0.0004160359873082807 
0.4576479286537018 
0 
0.1136148474274789 
0.6356036231613524 
0 
0 
0.06331037702719483 
-0.03194813506686457 
-0.03570360111812709 
0 
0 
0.3142189077837499 
0.01160094722598113 
0 
-0.2561719867528883 
-0.01103020551157152 
0.03990199646293562 
-0.08420914824762386 
-0.01827304362442412 
0.08678051694860524 
0.00800615437961223 
0.07993047349606325 
0.02881242703147106 
0 
0.2437320546264198 
-0.3815726498610488 
0 
0 
0.5687818305661683 
-0.08363978596208577 
-0.09212200619897046 
-0.2352836217700473 
0.05977505226507042 
-0.2874214390599754 
-0.2286522351738972 
-0.3774512149402585 
-0.0217717035749764 
0.0009306839765604929 
-0.02766390984852004 
-0.2441973758721121 
0.05132381248313458 
-0.002357936206723731 
-0.5035503646480929 
0 
-0.4083770469776963 
0 
-0.1377546902175224 
-0.5572856101641466 
-0.08574382673510608 
0 
-0.06196183338639498 
0 
0 
-0.0308684784413725 
-0.05060914497260886 
-0.7705774537185673 
-0.08802872265842594 
0.009450320026572583 
0.03004880958144612 
-0.004410943206975104 
0.01868242954335928 
0.3130841920667873 
-1.074440604322853 
0.001883272434570769 
0.09317051070018098 
-0.009036922415466591 
0.7511164554465092 
-0.109014119416006 
0.0164095618553335 
0 
0.0007596417109363623 
0 
-0.06837936234508711 
-0.01379302106918833 
-0.04422821207868035 
-0.01306251791652309 
0 
0 
-0.01665689068342267 
0 
0.03310197640465679 
-0.0158941815409479 
0 
-0.07139535995053001 
-0.006085036004498438 
0 
0.02758091758998707 
0 
0.2032675389102249 
0.1503166603835873 
0.009532082680633665 
0.03168885788979942 
-0.01961075878478734 
0 
0.02682433858641925 
-0.05553809624857643 
0 
0.008995898255438044 
-0.1621348266782199 
0.03149883245682723 
0.01139194014271629 
0.1062647909361556 
-0.1992753600331791 
0 
-0.3341585627610141 
0 
-0.102530985285543 
-0.2356835276249447 
0 
0 
-0.001317885801681137 
0 
-0.09742564604001017 
0 
0 
0 
-1.239868017476129 
0 
-0.03801178529109777 
-0.2754116122722335 
0 
0.02645829589759347 
0 
0 
0 
0 
0 
0 
0 
-0.09548603208710527 
0 
-0.002436771833474731 
0 
-0.1118788587721821 
-0.3227997470163105 
0.1646550750903263 
-0.5374761502018858 
0 
-0.08465343570063978 
0.4616432420585425 
-0.02594757001979519 
0.2183670368810213 
0.008657868421251927 
-0.06516004543430008 
-0.6993721285476842 
0.07595199574510139 
-0.005484322884210703 
-0.6953090745065352 
-0.04921683716798427 
-0.03488747438876816 
0 
0 
-0.000927221468117731 
0 
0.1149273923621961 
-0.03304163880824093 
-0.1102260134716972 
0 
0 
0.0154230216446221 
0.4602569401289741 
-0.1096861406959498 
0 
0 
-0.06157822713108341 
0 
0 
0 
-0.01012905910579881 
0 
-0.4831048389035595 
-0.01655210314208606 
1.168561482233769 
0 
0.0392175848510856 
0.02888231905067356 
0 
-0.1298085813140037 
0 
0.00531076276731287 
0 
0 
0 
0 
0.03013716009300814 
0 
-0.05587624790447322 
0.07674009782932689 
0 
-0.004987263044300742 
0.02131551681427347 
0 
0 
-0.007949656982650242 
-0.1918334051263843 
0 
0.06045708847552776 
0 
-0.1816667815425808 
-0.5095038467545698 
0.3630900666298079 
0 
0.01633156318096851 
-0.08105416549280041 
-0.07793858892115405 
-0.07737234088550543 
0.06969675345012663 
0.2272721324892916 
-0.3449803796604527 
0.2200210105180058 
-0.024958561456153 
-0.2132242533342251 
0.03283821923235959 
0.01981443040347607 
-0.009633289680098363 
0.09301484443930419 
-0.09053963069414697 
0 
0 
0.009731724993172527 
0 
-0.01046841444525034 
0.001034648849345953 
0.08582745756018129 
-0.01389575127207487 
0.01832155680645485 
0 
0.002296097748996676 
0.1111176502685685 
0 
0 
0.01647311379641229 
-0.04070382732704537 
0.01826142459132553 
-0.0009355986858242633 
0 
0.1531932790369665 
0 
0 
0 
0.3879540182871172 
0 
0.01680719864345174 
-0.1743348484700694 
0.2513072856226739 
0 
-0.03135654469719422 
0 
-0.1279085822221818 
-0.0007632861004896859 
-0.001743852614395056 
-0.005701082876173085 
-0.5639184410013012 
-1.012526199764431 
-0.1496599043576945 
0 
0.09798010159087073 
0 
-0.02215809817167481 
0.247397174377654 
-0.01339421706380281 
0.1308359054901976 
0 
-0.6058400020041429 
0.1346072074465637 
-0.05176510312177678 
-0.2424954179945873 
0.04930324098007984 
-0.04673385314402941 
0.02442188264651095 
-0.1566089702207794 
2.056322381211881e-05 
-0.05452219796259686 
0 
0.002119666905913057 
-0.2833305907386147 
-0.03111254237234353 
-0.8481868316722633 
0 
0 
-0.01029062450476029 
0.03199763629422368 
-0.04353304061268057 
-0.1105346666799874 
0 
0.0376792095546422 
1.525493115289739 
0 
-0.06856172104015849 
0.01787896877323021 
-0.3572637188089354 
-0.09638060609852836 
0.06842020459487327 
-0.5386092612862552 
0 
0.0629576185213389 
0.2225016168876506 
0.05537791952782815 
0 
-0.02272784261843852 
-0.1135392767579286 
-0.01400519970225228 
0.02211612966775424 
0.08184703876873108 
-0.07574916316610118 
0.0004355275394208324 
-0.08796683927200531 
0 
-0.7213732095615824 
-0.3132778057348983 
0 
0 
0.0929537630084346 
0 
-0.05748161989855743 
-0.3709874765946817 
0 
-0.02101034703337837 
-0.01533871272380615 
-0.4299916301499017 
0.03201090908281228 
0.362221307749497 
-0.04197366574743071 
0.01598355655570053 
0.362221307749497 
0 
-0.01113313003601268 
-0.2728969720708292 
0.3613453159435402 
-0.0141951044333763 
0 
-0.008507387976207158 
0 
-0.0140099231348358 
0.01048725620131503 
-0.1602042946906402 
-0.09413020215017172 
-0.009186908391525863 
-0.08097248637428392 
-0.003831014290426699 
0.0107262681574143 
0.04446092568150309 
0 
0.3887826767559823 
0 
-0.1218246151322438 
-0.1055898990624848 
-0.2958831817043385 
0.5482438951980819 
-0.1995411584799147 
-0.04437905751865083 
-0.1188906626975828 
0.06847260506084925 
0.1171051434255873 
0.01962468558808914 
0.01353227884203315 
-0.07959513327534103 
0 
0.593297439923377 
-0.3226901286302449 
-0.1840832668068924 
-0.009322472684684481 
0 
0 
0.07185057228514384 
0 
0 
0 
0.03554270167462077 
0 
0 
0.002705812240649184 
-0.1296876303837322 
-0.04410334178566953 
0.01804961933892077 
-0.1161555609195362 
0 
0.003294920220947448 
0 
-0.03819152370849803 
-0.1481183088987718 
-0.1455192971771273 
-0.1526356487248159 
0 
0.1866000554613944 
0.1361634951868244 
0 
-0.04502011852560756 
0 
-0.0861094997845782 
0.05460596087492189 
-0.04690442551371711 
0 
0.05363571410246119 
-0.0205505645351783 
0 
-0.1183652108985143 
0 
-0.0488761370703673 
-0.04260458720710177 
0.0383396699610687 
0.002079626848950258 
-0.07340312811027155 
0.4095570168268889 
0 
0 
0 
0.0332770496304845 
-0.1957427851774026 
-0.2810031087165829 
0.1363604595772244 
0 
0.07320042275816638 
0 
-0.4992612850503107 
-0.1438018962239428 
0.02801635089406255 
0 
0.0007549395475511585 
0 
-0.06715895496977922 
-0.01707438160331151 
-0.07881140604798086 
0.02925957057626877 
0.4087010744987283 
0 
0 
0.01203641109282708 
0 
0.071744487253742 
-0.1551130198747705 
0 
-0.1343999735575375 
-0.07313180063431828 
-0.2300478500383805 
-0.1454684521248028 
0 
0.02832481201859561 
0.0215776044747342 
0.3380141575527872 
-0.02004798170058602 
-0.000182417320424184 
-0.004537987984936314 
-0.08831316142693037 
-0.1433735359103692 
0 
0.03095037457916901 
0 
0 
-0.09789826526050428 
-0.03313609591271067 
-0.05509490792854189 
0 
-0.004867576232346914 
-0.03519116170087632 
1.018838691460044 
0.2528915401989032 
0 
0.05136753715891165 
-0.03419118966588498 
0.01214216497153971 
0.08653178802622954 
0 
0 
0 
0 
0 
-0.05422887995094582 
0 
0 
0.1657779534429832 
0 
0 
-0.4470635568057815 
0.07003676745890358 
0.01085430579665387 
-0.008950789974334378 
0 
-0.03965597948878251 
-0.06967824267678045 
0.138944229354352 
0 
-0.008942331605590693 
-0.5265616475367161 
-0.115292784413371 
0.006259055436875969 
0.2494105433224216 
0.1282698609399503 
0.04222027650672382 
0 
-0.3936352913813405 
0.01215209416390019 
0 
-0.002755218380554583 
-0.205029655180897 
0.1675862729729614 
0.02490764697690754 
0 
1.356160911545867 
-0.1761327418094054 
0.2437615771016077 
0.04037465339626159 
0 
-0.3319572477055611 
-0.02824087506891305 
0 
0 
0 
0.01721474670616291 
0.0394626540874148 
0.04283449374936744 
0.2223806723935324 
-0.006987408243163927 
0.07493807586342578 
-0.05496696209441031 
0 
-0.005865983405526002 
0 
0 
0.009796114350214453 
0 
0 
0.008272108245507091 
0.3518261584077425 
0.02353354787048371 
0 
0.1099115310029028 
-0.04700755683663752 
0 
0.004444884039426473 
0 
-0.0195855653357636 
0 
0 
-0.1774210067076471 
0 
-0.02593652277966561 
-0.01301727849925694 
-0.06360102944134288 
0 
-0.2272330446001287 
0.01747800129797108 
-0.02749998371924303 
-0.6923064876882549 
0 
0.01635447247461261 
-0.2038617192145403 
-0.07601726398641701 
-0.07660587911229938 
-0.08530909148557142 
0.02206524391139552 
0 
0.1069156369822503 
0.06300623868200959 
0.3701522823877609 
-0.0585099800881384 
-0.0001709944929850974 
0 
-0.008264227964424171 
0.3395947154656336 
0.06903215865824852 
0 
-0.1321592155909298 
-0.08919160609158848 
-0.05078331426147709 
0 
-0.003856745797345876 
0.002213455040753057 
0 
-0.004630529880815228 
0.03192171773031211 
0 
-0.0358756990460342 
-0.02260272307040059 
-0.1834935790272293 
-0.02016512872717344 
-0.2291787213898016 
-0.00112949855926324 
0.03588164714022314 
0 
0 
0 
-0.2752265704593236 
0.1992655815400347 
-0.320280666994289 
0.01515543537933578 
-0.3315661384881787 
0 
0.02883604804914271 
0 
0 
2.168314375920934 
0.1166572365573504 
-0.1802809038272477 
0 
-0.01502207925669561 
0.0813171368163127 
-0.1819232235242892 
0 
0 
-0.0370511118882624 
-0.172613112294147 
0.1797864668172085 
0.3625495701561768 
-0.02575569685249171 
0 
-0.02305827090104537 
0 
-0.02264835092205488 
0 
0 
-0.001274313170433652 
-0.0009862512375614382 
0.01936614394347532 
0 
-0.007591863783629089 
-0.1120303753100047 
-0.05172774009425494 
-0.005111004538029407 
0.02921716679389299 
-0.2928303387021685 
-0.1769330028619196 
-0.2558675230728564 
0 
0 
-0.01222920734782416 
0 
-0.07263585276500774 
-0.02312917672527215 
-0.02913848643720647 
-0.1177424554268991 
-0.4092227187006759 
0 
-0.003710244319010423 
-0.05285115451731467 
0.03376521955871299 
-0.0283231981465401 
0.1253221906240756 
-0.003429952790145714 
0.04835810468995229 
0.05292486979887677 
0 
0 
0.02774795837037095 
-0.04677412120102472 
0.06638510208119752 
-0.1254219362308212 
0 
0.06403516700245911 
0 
-0.06845542500216197 
0.006709662527155451 
0.6651117595094423 
0.01727477749482284 
-0.05198463372816011 
0 
0.1350072609634875 
0 
-0.4277182825227194 
0 
-0.08780329307143356 
0 
0 
-0.09293423253350862 
-0.1157738487693153 
-0.027021917988459 
-0.05539722888561234 
0 
0 
0 
0 
0.03608992729614785 
-0.2570410089470703 
0.1812394354463157 
0.04383662765973428 
0.02657874866226287 
0.2616664653783243 
-0.002633281238057447 
-0.03000764698194086 
-0.1058445562391507 
0.877225052894434 
0.262427235205994 
-1.548397984942163 
0 
-0.0366589297601783 
0.2559699490207788 
-0.08580359969409332 
-0.0391057434529192 
0.2031513151478073 
0 
0.01304828751129224 
0.01467621682684472 
0.04611876051293837 
0.000921607818109354 
0.04926159230851597 
0.002426857856569226 
0 
-0.008694953479853065 
0 
0 
0 
0.01699468187705599 
0.03720948294317496 
-0.5376041802788731 
-0.06093534369966129 
0 
0.01951704265091386 
0.09718457523790053 
-0.1343945795176678 
-0.008232221857322865 
-0.2073676197826386 
0.00236554795623947 
-0.06843875854308619 
0.05718630093106927 
0 
-0.03733455565210368 
0 
-0.2647048228849471 
0.6651642836075282 
0.04814786992910438 
0.2422042890394301 
0 
-0.1795770531314599 
-0.2569519735459961 
0.1663110156228534 
-0.02124670651988624 
0.02416435558436422 
0 
0 
0.4803582055127831 
-0.03714424009006274 
-0.08220002493411664 
0 
0.02180610747122634 
0 
0.007804515388181218 
0.08845893118344679 
0 
0.01286316677768261 
0.1055120648274639 
-0.0007813568692831953 
-0.0829311613800572 
0.0877261849587056 
0.03087253981506776 
-0.06274262637939625 
0 
-0.3684846577494014 
0 
-0.2517886865100745 
0 
-0.168544523559337 
-0.02818834990110928 
-0.009463173169954556 
0.6153175800938878 
-0.3728387123177735 
-0.004286274644258938 
-0.08438578664950282 
-0.1126740833809934 
-0.07703965965089356 
-0.006030530065179021 
-0.09951048811863629 
0.4632128821364584 
-0.6393599765894996 
0 
0 
0 
0 
0 
0 
0.001535299999665736 
0.1043471136290061 
0 
0.03907808547624542 
0 
0.07890236585217508 
-0.3376944547630966 
0.01877515410881682 
-0.001214333620817001 
-0.002612783028621617 
-0.1781545441161413 
0.4300881877259643 
0.007157021554103546 
0.01009247487119117 
-0.03828826758059477 
0.008570756055731973 
0 
0.1156469032877347 
0 
-0.01197707799489476 
0.3014452126383255 
-0.1163330057464385 
0 
-0.1111530229087779 
0 
0 
0.001460264248540389 
0.2012843666846896 
0.09774223747240587 
-0.0425581202196397 
0.0561013698177495 
0.05261838844848905 
-0.06343587955368994 
0 
0 
-0.4890370131250386 
-0.09490778370247241 
0.4146191109460625 
0 
-0.3800799958602921 
-0.1749346500319292 
-0.0235437830433381 
0.452978450199082 
-0.007109823216269195 
0.03463876531411032 
0.006639154911014498 
0 
0 
-0.02745840845133206 
-0.08900880044657031 
-0.01934701712552612 
0 
-0.1372280351336091 
0 
0 
0.2501693627376151 
-0.01802768885562805 
0 
0 
-0.03501322008805278 
-0.3914424553398875 
-0.01570108483976542 
0 
0.04998777598024711 
-0.1032371699871749 
0.03221583887938284 
-0.02213513639519082 
0 
0.05140834652631751 
-0.3374531588463606 
-0.02825412508750513 
-0.04819186283050186 
0.07687491307084605 
-0.834980296345714 
0 
0 
-0.0251397889916799 
-0.06435007000311121 
0.006367301424274583 
0 
0.07480481134840372 
0.06593055172066907 
0.02821417064655561 
-0.03037828762912115 
-0.4135484460815583 
-0.06224971883185094 
0 
0.01345832100585176 
0 
0 
0.006546990936117155 
-0.0614364682705493 
0.7987557640053897 
-0.002864812010197905 
-0.5011304138097237 
0.1666292268820492 
0.2459996787268209 
-0.03223515566189088 
-0.08540288452218701 
-0.001291705540329108 
-0.02248654649780221 
0.02330743090416766 
0.4599463655527127 
0 
0.01875786576267285 
0 
0 
-0.0316970556763512 
-0.01948370084145929 
0 
0.04376070115934933 
-0.02369420460802564 
-0.03396623398269306 
-0.03345072035806235 
0 
0.07264598862574036 
-0.001900635427453367 
-0.002267951945627971 
-0.01083053645490096 
0 
-0.05200243956091442 
0 
0 
0 
0.02472133446495536 
-0.03706041047418131 
-0.9679356158328543 
0.04973681453204475 
0 
0.1558792617919028 
0 
-0.05245059460598549 
0 
-0.336113507701039 
-0.1273844662392693 
0.200933973931378 
0 
1.480249672408136 
0 
0 
0.06929580751649771 
-0.06843854662283606 
-0.1057542805125682 
0 
0 
-0.02560343556912861 
0 
-0.02391825945308892 
0.004146744931342199 
-0.07765692060073746 
0.02650285386689032 
0.05220641132031019 
-0.01784226804387892 
0 
0.07512386069243297 
-0.01743389751031716 
0.004110560331392381 
0.07837042997562346 
0.0255793557693516 
-0.04766104763685496 
-0.02751587042431678 
0.06614965067525805 
-0.09682240124425356 
0.003142206478623002 
0 
0.1096252005965445 
-0.02378509490731192 
0 
-0.04421568410232995 
0 
-0.1059202507895226 
0.0001306633192929495 
-0.15523374806212 
0 
-0.06148848193607656 
0 
-0.003645621853981734 
-0.599725865069193 
0 
-0.001063462596920316 
-0.1299972150329468 
0.01173662283570653 
-0.1974644074656508 
0.01094311084630613 
0 
0 
-0.2965997834305995 
-0.03566923667828995 
0 
-0.06633679316382284 
-0.03177290657538872 
0.04248800579011594 
0.01692906156503265 
0 
0 
0 
0.01213267916611222 
0 
0.1644802827174471 
0 
0 
-0.07625546755591661 
0.1052010799287088 
0 
0 
0 
0.0492826254426549 
-0.0003244946206907141 
-0.001290684768101418 
0 
0 
0 
4.031784912209443e-05 
0.06142389464304767 
0.5124670480958839 
0 
0.07228158907412714 
0.741353542874118 
0 
0.009790878476744803 
-0.07840809926131957 
-0.0001444560635394665 
0.005358837746336417 
0.0004221386711574246 
-0.06494011471834074 
-0.01420414658177767 
0.00841695563923058 
0 
0.004339146622217885 
-0.008929675021502496 
0 
0.0001005640948643152 
-0.02716452089128229 
0 
0.3200633040843082 
0.05816746109071187 
0 
0.3568166711013127 
-0.02189463195753591 
0 
0.07800511192150275 
-0.1720723283589018 
0.0295380937946698 
0 
-0.03261968986892398 
-0.08784674606936566 
0.01740417249714319 
0 
-0.001820286803924937 
0 
0.03936393441402215 
-0.2359530436700694 
0.05788578761194167 
0 
-0.0078216152186277 
0.2067422685138429 
0 
-0.02199900750088647 
-0.001360820787522846 
0 
0.8027529792181128 
-0.005086439258654931 
-0.03775595467118901 
-0.01666669390132937 
0.0009278957677952022 
0.03811439876286085 
0 
0 
0.2668883318358141 
0 
-0.06621244248853897 
0 
0 
0 
0.1270244270904156 
0.205734277035167 
0.1141550686247439 
0.01566725948045376 
0 
0 
-0.0160787048712059 
0.02625467878681502 
0.01097687049789577 
0 
0 
0.0007293280811757142 
0 
0 
0.1885774676551462 
-0.01781477717600615 
0.01970540201109672 
-0.1516919841365082 
0 
0 
-0.006443561553910525 
-0.01482020476032746 
-0.04276034070051955 
0 
-0.003076382922899046 
0.04603805533429318 
0 
0.09756240299789586 
0 
1.344101813798561 
0.2098348877118246 
-0.391870949577458 
0 
-0.01534217603795274 
0 
-0.2031969668781275 
-0.1015929806530958 
-0.3815611873561642 
0.2771513113594015 
-0.190809879251906 
0.001777402533980374 
0.04598114189631155 
0 
0.1666177317123984 
0.001470257462307523 
0.01433343086635422 
0 
0 
0 
-0.0149861099932116 
0 
-0.02891059763610463 
-0.0512369129015235 
-0.03179854183280775 
0.1696047198546531 
-0.1506824216791109 
0.1413623235403398 
0.1451628977586572 
0 
-0.01452351559273969 
0.1758198603182642 
0.109284790538387 
0 
0.02039745999400521 
-0.0217310614363401 
-0.05708947088581583 
0.6279729994184204 
0.1042733123588828 
-0.01561668067047891 
0.007673700510613986 
0 
-0.08674552497788876 
0.0701111226794093 
0.1031478670443877 
-0.2251678063660156 
0 
0 
-0.1401597278085305 
0 
-0.4660816781210855 
0.2589219681120905 
-0.1416141904295767 
0 
-0.01711984523131525 
0.001360120548150146 
-0.3543615817058056 
-0.1161417807286734 
0 
0 
0 
1.033771102186568 
0 
0.05116986216532521 
0.001584663495309386 
-0.02136172416068383 
0 
0 
0 
-0.04437991931148207 
-0.02905407535811414 
-0.02056113530110207 
0 
-0.1668265658212167 
-0.05799397903576381 
0 
0.00393767700279209 
0.001011545927421764 
0 
0.02480626527018296 
0 
0 
0.02328156320124643 
-0.05796688551532338 
-0.02242195243963715 
0.1039647330924347 
-0.2175517235522051 
-0.1094984456026555 
-0.138458371097234 
-0.09426951027152809 
-0.1902549699332339 
-0.03441053466997021 
0 
0.001549743221381077 
-0.3341743877544281 
0.03485738681785723 
0 
-0.3342042828607652 
-0.008785231157332601 
0 
-0.1838481489866562 
0.001609396194835685 
0 
0 
0.003203668442160234 
0 
-0.003788266383618605 
0.1312491653541674 
0.03745658422360685 
0.0271826647087629 
0.01085788044162385 
-0.3154498708337963 
0.03352228495314433 
0 
0 
-0.7586463906045476 
0.03241538273673986 
