solver_type L2R_L2LOSS_SVC_DUAL
nr_class 2
label 1 -1
nr_feature 5000
bias -1
w
0.7871413275680231 
0.01107287876536715 
0.225147331126179 
0.4094512986646561 
-0.157517175225084 
0.7641337488307918 
0.003322808502500777 
0.1540647061765455 
0.7842274320411754 
-0.2702565071280947 
0.134919753887302 
0.1075410664949184 
0.4085379152959106 
-0.3078306921571416 
-0.2103988963169286 
-0.04125327139681192 
-0.3346249312080101 
0.5705409001929898 
0.04890800806000165 
0.9733418617880347 
0.2389177466974166 
0.9070798347692122 
-0.04014707668284352 
0.1142667746426507 
-0.00251623072222947 
0.0268052969680192 
0.7253503274325872 
0.162670526193948 
-0.009452849057877754 
0.07303876386376291 
0.1103584729497637 
0.002188375406769714 
0.5024119612541819 
-0.07177618437764167 
0.3515578182145197 
0.1067897013321557 
0.5437090821083034 
0.3074076242061596 
0.3157142698947015 
-0.01161565354818967 
0 
0.1706135597706054 
0.1484534138000762 
0.283799674552922 
0.6139428069390839 
0.02766397861788537 
0.1462025305173747 
-0.1050199004017403 
0.1360103336484507 
0.3146745974185829 
0.05406053028564927 
0 
0.3849515946289757 
-0.06807249245528652 
0.05059955094399798 
0.01305850844150547 
-0.06701471843182479 
0.7662206219934724 
0.1320027325165623 
-0.4551202753112845 
0 
0.2723753820114869 
0.05284387620874478 
0.04605755131329141 
0.02934506276465812 
-0.3830878665855268 
0.5902693523064673 
0.05376733351787194 
-0.001673480524465384 
0.1519764423170277 
0.6470975477121533 
0.376413592374054 
0.4911853477746504 
0.01487552974273381 
0.1487675801178944 
-0.01524740225663793 
-0.6832813357103158 
-0.112143697902979 
0.3964009013347771 
0.01855405386670471 
0.2366239597789715 
0.2797771508596445 
0.02463722368911874 
0.05029848766940048 
-0.0652213323880521 
0.1113173136522668 
0.07365131743397439 
-0.0403397378533124 
-0.04912314493019742 
0.0879708868274537 
0.02064667979037816 
0.4384645550038951 
0.0487939782825226 
-0.6461621598267301 
0.06792347199533444 
-0.4143184474906325 
-0.1744041597129162 
0.006933666849767936 
0 
0.3132264118049768 
0.01942293559361184 
0.05865803269564666 
0.4437082592241262 
-0.04631227950876492 
0.2748916195351604 
0.2895623769074945 
-0.009933129119165815 
0.02111892972937904 
0 
0.1978251540826813 
0.1436698379849405 
-0.06791063518001438 
0.009559926455321334 
0.04215644428902512 
0.1468322356519358 
-0.08942617084865419 
0.03858198967683534 
0.05786351557202019 
0.439371955212482 
0.9683171397825822 
0.2870976258702237 
-0.04590717797749828 
0.02202257471311061 
-0.08867670156666962 
0.1914523191433759 
0.0206968531543877 
0.03161797758829296 
0.07642705105718745 
-0.1040835869854469 
-0.006015543548535594 
0.05764958648908414 
0.001101284656687134 
-0.207095838930774 
-0.07106977494969548 
0.3571521465728499 
-0.04987552864646396 
0.1877836430265265 
0.1810037651151247 
0.004219349838510827 
-0.04901468488314164 
-0.002414885678835695 
0 
0.03943154732884789 
0.1137033513240823 
0 
-2.907049009141772e-05 
0.007596382784139068 
-0.04722140785230135 
0.02038098633050208 
-0.07161199469511179 
0.002823825267758991 
0.03028560373419214 
-0.2246277723142214 
0.002594315387506849 
0 
-0.02021255001649719 
0 
0.09232300700249577 
-0.02027432518709398 
0 
-0.09779781779449083 
-0.02956185154353707 
0.02993853544572976 
-0.05175854890661929 
0.006481795777893472 
0.001551066361206086 
0.3804744398890397 
0 
0.2530223531339555 
-0.01645404858000481 
0.09910770734625567 
0.0959346780614147 
0.1449725932413622 
0.08468840325348026 
0.07731024039311118 
0.3806911202509874 
0.2570836899406162 
0.1077112579020507 
0.1840550472199501 
-0.5678092492090016 
-0.00419632243503069 
0.2784481109018551 
0.1373370731856436 
0 
-0.5461863772012795 
0 
-0.05221882699148094 
0.04670902842171291 
-0.02928772518001388 
-0.05838893937279262 
0.02825545307085847 
0.02966258124830404 
-0.04030743147552476 
0.09232738351998947 
0.1085197920866604 
-0.2605986433355463 
-0.2281227638512403 
-0.1533001358785969 
0.1280498393879906 
0.1877891400490844 
0 
-0.006777151026541158 
0 
0.06387661557479549 
0 
0.0492063806203223 
0.0001083019214228931 
-0.1967756422027044 
0.05495912060452258 
-0.02581619904274122 
0.1739761997977078 
-0.05240563199026782 
0.1069939053043356 
0.1614379886985141 
0.3427066689562516 
0.07914406946104387 
0.2166570667842143 
-0.006709409270352651 
0.06227557442022265 
-0.02789226561823042 
-0.01322722122422742 
0.1819813136523154 
0.2112425452074526 
0.004568105263619433 
0 
0.1174924800209403 
-0.1637389023579626 
0.1116432997714316 
0.03930549785225167 
0.1005457774029397 
0.02074241699780808 
0.22747656971779 
0.03488984054163744 
0.6575698750819654 
-0.7976273790998352 
-0.129577804649466 
0.050940200083469 
0.1007963842832626 
0.05933846265727834 
0.02290953756922893 
0 
0.0002592030741883183 
0.01996036491393384 
0.891149274779054 
0.006651277409032694 
0.1907387654469148 
0.09950030049497915 
0.189494325298289 
0.07489889137679417 
0.1118752113928225 
0.1077179766451104 
0.1271471818593143 
0.1330566771656146 
-0.7085599977622231 
0.007900558405934718 
-0.03205041969689817 
0.1085631818539486 
0.2805563282575717 
0.04970335160891171 
-0.08213562614359565 
0.07857532141353292 
0 
0.4566985182427472 
0.2056769536996274 
0.009357729504459766 
-0.01051565553638716 
0 
0.2058168756510556 
0.1547629260379345 
-0.002142903466946493 
-0.1191839455730368 
0.01498938780713573 
0.2557571049896213 
0 
0.153099936575737 
0 
0.04810377645124428 
0.3058671168434306 
0.0120674357697712 
0.08282740401631893 
0.3322894051568683 
0 
-0.07732494343776176 
0.1528907854290539 
-0.1240189081242825 
0.2750176126701526 
0.1273685017412794 
0.1002096559536726 
-0.01230831693552538 
0.02576635830935532 
0.98575258321204 
0.2472227410193746 
0 
0.3983220130215151 
0.03505715757640777 
0.2586017083395353 
-0.0001275734953203297 
0 
0.02053307168953734 
0.02811624324876466 
0 
-0.2832443192247451 
-0.02688213281100459 
0.3311139224011219 
0 
0.5179029552691149 
-0.03228182242659602 
-0.02376037801644637 
0.04055501174371878 
0.0258817450646425 
0 
-0.09887522543299794 
0.1341704477048523 
-1.999508560925083 
0.04482138458732892 
1.124262091703959 
-0.06449119342799246 
0.08171313000047065 
0.394554776595172 
0.05109819443333399 
-0.1220210045456835 
0.02083632289433903 
0.1226396151644293 
0.1477329028077204 
0.002766346321407633 
-0.2450615602574706 
0.008304211373442281 
0.04582392507681437 
-0.5268910693436727 
0.2647733750024501 
0.3004022061428109 
-0.3988013977028366 
0.004480805373402987 
0.2014632670576975 
-0.004214702514958037 
0.05408899192208808 
0.01924782149274395 
0.0677861857879658 
-0.1646220042447888 
0.6058852535095364 
0.01906348619020677 
-0.09511733407503688 
-0.008100707046152445 
0.04409805766448704 
0.2120451158337492 
-0.02947792950650089 
0.04052452214337977 
0.1162482964373614 
0 
0.162447969072273 
0.1931950163349524 
-0.0411398499653237 
0.02433205656213061 
0.002866634313982371 
0.02918321669052309 
0.03657802894809294 
-0.02858587975834637 
-0.2592323542569834 
0.003213467773525666 
0.07317657109759962 
0.006379692125703269 
0.3008339787269805 
0.2400703999693383 
0.9158674630851966 
0.3121145266160509 
0.4671017218802014 
0 
-0.05295734577827609 
0.6340202743349177 
0 
0.3721456428136554 
0.01674954652477149 
-0.2562885119552888 
0 
0.1544255527161617 
-0.07672998255217256 
0.1866834551963574 
-0.006721523772642716 
0.1426138193149047 
0.03617019761149353 
0.03804156877129217 
-0.04921249431769624 
-0.09011853711337996 
-0.004140440372173071 
0.00293756120031284 
0.04380193711313896 
0.224642961459862 
0.6882532369546002 
-0.03319555534025811 
-0.1529731440410825 
0.02656980734217022 
0 
0.06434541267820588 
0.09025927482184534 
0.006801171376703396 
-0.0956786622101721 
0.005162613382389093 
0.0262237495945614 
0 
0.02535749910601238 
-0.4523053591897328 
0.2452855193146507 
0.05875952600353369 
-0.03557724079191789 
-0.1051890730989331 
0.585546565354118 
-0.0462805017315331 
0.1499353908032707 
0.1868156672624289 
0.02962682321245582 
0.09532264514384514 
-0.02884470744531707 
0.635226246420892 
0.5691126999828504 
-0.09312883664132303 
0.1296116033257222 
-0.03936150638586873 
0.154930030689224 
0.1612478922985957 
0.2610933118381879 
-0.09003067860415297 
0.03862063047803785 
-0.06870405801125856 
-0.03512625762472468 
0.1194503315759437 
-0.1924997164318057 
-0.003270390933515322 
0.008700986812055139 
0.827757708399968 
0.2525447083560062 
0.2445128961855842 
-0.107304049338013 
-0.03366370425156874 
-0.02625447102577569 
-0.01753182929437237 
0.3059221977665255 
0.3171248767101584 
-0.0104119562626207 
0.122409849216376 
0.007447446516834114 
-0.2658341411448845 
0.04296323383778123 
0.1190731203031869 
0.1967476832033031 
0.1492359185840728 
0.3523604137709515 
0.1142434892671391 
0.05850928955731434 
0.07277081892640676 
0 
-0.3898633529046192 
0 
-0.01297266265235154 
-0.03276841943625717 
0.3793027125837564 
0.04302202766076611 
0.02655173401233493 
0.5205973523955079 
0.007223921942124638 
-0.03877242069514924 
0.3470485278174967 
0.009644342722873466 
0.1200944124428364 
0.3662532785442847 
0.2924690803480682 
-0.9706270145753769 
0 
-1.082077407625156 
-0.4899407012378733 
0.02029694323085475 
0 
0 
0.09469573853900128 
-0.06685883970975849 
0 
0.01785517438832908 
0.1703140988591533 
-0.4802791589924869 
0.1999995638713593 
0.1226107991301745 
0 
0.9448380460169953 
0.2547847178763365 
0.0611730259710717 
-0.0235699807856946 
0.2809809751045716 
0.08446241685926709 
0.01432244974168516 
0.0421522480027705 
-0.08690740980040913 
0.2377617394364972 
0.1947328820899135 
0.1888234747465219 
0.01343044035967532 
0 
-0.08059879301469947 
0.01268542395958442 
0.1032325382690027 
-0.007168648174970045 
0.4657219935591028 
0.005673840341138249 
0.4237135731416779 
0.169959061419404 
0.05227375282297757 
0.02815188045907069 
-0.04212148604751469 
0.1691444303678742 
0.05044287526442764 
0.02403422625696832 
-0.004669007884676323 
-0.01436946687208797 
0.06241483772575992 
-0.0008894262356844073 
-0.7747506521501306 
0.1489881704415887 
0.2084419491601745 
0.03255545389400526 
0.06647611981764701 
0.04001744504812638 
0.2505367259373832 
-0.5294070901057655 
0.001953768607252416 
0 
0.2599999018746141 
0.0731553509405541 
0.007459121293418761 
0.01294528692972249 
0.04028625307013485 
0.0006222143886469063 
-0.5311296673397244 
0 
0.003430524822468188 
0.1260365729472051 
0.06581229037851934 
0.0003362973384483133 
0.100666735786959 
0.005327109720339436 
0.08990770660780788 
-0.4384947317065701 
0.1122684602603342 
-0.00505170238126792 
0.3127871422644242 
-0.01712742950870644 
0.0635078272743298 
0.07779960149381518 
0.05775442924928056 
0.008576619878225751 
0.01905120091368828 
0.2641683127534459 
0.02985089419026398 
0.7941217863855691 
-0.0557304868491176 
0.004507811322914824 
0 
-0.007453168231303392 
-0.00568131261102709 
0.2301861551081063 
0 
0 
0.1088155574313961 
0 
-0.0904291435320822 
0.6281003779594271 
0.2538321401873048 
-0.1464296758625634 
0 
0.01348981926448077 
-0.05386974067373093 
0.04327542378398775 
0 
0 
0 
-0.2445098477441917 
-0.09451044629647519 
0 
0 
0.2580135676408616 
0.3619634462582944 
-0.09052909705303618 
0 
0.1232574704199646 
-0.07448753880164488 
-0.1621773592030676 
0.03842408475727906 
0 
0.4888397855313495 
0.04250610767138904 
-0.07426907316900974 
0 
0.01236193223311735 
0 
0.002338882155912855 
0 
0 
0 
0.2796441718576236 
-0.3741010920807589 
0.05122873383514387 
0.0604709459757145 
0 
0 
-1.394645792345594 
0.006352377850247005 
0 
0.2261936840166631 
0.007695022469817722 
0.1246228747254153 
0 
0.2065931317711939 
-0.1051217900191619 
-0.01579735355543644 
0.04592775547700335 
-0.01436131212247032 
0.03628739645556064 
0.04681280764159712 
0.0553967812180836 
-0.006304772633512709 
0.03991489728880188 
0.0786126647640272 
-0.2249496956135888 
0.07935242218865525 
-0.008350582665332245 
0.03729137422711196 
-0.0280619605802169 
0.00364863121569094 
0.1922655293543769 
-0.5556214193050255 
0 
0.7638336510994692 
0.03043570046786508 
-0.02716056670477857 
0.2444184019165132 
-0.02422076661172142 
0.03707951410762036 
-0.8139361489150971 
0.1752360762949164 
0.01265285391323514 
0.0256819065421617 
0.05777293116415279 
0.4162689985869786 
0.01822654930215011 
0.2022814502046266 
0 
0.02195168750132676 
-0.01925202878845559 
0.1282233360562952 
-0.008350168777033842 
0.1398749880990448 
0 
0.01240547381453004 
0.02995731619299927 
0.1063116955218605 
0 
0.001448400499447022 
-0.008022288538247751 
-0.01524734206305848 
0.06723822369985531 
0.2838582788682384 
0 
-0.02874990511942129 
0.2398747485946572 
-0.1036299754153724 
-0.2313094003891004 
-0.0008517098523272214 
-0.01918139404237501 
-0.02803474347520865 
0.2463985939355074 
0 
0.2280729833688732 
0 
0 
0.01840152094252124 
0.06565361627564612 
0.07265589910181132 
-0.2652973322515882 
-0.02911028302650952 
0.02944122449092744 
0.1733793415658211 
0.02267082861607247 
0.09319508263730961 
0.02955063747846866 
0.04610187342571428 
-0.01748142258652523 
0.01477420216838734 
0 
0.9572261330554578 
0.02425754842870599 
0 
-0.04038340410098704 
0.02473242978996568 
0.07045913968540746 
0.242897081865255 
-0.008341906314065041 
0 
0 
0 
-0.05710494100195623 
0.237905009325778 
-0.002931519263938406 
0.4068033767971634 
0.03458652684371337 
0.02327717602055819 
-0.09981726730168994 
0 
0.435681897808032 
0.04652146284390556 
0 
0.2384072641274579 
0 
0 
0.008602067170684305 
0.09478459244443485 
0.3843919795793133 
0.01672417551123904 
-0.04546540182926627 
-0.1727364649016616 
0.04541014497236447 
0.09746719031346522 
0.06668196865037002 
-0.006384101497448582 
0.1302248681958733 
-0.00768970936912465 
0.1116496051225891 
-0.006429730868408402 
0 
-0.002285523235347326 
0.03829213960471965 
0.6199862070204396 
0.5314067977026659 
0.05715854725245543 
0.08050035074051355 
0.1187934492567726 
0.1028655349151934 
0.07210630258842307 
-0.4672198501085593 
0.02177560832343574 
-0.0100835769812218 
0.0269711258279805 
0.370813745108457 
0.1541659098943558 
0.1558907096260822 
0.135609879139227 
0 
0.04456643606491607 
0.07082315108760098 
0 
0 
0.1055672397084795 
0.04404884784324501 
-0.005548845649815938 
0 
0.02853704444706654 
-0.2404904380602937 
0.13019086760277 
0.1612178482686334 
-0.1401768786177352 
0.2368937993113788 
-0.1689800153677897 
0 
0.1019144589825263 
-0.02410645897293587 
0.2885669446061602 
0.3166680271188015 
-0.4124807039286506 
0 
0.03785788699452499 
0.1524861317476734 
-0.004317476059220077 
0 
0.2400463069488134 
0 
0.03063031138453581 
0.1943329188869542 
0 
0.01328186138111144 
0.01044986579606821 
0.1164659856495028 
0 
0.4351265899202411 
0.09745283097565308 
-0.02312318256259085 
0.02827930053985319 
0.01263553656077931 
0.03948983459004789 
0.0879201454669227 
0.28742171262392 
0.1501256145959706 
0.003277913812841354 
0.01089169316929158 
0.02542152206744668 
0 
0.002004437632721253 
0.3384158587636552 
0.02791329607486483 
0.5767010507472972 
0.3604236040293761 
0 
-0.03879329810197474 
0.02304404647810757 
0.1566044054692787 
0.3143097614984394 
0.8497082510933612 
0 
0.02725133731672836 
-0.0008571578336103072 
0 
0.007583756440268726 
0.6368984712459766 
0 
-0.03953857938541259 
0.007657930690151612 
-0.8910069980932478 
0.1252278392300633 
0 
0 
-0.005964020845447528 
0.4953260416307553 
0.1440499847676307 
0.05419436024691863 
0 
0.001568251945993969 
-0.006872928383805798 
-0.002185527828957185 
0 
-0.9888044637350508 
0.1304531896377403 
0 
-0.752946616274633 
0.05994716553093288 
0 
0 
0.06278011977626148 
-0.05228413707693773 
0 
0.177747540286024 
0.1099983393041977 
0.08042832645083112 
-1.431959687165817 
1.961812868279498 
0.006097512416913958 
0.2813430415500771 
0.05383766265039592 
-0.05251626613588291 
0 
0 
0.004085609651543655 
0.009605195150984991 
0.001076663045185419 
0.01192818938075566 
0.1147485778075935 
0.06437651715838856 
0.04604284801748978 
-0.00228234354148879 
0.1180079562445794 
-0.009348745283642476 
-0.01172743412970326 
0.02601380262433937 
0.01698902597257886 
0 
0.04337992040098996 
0.01882445415448423 
0.03152678951755665 
0.1670028906873056 
0.06818447580841644 
0.1465147529938424 
-0.001480844560424334 
0.08305379411988188 
-0.05255477006790113 
0.0008251129486497645 
-0.01045829420173283 
0.3071552605477652 
0.0004108091348390142 
-0.09080348351302542 
0.2198712695896579 
0 
0.05293061444181799 
0.3708068505732836 
-0.1126926889166839 
0.8401637595074533 
0.3641194407962505 
-0.005066795761936057 
0.1655796806638522 
0.5647203742091409 
0 
0.4891665933287614 
-0.007544835083390282 
0.345371211549551 
0.005569836896293722 
-0.1421344519002029 
-0.09646491122674256 
0.006128152431034933 
0 
0.007550458182768763 
0.03457171261423417 
-0.02132588013774784 
0.115146963650783 
0.03612797058237891 
0.03695525604939893 
0.04577625570589541 
0 
-0.05017714391300676 
0.2971803712011308 
0.4213372432475531 
-0.08789100011969229 
-0.06485895324420815 
0.1034662877574863 
-1.013059043943633 
0.1895545530313129 
0.01431245321682149 
0.001690056008146409 
0 
-0.007917843138640758 
0 
0 
0 
-0.0304654221883787 
-0.02195040676356069 
-0.006349514689030364 
0.01712771616210528 
0.03821827928908859 
-0.08212339506323788 
0 
0.02677202970386305 
0.02021369721723967 
-0.00853117966009252 
0.2907507282095161 
0.05748944383271927 
0 
0 
-0.464252352769254 
0.1242661223924653 
0.01569454105959576 
-0.03040208002890032 
-0.006058411813568638 
0 
0.01579226585341557 
0.03577133445696623 
0.7347357010950762 
0.004709492567142762 
0 
0.1889623371359433 
-0.01016820938034021 
0.06239520648986951 
0.0001399029913932509 
0.1357190094199073 
0 
0.1211410205718238 
0.02786839104243978 
0.1657149028264614 
0.06130308968283223 
0.1548602454890765 
0.03104164286073341 
0 
0.07212342482508523 
0.09951608929329249 
-0.04750921936122336 
0 
0.1591890095745296 
0 
-0.08173792325393026 
-0.1387970999548448 
7.178603426121503e-05 
0.3157698296122452 
0.02053733952769171 
0 
0 
0 
0.1171286295397075 
0.426941299386058 
0.04621241897765569 
-0.09144503262777401 
0.1315153041445875 
-0.01118326846467112 
0 
0.2936174969277305 
0.01965571429403401 
0.1753183693307768 
0 
0.4301155029715997 
-0.03612079151048084 
-0.01887357123231981 
0.0301757203616442 
0 
0.01342462731432532 
0.0156484478512253 
0.1937425693941931 
0.003077661757351526 
-0.0009144238191169454 
0.006016577197636619 
0.1601539679081176 
-0.02622824660378631 
0.007423320043018031 
0.1360632036364525 
-0.01698371785307249 
0 
0.2322784750260822 
0 
0.04647022245727022 
0.04606709991171934 
0.08149194148054853 
0 
0.1273346627832277 
-0.0788399958607585 
0.2141169183575916 
0.08847489048130611 
-0.05078059876185201 
0 
0 
0.1091406813136215 
0.142846407489003 
0.007085901389059034 
0.06137272396474574 
-0.004206486611074173 
0.03221067782107287 
0.02812646840068961 
0.003500369997369099 
0.02099734822265348 
0.07717053807692348 
0 
0.1685736333408254 
0.1700221851458133 
0.09922486913589332 
0.1243456680934844 
0.02314710130624047 
-0.02881181159531224 
0.2104989155264025 
0.2147065781100967 
-0.0244546941081588 
-0.01756656922453907 
0 
0.05915225436169495 
0 
0 
0 
-0.02706974680502061 
0 
-0.04599003499360163 
0.179407461293794 
0 
0.002000042418489935 
0.008487208504332443 
-0.008915670510765588 
0 
-0.003422681192944093 
0.1549857755471294 
0 
0 
0 
0.7092366076392566 
-0.0362797425072501 
0 
0.03717443091238092 
0.1175961775842868 
-0.01416653606145371 
0.03305686798494276 
-0.3017381102544665 
0.04181811208482942 
-0.5918393046910259 
0 
0.04263899460670446 
0 
0.09509914442155347 
0.3617561456791977 
0 
0.01666894667945338 
-0.1005515306990574 
0.4669191486456576 
0 
-0.1010280369305742 
0.0861575646350429 
0.000567503569459178 
0 
-0.2111186886725528 
0.4157732812595484 
0.1896624979461752 
0.0448009764456698 
0.235488877621207 
0.1486213168315488 
0.1108473147556464 
-0.1155779735218752 
0.007108717445471471 
0.1075876847829659 
0.09154785895166774 
0.02936684069272168 
0 
0 
0.01897705797369716 
0.07476987776824605 
0 
0.03502686464155683 
0.2109630387614104 
0 
0.6132975761309679 
0.002989105568000618 
0.489593492943071 
0.2036946270057311 
0.2330804208721937 
0.6485126713527055 
0 
-0.008534229875163153 
-0.008911268366168026 
0.04110707033350024 
0.659733675153141 
0 
0 
0.08834401522512936 
0.006013801849081834 
-0.6249444350153487 
0.01092685776047794 
0.008772792237125366 
0.410786267049765 
0.03174924579946338 
0.1418254146608184 
0.1754915882284042 
0.2292840607722102 
0.02777033538815526 
0.006566637529730869 
-9.815425432364641e-05 
0.08419892795905434 
0 
-0.01989710215522036 
-0.01139225770331131 
0.173526399777265 
0.03119565670619266 
0 
-0.01614730274322902 
0.01263965774434139 
0 
-0.2750783363892145 
0 
0.06317618909351427 
0.005310042416978179 
-0.001345425981745208 
-0.02091270116665453 
-0.01644642669911415 
0 
0 
0.0162595665071631 
0.1499977096501682 
0.0004047966905881187 
-0.05876677848241074 
0.108128468792685 
0.06780146769134371 
-0.006496282401403614 
0.003145694645847152 
0 
0.08777959269652413 
0 
-0.01510596256314558 
0 
0 
0 
0.1442827877452513 
0.8177805046806528 
0.005858342052351993 
-0.03421127429943814 
-0.06979556051516728 
0.04209097126466803 
0.02513075363938865 
0 
0.02560123027065383 
0.06532970297592589 
0.1960994666460225 
0.3819621259646225 
0.06586537201170924 
0 
0 
0.08022531066059815 
0 
-0.0004235519930130072 
0 
0.2088521376674042 
0 
0.1558011542246497 
0 
-0.07788964875477847 
0 
0.02882818894285586 
0.203332035630606 
0.227719782362566 
0.02341056777714765 
0.02675589704349876 
-0.1840597332675887 
0.08985386050746441 
-0.06124252258048357 
0.1529621550275946 
0.01301351205409377 
0.02260731589277867 
0 
-0.09713801881579236 
0 
0.1683279783105024 
0.07037492718626963 
0.1610496892384353 
-0.08558577390458606 
-0.002174853746879638 
0.04985534754844997 
0.04028707273707007 
0 
0.08590857967474806 
0 
0.2249364837415435 
0.1516947091565657 
-0.05649024975020557 
0.0007940984237130785 
0.1792907584661744 
0 
0.009538049085428456 
-0.2106222193987884 
0.04476220843242264 
-0.001836001010003226 
0.3263455590074313 
0.02775659224673636 
0.01727032866120082 
0.4244358969542554 
0.1207545851472852 
0 
-0.2921898228167958 
0.4004710596594222 
0.0460932115438489 
0.01714919926588598 
-0.01831977637146103 
0.005173347848380317 
0 
0.02439827318205171 
0.2681812555087568 
-0.0459389698333393 
0.2226775744791641 
0.2524388715857744 
0.08486355823130678 
0.1881038034068523 
0.07671137038775273 
0.1122149473011417 
0 
0.1260148962212739 
0.1929248949483027 
0.0625805121180515 
0.2393199624391653 
0.2520966052932009 
0.04658837686650857 
-0.06177395180682824 
0.0006604880008756523 
0.08739094659524296 
0.3948895123928176 
-0.02624572702208602 
0 
0 
0.02489764126599106 
0 
0 
0 
-0.01019336249770621 
0.03873200533790034 
0 
0.004137451376780951 
0 
0.02311929222665764 
-0.001006713990712332 
0 
0.08391012010994908 
0.149595060611658 
-0.01651749928405637 
0.01524068868334517 
0.06445485272170862 
0 
0 
0 
0.09126019174553655 
0.04346138408596613 
-0.005104593487698882 
0.05309849977028228 
0.04185876539888388 
0.006666165580164763 
0 
-0.01316266419085372 
0.03792889633736824 
-0.04143547683297197 
0.1436706311448514 
-0.0003967548949055371 
0.05685428457508564 
0.08500089238042417 
0.008636920325360214 
0 
0 
0.01713939906860847 
0.1159107487542437 
0.008537727449461806 
-0.006277041200604417 
0.1570976302960291 
0 
0.006542129577744727 
0.01406568250587537 
-0.004950709766017084 
0 
0.006721730666871753 
0.03901223739925024 
0.1065759404596635 
0.1313825769494589 
0.09876569057943675 
0.01375225358611584 
0 
0.007010644294569063 
0.1714266752746443 
0 
0.09576918191046502 
0.03174233853706575 
0.006990265888368964 
0.2879874050976359 
-0.03101386873077422 
0.04214556894444245 
-0.01395970357933332 
0.01676353512491106 
0.04142373794557837 
0 
-0.07524787873361959 
0 
-0.02222468381158456 
0.03725309538180967 
0.2757114750578999 
0.2623613273572677 
-0.001783728538926995 
0.01886755536552442 
0 
0 
0.02266043545195917 
0 
0 
0.07364323684104689 
0.01608053525928971 
0.1632145016559733 
0.2123082321952554 
0.01744261312576357 
-0.01930774356550279 
0 
-0.007767603155492716 
0.09035166956126663 
0 
0 
0.01238730292287366 
0.002764226810012993 
0.02243541368629627 
0 
-0.01008983050436863 
0 
0.03683222324238922 
0.03847189475612885 
0.2618871499706901 
0 
0.08124841732445987 
0.009622118992741907 
0.04671549881223489 
0.03976979559944591 
0.138190178512939 
-0.03696970211876283 
-0.005709858735845522 
0.03426863177493693 
0.3441936865690846 
-0.01199441135322851 
-0.0989634341586991 
0.012061094942255 
0.2732661505029387 
0.1163578595621238 
0.8969088733898453 
0.1455046345189287 
0 
0.05228237258024172 
0.001481901130378011 
0 
0.02140004980051021 
0.04896858834306116 
0.5805147668428337 
0 
0 
0.03858049342909461 
0 
0.00238530068307066 
0 
0 
0.05057160179515972 
0 
0.01374829629760155 
0 
-0.001552387355515183 
-0.03206259656952196 
0.0523858971550711 
-0.01885844169143785 
0.06827076747636293 
0.01183981441586235 
0.01930511342940935 
0.008110345671980582 
-0.09891329082192597 
0.0007778393097269626 
0 
0.007475322692251209 
0.005591626900783971 
0.000652215511409341 
0 
0.04321750014526688 
0.0503135186569416 
0.04915284425233671 
0 
0.1266779913005893 
0.107283490812737 
0.1112034974161278 
0.01498275674593777 
0.4843885969577058 
0.00884034641079341 
0.2521689490378277 
0.1087202484159063 
-0.1776073276846329 
0.06205089386915741 
0.02419861842420827 
0.06549689370158981 
0.0123320162813137 
0.2698269979111697 
0.2643956487824208 
-0.1226664146428011 
-0.03755648773830729 
-0.1126790263578375 
0 
0 
0 
-0.008619615321403085 
0.04563448948220818 
0.06375477129373204 
-0.05306144869777166 
0.2003781846492966 
-0.1018818163419969 
0 
0.5109389540643308 
-0.01588063252072117 
0.02724931175763921 
-0.1636505501453496 
-0.01731606384569524 
0 
0.01465851789343955 
0.01200427802218895 
0 
-0.2570500362092948 
0 
0.008822394002649182 
0 
0.1600889635246796 
0 
0.1378591874952416 
0 
0.09783902626804075 
-0.1124448477022158 
0.3024529364555267 
0.00352092028099802 
0.004238969793786677 
0.005921542031400892 
0.2641280703833523 
-0.1925473156584242 
-0.0005876338341691354 
0.1147497611286703 
0.07784538232100363 
0 
0.01072574847790748 
0.09297467144773626 
0.06297325134021188 
0 
0.05113454379462276 
0.08841811462228583 
0.2982863858121559 
-0.04189606197284695 
0.02757498945894987 
0.005905191726544794 
-0.0337706323771591 
0.08144107326233276 
0.0614867930014734 
-5.924273316384005e-05 
0 
0 
-0.05814711324406169 
0.2201670107285474 
0 
-0.1110586768062083 
0.2595120260342167 
0 
0.04961492210491279 
0.04387239648521608 
0.001048194349998664 
0 
0.01150977855298289 
0.08436767204620339 
0 
0 
0.0009247920734584005 
-0.009972418487637138 
0.1139330234416316 
-0.1663905243652513 
0.06846794553102126 
0.1185034677456634 
0 
0 
0.2856749883197326 
0 
0.02060569615505457 
0 
0.006646577184169023 
0.01744872712503915 
0 
0 
-0.005383045419710879 
0.05920601774659712 
0 
0.3515626512380236 
0.1475026662362103 
-0.002160792512833114 
0.001632220512974184 
-0.01375555130937175 
0.2089789570247934 
0.040400224794065 
0.6476773821276952 
0 
0.001724995016680007 
0 
0 
0.01260359037871189 
0.1296261801081255 
0.3440247221776278 
0.5384126406410562 
-0.1228687210614634 
0.3122080726282125 
0.09612412343256163 
0 
-0.1044139388065767 
0.006389162108815266 
0.02962013673556049 
0 
-0.03443796732029629 
0.01445139240504585 
0.6932860128781256 
0.2743862260586035 
-0.02023868033074026 
0.01256634473562749 
0 
0 
0.5432221653325235 
0.07400864735121067 
-0.01180900403899831 
0 
0.5026739204282995 
0 
0.1582316963335243 
-0.08131323140206705 
0.00858676370776165 
0 
0.0052857479126922 
0.0270874472071112 
0.02221301569572492 
0.1705633584903833 
0.001409847272538302 
0.07109876543816998 
0.8360404738084011 
0.1557024521173424 
-0.04771878972138004 
0.3590082059707333 
0.007150794502456337 
0.002639547636345432 
-0.02140336368430458 
0.9259731083969914 
0 
0 
0 
0.03915149295797778 
0.176583339919556 
0 
-0.04485828310509419 
-0.01150598610231326 
0 
0 
0.2420101117774641 
0.2161690710027939 
0 
-0.1450887069039046 
0 
0.05057048909242763 
0.08731288968281875 
-0.3061605630954022 
-0.05019266893267894 
-0.0211390803867314 
0.0103486051033043 
-0.007806937679852717 
0.025379706891014 
0 
0.5915264336696218 
0.01982785182310918 
-0.0097524559798254 
-0.007478388831031168 
0.02061471483831937 
0.1542250566196316 
0.410899789149585 
-1.12368482476607 
-0.07443229325129283 
0.00121496933281767 
0.380856002591592 
0.09802124508698942 
0.2942027087563598 
0.165707478527499 
-0.01009882174811624 
0.02871051646054878 
0.07185119752201644 
0 
0.00984978700094513 
0.001757881568773672 
0.1624449769441186 
-0.008793768951924349 
0.04615298219116763 
0.003645725661106391 
0.1662660450118463 
0 
-0.03582317328121899 
0 
0.06253030705697241 
-0.01894770604392094 
0.539650700243318 
0.31103715045198 
0 
0 
-0.00907606540028956 
0.3922786430660132 
-0.01184401445453647 
0 
0.03988419763768211 
-0.1740957292184399 
0.06138491340336495 
-0.01174677171912521 
0.07870855118370682 
-0.002541886909563281 
0 
0 
0.007298757965733688 
0.2936473193880512 
0 
0 
-0.08267545546187012 
0.008929354223477744 
0.08016140868228785 
0.08793392663851458 
0 
0.1481932945230742 
0.0003861918535524441 
-0.587359740425786 
0 
0.1910160862136626 
0.04443569663208669 
-0.4491987583189499 
-0.01749255790265076 
0.006911256016642945 
0.04833714818759836 
-0.02159330644482895 
-0.192248225472499 
0.02167769087868959 
0.002915442948229602 
0.01769536073837196 
0 
0.00332401256536117 
-0.012656488420979 
0.02695140068923911 
1.723424322562509e-05 
-0.003492340328860991 
0.04342502229355575 
0 
0.03932966864272841 
0.244871615032214 
0.1571722729382046 
0 
0 
0.02118058274774183 
0.04974826856358101 
0 
-0.01014611683555652 
0.07101950678716931 
0.100328160227257 
0.3091372061203849 
0.007104169552868791 
0 
0.06538714290815208 
0.408379258561493 
0.0464609069014815 
-0.1001698353777057 
0.6506345026819536 
0 
0.1171335095168042 
0.002757882927192455 
0.001393448743935862 
0 
0.04257387822633542 
0 
0.01622112865874915 
0 
0 
-0.02320198491316077 
0 
0.08468116334811163 
0 
-0.1258961813328031 
0.07122325800019499 
0 
0 
0 
0 
0.03719730558127805 
0.004876666002382013 
0.03113331353560096 
0 
0 
0 
0 
0.02596704587743756 
-0.01432378176664509 
-0.01152650694671159 
-0.0001831506153874891 
0.04817087722727218 
0.01615421806915756 
0.222644624066598 
-0.01365197930110981 
0 
0.1418205765321887 
0.07473639610529541 
0 
0 
0.108919632944198 
0.1640697041773405 
0 
0 
0.004847938513960859 
0.06333088903572508 
0 
0.01833540643817031 
-0.004186032032033368 
0 
0.05761445980026745 
0 
0 
0 
0.03977048722278938 
0.04057826255787642 
-0.009307451629145428 
0 
-0.02064241671341031 
0.5119789261278985 
0.02057610956512679 
-0.9451705385222382 
0.01806490290044284 
0 
0 
0 
0.02639686862571899 
0.0106115977645411 
0.02865714384435635 
0.01217596344314933 
-0.5923041894590405 
0.0001968761697618521 
0 
0.03876984348303688 
0.1131513290346584 
0.04866911121926762 
0.2070373353214344 
0.002864995060639993 
-0.05465624557575198 
0.4904217117697378 
0.4448266724196598 
0 
-0.03794631726760372 
0 
-0.02929297333490803 
0.01224454821119839 
0 
0.4773518822201563 
0.001039851134823805 
0.1114353874497667 
0.1092105546253802 
-0.01422432005192472 
0.09568929404179963 
0 
0.1043811721872737 
0.003999183385000094 
0 
0 
-0.5395274168948071 
0.1024272623847615 
0.0339685478946659 
0.1290824436792281 
-0.002626007954819971 
0.1831779278992751 
0.0008402551553137951 
-0.3380014548088491 
0 
0 
0.883986250381986 
0.3166314961376356 
0 
0.0306611876424393 
0.1032606235140361 
0.02056862256310084 
0 
0.03659532573771118 
0.01346635689131461 
0 
0.08567690931723171 
0.2238636398811614 
0 
-0.000836836126438508 
0 
0 
-0.04081541076373319 
0.04491130605016025 
0.04229039919765484 
0.08206346382558369 
0.09804719837564357 
0 
0 
0.06227931343835879 
0.05428379870254593 
0.05511501553117717 
0 
0 
0.2779146273228469 
0.1987792868312814 
0.1991102909568364 
0.08425953969041283 
0.006459057159389137 
0.01380549732055658 
0.06283866708670292 
0.07211766415416554 
0.2884225900653536 
-0.0195877631116051 
0 
0.2001887148099888 
0 
0.006277171190559405 
0.002762738445436317 
0 
0 
0 
0 
0.03543190102109875 
0.007726745397341135 
-0.05384954557583949 
0 
0.07387540956417016 
0.1832610212996596 
0.2033337131197825 
0.01989441695391 
0.3305345679542709 
0 
0 
0 
-0.1102289450296894 
0 
0 
0.01092189308935307 
0.04479142457947922 
-0.1100926543741663 
0.1595676604251552 
-0.07901353734971764 
0.05532544817885297 
0.0477695361059215 
-0.03318182037107439 
0.3328533360669129 
0.01458421144174418 
0.1102611309252093 
-0.1533318618848132 
0.0210042750704749 
0 
0 
0.05797549742576023 
0.008497372063387389 
0 
0.006050723130252832 
0.001374589540362015 
0.001818541173085844 
0.1976032295589452 
0.5307629444271672 
0.04608064989641619 
0.02135269167994765 
0 
0 
-0.04703635984102242 
-0.3156950655311833 
0.5989984528160244 
0 
0.02844653564789026 
0.4307515962845361 
0.5514476697804261 
-0.0123534410717178 
0.09962102889679561 
-0.006546662508720375 
0.005861636578434827 
0.07694909059299364 
0.05196958948221427 
0 
-0.03800194842950982 
0 
-0.00601448429533671 
0 
0 
0.05247393437663041 
-0.3867033987465843 
-0.6347630815737615 
0 
0.0344284752699324 
0 
0.0364006059057585 
0.001503844379940706 
-0.04678861499628263 
0.03311413984449548 
-0.1173620926032932 
0.1031372019196962 
0 
0.4294717188233934 
-0.01781012402889559 
0 
0.09931210989599427 
0 
0.03134012608156994 
0 
0.02712341844545767 
0 
0.3057982441703832 
0 
0.01032252093070035 
0 
0 
0 
0.04942503967726419 
0 
0.01131351801934037 
0 
0.0002046840030406636 
0.174117411049124 
0.4052742183947234 
0.04332650081286565 
0.0827459485173654 
0 
-0.00318746065452372 
0.0002467611156380792 
0.08994067574688795 
0.00564740261543856 
0.08888083624876754 
0.1184624913590713 
-0.007713355867364038 
-0.005040802784320659 
0 
0.00363548022097104 
-0.002951727268025174 
0 
-0.004272443073915238 
0.004253574658614799 
0.02490968437483426 
0.1642776910142644 
0 
0.05933030118585327 
0.01285384088581295 
0.02425797762493805 
0.01489615358858372 
0.009590684797428231 
-0.01973930983334305 
0.01424058371225754 
0.04628501923383476 
0.09279746442265514 
0.1670504538324086 
0.06938884121160931 
0.06352835003788965 
0 
0.004943489515970911 
-0.06320088428186874 
0.1529202752119145 
0.02858971444410386 
0 
0.107561596360523 
0.05274583280239543 
0 
0.112143489344903 
0.0007013689972680469 
0 
0.05886534421751268 
0.02721179980910973 
0.02943734213752906 
0.004629966491231059 
0 
0 
0.01542951452857039 
0.04160345585321619 
0.001807207209453226 
0.1786136886296247 
0.2027740136823504 
0 
0.6769234039497093 
0.0008468166179007698 
0 
0 
0 
0.5731086516669489 
0.06754951553388898 
0 
0.1491268664604338 
0.1429772300176788 
-0.009303914001901179 
0.03696705424280951 
0.0420131051691451 
0 
0 
-0.3419083641472602 
-0.007306342697843807 
-0.1865256846166328 
0.77259465806564 
0 
0.01738019430374376 
0 
0 
0.005840058414570625 
0.02427938664789207 
0 
0 
-0.5978496476187473 
0 
0.1634656916269084 
0.000986540815781168 
0 
0 
-0.001455713709869963 
0.06606771770023942 
0 
-0.1253670681152181 
0.1454977117025479 
0.01522830368737639 
0.1344863749815915 
0 
0.001988865847894861 
0.07491086413807259 
0 
0 
0 
0.01702688304337483 
0.01800117462052241 
0 
0.2837100337398984 
0.001826340839983245 
0.01001615091737759 
-0.04168501753846904 
0.01705097557278128 
0 
0 
0.3271123443544908 
0.01531602082551509 
-0.01078628548065396 
0 
-0.1728730499307643 
0 
0.07258454118697658 
-0.08367962224275463 
0.05039777844483389 
0.06234938375300068 
-0.01637656391256729 
0.04422995006045598 
0 
0.04156550055825671 
0 
0.05067111294187347 
0.0210025832123559 
0 
0 
0 
0.2943911219256581 
-0.02688752659404191 
0 
0.1217415235807617 
0.001676719092797727 
0.05184478960427445 
0 
0 
0.559556381126821 
0.057549119719603 
0.0170841877073888 
0.00223531764268393 
0.008918331204179061 
-0.03690647728988777 
0.03295254311220291 
0.027628246808453 
0 
0.2260947015416109 
-0.01200518845260707 
0.0413074946226816 
0.1118239406117227 
0.1107321417539464 
0.3858775053624472 
-0.003511511160250462 
0.1293599547951094 
0 
0.02203597696457177 
0 
0.01284095355395921 
0.05891656570120633 
0.001335513518227392 
-0.008989748936442232 
0 
0 
0 
0.193415064893928 
0 
0 
0 
0.2890559443022552 
0.0166220492776024 
0 
0 
0.03686353826889655 
0 
-0.009125881163044736 
0.1039321840533509 
0.0229507292739654 
-0.001953517645965745 
0 
0.008688660385378133 
0 
0 
0.01450717484654293 
0.1592058449825689 
0.02999428281647504 
0.01830211561961937 
0.1996705672278106 
0.08708860486028271 
-0.006894514720085588 
0.01263559800838743 
-0.1030606454668173 
0.2670625605339855 
0.1095557370252416 
0.3205265702530964 
0.009090702703091324 
0.2392475674308426 
0 
0.7160706200419328 
0.1648065417497098 
0 
0 
0.0193015246326564 
0 
0 
0.0832972209991472 
0.01370351724663875 
0.02859317337215905 
0 
0.04545113276221377 
0 
0.04972439139265518 
0 
0.7103529842841285 
0.2168720662120175 
-0.0116446068045532 
0.004068469492102931 
0 
-0.1004518224542594 
0.03920181895119888 
0.05609770220945959 
0 
0 
0.08628573539238681 
0.01136150007033396 
-0.0007020746906892029 
-0.03713759057746938 
0 
0 
0.03719872594940477 
0.003407652140065308 
-0.05497440618669005 
0.1039624852968161 
-0.009993785004542592 
0 
0 
0.02146794330308098 
0 
0.02656510238449492 
-0.01385478336177863 
-0.0003773107182930197 
0 
-0.001075674799843215 
0.4053708389723806 
-0.06530168717322901 
0.03928177416647567 
-0.09809573686465528 
0 
0 
0 
0.06827110005848641 
0.06112510301805231 
0 
-0.1654386344493624 
0 
0.03320444674505484 
0.2518620642152409 
-0.2117756546901559 
0.4464417740656221 
-0.002654997642464409 
0 
0.002503555801413491 
-0.2446331631390864 
0.02458920990917786 
0 
0 
0.002096747068129918 
0.2161219123117137 
0.01383011717744529 
0.02500542089629873 
-0.06495477093509472 
0.03123037983134312 
0.0838335494312593 
0.160845976387034 
0.08439717345162837 
0.01533521466645204 
0.6547851099983391 
0 
0 
0.0003472832457511368 
0 
0 
0 
0 
0.009342703919038067 
0 
0.0491977325659636 
0.04631287264028969 
0 
0.01561659654584106 
-0.2748669749117758 
0 
0.00563171151289505 
0 
0.1188714502148457 
0 
0 
0 
-0.01070914920936626 
9.067391549616336e-07 
0.01362880698177575 
0 
0 
0.07934332733728207 
0 
-0.07256588178216096 
-0.01021293109779774 
0 
0.8517258075004874 
0 
0.04744755373745619 
0 
-0.03799139889995184 
-0.01487272609450759 
0 
0.0006976574493746211 
0.07513551425764987 
0.09101726935948767 
-0.03553932579357953 
0.07921559091735002 
-0.1366359424049321 
0.2139343016191359 
0.08705253006089327 
0.01852636586982817 
0.1992857036055662 
0 
0.06768179055624718 
0 
0.04840923889514728 
0.0004300745631596682 
0 
0 
0.3103974039050346 
0.2614013069802704 
-0.08079693054191341 
0.2666551110761006 
0 
0 
-0.0494318061520111 
0 
-0.4504932191568543 
-0.1679610809238877 
-0.005941033537457147 
0.05014877391192685 
0.05049669969803064 
0.06182160035692709 
0 
0.006653440857640741 
-0.03920281529540022 
0 
0 
0.04280688097382206 
0 
0.02105116188712189 
-0.04443836603466322 
0 
0 
0 
0.01274968573788908 
0.008344556500018946 
0 
0.0478911701385047 
0 
0 
0 
0.02865224950678061 
0.007793783263264927 
0 
-0.1936019035742161 
0.001112684656063599 
0 
0.07417277574853598 
0 
-0.01899302962446643 
0.001390025676704593 
-0.02783044608590923 
0 
0.01098423873409667 
0 
0 
0.0422084260579209 
0.06745482464050952 
0.2037058982421223 
0 
0.0004650340490901655 
0.0005042550416526393 
0.003712651313167844 
0.04140698523645304 
0 
0.004766818842924667 
0 
-0.03768146838031586 
0.181547646510854 
3.852191933980609e-05 
0 
-0.01393357216546276 
0 
0.03991766142634714 
0.006065966892720156 
0.07511512565936637 
0.05121103077673547 
0 
0 
0 
-0.03264426160807125 
0 
0.03017588260703252 
0 
0 
0.004280352121040667 
0.02325959225608614 
-0.04161475267350354 
0.1459360037567761 
0 
0 
0.01853810713341763 
0.0190280593437917 
0 
0.06096095619349347 
0 
0 
-0.009268251303299115 
0 
0 
0 
0.4392867844525102 
0 
0.18772140586163 
0.008124398653913003 
0.0133024994660752 
-0.05691034015392586 
0 
0 
0 
0 
0.2056555534371276 
-0.0529415015688817 
0.001093790160492129 
0 
0.05913194749922314 
-0.005975274310337554 
0.09509703633804577 
0.03704877700884791 
-0.03187963798432692 
0 
0 
0.01553534873789993 
0.005560259544205625 
0 
0.1561624212105897 
0.01109975115882172 
0.3272011955725757 
0 
-0.2268536807611212 
0.03152330143415259 
0 
0.02588007292650374 
0.1840712640820674 
0.01467577779992265 
0.2558307024849351 
0.1120507779354776 
0 
0 
0 
-0.03179943102523465 
0 
0.04816976576503686 
0 
0.002710599845174329 
-0.007612705120022846 
0.2435416096913721 
0 
-0.02544912690946409 
0 
0.05623963584880183 
0.0005946910345372947 
0 
0.01056538410860572 
0 
0.01927717918042806 
0.02885082422745171 
0.4295919745084443 
-0.01173979964389682 
0.1718528660092069 
0.07572795443918783 
0.2125481786760018 
0.1059861926261061 
0.002250733507954532 
0 
0.02419091393515639 
-0.2343554058802151 
-0.007832502122936857 
0 
0 
0.245542094572402 
-0.005071632355384534 
0 
0 
0 
0.1336096497998884 
0 
0 
0.2879265325296735 
-0.1458408255404288 
0.06560950500338467 
-0.03593208808377354 
-0.01252155566946389 
0 
0 
0 
0 
0.02128960944780301 
0.009771329695591479 
0 
0 
0.3078799373949493 
0.1405847093330102 
-0.01663427560190621 
0.1941711783250728 
0 
-0.02593900751981211 
-0.004394836929412203 
0 
0.05606031811876474 
0 
0.005130649090304134 
0.01598390910367665 
-0.01122492841314538 
0.2273373835934344 
0 
0.003912067140717745 
0.3434373029576862 
0.04035167963969269 
0.006413903098654574 
-0.04299660200486888 
-0.001513706516424482 
-0.0325940954716166 
-0.01805135110316035 
-0.3453155667365306 
0.01665431851545682 
0.1787630163782067 
0.04586155193556224 
0 
0.0316340836243687 
0.03179516165273996 
0 
0.03707307269371733 
-0.1167997649464792 
0 
0.09354980545898355 
0.00830835330470046 
0.0617577976526879 
0.06129762509629744 
0 
0.01114245102990521 
0.2731221910313736 
0 
0 
0.001021793244591635 
0.03188612280534171 
0 
0.1457500657233842 
0.2822146408505996 
0 
0 
0.05828399761626891 
0.01127828080876872 
0.2780155331318522 
0.03755874724532472 
0.6144818869593599 
0.003993647673287783 
0.04021624160894893 
0 
0.2650634340054508 
0 
0.03681302355423342 
0.2121529817739405 
0.003320149871009051 
0.07836453386005382 
-0.01456920075769726 
0.01431482863476472 
-0.6059458740605687 
0 
0.1246886095174209 
-0.0059415688908244 
0.01217912750722482 
0.00996950102716127 
-0.1361419668496593 
0.01253940013061649 
0.02688041341501166 
0.02764036525721417 
-0.03799828717315385 
0 
-0.04125801825005941 
-0.01387841435091055 
0.02154442186478682 
0.05788168205811823 
-0.007474288728820873 
-0.03679145101237128 
-0.3296459703980061 
0 
0.1126737583336978 
0.0810678735930086 
0.1683660838933912 
0.115179999794525 
0.4328567271674578 
0.5314823516832723 
0 
0 
0 
0 
0 
0.3951067291065301 
-0.169433330374812 
0.01845322999247016 
0.002084134822172648 
0.04289056448211912 
0.005297872453137314 
0 
0.03206836014708365 
0.1475202344717693 
0 
0.03788538543823469 
-0.1878968640698417 
0 
0.04148724968339219 
-0.02791488754004698 
-0.02648404106287851 
0.5566659456259145 
0.1631830477984061 
0 
0.008198740966792966 
0.009723024236503702 
0 
0 
0 
-0.02414946560958172 
0.2588715779580454 
0 
0 
0.01867708197121879 
0.02184045722452648 
0.2847355018671742 
0.110252254033493 
0.1116354743714183 
0 
-0.02875608571955096 
-0.02871177790405408 
0 
0.0016474701986171 
0 
0 
0.1061464283652082 
0.02193832753992565 
0 
0.2232948579437335 
0 
0 
0.1379474417029617 
0 
0 
0.005001543297885311 
0.02970552278354528 
0.0289203897065736 
0 
-0.05847093711310024 
0 
-0.02231497067006839 
-0.01696553331692017 
0.008392369265161573 
0.2866018647340535 
0.07975762415896827 
0 
0 
0 
0 
0.2592935995105505 
0 
0.03161801555560149 
0.03283166861031205 
-0.01909994687722457 
-0.008284050923926933 
0 
0 
0.3221060737660614 
0 
0 
0 
0 
0.03253826950845821 
0.2621621957766225 
0.1043420270534248 
0.0007631363527637366 
-0.000467385700358946 
0.09070606366926012 
0.03706712272263001 
0 
0.04892989164847387 
0.01792705022643021 
0 
0.02612472010946425 
0.03258552239256109 
0.03837738129756638 
0.005370478254448759 
-0.1820187131379477 
0.01151132067751869 
0 
0.01737761569819888 
0 
0.006153020034310704 
0.04592660741437245 
0.01046580154102694 
0.01091989833303946 
0 
0 
0.08714425397868225 
0.01732854750850612 
0 
-0.04278525324048145 
0 
0.04080074977252402 
0.009891074098326479 
-0.002421232461705034 
-0.01077735093417229 
0 
0 
0.005499241697457258 
0.0208787345367896 
0.1363051504540118 
0.007584392174203797 
0.1034960722459747 
-0.01481637375116142 
0 
0 
0.03678188179071325 
0 
-0.01264760287802206 
0.0004671815792014084 
0.06259408341171259 
0 
0.07834732405365447 
0.09209939169422982 
0.1288250747477757 
-0.007984671064569342 
0.006357721392385936 
0.06327015292735934 
0 
0.002038583163342302 
0.007157553479046823 
0.003905369803995465 
0 
0 
0 
-0.01645547902740852 
0.0003412504723458912 
0 
0 
0.137097824238592 
-0.002666753077893635 
0.007116906116689406 
0 
0 
0.005989963215470232 
0 
0.01826982910838894 
0.9756784207805329 
0.05406340626872139 
0 
0.5842666938365371 
0 
-0.01766502356031799 
-0.08813994109856381 
0.08216764805230597 
0 
0 
0 
0.0004173848824988069 
-0.04221064331246846 
0.2298431315731121 
-0.0008046697569458481 
0.05625269858780552 
0 
0.2009838681914119 
0.4310940202430342 
-0.0293199305931596 
0.006279544579060367 
0 
0.01455998288752408 
0.09500598099012483 
0 
0 
0.1047464947768363 
0 
0.03118138031354634 
0 
-0.008038321094017016 
0.2793415911990873 
0 
0 
0 
0.009756209243257059 
0.00312089475984409 
0 
0.1376101812303654 
-0.03017493914263344 
-0.0595191574580483 
0 
0.01403368959952146 
0 
0 
0.02028003334715251 
0.002737609065857515 
1.055062690960667 
0 
0.00290056297194627 
0.1314050617300689 
0.1234273156741356 
0 
0 
0.01350210304165299 
0 
0 
-0.02353304269863916 
0.004855676584370448 
0.3767058134307758 
0.006998810876898264 
-0.01290843054544723 
-0.3882232125487098 
0 
0 
0.5667935889966247 
-0.03432810649334477 
0.05817275360152763 
0 
-0.000530209197824466 
0.2385314022675153 
0.02386185742052119 
0 
0 
0 
0 
0.1149539158486622 
0.04387497459034976 
0.009719145847018829 
0 
0 
0.008255479048346765 
0 
-0.005101765440298841 
0 
-0.004310633711634253 
-0.005711631078085401 
0 
0.1591337843867197 
0.04839521547391634 
0.1894868828331071 
0.2446619013015138 
0.2268892249413739 
0.02416035953770796 
0.02843856642498543 
-0.004139932529716212 
0.04692396765810235 
0.04203966400056665 
0.01071839824911523 
0.0483606826296839 
0 
0.01032298082605979 
0.1334460309499609 
0.1122651580773156 
0 
0.007124666729389792 
0 
0.004676547904953793 
0 
-0.02030380586291323 
0 
0.03299092666890319 
0 
-0.007954188492750012 
0.0737925143874687 
0 
0.2389807713554158 
0 
0 
-0.01938356773456274 
-0.02133567524013577 
0.04432303127514951 
0.01306830943403508 
0 
0 
-0.1461706916850165 
0 
0 
0 
0 
0.1005692718971985 
0.01316005285300323 
0 
0.2063806410815876 
0.1337726789721345 
0 
0.001114921640151017 
0 
0.07628813115607859 
0.01569515820319367 
0 
-0.006591981190434037 
0 
0.009720253684428887 
-0.007694991104338815 
0.4925698895511598 
0.02953161795752534 
-0.003721921067207153 
-0.009375602052241397 
0.001465328451047859 
0 
0.03613930028766465 
0.2851009940985144 
0.003327879346181717 
0 
0.0154442852682413 
0 
0 
0 
-0.001354579039774296 
0.07746512717968432 
-0.1718279253737684 
0 
0 
0 
-0.03375210663477544 
0 
0 
-0.1272462788075748 
0 
0.008742510818631014 
-0.003298798954974511 
0.002536828447107001 
0.329460924939299 
0.004922644508902692 
0 
0 
0 
0.01524417335784376 
0.04501415486189794 
0 
0.1201631458136894 
-0.02719077068957165 
0 
0.01075293182531678 
0 
0 
0.130921160558138 
0.003126621912057458 
0 
0 
0.1424399186241087 
0.04024492454929236 
0.02798596927687122 
-0.02172466546615151 
0.01087893251182262 
0.1069760273474464 
0 
0 
0 
0 
0.06348879800440374 
0 
0.6073399580875377 
0.003983479085825045 
0 
0.00631405795034698 
0 
0 
0 
0 
0.02263654232890909 
0.1004310203884957 
0.04504452826070955 
0.001045943477063422 
0.03398368577957952 
0.08694185823326332 
0.05702248792788272 
0 
0 
0.696911051439105 
0.7789806286961645 
0.0001489805079167161 
-0.02083290859151777 
0.3076834104696952 
0.08429436300220672 
0.01934689308086009 
0.08333450932830871 
0.029770122508836 
0 
0.01683556208001984 
-0.2715524845701258 
0 
0 
0 
0 
0.01776282223297273 
0 
0.02833762861889153 
-0.1423792152296091 
0.00886329608365293 
0 
0.8258715030343187 
0.003439306924864037 
0 
0.01451929335237545 
0 
0.04845487390448586 
0.01077439897837494 
0 
0.009801107474840568 
0 
0.001718739356287706 
0.03898623823487069 
0 
0 
0.006737153546068049 
0.1034495275418395 
0.0498837434041314 
0 
-0.01507501844356573 
0.02508199345382683 
0 
-0.003677522638508127 
0.003391146182899605 
0.0468832113896906 
0 
0 
0 
0 
0.02259786767613656 
0.4688305228816421 
0.02026991336235855 
-0.01291816170993114 
0 
0.01371015284395302 
-0.0119916272137722 
-0.2847345898003525 
0 
0.101436673148745 
0.02113376829266657 
0.01718538601382235 
0 
0.0001525593597483123 
0.003254926627605453 
0.1108908103551945 
0 
0 
0.01779515913862368 
0.01090264498263731 
-0.1520863681306943 
0 
0.003682903069823783 
-0.02357093451257911 
0.002998905197107878 
0 
0.06997197266619587 
0.03662738379489816 
-0.004296792347214053 
0 
0 
0.07616512834319165 
0 
0 
0 
0.009302292778447258 
0 
0 
0 
0 
0.3976315849474696 
0.07173940454500652 
0.0151910133239642 
0.5552302094551802 
0 
0 
0.0349206874243595 
0 
0.02571938199342275 
0 
0 
0 
-0.0008903804059579889 
0.04358576669186506 
0.08014601934812866 
0.01830483195649275 
0.2969636546374548 
0.00141580969415473 
0.0501689746666908 
0 
0 
0 
0 
0.008872207747619052 
0 
0.2912308897297062 
0.0149436585741016 
0 
0 
0 
0 
0.170626918628382 
-0.00528158320481672 
0 
0 
0.0523468779394975 
0 
-0.06168294273166469 
0 
-0.7898301540418501 
-0.001754759672588437 
0.1737778761270064 
-0.1217566777565022 
0.2432662510416675 
-0.00586745383921178 
0.4479458671800576 
0.01812093115556816 
0 
0 
0.2030150101475161 
0.2040885546069169 
0.351383863406622 
-0.02482839833953418 
0 
0.01640969589352546 
0.07204666900940222 
0 
0 
0 
0.0481837442766876 
0.04561628623945679 
0 
0.005015086334100601 
0.03792763522252383 
0.0225128278890238 
0.001287155541798323 
0 
0.008823594956036809 
0.0109741388206287 
0 
-0.0003551272195913952 
0.05431472618993896 
0 
0 
0 
0 
0 
0 
0.06237475334120084 
0.6634129634025587 
0.004017419677272669 
0.01312789423075103 
0.6087268650060512 
0.1507531046077296 
0.01202293621251076 
0.1414974768155268 
0 
-0.0004686946917629026 
0.0484025076956755 
-0.01961067881828493 
0.127146944287828 
0.02102307225409776 
0.0006011502702407256 
0 
0 
0.1530312644593611 
0.19758349386635 
0.05407285909744718 
0 
0 
0.01206719691311625 
0 
0 
0 
0.008950198487127246 
0 
0 
0 
0.03892640759671955 
0 
0 
0 
0.1951544404208968 
0 
0.1521804577891454 
0 
-0.00540446481260489 
-0.04756601791034259 
0.01260107392030268 
0.02333877176035935 
0.07647839534641089 
0.02932920523619039 
0.01354033371045731 
0 
0.03892182691580631 
0.01803050290480372 
-0.04836279247774956 
0.07225875351590921 
0 
0 
0 
0 
0 
0 
0 
0 
0.08265842784396438 
-0.1988906573605873 
0 
0 
0.1962392300809685 
0.06517803814573704 
2.142959829954953e-05 
0 
0 
0 
0.1705336751040701 
0 
-0.02157446495177682 
0.00425590557451726 
0 
0.007398072014953562 
-0.04951515733376412 
0.2169809463882719 
0.1069052351026556 
0.3128772330797339 
0 
0 
0 
0.2102204419526512 
0 
0.2930311031327482 
0 
0.05768038216929112 
0 
0 
0 
0 
0 
0 
0.05195884505423896 
0.3283757466643801 
0.0900935608911005 
0.01639066862026495 
0 
0 
0 
-0.0009505920564993283 
0 
0.002514639789090503 
0.1883532384022547 
0 
-0.005432148627828732 
-0.4505390204776161 
0.2943801254166865 
0 
0 
0.0370913094321643 
0 
0 
0.00694081072518562 
-0.1189869243356427 
0 
0 
0.00915305040472178 
0 
0.1950018280422368 
0.0009955518808479329 
0 
0 
0 
0.6490689101551838 
0.02060823368590238 
0 
0 
0.03283171984961716 
0.003845580921281069 
-0.1950119919809286 
0 
0.01221561630208505 
1.054533043034209 
0.1910931917269008 
0 
0.0148444242421204 
0.02498594272490031 
0 
0 
0 
0.05672462792285558 
0 
0 
0.007235695154090557 
0.02503186066440364 
0.03976847554571934 
0 
0.08637882720726829 
0 
0 
0 
0.004614333995757495 
-0.01718504813269412 
0 
0.03369773932993587 
0 
0.006030939476412643 
0 
0.008661804950283456 
0.02702795641081169 
0.02068784387792013 
0.0290974207244794 
-0.01440481706286595 
-0.008056363467424485 
0.1049547773454658 
0 
0.01581981235572317 
-0.01072278644981477 
-1.345868605352335 
0.1016600299949417 
0 
0 
0 
0 
0 
0.03835821408044202 
0.03373636730335594 
0.4509048594594976 
0 
0 
0 
0.09043231507209562 
0.001272877580638543 
-0.01365076593426108 
0 
0 
-0.02610994511758789 
0.008524349781911619 
0.06065656464365339 
0.07076540930273051 
-0.01547786572558078 
0.02183453663560055 
0 
-0.02449473878940042 
0.032262038098614 
0 
0.09382826107072707 
0.05418712180696436 
0.08473451348818474 
0 
0 
0.382932983204262 
0.002978852804518302 
0 
0 
0.7508462106789249 
0.04858805492196744 
0 
0 
-0.0446962415734621 
0 
0.07431682663326127 
0 
0 
0 
0.0141432903927415 
0.3798723274443651 
0.02929654961688454 
0 
0.04197466331335192 
0 
0 
0.01685694314687528 
0.249013150274912 
0.01389817581363239 
0.03820938390115225 
-0.07947836411819437 
-0.01214319551413216 
0 
-0.1176669408865671 
0 
0.01740916610088314 
0.02396156433425591 
0.05961672144878515 
-0.04327905944163723 
-0.01975685196432992 
0 
0 
0.0108114264713242 
0 
0 
0 
0 
0 
0 
0.05485588487183134 
0 
0.002982306647182334 
0 
0 
0 
0 
0 
0.1438784114861851 
0.865559669911651 
0.102418126730306 
0.1381722166361024 
0 
0.002215666362000475 
0.1695263362726256 
0.201432973028063 
0.00153852071622375 
0 
0 
0 
0.02734539873095674 
0.03109723952000826 
0.004228967438221605 
0.0174777327736235 
0 
-0.426412260034512 
0.2999547008105013 
0 
0.0320161880509012 
0.01614341840956355 
0.03048598110484188 
0 
0.002674097728721273 
0 
0.05079080853437408 
0 
0.007660209683291611 
0 
0.001189214732396569 
0.09036075997333352 
0 
-0.03689768882649432 
0.07619195595108283 
0 
0.09860013956674479 
0 
0 
0.03750974365799609 
-0.001621950808634988 
0.0068246499966358 
0 
0 
0 
0 
-0.1520675305430702 
-0.03053787882619534 
0 
0.01648848644742318 
-0.01221075631940588 
0.003106856470853243 
0 
0 
-0.09836011868365349 
-0.01437892076169157 
-0.004519194159991252 
-0.01579408321872663 
0.01121983791266842 
0 
0 
0 
0 
0.03596787574494124 
-0.02739900923268455 
0.01884137615845459 
0 
0.07910395766683066 
0.00340656910423618 
0 
0 
0 
0 
0.0613373078962892 
0.05728310344918337 
0 
0 
0.04035042480242226 
0 
0 
0.1761892824053529 
0 
0 
0.006192515491977724 
0.002744050980325457 
0.005971306723949243 
0.01448626478349651 
0.04240005069350154 
0.08088248142520398 
-0.04929394644980274 
0 
-0.01021052627775159 
-0.1443657055492423 
0 
0 
0 
0 
0 
0 
0.03943659286161773 
0.01606514283210079 
0 
-0.03122373406809534 
-0.01294688427649406 
-0.1844358685536256 
0.2107285609629213 
-0.06255818192911798 
0 
0.0009672358790060887 
-0.0005337150006860716 
0 
0 
0 
0 
0 
0.09827812826249054 
0.1262403646284963 
0 
0.06997413376784241 
0.006987024063923319 
0 
0.001243023931237504 
0.1020698866593367 
0.1591237094317512 
-0.005207821102875163 
0 
0.2997048474119101 
0.003532054480836403 
0.7313370608275643 
-0.1056223628467311 
0 
0.04992093511714732 
0.2296160644197492 
0 
0 
-0.08262119686742925 
0.4294017632297653 
0 
0.04626558534790821 
0 
0 
0 
0 
0 
0 
0 
0.05766344362149456 
0 
0 
0.09640145655284399 
0 
0.00162811415157987 
0 
0.1667910634372827 
0.0271493134105063 
0.001812766192001888 
0.1231497482736528 
0.003984628410325506 
0 
0 
-0.004771420862078038 
0.1039427688495597 
0 
0.01777251898096771 
-0.001379618766305066 
0 
0 
-0.006864736336522224 
0 
0.1990586381138569 
0 
0 
0 
0.01275090582410747 
0 
0.0298452116786522 
0.04150576419426009 
0.0190694769633973 
0 
0.3101664054036213 
0.1853745178872301 
0 
0.2752139757568458 
0 
0.1851170839107108 
0.03202490415816975 
0.1192008785572408 
0 
-0.01173918248443699 
0.04658568401185628 
-6.178031939899032e-05 
0 
0.04398143902552544 
-0.09401300759775938 
-0.03642178493721734 
-0.02175921937482735 
0 
-0.01608377361563437 
0 
0.000873074174708205 
0.03352054691538195 
0.1553612305794254 
0.1564236736486851 
0 
0 
-0.004300331591684898 
0 
0.01752787037577636 
-0.01791826868943003 
0.03722014530838672 
0.1406708732426213 
0.01033669516023407 
-0.01910328148650599 
0.1283468407376481 
0 
0 
0.003032722999612002 
0.3613655094698873 
0.01618292026379607 
0.009952496504339612 
0.04464767599353807 
0 
0.0002349568523009813 
-0.01545848346238192 
0 
-0.03071855841123024 
0.08200916939525119 
0.03634243297780847 
0.2887721674475789 
0.2245685000589648 
0.09811670899986111 
0 
-0.06525197272805067 
0.03825334465524548 
0 
0.0433243298534656 
0 
0.1837923159177882 
-0.06350260181833844 
0 
0.02845220640782768 
0 
0.001216137932862604 
0.5529650879319377 
0 
0.1544736812928278 
-0.03150860563256616 
-0.1084937218253959 
0.05340682326893101 
-0.02070372922085074 
0 
0 
0.0007571571375815126 
-0.01066455710711348 
-0.007583156181941829 
0.009467414819589981 
0.01203865102288249 
0 
0 
0 
0.0004704936817667624 
-0.01038053914159712 
0 
0.03223596578355889 
0.5401889781412291 
0 
0 
0.0187765743003381 
0 
-0.03555448987639231 
-0.01202335005529065 
0 
0.05215299480384306 
0.01306251979888168 
0 
0 
0.0005923252202019453 
0 
0.02108653451850744 
0.03798011220223398 
0.06512984056435894 
0 
-0.04904674569123628 
0.02711367557228643 
-0.09835081360454319 
-0.009518832860059431 
0.0158865885454554 
0.02195117363780584 
0 
0 
0 
0.005528694345254394 
-0.02222725025880403 
0.02758378061624915 
0 
0.7696147210287856 
0 
0.1235245815816938 
0 
0.2681159762710468 
0 
0 
0 
0.001334480093446922 
0.01599800129072093 
-0.03423939901777386 
0 
0.4917107396246245 
0 
-0.006582454983723551 
0.06990162410592844 
0 
0.01703268335641702 
0 
0 
0.006183074020728587 
0 
0.006679827212829653 
0.1517921934865064 
0.005331520070224469 
0 
-0.1640821032684466 
0.008290446427365072 
0.000726093930271076 
0 
0 
0.1841419349600148 
0 
0 
0.3045934239604823 
-0.05677096105181176 
0 
0.06485813707885686 
0.0007845966032405912 
0.1849724004377328 
0 
0 
0 
0 
0.02551284326767085 
-0.009791879356015687 
0.001038358206374659 
0.07805646734832852 
0 
0.228061240946114 
0.01845166483253061 
0 
0.1921948513147838 
0.7062706841645803 
0.02158767302862015 
-0.009233295518026478 
0.06885104381692687 
0 
0.01175247770732508 
0 
0 
0.06818852878952723 
0.249749829716484 
0 
0 
0.05517164851267192 
0.02489602088501223 
0 
-0.01250677496389155 
-0.007366987613258138 
-0.001634943448130328 
-0.0613145070058352 
-0.1467786602774656 
0 
0.003040807155647135 
0.1341164961989835 
0.004621703399483291 
0.0007950058780684328 
0.008806647101006716 
0 
0 
0.05427701392031077 
0.01445940948947904 
0.00530269674772788 
0.0002858165865218161 
-0.07721001051587711 
0 
0.005672958856682237 
0.1071766065459447 
0 
-0.04653606173933442 
0 
0 
0 
0.005416908659877196 
0.008549771479625969 
0.06860370134726713 
0.001346856525557954 
0.01694600745395296 
0.02203164431297801 
-0.1485412721177596 
0.1011349767458428 
0.01417992899352298 
0 
0.008921949990435427 
0 
0 
0.385048302320188 
0.01059816924573266 
0.09893603797870633 
0 
0 
-0.005048897991132969 
0 
0.01641581862628459 
0 
0.06332823494049056 
0 
0 
0 
0 
0.4688411910199162 
0 
0 
0.4209710191008756 
0 
0 
0 
0 
0 
0 
0.01103397832175377 
0 
-0.08936235745681601 
0.1051826512911812 
0.2034231960053203 
0 
-0.2460332407037759 
0.06815962826219413 
0 
0 
0.03342717927434395 
0 
0.01034007038081684 
0 
0 
0.04749398304112754 
-0.01625133903576325 
0 
0.007100757071977662 
0 
-0.01430453183430143 
0 
0.0447290867250143 
0.00093671149245134 
0.02086384573710283 
0 
0 
0.02072396061154063 
0 
0.7248724256749211 
0.01460743962991942 
0.006665194563083595 
0.02104267383296788 
-0.1373542697646127 
0 
0 
0.08139963507042428 
0.01686679152824284 
0.005570671786374048 
0.001802615962241591 
0 
0 
0.08230896626895284 
0.00995796026290518 
0.07106110992403888 
0.5176032722441717 
0 
0 
-0.05032482903830052 
0.035435860271815 
-0.0106251658448678 
0 
0 
0.335648898845854 
0 
-0.02367760967388914 
0.152341094236813 
-0.08937259166116265 
-0.02834561266739489 
0.07256093786014005 
0 
0.1325816306320683 
0 
0.02609808041222884 
0.01587718688667478 
0.0001981189527473302 
0.03991433725866256 
-0.0290023866858484 
0.00550244070820236 
0 
0.5719268156570056 
0.007849373045308791 
-0.00566091204104186 
0.03776769867883199 
-0.0003950663691394572 
0.0157410332781313 
0.05369136466304042 
-0.08548197294286924 
0.02126402793510314 
0.02890300505340314 
0 
-0.009240047747816353 
0.04023705219611474 
0 
0.001731393177245203 
0 
0.007819318056900835 
0 
-0.06307176442240797 
0.03597043199848762 
-0.002162518218848698 
0.01269806705672808 
0 
0 
0 
0 
0.01686909656428753 
0.1452777880540915 
0.01559249433629436 
0.01407632263931777 
0 
0 
0.00698758669478456 
0.05108759500300832 
0.01547693327452402 
-0.0514651151099111 
0.07362354858110813 
0 
0.5324814448610711 
-0.07242037087995745 
0 
0 
0.001564097870465202 
0 
-0.005069158706492319 
0.06598995912411891 
0.0366314326601784 
0.05634366284753851 
0 
0 
0 
-0.003841924332466975 
0.02580892807414298 
0 
0 
-0.06103584813270461 
0.01192007329794742 
0 
0.003957580395253547 
0 
0.1325326269211632 
0.05747724878897857 
0.001104932012957511 
0.009961145183470839 
0 
0 
0.122109195338432 
0.02491271757326962 
0 
0.02207512678927034 
0.05703124575104485 
0.05466199433233126 
0.07553246023849042 
0.1053901141949092 
0.02492228943663652 
0 
0.03319183010511646 
0.01750643457843271 
-0.3229024910826948 
-0.06935669807459134 
0 
0 
0 
0 
0 
0 
0 
0 
0.3459611569689094 
0 
0.06535173805048913 
0 
0 
0.00775437858325023 
0 
-0.02258572577721243 
-0.001715897896651021 
0 
0 
0 
-0.008222250058329437 
-0.1810927409871228 
0 
0 
0 
0.126265454681593 
0.068028516506024 
0.1601557640286552 
0 
0 
-0.01025577510864242 
0.3122832957235101 
0 
0.07681846551415801 
-0.00316294214385538 
-0.0002142924128397958 
-0.1844473393522574 
0.009974766317925534 
0 
0 
0.0400154926923823 
0.02483013040149162 
0 
0 
0.01579052664496572 
0 
0.01890697496645979 
0.08301916726682934 
0.002499514202073652 
0 
0 
0.008022978879714281 
0.1650428806349467 
0 
0 
0 
-0.002310606500800769 
0 
0 
0 
0.05507507115760963 
0 
0 
0.01219226785421365 
0.5975621716942301 
-0.1115153851964569 
0.001787028200642918 
0.08325629645149406 
0 
-0.001055820095585976 
0 
0.007995045913614577 
0 
0 
0 
0 
0.0424230291241227 
-0.001805664138506083 
0.02516913291461244 
0.1994223316292375 
0.005048518279047023 
-0.006748288811274154 
0.01047354591991744 
0 
0 
-0.08576985821343874 
-0.07378205474581744 
0 
0.1927940022359212 
0 
0 
0 
0.2194775534967944 
0 
-0.1066716700042026 
0.04186417971606577 
0.0569855488216824 
-0.01780181281018814 
0.02171945960751233 
0.2749713755040913 
0 
0.001885986790383865 
0 
0.002154110973933113 
0.05990405073722155 
0.02883145090503528 
-0.00892051419847574 
0.1108101626101944 
0.003679903268977159 
0 
0 
0.005189870558187927 
0 
-0.0269733141816389 
0.01186350131756604 
0.04879318957824902 
0.01090352941514589 
0.02046353915285707 
0 
0 
0.1481682508542799 
0 
0 
0.0238595377184869 
0.06737410377062648 
-0.0544053217186624 
0 
0 
0.07269270465242864 
-0.006429687055681888 
0.0298779987021485 
0 
0.2465187095582777 
0 
0 
0.009665605212340554 
0.09260335594860357 
0.009022557383563511 
0 
0 
0.02184570824356237 
0 
-0.08585689108287303 
0 
0.004143391259580368 
-0.3861012183432929 
0 
0 
0.1992376869034357 
0.001222707552534712 
0.03540056295704436 
0.1051155534658446 
-0.001303601831033149 
0.09272321041588477 
0 
-0.213047642636459 
0.09932935089208457 
0 
-0.02663748521278061 
0.0916084131281172 
-0.002929885371667346 
0.01045640558989719 
-0.1127856778186621 
0 
0 
0 
0.0115190838332526 
0.09244570745869481 
0.02520027532508971 
0.05197104822115974 
0 
0 
0 
0.06785321685506644 
0.0105903744844667 
0.1050292052110348 
0 
0.01003985374207455 
0.8377173259541955 
0 
-0.2659851535552067 
-0.01916162977689502 
0.1086139176611108 
0 
0.06768014373430813 
0 
0.02385094913954768 
0.06733277934797346 
0.1077923656719603 
0.00953306820353363 
0 
0.002461173584686546 
0.08514615423255475 
0 
0.03962001080193019 
0.1049942425197739 
-0.001598750119134832 
0.01422136666956312 
0.03795709354091027 
0 
-0.5434242837470803 
-0.06237867865565359 
0 
0 
0.01225860125984436 
0 
0 
0 
0 
-0.0009202122342078806 
0 
0.001337551260385697 
0.005776781412358527 
0.3962064414228686 
0.002864333341451845 
0.03184245529984434 
0.3962064414228686 
0 
0.09415631442956401 
0.04400607262360563 
0.01679861086786132 
0 
0 
0 
0 
0 
0.006332906812586211 
0 
0.01275916481889362 
0 
0.01126619214668396 
-0.08266650314802562 
0.01980654354484842 
0.06153920276141968 
0 
0.3177983193005872 
0 
0.02000025845484441 
0.006237624446626131 
0 
0.415117358249789 
-0.006264312669164371 
0.01355024036167275 
-0.01123900208928643 
0.04830584982318903 
0.07742908137376998 
0 
0 
0.09409169197267836 
0 
-0.01499842273885605 
-0.3479288433976827 
0 
0 
0 
0 
-0.03891240449738121 
0 
0 
0 
0.3597205592716607 
0 
0 
0.01777789439701286 
-0.006584477795133646 
-0.02745691541365464 
0.01116563675137993 
0.02604486762128681 
0 
0 
0 
0.002219821336165766 
0 
0 
0 
0 
0.1515605743845785 
0.06564260102249246 
0.005060619646646384 
0 
0 
0.0476459767688998 
0.01084477058313919 
0.09682980884088921 
0 
0.02296451870139615 
-0.02180719245819985 
0 
0.07114541887856132 
0 
-0.002914949248315452 
-0.01548137275828099 
0.007113176912695449 
0.008325443549034538 
0.07521460348263852 
0.09874947998881208 
0 
0 
0 
-2.226109294156644 
0 
0.001412593252675948 
0.06682840259908188 
0 
0.09799923959503409 
-0.657586235210541 
0.1432456739073912 
0.07011129421350885 
0.01350916534775798 
0 
0.01001058320800757 
-0.0409375379728802 
-0.02858852366610607 
0.0161509393753612 
-0.0125420939952158 
0.007001094624543287 
0.5135803523079465 
0 
0 
0.006880592158655841 
0 
0.09577636416155749 
0.0149728370534011 
0 
0.008670343077641574 
0.008657218756191711 
-0.05982974605359904 
0.07388431995174667 
0 
0.05935333916135892 
-1.005243121106059 
0.2487442487859493 
0.03025687694714619 
0 
0.04871662545311104 
0.05978560718239914 
0.01037038835898749 
0 
0.1065775959398028 
0.004581618839929995 
0 
0.01485079869699926 
0.008957236064348438 
-0.008276965031899104 
0 
0 
-0.002996825731556394 
0.8078711955065788 
0.1878126541530762 
0 
0.04509281601953405 
0 
0.0006825722922601877 
0 
0 
0 
0 
-0.03205799445695281 
0 
0.005894957654858662 
0 
0 
0.1047727350125136 
0 
0 
-0.02653843881145843 
0.04659148331066058 
0 
0.1020981541960945 
0 
0.02825139095731315 
0.00136919160094867 
0.07562196775793741 
0 
0.006222125917757391 
-0.007860324713872005 
-0.09291033465296032 
0.009701545563631831 
0.07292860330745954 
0.2209167046078285 
0.02082561818853464 
0 
0.002097442229930827 
0.001865852540087285 
0 
0 
-0.01126481310744483 
0.06353927066200868 
0.01718506939764868 
0.001398257112283361 
1.019849160216499 
0.02165977054008745 
0.2116341678705422 
0.07229775083847044 
0 
0.05501941883426504 
0 
0 
-0.02575689842961978 
0 
0.01000077517606273 
0.007749741125543283 
0.01436328619984324 
0.1146474173352008 
0 
0.01802931560300677 
0.0002067001000979215 
0 
0 
-0.01773882781118828 
0 
0.01087609097926344 
0 
0 
0.01175653807544593 
0.2167356129004118 
-0.2767947000431006 
0 
0.07230853423583471 
0.003491586602599265 
0 
0.002744981632493869 
0 
-0.1241687987493714 
0 
0 
0.06060254185852924 
0 
0 
0.005487933681550355 
0.01707775910099072 
0 
0.01238915276511783 
0.02956883389853789 
0 
0 
0 
0.00596784446131178 
-0.06263221422328258 
0 
0 
0.05246002072750243 
0.002942038408193814 
0 
0.08232427324761081 
0.07121693084564641 
0.1971176386050334 
-0.01218346823651803 
0.0004166279570080161 
0 
0 
0.1959091781104084 
0.08722887043023075 
0.006810023051411646 
0 
0.02987282762947421 
0 
0 
0 
0 
0 
0.01622289486823728 
0.03563656169614939 
-0.04003176232870444 
0 
0 
0.01054748681425767 
0.01526917152049848 
0 
0 
0.02436635532392599 
0 
0 
-0.2590471708461045 
0 
0.1500916509205487 
-0.07504583065012883 
0 
0.0140325741955152 
0 
0.02619565155077702 
0 
0 
1.105214547358096 
0.07740486216802893 
-0.09852386782062084 
0 
0 
0.04264801705794755 
0.03745941929137659 
0 
0 
-0.0156954450419691 
0.03062633083621722 
0.04418438317094968 
0.126229278779998 
0 
0 
0.007977705645312371 
0 
-0.01507619434576865 
0 
0 
0 
0 
0 
0 
0.01983893580827498 
0 
-0.02281748892296387 
-0.02097247395644855 
0.01732963380376571 
0.0007237350284874289 
0 
-0.03422795746140835 
0 
0 
-0.1985344981477665 
0 
-0.00853078153047771 
0.05376159995354675 
0 
-0.03553276322689366 
0 
0 
0 
-0.004941782603914003 
0.1585582628647728 
0.009086502550629432 
0.03723163041285377 
0.0008555971883269763 
-0.03152229964477077 
0.08434214763468639 
0 
0 
0.01317157429122755 
0 
0.01472073919216912 
0.01167514414231362 
0 
0.1401825250596161 
0 
0.06473480068011112 
0.009311881189288993 
0.3301005823544662 
0 
-0.009290285030579281 
0 
0.07417043547270975 
-0.05038926951508212 
0 
0 
0 
0.042223991667906 
0 
0.1104000463398134 
0 
0.02707109125945156 
0 
0.01911423988499513 
0 
0 
0 
0.007707283397456847 
0 
-0.05030207364138858 
0.1016257102071039 
0.03684220971621993 
0.35524909647536 
0 
0 
-0.03341942557905635 
0.552373867595655 
0.03989216857352026 
0 
0 
-0.02660230728405506 
0.2287124003545495 
-0.1436848182601188 
-0.00140372891506206 
0.1578122581959617 
0 
0.1041983072757594 
0.01598135560175373 
0 
-0.02232808220398468 
0.03246587722758992 
0 
0 
-0.009751983145718414 
0 
0.01455231834549787 
0 
0.01638936471666435 
0.001574428542362303 
0.02360558809825211 
-0.005186542863563801 
0 
0.04109994892273278 
0.008406079080052734 
0.04922599132590642 
0.005807234042830005 
0.02245929998418434 
0.001865543266295418 
0 
0.1089127090575818 
0 
0.02770639753937615 
0 
0.1738476243020086 
0.1672041533550009 
0.02418832261062003 
0.1005478095455827 
0 
0.002933958983163789 
0.04697243401026722 
0.04230490361626629 
0 
0 
0 
0 
0.1550094187025473 
-0.003054900726223408 
0.0476986440699732 
0 
0.05316555998429245 
0 
0 
0.01888286967569972 
0.003562422279536747 
0 
0.03658306362278491 
0 
0 
0.2164033155294231 
0.1172224655360997 
0.02269536989831962 
0 
0.01158584183157244 
0 
0 
0 
0 
0 
0.03445397740467821 
0.5658246833561767 
0 
0 
-0.006242963898920394 
0 
0.003762719859630687 
0.0003668290183266157 
0.05739060207031902 
0.1438559696414712 
0 
0 
0 
0.01458522908313736 
0 
0 
0 
0.008704509902365497 
0.04747047412724598 
0 
0.008728984333653983 
0 
-0.01909012809266688 
0.5468981359151428 
0.05138841814979318 
0 
0 
0.03165542251189072 
0.2398006805068274 
-0.02361203782596601 
9.834519218431693e-05 
0 
0.004039460495836351 
0 
0.02934697767141747 
0 
0 
0.2750820932270404 
0.01451364632601256 
0 
0 
0 
0 
0.000530492061245186 
0.4563425857706003 
0 
0.01707568489286966 
0.05110683173708242 
0.1118795392390082 
0.003827523761935456 
-0.003900027723855735 
0 
0 
0 
0.0333820412293489 
0 
-0.09867572669307507 
0.005650359637181437 
0 
0.2654466355510812 
0.008287658835659807 
0 
0.01992480922475678 
0 
0 
0 
0.04688322278291396 
0.04718004665563313 
0 
-0.01512263515593184 
0 
0 
0.03419471194101617 
-0.004560520944020885 
0 
0 
-0.02603470197431225 
0.2628504257844916 
0 
0 
0.006166227196612277 
-0.05415859481693115 
0.02501324946910762 
0 
0 
0.1249986818152681 
0.01613546689775149 
0 
-0.01192678172238196 
0.02983934558894736 
0 
0 
0 
0 
0.04672703082657886 
0.006075410919174347 
0 
0.006528462856441021 
0 
0 
0.04779285130864552 
0 
0.01795017610394357 
0 
0.009244048244708626 
0 
0 
0 
0.005048476685815386 
0.6258109740194583 
0 
0 
0.1470423096002387 
0.1061884978531289 
0 
-0.1116090137085751 
0 
-0.009759061967693232 
0.05270666041034593 
0.1845353276381052 
-0.1394124397615664 
0.01269018650257638 
0 
0 
0 
0 
0 
0.003905189115453554 
0.05458900924286156 
0 
-0.01096123719506665 
0.0001452136795494621 
0.05789151471309201 
0 
-0.03529956171624014 
0 
0 
0 
0 
0.006945379952828394 
0 
0.04181315373754631 
-0.006054864793320502 
0 
-0.184730603217002 
0 
0.03685476528895639 
0 
-0.01089195151126817 
0 
0 
0 
0.05997959166941325 
0 
0.9277071429143644 
0 
0 
0.08936758881983595 
-0.02704423466109767 
-0.02945857208934748 
0 
0 
0.01876843290370683 
0 
0.01700994486698714 
-0.002830949722789948 
-0.008779366148665549 
0.01901551078797416 
0.1026833754012485 
-0.02240133926033366 
0 
0.03213335519835002 
0 
0.002123989193904283 
0.1099776200327879 
0.07444876132934503 
-0.06664833188564674 
0 
0.0433965102701856 
0 
0.02620249937653568 
0 
0.05454572155614038 
-0.08543553112129412 
-0.04881524143483852 
0.02557108422086887 
0 
0.08130038565255104 
0 
0.02219566217070129 
0 
0 
0 
0 
0.00624883986883449 
0 
0.004317449397000531 
-0.04194482842886076 
0.1383370561145761 
0 
0.00425313368257949 
0 
0 
0.0009597631674153426 
0.0173577141490491 
0 
0 
0.09188973136948426 
0.01385263755386558 
0.01968236517050955 
0 
0 
0 
0.03236741365430615 
-0.008479342195547091 
0.07282167087299828 
0 
0 
-0.7325613522548652 
-0.04876686270856838 
0 
0 
0 
0.02928205425437005 
-0.1307998394009213 
0 
0 
0 
0 
0 
0.04445643305548262 
0.2439503132572299 
0 
0.09355251196144189 
0.4376236483587166 
0 
0.003273345341046349 
0 
-0.7776125682191253 
0 
0.02900003843131606 
0.006712733224442951 
0.03607481013474145 
0.01418551064166194 
0 
0.07229742364065912 
0 
0 
0.007229864453488468 
0 
0 
0.1424544751673897 
0.0672120784938023 
0 
0.1382841473079229 
0.07888080329623469 
0 
0.02955950437422999 
0.1776605887815307 
0.005141825910027583 
0 
0 
0 
0.01209275343647832 
0 
0 
0 
0.04128684955082382 
0.07098792636719224 
0.03184229784139728 
0 
0.002354326193676818 
0.06101257542192021 
0 
0.0414953348479914 
0.06534836193943545 
0 
0.4762977844016261 
0 
0.01741244376501229 
0 
0 
0.03462442243672682 
0.04361182780679588 
0 
0.2450355396865172 
0 
0 
0 
0 
0 
0.05974652342688611 
0.3046705718672214 
0.02038974825267472 
0.008699066538217929 
0 
0 
0 
0.0906943292764703 
-0.009191286389885275 
0 
0 
0.01084913339269123 
0 
0 
0.03669749735262261 
0 
-0.418942528184112 
-0.03119188635021252 
0.009234797465674929 
0 
0 
-0.002405080963802172 
-0.08326731763773967 
0 
0 
0.03828599553473501 
0 
0.1074239302872652 
0 
0.83770510173972 
0.1436219651109722 
0.02002713360435545 
0 
0.02449154129276863 
0 
0 
0.0009480199763047741 
-0.01128033553067887 
0.05297497660283487 
-0.2207403758627804 
0.001541816378010919 
0.02154443414787762 
0 
0.05226571087526509 
0.003027251574951256 
0.03230695384517571 
-0.02507544015518787 
0 
0 
0 
0 
0 
0.03282400101079663 
0.001167034296594698 
0.0192665685035773 
0 
0.1273510461247048 
0.117349281556698 
-0.00800635246574089 
0.001154395624973929 
0.07883456686729673 
0.05506385261687894 
0 
0.001634578690458664 
0.01149309167743563 
0 
0.2275570581865002 
0.03446240425242785 
0 
0 
0 
-0.01271897383332389 
0.00693686561995171 
0.08763474913376161 
0.005028629066942164 
0 
0 
0.02990826233950623 
0 
0 
0.3454393460384099 
0.01256871040168856 
0 
0 
0 
0.09589330784841373 
0.06149235486248628 
0 
0 
0 
0.645895495113092 
0 
0.2444217542185584 
0.008777607837881301 
-0.01188174211513481 
0 
0 
0 
-0.002027360768554989 
0 
0 
0 
-0.1127563608998598 
0.001642391273846823 
0 
0 
0 
0 
0.009466973192910521 
0 
0 
0.01560220688415835 
-0.06000227886314512 
0 
0.04888299676035481 
-0.005297650396781692 
-0.02351864562859475 
0.03983832379409848 
0.0003544881850349123 
-0.06684659572872323 
-0.0894312520871981 
0 
0.1241965812190704 
0.0001295874317301322 
0 
0 
0 
-0.002935485879690364 
0 
0 
0.002832098386312665 
0 
0 
0 
0 
0 
0.02727704390490414 
0.1270769673164711 
0 
0.01071327130026974 
-0.3990639467841544 
0.1336548082005545 
0 
0 
0.02146514921186809 
-0.04124251038539719 
