solver_type L2R_L2LOSS_SVC_DUAL
nr_class 2
label 1 -1
nr_feature 5000
bias -1
w
-0.483157824810848 
-1.039761432630972 
-1.28779415985007 
-0.9272350921612097 
-1.310608558858346 
-0.601104850829521 
-1.661193027139281 
-0.005037149828815715 
-0.5124335486223432 
-1.212547004666605 
-0.09691906604810775 
-0.3933868099776689 
-0.6192634005409892 
-0.6297280994646314 
-0.8588019367994543 
-1.380492956952878 
-0.774718306592504 
-1.059606410364743 
0.000609406083409025 
-0.7371923755105416 
1.350452583857929 
-0.5221519642292222 
-0.7027731014270189 
0.05693708542215949 
-0.3253184248496938 
-0.8044294716528999 
-0.9405425261436243 
-0.743639581546945 
-0.03533298994056618 
-0.4242360821391098 
0.7334490196455443 
-0.4592790265556292 
1.531848328408608 
-0.4184087622205065 
-0.5731043690622816 
0.9573847922916897 
0.2022095052491255 
0.3433171765276495 
-0.3567929844388873 
-0.452975644248543 
0 
-0.543966225755831 
-0.4854643137181415 
-0.2818032294389849 
-0.8808404673228224 
-0.3599418782800067 
-0.4666514786699788 
-0.3124105549135314 
-0.1458484447621871 
1.445055049162596 
-0.7252059729503656 
0.08071392911678672 
-0.7296158076967854 
-0.3078111136430183 
0.5881263132091429 
-0.1932316530634363 
-0.7132264921110708 
-0.6819399033763521 
-0.2631375005350683 
-0.1804127358597012 
0.4877366828718586 
-0.2158029641065625 
-1.090137768696999 
-0.06783682527852775 
0.2668617428556706 
-0.6428939422798802 
-0.4226005175169918 
0.2672916264998879 
-0.2997665159620341 
-0.9639285233577478 
0.3602477166373232 
-0.3919324817321941 
-0.9597010241716881 
0.1150411653259092 
0.5667375113474238 
-0.3614515996596579 
-0.442172732183144 
-0.4063934619083791 
0.37079330138987 
-0.2874675221597052 
-1.03932315181059 
-0.189465442484362 
-0.4471171093888462 
0.001235446734958192 
-0.7456206466889514 
-0.4180297008434303 
-0.5639831492626438 
-0.8123340787203049 
-0.4944422690690913 
-0.07901353818218888 
0.0793989771339069 
-1.284965452308345 
-0.3236659740162177 
-0.1787150349502527 
0.1572938377758198 
-0.5904906573008217 
0.2991859661883757 
0.5879181882051482 
-0.149387860993088 
-0.4759335024844703 
-0.2303774960062367 
-0.4841225137443836 
-0.2411695025551559 
-0.03317940156322041 
-0.1440808704146318 
-0.7407901332482834 
-0.3188744781014082 
-0.4450607477309334 
-0.188893380988974 
-0.01296342060848485 
-0.6483065398087864 
-0.3536184746757874 
-0.2113041538770673 
-0.4961848801742834 
-0.3510148368643682 
0.6130622605885762 
-0.139571557374888 
0.116486356358384 
0.5275230918918615 
-1.111835434671473 
-0.281153916004146 
-0.2741549062337736 
-0.2460792530727759 
-0.2370488908987464 
-0.9673187167141677 
0.5495666778440336 
-0.1201840974905358 
0.4633527369153733 
-0.01121339625423283 
-0.2334806155012435 
-0.2190400569371673 
-0.1240114357496401 
-0.1491165277738049 
0.5948499227722478 
0.08821398746013188 
0.1864757326299463 
-0.4061913083061889 
0.8561883017671486 
-0.4301570774337 
-0.2560607087958283 
-0.1938386539162826 
-0.2152419710055681 
-0.3649291495754805 
-0.1651945651212502 
-0.1288067437623475 
-0.6337924835194249 
-0.2655215141525096 
-0.1684876766885612 
0.3460069240024842 
-0.4384505412987569 
-0.4172753572874913 
-0.2611274583648806 
-0.1405611440950068 
0.3163636560200647 
-0.4216685760003552 
-0.9021511573060741 
-0.05722215832773364 
1.032084853057621 
-0.2443755718081062 
0 
-0.4092838924216866 
0.4895602095379726 
-0.5996119879131711 
-0.6432999024867019 
0.000152082094998047 
-0.3632464004206098 
-0.4616793385359789 
0 
-0.3406793116166897 
-0.1584604358672031 
-0.01727791338224387 
-0.4939098287408693 
0.2538687133462293 
-0.02394594363702772 
0.2516046508871452 
-0.6458655012481085 
-0.08921410637245478 
0.6859299997692885 
0.2044586593107967 
-0.6748844257759412 
-0.2721650280136034 
0.4605029053956839 
-0.3842951225654799 
-0.3385553249360859 
0.3317249563260131 
-0.1458309192528889 
-0.7212033227278682 
0.5106777975278411 
-0.3904084401999943 
-0.3197605506299364 
0.1428920175895991 
1.949959149635992 
-0.1732322516551714 
-0.194365334446508 
-0.3193721235202558 
0.5001872672293213 
0.203612910256109 
0.3952095408749423 
-0.5669022462813761 
0.008428542908575641 
-0.1422310885638666 
-1.183926548547733 
-0.07171920872346968 
0.01852337786839093 
-0.08106171302003183 
-0.7653986634745216 
-0.1585967933580587 
-0.4445415135156609 
-0.3321603924487163 
-0.7359115940508568 
-0.3470134050527758 
0.2164017844118451 
-0.5452470148122288 
-0.1978054259285642 
0.5102112327539832 
-0.2498700648815181 
0.8904027195042922 
-0.1770457692624073 
-0.2617711839638022 
-0.3368671129882616 
-0.3716362514602889 
0.5736914737725591 
0.1445458915236138 
0.01589919317858095 
0 
0.02473697391625785 
0.4429718027995682 
-0.150123905462454 
-0.3314360049899023 
-0.9285296857148095 
-0.1237025294011995 
-0.7270174859243257 
-0.03332142765890548 
0.309354690779293 
-0.2870809842666481 
-0.5295590241698818 
-0.2270831355279419 
0.5238361450044234 
-0.002649280242228874 
-0.2226569929917909 
-0.4524058085514716 
-0.1197265918358316 
-0.05129098628646946 
0.3232787098301583 
-0.07969093266086087 
0.2893165670972886 
-0.1629195860304385 
-0.05035163338652597 
0.4175165706432046 
-0.1085204610501373 
1.362580298356771 
-0.3204992812441796 
-0.2547264305124067 
0.0021550142455418 
-0.42111753898307 
-0.4602928106242321 
-0.2186791582612283 
-0.147507605579856 
-0.09141901982537584 
0.1005628205977896 
-0.2766077271879313 
-0.1320697005133391 
-0.4485242883857118 
-0.1890300110140538 
-0.3980758487045586 
0.01634729424975847 
-0.5046303122305663 
0.62289874417836 
0.007749645462752188 
-0.08770346439467329 
-2.183736053238951 
0.1393929434698644 
-0.1353707121431506 
0 
-0.2055865664380957 
-0.1629951179037775 
-0.09626729410135013 
0.3193791461100113 
-0.2888674764429423 
0.3540189304651307 
0.5889002335209259 
-0.01966749984769699 
-0.1783229091652658 
0.9120619363848306 
-0.6227670238434816 
1.180068836370842 
0.8097566663011746 
0.2679959928730667 
-0.05106604192760177 
-0.3059426609776401 
0.6332239320794782 
-1.093073549423411 
0 
-0.2651084540297741 
-0.06031832799554711 
-0.3086756456278163 
-0.3796161766735122 
-0.01393750359407231 
0.04137760318904333 
-0.4987690698877338 
0 
-0.5074861370923712 
0.003051166672007169 
0.2165049692466328 
-0.334288734231494 
0.3511391995303309 
-0.06324710398414655 
-0.3070581777598014 
-0.1828668122560528 
-0.2394310121248523 
0 
0.1905406766639836 
0.04287063895575696 
-1.137320602690077 
-0.2858300333901376 
0.1578662207038406 
0.2681256713109972 
-0.8150502864943576 
0.3502711928520718 
-0.7239993353317741 
0.4433582171314807 
-0.4411832912786822 
0.498595555280788 
0.2610447097871357 
-0.0062932541621681 
0.653258224256778 
0.2411547415439912 
1.531170453024825 
0.03498479598775896 
0.252014055875883 
-0.2090125660212957 
-0.6795607009146516 
0.1567700545338808 
0.08992836780765497 
-0.09949335599610032 
0.05124629112187867 
0.09494119383081773 
0.08429799725740683 
-0.7569759991366508 
0.2845542836788518 
-0.3371784321501048 
-0.7816559575902344 
0.04460205360173673 
-0.3739309815204417 
0.1631922260675986 
-0.4473457960853937 
-0.3037541005042971 
0.06029279942750691 
-0.247424085000357 
-0.2877184731856558 
-0.569641414608868 
-0.3493536203912434 
-0.2331861249395035 
-0.3885077778554742 
-0.243645679209138 
-0.3367349396068461 
-0.2434481193490146 
-0.2914394416923591 
-0.03645954809001783 
-0.2240045341412293 
-0.1849777587993445 
0.04716790489978575 
-0.2620617339530388 
0.6258032043852879 
-0.1583837744816733 
-0.3131539929070837 
-0.009309705055414216 
-0.1777102096316097 
-0.05660725597392071 
-0.05822447479730743 
0.06346651317958477 
0.0569141895471122 
0.4035385377772669 
-0.0135550756027266 
-1.366051285675132 
-0.3623921106047507 
-1.039528169983778 
0.3992396916540156 
-0.04561326655149854 
0.4401275842912072 
-0.1923273679283806 
-0.06919585045196203 
0.02341431329991239 
-0.3179630285437203 
0.01167364408500725 
-0.3990145957073979 
0.5698710728781519 
0.1642045742875552 
-0.6372704354916598 
0.1982454124382798 
-0.4770147690244523 
0 
0.08711908988848881 
0.2632543198015393 
0.6280831697309238 
0.2903983497591311 
0.4561239693617493 
-0.03625775613323783 
0.00757509363199092 
-0.1075661231993098 
-0.1962785744358984 
0.7411378495862019 
0.079391147586618 
-0.1770790803666764 
-0.0816738447260747 
-0.3157853075865454 
-0.223487322985322 
-0.7193612450102899 
0.01567327702999437 
-0.3228355527613121 
-0.0570087473319147 
-0.05776432505033883 
0.6181401363194643 
-0.3186752296174817 
-1.481005684121668 
0.2375075389650521 
-0.2549796112860269 
-0.4199088891040108 
-0.2341365745055265 
-0.04025801327444135 
0.2671999645083381 
-0.6355217608781404 
0.002677448797182388 
0.8616296637008095 
0.3791037834521199 
-0.3001565902000958 
-0.5658561964456336 
-0.2269909400402836 
0.670277672422992 
0.2375695255307728 
-0.03635355677746215 
0.2448795303588467 
0.04120082604019561 
0.8468048644383128 
-0.07370338770770342 
-0.4154293696369837 
-0.08393749446652708 
-0.07566051155632017 
-0.1257352838262375 
0.2136306760233503 
-0.09690090949908355 
0.2886122474724674 
-0.3740813919341661 
-0.03944230449267047 
0.2384633406667644 
0.3042513890204492 
-0.3289432245340159 
-0.3811230453390657 
1.140461024890542 
0.4904213380448137 
0.5666145613382338 
0.2027402251549313 
0 
0.4947631740655419 
0.1898043884581467 
0.1217189742186054 
-0.2511849519306548 
-0.2045868093408334 
-0.3076805269688148 
0.1313068374579276 
0.01923170626198294 
0.008737481676064602 
0.0629092874933749 
0.3209595404956633 
0.2958981928930431 
-0.5767713202756363 
-0.09197616417229097 
-0.6191646276971354 
-0.2382477602222335 
-0.2488014005103505 
-0.980497611828912 
0 
-0.5609998986791098 
-0.1656956413918374 
-0.4625608458764657 
-0.04369991534540209 
0.06942655095001544 
0.8210408763692513 
0.1252616127070004 
-0.1334081669140366 
0.02621755927252668 
1.722653845088927 
0.3679103156703195 
-0.3352961320060194 
-0.1172055461316696 
0.4596916145724928 
-0.1735509071283364 
-0.1812823874789238 
-0.1170338400030463 
0.3985564436829633 
0.7124063532794389 
0.139435666367519 
0.2901838398058195 
-0.1282794022694758 
0.0347792650267129 
-0.3188672406456358 
0.953884638903939 
-0.2035838119729661 
0.05285629625099579 
-0.2676934446843356 
0.2208694200434416 
0.2679664641218848 
0.1048511977733451 
-0.14256298856797 
-0.1008816473477139 
-0.1061377180931685 
0.0895947434958454 
0.09921219037506662 
0.006430143560429869 
0.1305604379305059 
-0.2355280987655924 
-0.2077554878770549 
-0.3667918996561284 
-0.2718844194279046 
0.3247094817348001 
-0.148613335005878 
-0.2081604501340751 
0.4339973733589735 
0.3288697254929372 
0.6566433898045843 
-0.2060894437163932 
-0.1789617119027469 
-0.1658559656061844 
0.07794286834335724 
-0.5177078185551585 
-0.1127117196108207 
-0.1379308136140284 
-0.1999163651268926 
-0.2585527159942407 
0.1555651576265447 
-0.01911767055950882 
-0.0778059239295696 
-0.844060826974026 
-0.7918298641886126 
-0.09521827736846432 
-0.074321062712908 
-0.1811027321819331 
0.247261343154337 
-0.02410167540302064 
-0.2896756654415383 
-0.335825525470977 
0.481904413426139 
-0.3065870485010107 
0.1180800840328617 
-0.007092687091361799 
-0.08491335872778533 
-0.1930174284964713 
0.1030766309879677 
-0.9902879894451211 
-0.1096749473936416 
-0.6153737367408008 
0.2141945560986791 
0.7471953798689139 
0 
-0.264094117905163 
-0.08155630487268757 
0.8301659230268218 
1.270577778426186 
0.01507307034568123 
1.29797807123564 
0.04615121509877727 
-0.1190710659745167 
-0.06925822689684445 
-0.301686008810915 
-0.1242867232926113 
-0.1856833198217789 
-0.3282845155023016 
-0.4256284116258032 
-0.152008257048451 
-0.02631475688783818 
-0.1101599803477913 
-0.003726073715382835 
0.4296997268432811 
-0.1371551240148875 
0.006791724860492885 
-0.00708096372086232 
-0.2347930903114069 
-0.1700515163702558 
0.03510201984955881 
-0.0002213729303721861 
0.1074798460505164 
0.1706736541988209 
0.5805883446068002 
-0.2834590959065196 
0.09332725127143146 
1.518613751977596 
-0.1024930738394949 
-0.4424225377626252 
-0.2845852099690411 
-0.1499128240830393 
-0.206504442953186 
0.009069219451586612 
-0.07339042152844327 
-0.1152460520030301 
0.0913210365766312 
-0.54073709229567 
-0.7067199092980919 
-0.4181363384422774 
-0.896668091708991 
-0.01129331659118607 
-0.1428956665189283 
-0.4213612342421366 
0.3069970524044479 
-0.093233182170584 
0.225585998223901 
0.2348920746867359 
-0.1101028460981807 
-0.08598133060020932 
-0.02327871560090201 
0.5348135202089868 
0.2152819469209464 
0.337155284855619 
-0.152755770551876 
-0.01156821972005219 
0.2134219218665313 
-0.1385677432539897 
-0.5748197719886124 
-0.0585458807589506 
0.301555537596649 
-0.2055027549577459 
-0.03020077918442241 
0 
-0.2447526860302893 
0.06052210294221572 
-0.07165737563661953 
-0.3363826838625139 
-0.1202888484793577 
-0.01098040540164365 
1.753889313630464 
-0.01128648015518928 
-0.09792845134743335 
-0.798162245434627 
0.3509859089608047 
0.007004056385283623 
-0.008288013416742662 
-0.4374508047831533 
-0.02072986578941739 
0.3042455554800516 
0.1743940923451736 
-0.5833158504069246 
0.6127798800491201 
0.0880380156946497 
0.003517334123720394 
0.2127047856718531 
-0.0774058989819925 
0.3412271004505584 
0.1019648332493264 
0.3625101380706751 
1.300012958893749 
0 
-0.2501279469692962 
-0.01055389442298325 
-0.02834676710607343 
0.2940409303199801 
0.2445714659383579 
-1.115676711396976 
-0.113072305282322 
0.09793698333644585 
-0.08399698574519357 
0.03352420741956332 
0.07581836715433189 
0.3728104609638963 
-0.1306280852259052 
-0.1964909326083148 
0.2081314994237352 
-0.4891645356325992 
-1.22138666366651 
0 
0.08364536403449334 
-0.2584278509399956 
0 
-0.1996259755480519 
-0.2150839541869537 
-0.1542640022764934 
-0.6628697621312895 
0.3668844897133081 
-0.3495609646188633 
-0.08862881428953341 
-0.3870985435613741 
0.3208337587681292 
-0.4462179031001036 
0.1782822753383085 
0.1746795923446724 
0.6077247868421881 
-0.09861354681439745 
-0.8347046071956176 
-0.7580535783452743 
-0.02340771706913961 
-0.2660808518229483 
-0.08873118468196374 
-0.3021694583845428 
-0.3261789179155345 
-0.8288192355348281 
0.1679457776566963 
-0.2497094359887467 
-0.1531286057011288 
0.5624188311820741 
0.2813714201054494 
-0.08265228899524646 
-0.1860331741914423 
-0.05623572989099308 
-0.08773151278999522 
0.2480100983050609 
-0.1490526785983341 
-0.3695899489731632 
-0.02372804034670759 
-0.04132653076140735 
-0.2532891448756642 
-0.215975091725037 
-0.1552900773687785 
0.175442754284847 
-0.05437086457957993 
-0.09170841593901313 
0.06743654908446897 
0.3848452076253734 
-0.6074348880831725 
0.3994820914175331 
0.2895797618383105 
-1.168994161446997 
-0.2575622448620968 
-0.05042359131885366 
0.01734242242637032 
0.5111519818111857 
-0.1576989500906318 
0.04683083311244964 
-0.07535106237863382 
-0.1208402853982709 
0.6216309860363153 
0.05558971072494233 
0.08262440152135905 
0.8860907172432244 
-0.4412492962033902 
0.08259490562688342 
-0.03166655048989808 
-0.3503124838672799 
-0.7977684190450923 
-0.07287759915889691 
0.0865409329150708 
-0.09326253095825369 
-0.3792687591001854 
-0.3233109505647751 
-0.1772038979158689 
0 
0.0696289599145771 
-0.4096480964029421 
-0.2363413682857033 
0.0009697139646831208 
-0.394959286898694 
-0.1741982960946886 
0.7179773575963794 
0.3177810363428447 
-0.5272229150936696 
-0.03411790222806944 
0.9247712547472104 
0.03907714917690114 
-0.6856786654115694 
-0.081015432697255 
-0.05189445290477106 
-0.3258603053299221 
0.2225873087496336 
-0.0008437159486345102 
0.2078748507219151 
0.274494022057661 
0.07924107713368943 
-0.08867329479944516 
0.1002152156333161 
-0.03763824212938904 
-0.0830682606982255 
0.0121170744707957 
-0.01348984366618881 
-0.01859832220754725 
0.7824373092923254 
-0.01482332187948446 
-0.9304584229405337 
0.1236984392335942 
-1.638912259463285 
-0.392272581086671 
-0.1793657899805181 
-0.3174792937243867 
-0.234931476775157 
-0.2112328184441814 
0.142713644025934 
0.6618336436505805 
-0.09330950833462803 
0.2563785413363661 
1.556621236390921 
0.5201544951898667 
-0.6525064013132461 
0 
-0.005896461905487386 
-0.006234319185856181 
0.07754274565802723 
-0.01333159833150125 
-0.165204996819684 
0.8008676109957779 
1.586803598529862 
-0.005608770819815066 
-0.3280538715266659 
0.038902304592014 
-0.3501404893857855 
-0.1142786331123089 
0.1470177436316412 
-0.03721280907524049 
-0.1044354751503096 
-0.5923253247989608 
-0.2102296448598651 
0.1031682627146158 
0.5457956313108691 
0.02314395961551032 
-0.1290338091064742 
-0.2148851182004626 
-0.2423791795851384 
0.7518196171943511 
-0.03986848729141749 
0 
-0.00463087186136246 
0.2838296341605989 
0.2234320994924746 
-0.2266614166810428 
0.03520548667021572 
-0.1731569594000265 
0.04542984828146147 
-0.06677746304999316 
-0.09715128682688294 
-0.7230689696348844 
-0.5351018106516502 
-0.004171136926479134 
-0.01042082960458542 
0.04373637890044015 
-0.09738915270245717 
2.168404344971009e-19 
0.1027487572896185 
-0.2641502365330438 
-0.2148559652740603 
0.1869539207010376 
-0.3154804672803128 
-0.7137424111201365 
-1.094314455457223 
1.325715043307963 
0.001469958407267491 
-0.6556834316444509 
-0.04146692478634392 
-0.6811766918734449 
-0.2380733808680794 
0.07194114450368766 
0.1060132342836861 
-0.1541366041071205 
-0.0037272469296784 
0.5143776414662333 
0.3023172856406588 
0.2244766352417521 
-0.04316267819519115 
-0.1470105101182203 
0.9320806937064728 
-0.07254529688435438 
0.08156357921476273 
0 
0.5736769232013915 
-0.3836747287005056 
-1.088209087225686 
-0.04779910693937018 
0.3305434865488885 
-0.1914736832723245 
1.575257569308756 
0.5268334009157891 
-0.06705093808913083 
-0.03153757750484965 
0.09669144373852942 
-0.1829859091091702 
-0.02231431078776974 
0.02765885737653561 
-0.04144203277983419 
-0.7128611256839307 
0.712969550394662 
-0.04255951280910338 
-0.06755842518035271 
-0.3127182123655139 
-0.5532707093218601 
-0.2570495682328989 
-0.03123435475125723 
-0.01502366139709979 
-0.3818909726891889 
-0.0490879136716544 
1.54114348095525 
0.01908355361209626 
0.1490265976836584 
0.8077523054958752 
0.03999844861206921 
-0.990311245993305 
0.07273841141870062 
-0.01756087393396929 
-0.103031429515021 
-0.8928109602124732 
-0.07839201086207827 
0.1175000675361015 
0.1277056798513466 
-0.2360388852676082 
0.06200535949782403 
-0.4255970075793832 
0 
-0.1455904401828831 
-0.08660804063447609 
-0.5360906591355716 
-0.3647984967205219 
-0.1104814277879161 
-0.05360536136261265 
-0.6510775409609242 
0.5413271882933589 
0.04608590151917157 
-0.1547339872356192 
-0.2314360992905754 
0.02678571921723652 
-0.1728940849515304 
0 
0.524954655049036 
-0.02074268405931047 
0.2785991914331118 
-0.1130184598474973 
0.4209625285831661 
-0.03043341122908846 
0.1658263757219538 
-0.02116418113038947 
-0.1189501077691272 
-0.2091079973237432 
-1.024397591430508 
-0.3722658656937338 
0.2455361918557492 
-0.03112562880436434 
-0.03686908082716349 
-0.052446101045522 
-0.20558177291753 
-0.4102921342672516 
0.5150756689292939 
0.3135132704644007 
-0.07329247011284125 
-0.2363269920356459 
0.01708379007913314 
-2.328681304953935 
0.005512164325801617 
-0.01822626078960375 
-0.3197056145967557 
-0.04785729735685725 
-0.1173959985020776 
-0.06272963407845421 
-0.2151150358219321 
1.412506997724694 
-0.0873752520082644 
0.1311445935682229 
0.09068551541336235 
0.6238242733386566 
0.4905179209472467 
0.3526223564093863 
-0.002012909006374008 
0.02631927404512663 
-0.342503957463722 
0.1528447469427029 
-0.007111575380484499 
0.5689366579423522 
0 
-0.1067441473691539 
0.05413828503391461 
-0.1201082851341889 
-0.4732368868296812 
-0.01976986418957678 
-0.02763620615550676 
0.1468140634601261 
0 
-0.1670821294555674 
-0.3717997477591688 
-0.4198940070224946 
-0.059009454588129 
0.002562117360939396 
-0.05670118543003918 
0.4225093811670207 
-0.3965506853231033 
0.3828756621092161 
-0.1677729016548395 
-0.06012325230738522 
0.03786468328690367 
-0.4741659689490632 
-0.2013811122815545 
0.04780031727581793 
0.3985054978780015 
0.07437607789599925 
-0.04870763553066677 
0.03187826421699938 
-0.1000595452514926 
-0.1325545489890683 
0.2115811749043412 
0.03783958164222824 
-0.2078673174447725 
0.1985477482437361 
-0.0795172079216096 
0.05593330461090734 
0 
0.01741013223545368 
-0.485128704435919 
0.9149003278080621 
-0.07964007234497013 
0.2590780939982538 
-0.09064768574773979 
0.3995061464832715 
0.111886000300962 
0.4874442610798537 
0.02725432061750617 
-0.4703800271873864 
-0.008485927851079794 
0.2477007302520028 
0.3455763084546373 
-0.3627362782849166 
-0.03746651922259271 
0.1710000273668146 
-0.2284750593285173 
-0.1753859239952176 
-0.1156992377664096 
-0.4471093618859979 
0.02408687230165107 
0.1393059897431565 
0 
-0.1736185632014652 
-0.06546619712377486 
0.2046017773888259 
0.6293226700437726 
0.09256289955990847 
0.1518206542546162 
0.4299267837160399 
0.1251892079639763 
-0.08300466491541368 
-0.2170518261661206 
-0.003652850936788861 
-0.826282229973647 
-0.01043575944307068 
0.5999877206235456 
-0.03382006619309706 
-0.001165835949878958 
-0.2583460899415682 
-0.07584251640896833 
0.1209758776624363 
0.100329248901781 
-0.0607332525604899 
0.02032839095070376 
0.3526982053632681 
2.209335521836061 
0.286575878770195 
-0.4416826042488078 
0.1360100847574379 
-0.1070042897937462 
-0.7881643243330854 
0.5410373360341799 
-0.3737992828081529 
-0.1148834915325553 
-0.1608803008037078 
-0.1513804255604329 
-0.7006810540759143 
-0.6576592967003235 
0.2742807660050153 
-0.4703057602779722 
0.1383463880570075 
0.3438216480092627 
-0.1338995531289204 
-0.1375394419973578 
-0.05993781216752558 
0.2840914565259985 
0.01078638817199816 
0.06505467685269976 
0.06410724041735422 
-0.72398550939303 
-0.07528272886425423 
-0.2341930804539228 
0.2229431956541789 
-0.1403150023244848 
-0.2467833367120699 
-0.828430602944366 
0.2050584590084733 
-0.5925203999227241 
0.687062847943037 
0.2175605654825211 
1.153514594051273 
0.257546679274553 
0.2684746947033121 
-0.03966309690427844 
0.6353206497760876 
0.7231993173545096 
0.2056206532877495 
0.7990089744275183 
-0.1081526427390409 
-0.01498603823011496 
-0.05761536058561945 
0.01157349318723646 
0.1177593595376846 
0.1844866429373098 
0 
0.07576448843834468 
0.2105184696253155 
0.4333276059723594 
0.2751317900632441 
0.4355221561850497 
-0.01098696313898926 
-0.2685642521944065 
-0.289195767404825 
-0.01126703005081648 
-0.39944924867359 
0.09547898821908861 
-0.1650065727436322 
0 
0.06088034214105179 
-0.0922309780501053 
-0.5839984657984612 
-0.03694109894102059 
-0.01519071847857418 
0.05646024619653631 
-0.2399724542854991 
-0.08168222888241691 
-0.2209568129772812 
0.1226965470430769 
0.1162804293554755 
-0.6046579999661249 
-0.05628327270900695 
-0.07276504954286547 
0.03801419972683038 
0.2983517087389753 
-0.6070103199779032 
-0.2036290592400324 
0.1848357405227231 
-0.05605285743214446 
-0.3794419780063529 
0.2059918927826697 
-0.163389091988885 
-0.07634132740688741 
0.0607689711758746 
0.3692065449111854 
0.08141723445540261 
0.1232163394748345 
-0.07157904928532541 
-0.1345275074101476 
-0.1094364784212177 
0.02405283419049235 
0.4129199925541925 
-0.1347489547321576 
-0.01132679695770496 
0.1634330193147458 
-0.0150141462219009 
0.2344219790926147 
-0.4698571021045506 
-0.7084386955055338 
0.7674400603389008 
-0.5867354913181245 
0.08271518159651579 
-0.2696070994705639 
0 
0.04792491204171677 
0.9637137657205952 
-0.236613785476274 
-1.048694734997663 
0.4150425975078426 
0.3243399143914643 
-1.01548770908427 
-0.2009431459026802 
0.3769209372737966 
-0.1226865068785965 
-0.07633550380991783 
0.08779695359346443 
-0.2059099822265699 
-0.01549200461569782 
0.01744870649370747 
-0.1034949633373687 
-0.0535299192634499 
0.2402555637885757 
0 
-0.07399983661099295 
-0.1872314673938723 
-0.2940237044262098 
0.02084591254961025 
0.3341963468745544 
-0.03532672640177448 
0.4208572501284851 
-0.002773241843068628 
-0.01202744542400143 
0.3391447504958807 
-0.01697603331074362 
0.02570561808922017 
-0.009274564153319072 
-0.1223309209623474 
-0.06641093944056259 
-0.5948250799589634 
0.01919678628087448 
-0.004127145489095637 
0.503281423564501 
-0.1466265196613483 
0.02604953141848996 
0 
0.1392151372017786 
0.3003796353817073 
0.6899575371472596 
-0.2279558681385965 
0.4481462803550733 
-0.340563385131665 
-0.001211954705826923 
-1.236440728717502 
-0.695189834980946 
-0.003348019746591945 
0.145310552556848 
0.01661533483282204 
-0.06096199826591388 
-0.5272898917675364 
-0.3113424594960423 
0 
0.3155531236423905 
-0.1241259452923297 
0.002432507993333822 
0.5403219034800606 
0 
-0.4975087365914406 
-0.291100626622242 
-0.2808046974565294 
-0.360134821818146 
0 
0.06696953086663389 
-0.2723270785517911 
0.2142214326612212 
0.05974398002333531 
-0.2264823931187543 
-0.07994125727171923 
-0.001101871438260027 
-0.7341785860171798 
-0.2957629410546412 
-0.3656166245116401 
-0.5172630927992117 
0.7032476583040521 
-0.003886544577511142 
0.5017299752235658 
-0.2838426956790712 
0.3723042782999406 
-0.09413744215170126 
-0.0001748299932150787 
1.028587464078792 
-0.1265294384248626 
0.1238201274261742 
0.7159429560918308 
0.0548972762993405 
-0.9478863770429559 
0.01402212721715069 
0.3101023952248484 
0.04106217362802318 
-0.1299796678574679 
-0.1016936820020568 
0 
0.1911986667271113 
0.4168058245538829 
0.9419347961981749 
0.002049766433368524 
0.2214201228823421 
-0.4010080697129813 
0.7051974248454624 
0.0778748219170504 
0 
0.2630194802452624 
-0.2266945610262866 
-0.1088013842024855 
0.6877151337565952 
-0.04141843133419987 
-0.09156498961972656 
0.3030614007144657 
0.2966309877899929 
-0.05531348440978337 
-0.3732482276090904 
-0.004221979524806962 
-0.2924834296540526 
0.3015818198897817 
0.4796427579782051 
0.1862097145479406 
-0.002444040566205614 
0.02326866280844868 
1.470254754872685 
0.1588826562531505 
-0.04275097033570073 
-0.03814399697556303 
0.1398124652439475 
-0.1892698527923408 
0.3370778634435823 
-0.2308716246304121 
0.1533188837200091 
-0.03875404866917877 
0 
0.05474780909884781 
0.8938197892785217 
-0.5587062045305059 
-0.08209583131463291 
-0.2448775030282701 
-0.0007198355557963064 
0.1511765412718307 
0.03246054089496141 
-0.3204033260984799 
-0.04195718818929212 
0.7683269937745051 
-0.1027632666733518 
0.01910312542584409 
-0.1043474992077751 
-0.09589436699503409 
-0.06765779495910705 
-0.01307537599109439 
-1.095291357233897 
0.2337094983404473 
0 
0.2286329777614237 
-0.04160744998970206 
-0.05393943364926602 
-0.04036124570698478 
-0.1072381628801164 
0.4358647734635901 
-0.3429663407740777 
0.002377151159282154 
-0.1099845382241871 
-0.02987559656915249 
0.5027780632108366 
-0.06850650761213797 
0.01038045091793533 
-0.01110527537698221 
0.5879542943006275 
-0.08091539761387095 
0.07604623612301338 
-0.7205714180754176 
-0.4851704486009968 
0.5106503260030787 
-0.1143144231985324 
-0.05842080301856043 
0 
-0.2892395881087954 
-0.2318911491065016 
0.08260317553822244 
-0.2804816617025876 
-0.07104851529788558 
-0.01849726348589436 
-0.03080548238856111 
-0.192458622550076 
-0.12953953245389 
-0.02174498968445282 
0.09306388558594401 
0.1219125535684479 
-0.0306165388970661 
-0.307252908726648 
-0.1535705014010353 
-0.4491004808465439 
0.3414452102517617 
-0.2564853656492612 
0.1810464042625787 
-0.6319113016734603 
-0.1859432376311824 
-0.03769078001486546 
0.1024354826595182 
0.2975520921054254 
0.6565333911483071 
-0.6837444463761588 
0.0970522098764211 
0.1646440678781314 
-0.2621856302522341 
-0.0875509083142617 
0.04576105892423366 
0.6217401329608321 
-0.06030003377166934 
0.6774457205751355 
-0.6584988896679507 
0.3702089609125099 
0.735875597111793 
0.02305863793521747 
-0.2192370451928961 
-0.1593190739484992 
-0.00139657557420637 
-0.01486111409940175 
-0.08444724042223134 
-0.3175901760822314 
-0.0004651483811320964 
-0.07685150133127382 
-0.001125354797515654 
-0.1383006528740318 
0.3751735836420552 
-0.003364146037775034 
-0.2565020305449325 
-0.02629059583226005 
-0.06263351931515368 
0.1400934134484671 
-0.04161749827087734 
0.3641342559711203 
0.1947480386893341 
-0.05490412845501381 
-0.02369349768537719 
-0.1464130747295339 
-0.1407258940366403 
0.1365502964567106 
-0.7689558557147385 
0.2291123119617407 
0.1115423314763633 
0 
0.04559068929864888 
-0.4135298511410498 
-0.02537529226252241 
-0.4509394436823665 
-0.1251892936413784 
0.003497153357498262 
0.1340683151846397 
0.8400265494555558 
0.1133932233011304 
-0.09752194135824414 
-0.06597070548872982 
0.1063677824546375 
0.205464229541389 
-0.005393989581852766 
-0.2329783860528704 
-0.01800417508400124 
-0.05464851754487914 
0.3614811077354801 
0.06111445300688556 
-0.2766288573853408 
-0.0338909751504429 
-0.11981222200685 
-0.3005365866495835 
0.5261489792009111 
-0.3434252333674772 
-0.110664034008392 
-0.02421357540442759 
0 
0 
0.06816278714804704 
0.0622613675832713 
0.02561265780624799 
0.1980193273502386 
-0.1816719064520008 
0.1163856644367607 
0.04685886728284956 
0.4289020650140361 
-0.1229120125496427 
0.08750000274451999 
-0.1254654190485845 
-0.2532898017716404 
0.03993995145112604 
-0.01621985322581516 
0.1928761698118203 
-0.08435219907905137 
0.09600145168350158 
-0.03661730141925961 
0.3825323005833699 
0.1510098081237841 
0.1291292211465435 
-0.9814345233632066 
0.3942574855851882 
-0.02689207036120792 
0.2785716300198139 
-0.6566087601294246 
0.5950836650081833 
-0.5450862776762762 
0.5569590991822448 
-0.2546415501490557 
0.4463708831894643 
0.2144093124656813 
-0.05060435271802497 
0.05471060209119151 
0.09272867660459523 
-0.1119780782196306 
0.4498542358061994 
0.5550865963136148 
-0.009039443319848368 
0.07938486375454347 
-0.1045735542430694 
-0.1476570699778937 
-0.4121632506391647 
0.04885608668303265 
-0.1716255535085176 
-0.1798663121032592 
0.8580658666061295 
-0.002376756747486955 
0.1192601067784297 
-0.1648917589508473 
0 
-0.0158588912468909 
0.1196569280675554 
0.7284242856227469 
2.168404344971009e-19 
-0.001690963692219593 
-0.07884261936294482 
-0.002609875419831563 
-0.07892598632381986 
-0.03818723625023087 
-0.0785867813489268 
-0.04183558014943734 
0.2428588733623999 
0.1922277472991092 
0.209302532967487 
-0.0003876323011292117 
0.0660229353645964 
0.2052284100526663 
-0.2791690642800004 
-0.01446173614848702 
0.2557208652460054 
0.1451934442258493 
-0.01404657025949156 
-0.08582978121836882 
0.0945233760713801 
0.004617239042577788 
0.4780515557291807 
-0.03217139004158225 
-0.155415337186984 
-0.02125763976327812 
-0.04561235145972421 
0 
-0.1951171833930001 
-0.01523661346635442 
0.04367653990628262 
0.1302819240081917 
-0.1867832143893235 
0.03891181717523325 
-0.1902999973635561 
-0.269691548457451 
0.2899974536367915 
-0.06303504368851555 
0.03125084493374243 
0.01060003249707636 
0.01880655400133377 
0 
0.2862938352904567 
-0.1201652988149876 
-0.02860974293202148 
-0.3493862682729132 
-0.3205678642397468 
-0.07325426437042193 
-0.1931266509877452 
0 
-0.7473690598150378 
-1.042210310694568 
-0.09496422349743484 
-0.1718096011781735 
0.0502940263640826 
-0.07932056582115266 
0.2488693315117547 
0.7122404697345582 
0.2107110165490032 
-0.1974181151197935 
-0.8641041876197778 
0 
-0.2913349347308046 
-0.7598503761929085 
0.818620727147068 
-0.3078354522301282 
-0.05498075834102797 
-0.6663719510562712 
-0.3231574828051987 
0.003482887217804475 
0.6853103913555042 
-0.008263701349959794 
-0.091884338017336 
0.1206367057776518 
-0.06344387281986799 
0.1014392961953605 
0.2046959845605276 
0.1222145982966148 
0.05262702133109712 
-0.9434291978704823 
-0.5853126878943966 
-0.1214316822903793 
-0.4114720761131645 
-0.09044708530672599 
0.001791540170046038 
0.3455689569484877 
0.7921304096853212 
-0.04374977063746698 
-0.09850382112199668 
-0.05730719362596447 
0.07239491892265591 
0.7708152731025634 
0.01425882936242226 
-0.2302775540980723 
-0.1064364554474434 
-0.02101118546136145 
-0.05614216319305932 
0.2844541968578233 
0.3951002375112911 
0.2333532970829297 
-0.2581883048046564 
0.006786831094844143 
-0.004855107075845526 
-0.3348392672494767 
0.1946758298531919 
0.4228416786367636 
-0.09298650096498787 
-0.1496565146148428 
-0.3638194430978569 
0.08334559949024928 
0.07328173467029997 
0.02971082668804044 
0.007707306200682167 
-0.2546107532562996 
-0.002904158266446888 
-0.1569500810332284 
0.2339577884244959 
0 
-1.193306693822518 
-0.3199645374855309 
0.09655884092749752 
-0.6047764372318332 
0.2066667837371973 
-0.2574780009161347 
0.2627666684071557 
-0.296230321777576 
1.804981650979726 
0.1188483904881275 
-0.02534384463039105 
-0.03597852419370291 
-0.08590816509418439 
0.009551395841861061 
-0.2379348350130316 
0.1412387654656597 
-0.3165424588083696 
0.002100198565110288 
-0.004733243124688121 
-0.3191773601032303 
-0.02534475580400372 
0.534798992676468 
0.06996531123706727 
0.006469447598650355 
1.071550397589723 
0.1529635200760739 
-0.06996123346356736 
-0.2369721481596211 
1.200288518679429 
0.0174477272470551 
-0.01380592071107284 
0.2338300428509832 
-0.1337197004149204 
-0.05647895833843532 
-0.3794885229409852 
0.567839646094863 
0.1584855654074825 
-0.1694127245451227 
0.0004381639570994173 
0.4701843666181709 
0.5762337942565611 
-0.02608409487141538 
0 
0.3179587528020024 
0.1757434517044397 
0 
0.03581038076240339 
-0.1892543924632495 
-0.1542565774421827 
-0.02966631774495273 
-0.1957254972446763 
-0.1507145076160715 
0.30675935203613 
-0.1976201913715233 
-0.4071079741196743 
0.01107467312730642 
-0.09803166519295697 
0.001527601242556785 
0.4830882302178071 
-0.5487173743493607 
0.1036497011389947 
-0.4812643272939818 
-0.4561383333772994 
-0.02072893906697086 
0.001036123331835539 
0 
0.001728748037405592 
0.1657432461318733 
0.5335315740050893 
-0.1576893521304711 
-0.002604372197762191 
-0.02456625893041168 
0.6123709024995998 
0.09705526871607305 
-0.06776669639150228 
0 
0.1915372355940816 
0.06145433481036033 
0.02163525338622155 
-0.1768617299007149 
0.1874636674567771 
-0.2307576178401891 
0.02208626178807131 
0.01087738418790733 
-0.1359182755150525 
-0.04242091346806853 
-0.8978104098276499 
0.06019934488215117 
-0.3354671467602869 
0.1756886410114647 
0.3969197392902872 
-0.2488515853336513 
0.06590317057982545 
-0.4349932129752234 
0 
-0.6108769179738427 
-0.4286884450750862 
-0.05399084092202922 
0.4116528737171541 
0.09996539882684198 
0.2045599741205204 
0 
0.1434779998324641 
-0.05603710840821497 
-0.2677757408556921 
-0.01792001242721144 
-0.06607704006063267 
0.3605456612100499 
-0.0163882556139998 
-0.05035596807389163 
0.2384894156284231 
-0.6551326288306729 
-0.501412880221115 
8.673617379884035e-19 
0.3695966774393373 
0 
-0.02233075808216969 
0.2356794202224765 
-1.048891464169771 
-0.02460019742194877 
-0.04342489424300545 
-0.4586217826700535 
0.1646024480243144 
-1.62992627273955 
-0.2467305788510277 
0.9283645791212293 
0.2995698625825308 
-0.4146250493947048 
0 
-0.06347682401392206 
-0.08488763983029191 
0.1567713331213546 
-0.5457719321754578 
-0.03908124835268295 
1.386185847438816 
0.2632455738461668 
-1.230895284812493 
0.0971799495839813 
0.4332133861286071 
0.2185605449325619 
0.4121434756988127 
-0.2546132886474717 
-0.09590837221779491 
-0.0446330297905596 
0.3321866683998115 
0.1014362167768766 
-0.01667909008780685 
-0.01520498902585878 
0.450516133931832 
-0.1263802819784486 
0.264078793024212 
-0.2064096020811854 
0.584291610573374 
0.2534422902500507 
0.4115434676578923 
-0.05361150484218943 
0.07061795305905728 
0.003286346126916988 
0.05650343848963772 
0.4173046820227825 
-0.451817430442324 
0.001406989296648341 
-0.02645485443090045 
-0.2501942326766501 
-0.2413921246561155 
-0.2435839544727887 
-0.3292200751961558 
0.2272551704028901 
0.2626917012457153 
0.08727828442591443 
-0.2662000321408044 
0 
0.05030999864994028 
0.9189834118312979 
-0.4619536829594628 
0.2827397269310213 
-0.2785285476509669 
0.3091319808516391 
0.3112844660989801 
0.4741698739211192 
-0.1317734406921931 
-0.1090223407596598 
0.7034042716296883 
-0.2248737248510752 
-0.2694960868345461 
-0.2450774795945334 
0 
0.007602406339428067 
-0.006174335711579671 
0.2251639194663875 
-0.06308835946836981 
-0.1062142506733152 
-0.01494799331867927 
0.0364238494935717 
-0.04602723156374308 
-0.4918361785973974 
-2.439454888092385e-19 
0.001338116019901892 
-0.514641434533289 
-0.1254890263357561 
-0.04957604442861949 
0.06817216510212211 
0.4887155970212431 
0.09196170396044723 
-0.004754894351372254 
0.1262144143128521 
0.2373544103521444 
-0.004061875502575404 
0.3735192534192539 
0.02113874070966668 
-0.1050243346079092 
-0.1859881669846549 
0.1912647740345371 
0 
-0.01320510059707856 
-0.2834490814202921 
0.1306070742573602 
0.6159526329339683 
0.2589897690724953 
-0.7214388839531921 
0.137103965442221 
0.3733853626944845 
-0.2620266495456515 
0.7066569011938086 
-0.0002515855220744428 
-0.1344036076777425 
0.05957818227652728 
-0.1157850812180049 
0.2269357856638748 
0.04076226181219464 
0.08809566109219605 
0.04133526083676269 
0.1280373220038297 
0.4866905723095567 
0.4316090016523135 
-0.09792854772118718 
-0.02192389780034868 
0.9716517854211307 
-0.06667792591714904 
0.04493196508169878 
0.3029217590722337 
-0.09004261506582294 
-0.3205350820721285 
0.368118407994824 
-0.02748934636193639 
-0.2196461274148483 
0.6168093319096474 
-0.2021083582004156 
-0.06469605841710079 
0.2309812166621489 
0.6548934883198264 
0.6308527002860991 
-0.1044397580868143 
0.05388179066931837 
-0.01649579844378613 
-0.002551026110106017 
0 
-0.1070733132708102 
0.1455900816123795 
0.01658574136744164 
0.0763070484631931 
-0.1802956423819497 
-0.06714519470295896 
-0.00612154474373478 
0.7131084899643416 
0.2775692341870118 
-0.00540449083429194 
-0.03490289119908374 
0.1554072955554161 
0.04541068474737048 
-0.8438900534656438 
-0.01061943553813143 
0.1351003428241729 
-0.003807763264286782 
-0.08712268290370215 
0.182793410359731 
-0.2015291234469554 
-0.03896406962004419 
0.4571017760085983 
0.003093626582278427 
0.2764687169244761 
-0.05908363247665935 
0.4951885124525651 
-0.2158117102916088 
-0.1114235383632121 
-0.003378680138180709 
-0.188980685650607 
-0.008738823749507652 
-0.2645058548124306 
1.080815886397755 
-0.04064752945322203 
0.0836326414740762 
0.3668163096905514 
-0.01556073389864674 
0.6096731481182176 
0.2367690974188527 
-0.007223921813697333 
-0.02883794656509931 
-0.05706858261011415 
5.421010862427522e-20 
-0.1479491715944562 
0.03723722781542364 
-0.0511312810234158 
-0.009828257708079527 
0 
0.3044374742372376 
0.09160256049143815 
0.0806100943981394 
0.5305122240610947 
0 
-0.04824173330085977 
0.3094047771873738 
-0.02318142497688731 
-0.1211371472010334 
0.5611812649180444 
-0.03349687527820799 
0.2650742195162661 
0.2532455367464963 
-0.01751947053237271 
0.2530475569364678 
-0.0505895139016741 
-0.05615284567409502 
0.4279523854038459 
-0.6450186789819107 
-0.3038465166177129 
0.1704755753624705 
-0.02974615924532026 
-0.03718027174996594 
0.3651246768057381 
-0.03176472179642523 
0.06761827294887506 
0 
0.2899174184310723 
0 
0.3292692026382755 
-0.03935474857285137 
-0.09891473203629497 
-0.01681405989423991 
0.347492939674032 
0.2019835404742582 
-0.4442359186246727 
0.1722481691129946 
0.1890047897958561 
-0.07637200518909283 
-0.03395159681907899 
-0.100849261807125 
0.0338924105046467 
-0.5317410965472238 
0.3453864320226327 
0.1201928203398748 
-0.06097237963496199 
-0.02399819171711895 
-0.03759120317091616 
0.003569046768541635 
0.1167371272582597 
-0.01603031296932866 
-0.08607089962225423 
0.006543572191176236 
0.8325594350774235 
-0.001880401104585254 
-0.06841332149275227 
1.072066948479208 
-0.4505006953124497 
-1.132950169307049 
-0.5597324835910304 
-0.240095721077654 
-0.1392250974200104 
-0.03384019508527258 
0.4469657067486746 
0.2513405680170449 
0.1302589925765775 
-0.2004542493461641 
0.1155516422995969 
0.0006403747084574797 
0.05078340419530752 
0.02218972286417577 
0.1979113554831604 
-0.5886391035480805 
-0.6409349771244957 
-0.01005047347286115 
-0.1093223181856477 
-0.09152110970065128 
-0.4611862048672775 
0.2971899671342949 
0 
-0.2900331918204297 
-0.09219985508814368 
-0.3256275784836228 
0.34149669871809 
0.01321008725652511 
0 
0.1078814876344087 
0.1278766282917806 
0.002973363693005954 
0.06411651598830806 
-0.08195418494119974 
-0.06395967310901238 
-0.1048736070483139 
-0.1864319582422605 
0.01657141751357753 
-0.06308911687852513 
0.1032051995492106 
-0.2385595466922348 
-0.1694340220147362 
0.2045427527747725 
-0.07969617198709358 
0.5223749146313383 
0.1016806562031526 
-0.3303598062399201 
0.04164423765587388 
-0.1117406764794855 
0.03445591405868875 
0.03170767319562145 
0.1504741451240453 
0.6237514139792962 
1.273251579604119 
-0.1533107708766752 
-0.1966888901781731 
0 
0.2483844528603282 
-0.001722290544070648 
0.6640310627867394 
-0.2041927591638174 
0 
-0.6620076194123899 
0.02601390033116017 
-0.008778150248503765 
-0.04675751612791475 
0.00496461776837158 
-0.03239137152083972 
0.07639958048268319 
1.027980705623887 
0.05808269101369808 
-0.541149450720055 
0.002733031846527899 
0.2660048022353622 
0.933400696924471 
0 
0.4559293245249593 
0.08085057396861145 
-0.00540633780167589 
0 
0 
0 
-0.016581168874262 
-0.08664277902375092 
0.3164070783337392 
-0.01962488069025783 
0.03622882825611637 
-0.1004539174396105 
-0.0475099820205927 
-0.06278069990113938 
-0.1384315681477926 
-0.1764004373016935 
-0.5623717816218773 
0.05337239147011023 
0.5032022537981378 
0.5448006985863287 
0.04600649732284341 
0.006404150554964802 
-0.2268876582266294 
0.4320025004254558 
-0.4454403514371068 
-0.6813503694181567 
0.06825767639081257 
0.3190368551661327 
0.1259964096351123 
-0.01495511830864765 
0.5270195752031916 
0.0425071262433681 
-0.01315401755274377 
0.05311205482754239 
0 
0.8192351136685865 
-0.02000289371767553 
0.2324438067030753 
1.345268172082025 
0.05011176148041033 
0.5858275213860817 
0.271565064703108 
-0.001389016861777041 
0.4380967303166604 
0.2496732946203499 
0.5400358622443995 
0.3482621507345912 
-0.3479918067703153 
-0.1923779131410616 
0.05964317626999297 
-0.06053757629692939 
-0.07230065518083492 
0.4153968473782345 
0 
0.04711374040068879 
-0.4999773642010128 
0.3456258857621985 
0.325342936768198 
-0.02725745295807768 
-0.009477725985615254 
0 
0.2335378381589431 
0.1884450658522818 
-0.02069684156830657 
-0.5197798442832677 
0.5975904717596232 
-0.02611596924653985 
0.0815045860644177 
0 
0.1522877715227127 
0.05234550763000465 
-3.930232875259954e-18 
0 
0.08712614091804317 
0.8685134905588027 
0.7841960469305166 
-0.02048566010395368 
2.358139725155972e-18 
0.1632699881143716 
-0.782632129914398 
-0.02121747143449514 
0.5598228932811142 
0.04997647860901532 
0.3711258545138597 
0 
0.1075730451829194 
-0.001346606373709727 
-0.1249149207134761 
-0.01433914941875209 
0.0511323469229299 
0.2554354295918543 
0.2670193382990106 
-0.06299942925017696 
-0.05751970537326214 
0.3692806020340341 
-0.0125441234984326 
-0.2393098747035293 
0 
0.4900803781737441 
-0.3787397950146635 
0.07357537094499117 
0.1789776752499865 
1.065560592759039 
0.06830771067587581 
-0.2161272770702746 
-1.387778780781446e-17 
-0.05269921446983927 
-0.1542646021815897 
0 
-0.0303615678025679 
-0.01359415975089176 
0.1314920218971145 
-0.1871023407558135 
-0.04875541535846038 
-0.1256519953870941 
0 
0.0858274553589141 
-0.007078181154739278 
0.2402858699307878 
0.6648403591317281 
0.04652358513173852 
0.07442635565711848 
0.1419759131833769 
-0.8049481107968595 
0.3701978004016687 
-0.2200325782344416 
-0.1545473276654507 
0.6778712369982752 
0.6758497399399463 
0.266120149578611 
-0.005526986139424598 
0.06063341461691622 
0.4402409133473293 
0.02556310835695145 
-0.6643136359117731 
0.0996680794088577 
-0.01613397529220974 
-0.08596719621376159 
0.04406147115075213 
-0.004733164320789964 
0.0486166837229134 
-0.06167847042497943 
-0.03562884506817322 
-0.0524979519212917 
-0.09779671103403745 
-0.03334874889146527 
0.01683590459522439 
-4.20128341838133e-19 
0.1953685191553748 
0.08892944944852185 
-0.007913751428506248 
-0.02496986385594176 
-0.0523924024364749 
-0.01720171029181191 
-0.01000344418062687 
-0.09222433381910712 
0.02083076269091646 
0.3853109850577235 
0.3479967001200522 
-0.299929167300691 
0.3049518773030339 
0.8214678158556926 
-0.9513827286359077 
0.1296841305196276 
-0.3829690089457766 
0 
0.02283237303600703 
0.2432922080199769 
0.06296964094642503 
-0.07976567865607442 
0.3252721977538024 
0.3624761361133998 
0.5757555559466383 
0.1418345639611063 
0.3225943641952317 
0.05931789720604919 
0.3080623729698399 
-0.2263571582377215 
0.03253113241819712 
-0.009056173424986668 
-0.1179830927354134 
0.4375112610182558 
-0.1142677634483939 
-0.2210630208976492 
0 
-0.1661374700069908 
0.05634622953707636 
0.02693960160112867 
-0.08776265682827306 
-0.07196266574103929 
-0.075216955602532 
0.2228697923795539 
0.1698063218003076 
-0.004700515632399915 
-0.05438929795902327 
-0.352550089852524 
0.009093547514101975 
-0.4843746167653278 
-0.002091268286566646 
-0.1756099541266807 
-0.001505537491139547 
-0.003412475479467945 
-0.02685547353668949 
-0.4601556901773762 
-0.0501447412018645 
0.00200045448520556 
0 
0 
0.1517382676948814 
-0.07365368984557477 
0 
-0.08282909323452345 
0.08976142450793667 
-0.139376864145696 
-0.05865037168694782 
-0.047504451218773 
-0.2059723988555376 
-0.068908689117205 
0.06648664058080517 
-0.1053971300232537 
-0.008805124295946506 
0.1099048832155078 
0.9133522439878662 
-0.03271050444467612 
0.2805323939636883 
-0.09397135815984035 
0.1660357428368698 
-0.0862412863513546 
0.6719058649808243 
0.1023882439312621 
1.009691199222297 
-0.1157952411061415 
-0.4060710760007454 
0.2756162242471061 
-0.0419549481623511 
-0.09347991816568317 
-0.000235704692163559 
0.255564529018297 
0.2711299419206442 
-0.2107538911698654 
0.7316835630902695 
0 
-0.02139660950617655 
-0.0314007529126124 
-0.02973436233119409 
-0.02708991487120279 
-0.1042962882523246 
0.2424660433634545 
0.2343015071193727 
0.3098065605341794 
-0.463450990475109 
0.0630306039662548 
-0.01084166880289347 
-0.1121703303550195 
-0.1365461682689657 
-0.9712248377951548 
0.1649181208015904 
0.7699830794797359 
0.09115553344994334 
0.1229794856732827 
0.0233596238518196 
-0.03803796940852985 
0.7716212817444001 
0.1330517360551977 
0.2971560655775258 
-1.247919532322436e-05 
-0.08242147039262983 
-0.002881322081514064 
-0.1150432959029227 
-0.164802368290574 
-0.003292384575184614 
0.6646507633639408 
-0.1595284084394616 
-0.001733463989557268 
-0.02578459905336109 
-0.01580158241856909 
0.0004394172600534063 
0.1689054728579478 
-0.0127455398056834 
0.01889941095701149 
0.2613635816800056 
-0.4338074439521231 
0.1481595188496082 
-0.08623892215218848 
0.004553079050347123 
0.5569196493887487 
0.1362311295286705 
-0.09901786664774731 
0.3446417953494004 
0.2817878594981636 
-0.08567985947437728 
0.0006177265161428757 
0.6193995901410215 
0.03120565963383528 
0.0220795793952426 
0.2612396472393508 
0.2923694382836051 
-0.4984356964126848 
0.1022692705070945 
0.04938746455122853 
-0.09002381688045158 
-0.001008766417650738 
0.06044746575999004 
-0.1766216431327287 
0.1158054653958822 
0.2065681718280256 
-0.001987075209338696 
-0.5075401442211563 
-0.03078797178531322 
-0.07779226575654974 
0.2305863811518811 
0.3964768835851185 
0.1775243976714601 
0.06566694399490695 
-0.06005565342822423 
0.7333561832336656 
0.4997740718715568 
0.05470947315525881 
-0.008661450888743136 
0 
-0.02179440996059183 
-0.6485892333730473 
0.01645010707065243 
0.1206129121062679 
0.15088731189138 
0.1779372868365441 
-0.09613329919132479 
0.07444750163653371 
-1.228713269100404 
0.8241037529732753 
0.1347424882592868 
-0.02355318542114365 
0.2205443263623025 
-0.1150646219548105 
-0.1209853597844752 
0.4777638749333766 
-0.04614017275258676 
-0.01854060670379899 
-6.938893903907228e-18 
-0.02704583358321264 
0.1712840062119989 
-0.2108858281971833 
0.117830971116278 
0.02226238884951879 
0.0235595030276377 
-0.002712184342541948 
-0.06853671266502939 
0.1269197655874993 
-0.1225799514349592 
-0.01930781287089719 
-0.1183640013901151 
-0.1959992234392452 
0.7670105043941337 
0.1178723724691891 
-0.1075377078712263 
-0.08153082389607751 
-0.4356738423160667 
-0.3579202209331643 
-0.0802535670552538 
0.2417359004914658 
-0.03374621974424966 
-0.1350217480195157 
0.5538644749971239 
0.5845591290683236 
-0.4771893713354976 
0.0007928224429576845 
-0.008706153151154512 
-0.008259358610017718 
0 
0.4140485939082678 
-0.1688254625182126 
-0.08416030120218967 
-0.08878564629669806 
-0.3039342875473147 
-0.3501763954142825 
0 
-0.06380147699404112 
-0.5341153887299165 
-0.04019238924070997 
0.836135292532038 
0.00144658332221031 
-0.005316241716870677 
-0.1878073289127053 
0 
-0.80017256823171 
0.1378612482793511 
-0.2502995180628987 
0.6941464631377967 
-0.1237985447942197 
-0.2255260007188407 
0.1227741331283808 
0.5360197407984064 
-0.04124976249622968 
-0.4696577729962461 
0.7976785156005799 
0.3042894811708259 
-0.1039628767592921 
-0.05644520069404754 
0.5656540818851528 
-0.1176139729416261 
0.09085586627836149 
0.2661371002185187 
0.04332657852273537 
-0.01019898951570472 
0.6518895295154958 
0.009438882829593879 
-0.1609039043541508 
-0.004744719403065514 
-0.4574346492681144 
0.04416903605290482 
-0.09834641391953776 
-0.09709770176921884 
0 
-0.1053939392824497 
-0.1096271312415433 
0 
0.03570071117859486 
0.1403576627231667 
-0.01009855566152598 
-1.983220996128135 
0.3491753928467427 
0.3643911037404386 
-0.1864381712733648 
0.3283091640717891 
-0.01620515961040501 
0.5488341524502378 
0.01303336967517004 
0.460967385825912 
0.2636028284262596 
-1.366094737331736e-17 
0.2415525369401831 
0.1682100457789073 
0.8077600122687139 
-0.3071365900447195 
-0.04162517922480277 
0.09971879246806868 
-0.02438099621527857 
0.2439468034833769 
-0.04442089687809689 
-0.2308131762114408 
0.1419493769814055 
-0.08906765977552598 
0 
-0.505338280084475 
0.1260449192539417 
0.1535991906143037 
0 
0 
0.2077145336239989 
-0.2285292667687707 
0 
-0.1503032233703242 
-0.05703181511361644 
-0.07293905943368519 
0.01775527942215395 
-0.08334873646816171 
-0.9683708991914011 
0.06949523076485181 
-0.004131187897660882 
0.334382360497116 
0.003357992495244248 
0 
0.9749665861160679 
-0.239730448426335 
-0.2466135524227529 
0 
-0.01413795662307716 
0.01117492101620009 
-0.1414948759408867 
-0.03553621698723324 
0.06431421182770582 
-0.1053353457134474 
0.007939678365726737 
-0.03639769412817459 
0.9749070084375201 
0.03557046380340042 
-0.2724769598873979 
-0.02490667028088937 
-0.08899358455340456 
0 
-0.2213108509595327 
-0.0007494113596154075 
0.681794555165961 
0.2287080814159669 
-0.4995600364954788 
-0.1531167318594252 
0.1129434953570301 
-0.02417823469567666 
0.1126212169282884 
0.1196197583462057 
0.02899591394307509 
-0.1064560513197369 
0.7153764153719743 
0.01603462756709931 
-0.2585359838950719 
0.4580319535394661 
-0.003637832755199631 
-0.0004592590725878678 
-0.8422435358999163 
0.4655973102678442 
0.4805268265384768 
-0.4028784543280763 
0.2227624537506565 
-0.037407498881816 
0.06850925678152954 
-0.3511006301842384 
0.1791229943618897 
0.2189756178087024 
0.06938138172912627 
0.4120691879036296 
-0.1056626641704345 
0.0408354791841763 
0.2289535183601472 
1.325049791827063 
0.104685325600044 
-0.0008467241182577276 
0.3082338778177566 
-0.03033024273078228 
-0.06322931137637018 
-0.3680384525914942 
0.03417756647442557 
-0.002174829333451863 
0.5243703488166582 
-0.1426990883323493 
-0.1161840549170164 
0.1739485908165583 
-0.06299042984884622 
-0.3368293061440493 
-0.7788996645115192 
0 
-0.1446914595491036 
0.08182178037672604 
-0.3247646874361972 
0.03365376272842848 
0.1137772211947139 
-0.1020036632789383 
0 
-0.09965300287061207 
-0.1413562015357915 
-0.08084441104723582 
0 
-0.03726237338044153 
-0.1163898013935869 
-0.1970311344021797 
0 
-0.3419592315907344 
-0.1596010287085262 
-0.2750873833676957 
0.2737120166586186 
0.3773210299243611 
0.04800383100755018 
0.2288136579429953 
-0.0129734990628782 
-0.1610019287880319 
0.09045403125865396 
0 
-0.007554179582675076 
-0.08090686078888756 
-0.1001489032981214 
-0.1935634212277289 
-0.5605665319882736 
-0.139015514617351 
0 
0.08399564346716555 
-0.06367982325605517 
-0.01407007590370848 
0 
0.2074403899868452 
0.1703773528979784 
0 
-0.02577216752005615 
-0.003549219121856604 
0.3079524939968027 
-0.1371906961900952 
0.02701038157213503 
0.291235457863229 
0.0919587235838735 
0.108569090538832 
-0.0224494769306762 
-0.01298175889686341 
0 
0.1027127328817246 
-0.02295233904855566 
-0.1614593929535794 
0.05975605586743728 
0.02053877612343906 
-0.01182657263974718 
0.006998922646971215 
0 
0.6430478627064314 
-0.01519315192995822 
-2.168404344971009e-19 
0.002584550052997171 
-0.02053090018384127 
0.0426583212624817 
0.7206151971790632 
0.7592142771253547 
0.003169675251368259 
-0.04329713799279125 
-0.1299471250398387 
0.028144045102741 
-0.01064201439713298 
0.3905678528050383 
-0.04149425438257159 
-0.01590155726132126 
0.1278294453769265 
0.2221629613538639 
0.2975037099411979 
-0.3394842860811187 
0.003624939528852369 
-0.2203209230189311 
-0.1064054607506069 
-0.1493049083953571 
-0.04336051177690836 
-0.04596777089741239 
-0.01361062276458904 
-0.007177092467547351 
-0.6214294947553327 
-0.02612403627405846 
-0.1050753200557494 
0.1393253717035919 
-0.02038519154949994 
0.1549156981088579 
-0.4571390304740036 
-0.0467204426205118 
0.0892515072923695 
0.2488286933367853 
0.05176529317482019 
0 
-0.6556489816596001 
0.02899305712590784 
-0.1177184116906143 
0.1269227155081691 
0.169116804776698 
0.2547089600152448 
0.1708050564377468 
-0.005635097423908535 
0 
0.0008431542873104773 
1.042617307299096 
-1.734723475976807e-18 
0.1066696992780072 
0.0265876293607874 
-0.00169256371231009 
-0.02247361017423653 
0.08189568145155005 
0.1322938575916752 
0.6231632211134679 
-0.006885313352304093 
0.06503830229338051 
-0.3065363495346705 
0.2258171913257966 
0.1337560584946316 
0.4003770115527638 
0.3251751573327932 
0.02692597308125915 
-0.04805304130121631 
0.289659073227782 
0.06583914888988462 
-0.245164018460836 
-0.1037967025778347 
0.2658977793866965 
0.8827974415738893 
-0.05092882884843063 
-0.01729604520285091 
0 
-0.0009993198102483964 
-0.03182277279627939 
-0.1025769574594242 
-0.3086980185247654 
0.09580095829674763 
0.05575194933561309 
0.08965831184676887 
-0.2018955914340745 
0.7061265521910617 
0.05628935067103001 
-0.08754457857832861 
0.5885870779935864 
-0.02226930983077334 
-0.02536192028316573 
-0.3168749045236482 
0.1667175808558462 
0 
0.1948445519339588 
0.01333096729720396 
-0.1291176349602491 
0 
0 
0.2570186884341462 
0.7832561466654386 
-0.04212635047361755 
0 
-0.3331819071016415 
-0.4434460037708552 
0 
-0.05132762197190464 
0.235364390321957 
0 
-0.4757131780128782 
0 
-0.2525922964620071 
0.376515800104481 
-0.1213023655548231 
-0.475269444732635 
-0.03916164047788651 
0.4124549751889356 
0.008025126579048849 
-0.01183829602803884 
-0.01476608116507226 
-0.1160114373543054 
-0.3819980064968629 
0.1875328901162341 
0.1040490623061155 
-0.1037488450802629 
0.0542572620538392 
-0.3368334902188609 
-0.2472932799553067 
-0.3001262011602308 
0.01297226085948226 
0.2082596102210095 
0.001084606667792018 
-0.07973696299222315 
0.1257274555183171 
0 
0.511839028324255 
0.1067625740909706 
-0.001833350368488268 
-0.313996681512129 
0 
0.2160700381221802 
0.05264442771462037 
0.1603631384804473 
-0.4975060511868353 
-0.2312122776969328 
-0.5403412488878369 
-0.1520508511267648 
-4.336808689942018e-18 
-0.3199300141996185 
-0.03077537951583351 
0.213147452174223 
0.1619248364600139 
0.0367361147638357 
0 
0 
0 
0.002968961902096235 
0.2766194828979361 
0.1353484777564038 
0.01892666938349488 
0.3202781643545682 
0.1605926026175113 
-0.2313940357195724 
0 
-0.08009050519045093 
-0.001349691186983156 
-0.12202031269705 
-0.1398897811997351 
0 
-0.285106165653502 
0 
0.2126487564367136 
0.6191430635869993 
0.5601410484300311 
0.1698533086866079 
0.4978871450861703 
0.3984576099546128 
0.3150822637409759 
0.1850125631248811 
0.0824442467606977 
0.01701413622757221 
0 
0.05399054066706475 
-0.6218568961635202 
0.07442626670434255 
0 
-1.383708981072522 
0.5156039255336613 
0 
0.6540367468735585 
-0.0219705615987824 
-0.830549003416044 
0.3108744350101837 
0.7129991759265922 
0.6562836575101003 
0.1085726255257185 
-0.04096852741479241 
0.5601921691556657 
-0.133316673922733 
0.003841954310992844 
0.1974442758348742 
-0.1028339937400694 
0.08807724697053231 
-0.00880175968638691 
0.005130626457139941 
0.02722256899765779 
-0.05565754914866888 
-0.07994625005523096 
-0.08960725997732495 
1.09779794988791 
0.7076842528385978 
0.02014600059544891 
-0.2339443289310651 
-0.4385773151163726 
-0.3723534624775377 
0.08066092913895336 
-0.02829120222727273 
0.2327782793407927 
0.589935102232759 
0.04898593683391704 
-0.1320495050975104 
-0.04703648627879995 
0.1795006605598797 
-0.1642258614855213 
0 
-0.01295138658152062 
-0.01220962470157779 
-0.1149649750380192 
0.2169476090069866 
-0.03765081164024244 
0.005998954519278407 
-0.004243394579626186 
-0.3998930719296902 
0.00569236275398252 
0.005691382812309075 
-0.1007072266544813 
-0.4766603026443271 
0 
0.05824556130246149 
-0.03818850021041316 
-0.1076687537316693 
0.5930529014644459 
-0.05294455637981385 
-0.01147281629382328 
0 
0.0001226770063157269 
0.01220462783219829 
0 
0.0568661575118778 
0.2271887932337321 
-0.006206955431463696 
-0.002420228173589126 
0 
0.02126042178863833 
0.01621341359260521 
-0.8234849951790132 
-0.05785575583536508 
1.460269024663583 
0 
0.1273615744987475 
0.001673338631590976 
0.3935157870335405 
-0.07770340146957498 
-0.2301654975541464 
0.2380283323887006 
0.06115343012990612 
0.04042714099535724 
0.03575763006325776 
0.1758280349611284 
0.1935732147237127 
0.007516321611150149 
-0.007375621616355243 
0.000497079118230428 
-0.04636504597424515 
-0.07710026320187706 
-0.6289165013197126 
-1.734723475976807e-18 
0.3035929311785981 
-0.006359372857333703 
0 
-0.6186767521846555 
-0.04932297569362868 
0.7313773159654993 
-0.115696626531831 
-0.02438644227764915 
-0.05272578443281425 
-0.09029048430009942 
0.06520151661565435 
0 
1.734723475976807e-18 
0 
-0.0005439260837398237 
-0.256963743813139 
-0.1228727937428601 
0 
0.003975211510146679 
-0.004081840429619084 
-0.5750939734800717 
0.3130031851314219 
0.1917375176199385 
-0.00236524681453644 
-0.5591646801998176 
0.08988531440869363 
0.006069982787785964 
-0.07360440153937892 
0.09394023641909074 
-0.14994293891802 
-0.001086045134169129 
0.3972414509094464 
0.5268740247938509 
0.2415125255487163 
0.170000442200657 
-0.1103331884284257 
-0.009760603128110197 
-0.007488693022786131 
0 
0 
-0.02807898652103552 
-0.002032354084283705 
-0.1497746472227155 
0.3075679862276265 
-0.0005580360658703676 
0.03174751327396651 
0.6796090001864453 
-0.04407116432503871 
-0.009549129039481373 
-0.1621409892675487 
-2.168404344971009e-19 
0.3716685590328045 
-0.0391994127014328 
0 
0.04726359301971183 
0.02548325784851382 
-0.06577745739597714 
-0.7197775685154528 
-0.0523106809238944 
0.2282587942484529 
-0.05627795407356821 
-0.001376531859441896 
0.0612441037613796 
0 
-0.06036702886857915 
0.6322265588616284 
-0.002338768542074383 
0.2666424474306161 
0.1951895580586802 
-0.3390663211023122 
0.02636758780049049 
0 
-0.0009358974888787428 
0 
-0.1865121640145913 
-0.7857158799912363 
0.2634547266910744 
-0.03716324924634039 
0 
0.003510279402491074 
-0.01900056097056538 
-0.5870769555465535 
-0.008260150965011868 
0.2813859728297425 
0.3294568547062463 
0.4035405598291562 
0.08636219828432773 
-0.7027434170872647 
0.01223775634081927 
0.2036471455569473 
0 
0 
0.4263796586862948 
0.2447365624377722 
-0.1452312309550805 
4.743384504624082e-20 
0.3178322421407486 
-0.0269394239995454 
-0.2538923634064969 
0.0285285341119612 
0.3174089599950335 
-0.1729527961088033 
-0.1381793752450511 
-0.03644101343684058 
0.1061642995917969 
0.06890359519394712 
-0.03507056247243116 
-0.2733680362499007 
-0.04459199701025675 
-0.04191316703512004 
0 
-1.084202172485504e-19 
0 
-0.1021303422959166 
0.002634195302499291 
0.007134810890639158 
0.1531270716544574 
0 
-0.04605380929042997 
-8.586451397706875e-05 
0.001663530918872496 
-0.07155560102090451 
0.3872208580800539 
0.07338431345202068 
0.3101578473950453 
-0.001266192627562901 
-0.05809046491005481 
-0.05192055662056103 
-0.3150444026144134 
0.2490409572846742 
0.7385571452022122 
-0.3274104028831467 
0.1759120787892855 
0.04544130701444414 
0.003959192959677849 
0.2347239923837025 
0.2634866443440352 
-0.09896904409315595 
0.004128862618873321 
0.6312038666462543 
0.1022067866704548 
-0.2285841958010305 
0.7972718921536739 
0.266194183489468 
0 
-0.4650565399502581 
-0.1675961296802433 
0.03103734048681761 
1.207279565174114 
0.2812544634759746 
0.3490727805063151 
0.03589777807547206 
0.341194136976982 
0.2385258820213215 
-0.04443787109377885 
0.01308146116328179 
-0.002455053531173566 
-0.004974688159302046 
0.003078572740375389 
0.4123981328387886 
0.005176833525614756 
0.1922956101252823 
0.4363029628141371 
0.05567878592165883 
0.1927226594875163 
0.1251193669559348 
0.4917192156469278 
0 
0.4315092312815685 
-0.1900122229767658 
0.0009533435816762393 
0 
0.3823351566527258 
0.348973810827609 
-0.6572295465404939 
-0.004865017124245065 
-0.001613772525034008 
-0.1741889997180811 
-0.02366943010149791 
-0.09410742413379541 
-0.57065471652459 
-0.09648982158219196 
0.03246600305768453 
0 
-0.01480730128163598 
-0.07059488120049236 
-0.03620410416007658 
-0.02961008774022103 
0.5622131655296511 
0.04086262213805475 
0 
0 
-0.1713839907230716 
-0.2242556130941625 
-0.2163345809721401 
-0.02144973314965947 
0.4793416177825052 
1.809528633962175 
-0.1957812288682892 
0.05948004255194858 
-0.008146935004939588 
0.009569286457392365 
0.1677620116070927 
-0.23170240044056 
-0.3982807811517334 
0.1033152580223971 
-0.07168284313074415 
0.008374051104454844 
1.402173558417561 
-0.0006058084992756211 
-0.8921183739504986 
0.5297536406178892 
-0.02505174534180717 
0 
-0.1205556082018924 
0 
0.009346325864995333 
0 
0.008621129347184014 
-0.127457795606576 
-0.01340580034016115 
-0.004813614301175668 
-0.03011587461091823 
5.421010862427522e-20 
-0.06064151300991358 
0.07998602603733723 
1.006166631598689 
-0.007808103770160675 
-0.1671979203815941 
0 
-0.4105691564135886 
0.04759335203880693 
0.007751623798456527 
-0.09153461025228583 
-0.0210349636326288 
0.1811420378579023 
0.1304633371759664 
0 
-0.5752223629460769 
-0.06499969050934738 
-0.1806827255294128 
0.05650101024149613 
-0.0115116290511148 
0 
-0.03893826897707226 
-0.004009187639070843 
0.01714949053924449 
-1.109979598691559 
-0.2473698375056676 
0.006074221864857708 
0.1170531892666937 
0.6361947110297093 
-0.1556479554562843 
0.03609860186541609 
-0.1860537689514777 
0.1767955608025271 
0.1491411323425749 
0 
0.02644401452290058 
-0.03818279021082365 
-0.02010973945650575 
-0.005951519372199883 
-0.7787373358194115 
-2.168404344971009e-19 
0.2851169212240655 
-0.05784079380040801 
0.02575383493342544 
-0.1366736484362018 
0 
0.3788910073811271 
0 
-0.01331953823572484 
-0.04041101414483046 
-0.527530988047774 
0.03985640607677007 
0.5237095679552854 
0 
-0.3494377028748912 
0 
0.05100402735888378 
0.02986230639500577 
0.08462329267763226 
-0.03869198791929376 
-0.02104203614402551 
0.1721937010008872 
0.5310472425810787 
-0.08177518618271969 
-0.07272416750565767 
-0.3872837334701376 
0.03838957797833216 
0 
0.02936218402655965 
0 
0.3179593930483532 
0 
0 
-0.04741387631237627 
0.301016777820813 
0.01978206011979943 
-0.008074615933773685 
0.739090681726809 
-0.1353405011800116 
-0.05907948286918941 
-0.06225211331335333 
-0.3102239460068416 
0.2681154319363113 
1.345775261595497 
0.001276284940935985 
0 
0 
-0.4603004929332884 
-0.02682352356748437 
0 
0 
-0.01120054944851087 
0.03783737016162309 
0.1313572414907562 
-0.0135104371740426 
0.1460900832556307 
0.07553326647914496 
-0.4107835018614461 
-0.08543865065991042 
-0.01969582817944377 
-0.2990028817930074 
0 
0.5636062398058808 
0.6886736538639101 
-0.002114174812791278 
0.5130921471104869 
-0.01524601727308094 
0.2145561876645859 
-0.009647249168799655 
1.044811348355139 
0.2064336366929917 
-0.01052541814464135 
0.204162267400103 
-0.05248253827743292 
0.5538096578632536 
-0.1717356020511352 
0.1790891447623538 
0.09774507137717776 
0.1791434888188229 
-0.2668048904021516 
-0.1642560656999247 
0.03597097678356118 
-0.4465262944283774 
0.4742477762399608 
-0.08465018474237156 
-0.01042830903399646 
0.1012864208860826 
0.0683276772661366 
-0.1556785018539954 
0.01785447960300829 
0.005426658314496668 
-0.01300255860340269 
0.3120338357405352 
-0.05331408486834224 
0.0492898414429454 
0 
0.005474676491772595 
-0.339042305910302 
0.2672244434600307 
0.5054538650548456 
-0.05492231501199465 
-0.144609358498002 
-0.02726553357815536 
0 
0.04375319152212226 
-0.01144814877570116 
-0.0462830946644027 
0 
0 
-0.001313858204983654 
0.4953734918717519 
0.06781897049453141 
-0.2061035087503721 
-0.01185405955979615 
0 
-0.3921580943231261 
0.1792266595563378 
0.05078242594625061 
0.1152521663675185 
-0.1626008117314948 
0.06315536397718552 
-0.07805219243543199 
0.05362265932025505 
0.0215201873527596 
0 
0.6809966272082028 
-0.1112559364983192 
-0.09945143352240925 
0.5434440934541088 
0.03792824106103437 
-0.004589983617744572 
0.1167127733928687 
-0.06697581107261102 
0.1027402746412086 
8.673617379884035e-19 
-0.2114076819408433 
0.5484763102700795 
-0.007544285852995314 
0.0835595343228866 
0 
0.1533421593275976 
0.02389195221148433 
0 
-0.2074496728957086 
0.03807225240676424 
1.017576489864249 
0.2035579945411571 
0.001254897956926082 
0.1659704062157036 
-8.267041565201971e-19 
-0.002102433811348738 
-0.3505997565031712 
-0.7047761582342724 
-0.05099854406571344 
-0.4112427251731076 
-0.6925806878573005 
-0.4786639175789147 
-0.02221208597807703 
-0.1271977028741569 
-0.02061949203845284 
-0.0102525538542779 
0.4413271350744135 
0.0012419316289497 
0.05383051684032825 
-0.2263466656571833 
-0.02285713250115324 
0.4361475544754579 
0.1417237451048585 
-0.04742305616856391 
-0.00448934861275415 
-0.004407543118940702 
0.02333756503518387 
0.1513990717391477 
0.05424755138154851 
0.2599177729142865 
0 
0 
0.0380229656141533 
0.04598837795541531 
-0.05504863010839613 
0.009071200360763683 
-0.01545362885248182 
0.002137889169781508 
0.8186839904057736 
-0.03640000058283244 
0.3389410541868008 
0 
0.04172301903958823 
0.06890274633033541 
0.5599759047321191 
0.2434972370410616 
-0.4931169219266711 
3.252606517456513e-19 
0.1208598737336188 
-0.2130621707780171 
0.2624701127582294 
-0.1263367485825736 
0.3060300261120734 
0.05478598310158334 
-0.02649690054542062 
0.04144406140771625 
-0.01791948956911948 
-0.00388218503432534 
0 
0.1482380495654113 
-0.01174320738590925 
0.1946563900095661 
-0.03930833785641893 
0.2038545911980846 
-0.1977400530474598 
0.4253450568956832 
0.2312609216489059 
0.07237305198184998 
-0.4115218466103462 
0.06921812345152639 
-0.01193512241337651 
0.3178235611757506 
0 
-0.1663653167924111 
-0.04120581326444719 
0.02001671157405955 
-0.133515710073977 
0.01637203948125516 
0.2131349475938851 
0.001316789918980689 
0.3023247559656666 
-0.01063191967400636 
-0.007680593113934655 
-0.6891159670612718 
0.04703344242241328 
-0.5118060890615627 
0.04103099249415964 
-0.0357327414940695 
-0.1337865719961096 
-0.02786919269964182 
1.084202172485504e-19 
0.05376751351181629 
0.01138322383471536 
0.2981467123284412 
-0.05521833957598882 
-3.388131789017201e-19 
0.005793907828652648 
3.388131789017201e-19 
-0.01162479742748148 
-0.02340298767868519 
0.2196661080360701 
-0.04609710643684791 
-0.008154331443053458 
0.8544762691142583 
-0.1402828610774276 
-0.267685329373387 
-0.06549823302140553 
-0.01026957927361526 
-0.3208929777116428 
0.0623680240629874 
0.07419658495404474 
-0.191201137205907 
0 
0.02885144157386724 
0.1732490608928751 
-0.1244512819547419 
-0.009423627162536197 
-0.04272606829307837 
-0.001799753519533295 
-0.09685291509690962 
-0.1555707418947982 
0.07490489915176148 
0.1295858011220788 
0.1016780830652579 
-0.1037119800559175 
-0.07406343816202569 
0.2391985006058285 
-0.1696162023643606 
-0.002713068646700005 
-0.6409790955244258 
-0.635224846453604 
-0.5542512322705219 
-0.09849676629078223 
0.007428845931564516 
0 
0 
-0.08405349224278921 
0.1425376766387304 
0.4282815218439103 
-0.1190194402093305 
-0.004671612035655878 
0.04005496699879055 
-0.006657445145519681 
-0.1355933770044984 
0 
0.2666282336483002 
-0.1427957924216898 
0.04062660981495796 
-0.3225202945417253 
0.01173760842129613 
0.09699716061775029 
-0.00282451319969071 
0.2709261518125118 
0.1897200773794638 
-0.2406684208313408 
0.01049574830307752 
0.7410898687280209 
0 
0.1043665960171906 
0.3962907949858538 
-0.0691426882894396 
0.02828793922868044 
-0.003803607269793167 
0.3622285061359252 
0.09360450486468742 
0.1887508182401409 
-0.08376869611878879 
0.05144530461885994 
0.07780797383624023 
0.1549421549489345 
0.01393653000619349 
0.01908104082634169 
0.005018017792283246 
-0.2343920494622568 
0.3190200194589619 
-0.00701165454420068 
0.08111527531801173 
-0.006754227301722635 
0.2630707923957554 
-0.0701142491045789 
0.02451649108226682 
0.01665762646664956 
0 
0.06929457954604663 
-0.001075921890339022 
0 
-0.01117052405325371 
0 
0.006826424839741978 
0.3193492614903972 
0.2807234543809068 
0.05860808885532956 
-0.0266180227424473 
0.04741676901925782 
0.03656484950236901 
-0.06515372700674855 
0.002767780335442992 
0.3253875102024709 
0.004254443362227927 
-0.001564917985710643 
0.01599286610930738 
-0.4549487614948161 
0.1913986559259555 
-0.05061785921242298 
-0.1351479124621167 
1.355252715606881e-18 
0 
-0.01495578432966383 
-0.04335916011540018 
0.5982729071657672 
0.09394592617056724 
0.01453388016621115 
0.07960056692066619 
-0.0187754016062544 
-0.1728048438524682 
-0.1592015178069819 
-0.02456895897377081 
0.03525145832067926 
0.2696388163248091 
-0.1479181009105251 
-0.03028539620216788 
0.2876334976224212 
0.09690125722741065 
0.02773113337614602 
0.1269890295334974 
0.05893403354888941 
0.3033322491734847 
0.02830530387931162 
0.01710060526535535 
-0.003284260135327604 
-0.1345636998355579 
-0.3217451682109733 
-0.06778510019225041 
-5.692061405548898e-19 
-0.1580513952831309 
-0.04361902858909474 
0.6396342365437505 
-3.469446951953614e-18 
0.4244629106207785 
0.09493723877010884 
0.4163552060689407 
-0.004182028877422242 
0.05613621238208583 
-0.008523418897603987 
-0.01188671478624725 
-0.008847505580290231 
0.3760327240140355 
0.1743300662687089 
0.02833963128824305 
-0.09103597396210492 
0.2356989061822298 
-0.04953524831941586 
0 
-0.002061138229727386 
-0.4104300114045862 
-0.3495231905256124 
-0.06218657982743697 
0.4877883345707434 
0.151884293461459 
0.3316692732485901 
0.3444930358883093 
0 
-0.004111049432580532 
0.1350897139251246 
0.2842238505404929 
0.215966340175381 
0.5260080843726289 
-0.404637330028593 
-0.006058095532585145 
-0.140652225830351 
-0.03113510784837834 
-0.05958960635113936 
-0.1700705417002227 
-0.9652503343350383 
-0.04429260281617718 
0.02890665228251994 
0 
0.06186448719598582 
0.1862450593866923 
0.06434385258168528 
-0.3038133521439375 
0 
0.1168398919894329 
-0.04016783407604751 
-0.03937851011002552 
-0.06259509625137309 
-0.1814034693849054 
-0.01788679391615344 
0.02331289226396325 
0.3189428540681765 
0.05021745449054459 
0.1074408919289288 
0.03843066742848614 
-0.006956157877685844 
-0.02402648599365154 
-0.371673570490568 
0.05760143042105411 
-0.125471403234551 
0.01319412621632683 
0.3670645612213477 
0.0474329328475141 
0.01543386567394919 
4.336808689942018e-19 
0.01466927114832142 
0.2892622348519099 
0.02098377807270752 
0.523485090557135 
0.07787836714125337 
0.02570847534937215 
-0.01235794442431995 
-0.06696038984461707 
-0.005209643761699146 
0.05792914833167463 
-0.00353606435314336 
-0.01606146791034725 
-0.2665879495135292 
-0.363808520680512 
0.1371755429349578 
0 
-0.03413498791939044 
0.02141868253480133 
0.4575078806434272 
0.1833146795976221 
0.123382014511139 
-0.001652286928365624 
0 
0 
0 
-0.09432972405672035 
-0.1469830331434585 
0.00803968556502618 
0.06012997107368316 
0.4589139811586571 
-0.1980291860078801 
0.0113847345387298 
0.001225566141058937 
-0.1090322648699207 
-0.1368301469280554 
0 
0 
-0.01561710100944317 
0.01282592108029325 
-0.08990444354180603 
-0.03369179681405458 
0.06071758715561653 
0.03741424755333528 
0 
0.04702699128582927 
-0.1367932851484684 
-0.006153934651773049 
0 
-0.04592948803583857 
-0.1248055131381221 
-0.4086843923816446 
0 
-0.02411611948274197 
0.08341465699007121 
0.1359807822337347 
-0.02783461802615343 
0.01127562485660804 
0.2423639837133721 
1.301042606982605e-18 
-0.01691138172973109 
0.1788381725039967 
-0.0195358074736886 
0 
-0.1000076395694573 
-0.06842275996205484 
-0.007595544101739763 
0.527496451667982 
-0.1021264393654874 
0.02476264751422705 
-0.1547974448408812 
-0.08942017710963403 
0 
0 
-0.01105300307081442 
-0.3743056789956082 
0.1356654891174981 
-0.531830960213134 
-0.3752917140483574 
-0.7460356343044664 
0.339826975267599 
0 
0.1700446649898834 
0.5742277364564915 
-0.1063256977963125 
-0.006134990167783743 
-0.03411435447711687 
0 
0.1415683721274391 
-0.04974705576294784 
0 
-0.3878109386129627 
0.741817017964557 
-4.336808689942018e-19 
-0.06976318857939257 
0.02033198669579533 
0.06455028468206156 
0.0006558589476378968 
-0.3374858140130129 
0.02272570085080187 
0.09148769810846472 
0.284949479818317 
-0.05642777504777384 
0.1351425486709112 
0.2964870956787504 
0.7326128457557843 
0.07734715177842855 
0 
-0.008072888629614288 
0.01035418651662987 
0.004031175526196927 
-0.1708271453111298 
0.2442316309423481 
-0.002134068098247568 
0 
-0.4351896752055848 
0.0396520530225014 
0.06080913766896769 
0.2646109398713431 
0.04489246025491921 
0.2170114912051328 
-1.084202172485504e-19 
0.05984104022642971 
-0.003860382601077524 
-0.1336713930268245 
0 
0 
0 
-0.03953431392243816 
0.005649323748148416 
-0.2222235742504147 
-0.2195764386997629 
-0.08854001224229889 
0.04644386727208544 
-0.01906133683643325 
0.009565303120078025 
0.1015152254194037 
0 
-0.05387653123128535 
-0.2707519840360656 
-0.03673833976010273 
0 
-0.1144100430944103 
0.4627940099666868 
-0.1316767395742807 
0 
0.0666873440206151 
0.2984254304217357 
-0.002279716031802634 
-0.009613073588811468 
-0.1138532515069269 
0.5791029954425282 
-0.1150036341000525 
0.3290562574682485 
0.4599863550314638 
0 
-0.007028514688632471 
0 
-0.001067299037070823 
0 
0 
0.1829588418827973 
-0.001654648724770575 
-0.6512857857445677 
0.345849202041804 
-0.01697975581880788 
-0.02070383729899761 
-0.1987772836146021 
-0.3685146200658189 
-0.005214079560951863 
-0.01818663663752115 
0.01291201535168311 
-0.09940626478755943 
-0.0684998493912912 
-0.09259497931537042 
1.360235431546033 
-0.03992685489666029 
0.3656916583138902 
-0.0433752703415541 
-2.981555974335137e-19 
0 
-0.2035378055450971 
0 
-0.2376422716266746 
-0.1461139938423436 
-0.06235702331287336 
-0.009457292465920012 
0.01544749340262027 
0.07351089914954015 
-0.02141929577897505 
0.5555910812021326 
0.1800042556945833 
0.06377335405781734 
0.01502631249770684 
0.4418273905231216 
0 
0.1024066265861837 
0.5929283762881968 
-0.07081711748822203 
0.2567723626840782 
0 
0 
0.0001550055086422587 
0.6324364767887314 
-0.2399907518331932 
0.2048800194088803 
0.8635793952883349 
-0.03788037513916722 
0 
-0.02732362475669573 
0.3856409160306812 
0.08917649219767904 
-0.04591551887671044 
0.0194628209381788 
-0.4609310755871284 
-0.1499216616377417 
0 
0.3223278066714027 
-0.230492727414125 
-0.07063942378564328 
0.06849220720628309 
0.03535807994335042 
-1.289743743747866 
-0.2668376281128385 
-0.1245641614289723 
0.006857966253231406 
-0.1812384603814334 
0.118722674484329 
-0.003275367594999909 
0 
-5.936006894358137e-18 
0.005573063540506227 
0.1626671613641779 
0.1221055845559435 
0.01214288814546894 
0.1775421670662526 
0.2194727191689615 
0.529037771873809 
0.3368657063195549 
0.1596281327044906 
0.5222026124003388 
0 
0.5314996985721173 
0.09439012047962893 
-0.01368978298689982 
0.2463859217437181 
0 
0.1057044403873077 
-0.006338307607057846 
-0.02434151427541736 
0.6019709393873214 
-0.1518419718539347 
-0.006997780331164359 
-0.3001970134285192 
-0.002767917463742751 
-0.0244518389407228 
-0.06507542082488055 
0.02097471439032456 
-0.1671774456710268 
-0.1124494615037128 
0.1001827576019837 
0 
0.1043412111798509 
-0.02620226206806064 
-0.01565168104487789 
0.1136448981359283 
-0.03157338754988007 
0.04760939182275999 
-0.6828745455337228 
0.02159137765378238 
-0.03897978496758046 
0.1520465480627531 
-0.006533517895793199 
0.06681111136642447 
-0.06727471617004686 
-0.1249965398122672 
-0.08974367187321336 
-0.03855038300605509 
-0.1137629758623991 
0 
-0.03666207763255351 
0.009743999413171703 
0.540572040381502 
0 
-0.02412835248792809 
0.0408452374310655 
-0.3141483335453011 
-0.2398540731388527 
0.00395919295967785 
0 
-0.09945159101721492 
-0.2617061062656901 
0.1547739511123438 
0.004000060268851573 
0.00692867035131871 
-0.1747572109214897 
0 
0.1926090672704855 
-0.3105407571364762 
0 
0.1563016414873072 
-0.1461032914718229 
0 
0.01204635568241915 
0.04630355435585416 
-0.2276713183555947 
-0.04405984691548395 
0.5024548730089976 
-0.003813486143033184 
0.2257310856380345 
-0.9202511136225091 
-0.05539298180777649 
0 
-0.3277077876377584 
0 
-0.03896713299051626 
-0.003808580164460222 
0.01990224528020709 
-0.0005316675013650524 
1.534526318634774 
-0.00363366153853868 
0.3018793991929976 
0.003284659679541213 
-0.01794565161386504 
0.01466996828050203 
-0.04695422162226873 
0.02489118647418666 
-0.01886510146565225 
0.04708523930622359 
0 
0 
-3.103528718739756e-18 
-0.2227543014950091 
0 
-0.04615744274206895 
0 
0.1910490339051306 
0.01198886096050247 
-0.004459211657654749 
-0.2191936500196166 
0 
-0.4125910452023472 
0.02339290418566395 
0.1014362856007588 
-0.1131941360034781 
0.1000051477335123 
-0.0612709851707624 
0.6119998750221366 
0.1288170744293836 
0.1192579683839693 
0 
0.1953299146954189 
-0.2186431967552955 
0 
0 
0.2362369447070284 
-0.01335551709673821 
0 
-0.01867781472370295 
-0.008796896962264177 
0.04907287759910423 
0.6428851682896868 
-0.01137654051557377 
1.505905331506326 
-0.0714893646276515 
-0.0285621715305482 
-0.003759212833129936 
-0.08733426788107615 
-0.06336797420271854 
-0.00462490301496283 
-0.005432463600921615 
-0.1292425119751182 
-0.1847018345519642 
0.03702404827828624 
0 
0.603061687573914 
-0.01200870628400074 
0 
0.4686970772492337 
-0.06690736853610416 
0.6154041799424449 
0.01321756964133095 
-0.217772748435594 
0 
0 
-0.001329818550605228 
0.7136005787955987 
-0.01197624920609864 
0.04586747159928626 
-0.03101183832663124 
-0.7718950531220219 
0.5605362547663936 
-0.02047730424632159 
-0.05281231679450633 
-0.04734680471579714 
0 
-0.1633551707938831 
-0.1330329617049981 
-0.02627125354344789 
0 
-0.008658741829004486 
0.2879046847530625 
0.4733347360826243 
0.1461750605899588 
-0.4332871460603143 
-0.6478365696427304 
0.4796623425133612 
-0.5559277360989109 
0.2635648261337366 
-0.2070509906601829 
0.3645223344948029 
-0.8399005757666501 
-0.104659017076134 
0 
-0.2443292912781356 
0.1738449653750104 
-0.02848810015803199 
-0.04876236348904742 
-0.002036645592055247 
0.2375648585934612 
0.001727825100861682 
0 
-0.6465171042900241 
0 
-0.07454086240325257 
0.004115072188863056 
0.05709326817490366 
-0.02969389935426103 
0.05740146558078088 
0 
-0.3651324449153089 
0 
0 
0 
-0.5227137399798579 
0.3799191041917078 
-0.02267371789563302 
0 
0 
0.08216846305437495 
-0.2027544606475045 
-0.3818318839522417 
0.03377368118059301 
0.2381849193209302 
-0.005640240854839684 
-0.1912938792246338 
0.1862316405508043 
0.2885127488514375 
0.001973401600346168 
0 
0.4771775975706238 
0.4472990388304554 
-0.004542652061570345 
-0.1739494767486042 
-0.0173521481575372 
-0.01430289503168059 
0.09972223853875181 
-0.2643981858382051 
-0.03667322535582808 
0.2531226829301034 
0 
-0.05498404963739938 
-1.115640397510839 
-0.0176867264096524 
0.0409232014321801 
0.1919450532117609 
-0.4947812167842896 
0.1219166606527635 
0.405101637261515 
-0.9224960898254344 
-0.3522530070480088 
-0.01217311418825151 
0.03133431246840698 
-0.02541922830187412 
-0.00619707338458052 
0.04969617079650041 
0 
0 
-0.04134141419858121 
0.02850712342421721 
0.1869351400593677 
-0.333591439694588 
0 
-0.002448592594788778 
0.008415372691209986 
-0.04315751386198596 
0.1672026256409636 
0.03690357649996016 
0.1110619518963981 
0 
-0.0606065606685801 
-0.02546424444171414 
0.07261408423104061 
0.2576983193303835 
-0.3346838819326893 
-0.1353856826454078 
0.3943337528369748 
-0.03692729613836496 
0.3294338438480269 
0.01288788397540891 
-0.04860962040423962 
5.421010862427522e-20 
0.06054804625904323 
0.1238569866824834 
0.7230750734757116 
-0.2032400337085457 
0.198552724439862 
0.2732739637483833 
0.01806173830107665 
0.2649906517835461 
0.4811468650080332 
-0.1403425900900867 
-0.3384670912265539 
-0.02771811890119373 
0 
-0.2900779643751803 
-0.104756376539783 
-0.269983086234853 
0 
0 
0.06888826946133225 
0 
0.1474245245221255 
0.007351206756177978 
-0.2729096776911835 
0.1801044337307728 
-0.1268756018889975 
-0.2540919054858708 
0 
-0.1229119453709925 
0.0349480085028615 
0.2989371011483919 
0 
0 
-0.4010623057200129 
0.08945536000116261 
-0.02007526130912177 
0.08679366507786407 
0 
-0.3773728147244533 
0 
0.3583591577579338 
-0.03411525679865719 
0 
0.05732401730267884 
0 
0 
0 
0 
0.3942411247261082 
0.6267323167408456 
0.219838840072117 
0.1877848829460491 
-0.03710059575609453 
-0.04517403280365019 
-0.2878198864233097 
0.1761267716219423 
-0.0007458983897934536 
0.1967050967787014 
0.4167370002338384 
-0.01015977625263977 
0.3089637340660901 
-0.9210069857503921 
0.7498525578029741 
0.0009463876982457028 
-0.003986570148955056 
0 
0.372058829694533 
0 
0.002700795794483537 
-0.2074008583099373 
-0.1168454539096373 
-0.004985950157463685 
0.4057407593487998 
-0.1052047738598402 
-0.03757147722659979 
0.08488481259592832 
0.09622657952221771 
-0.5540891232011603 
0 
0.02926682052853258 
-0.02178091176555722 
0.3081516022071735 
-0.2480329314621776 
0 
0.02188164825085697 
-0.1273941315131946 
0.7101373886894193 
-0.2332742147810518 
0.01131828998665782 
0.08184018367843865 
0.0204333210705164 
-1.685975663010447 
-0.06720701114396456 
0.05350643145883825 
-0.005196325287448955 
-0.210722130117148 
-0.01790278175067013 
0 
0.2789916475845144 
-0.112445665769585 
-0.01147517716345188 
-0.01977935118633609 
0.08223679623896742 
-0.008990759119046282 
0.04223659119073549 
0.06592464237044342 
-0.01824077945616011 
0 
0 
-0.1137094746631867 
0.08015209821209048 
-0.4465912484498669 
-0.09220045970403888 
-0.0048208688510923 
0 
-0.1020528510216463 
0.7474149304096371 
0.2986293757637811 
0.08635873437119825 
0.2552084121615109 
-0.0001414750873653833 
-0.02690861465671521 
0.1633378816360187 
0.6286129449387438 
0.331239404718523 
0.02962758472688309 
0 
-0.04881199510348252 
-0.006676294660644436 
0.03062050209851715 
-0.01655798254232166 
-0.02189634547770598 
0.1926491153853251 
0.01934631702503483 
0.009447287424221856 
-0.03727485435977434 
0.1299474211642885 
0.3867145689350158 
0 
-0.0896208536052074 
-0.6522523623303298 
-0.2221436120876719 
0.01665123618599242 
0 
0.1223814046879206 
0.3157593136553802 
0.2644590500796216 
-0.1699640250567263 
0.03478217899719255 
0 
-0.0438932531648315 
-0.2689722292444591 
0.1564631725254607 
-0.08893728786035247 
0 
-0.001770747650600071 
-0.01132263522785529 
0.1544878116441134 
0 
0 
-0.0005883150422464112 
0.2415907994381923 
-0.2884778314962813 
0.5171008953120123 
0.009839555810120457 
0 
-0.02667590882317065 
0.007257942549195052 
-0.02203950214590094 
-0.001848224785476376 
0.02169767448393706 
-0.01278182762165064 
0.1797416742508957 
-0.01031823693136311 
-0.05261829633220708 
-0.1359528027292207 
-0.002256998088837126 
0.01124114076881114 
0.2343356866516718 
0.1085501232026972 
0.7441639595176137 
-0.03516224959012376 
0.1537548597948168 
-0.09124537132685916 
-0.1115199812794378 
0.1045940074107495 
-0.2877328763828472 
0.003502346746053858 
-0.2688430983254609 
0.4153691583370634 
-0.09022150663392745 
-0.009203690375396855 
0.3775038922609635 
0.1124436187312933 
-0.1778634927780723 
-0.1567374005279316 
0.03901415351020548 
-0.3895086745306663 
0.07683868777016814 
0 
-0.7104835775768664 
-0.1546044537392794 
0.07122507639237176 
-0.007120006848001571 
-4.336808689942018e-19 
0.0120645435158829 
0 
0.07633970269245678 
-0.02016079112285388 
0 
0 
0.1292470768347317 
-0.3637284368960804 
-0.2730761866540138 
-0.4309642587674766 
0.159991756132809 
0.1401081388780219 
0.01747378982029206 
-0.0680920438741985 
-0.1917302834629328 
0 
0 
0 
0 
0.2427721580828196 
-0.6093556975957772 
-0.494918427279873 
0 
-0.00376665576814021 
-0.03991262068660005 
0 
-0.06779417287491567 
-0.05268629160012704 
0.04329411459212561 
-0.03730108660178357 
-0.07344139794267365 
0.330704886648752 
-0.3637176838831679 
-0.01764137000937452 
-0.1168100078228897 
0.0279528345458293 
-0.06607374331296127 
0.08907733376949625 
-0.09677139987826008 
-0.1920184684450378 
0.01062604750206005 
0.6361489900105638 
0 
-0.04374571571665962 
0 
0.03128772439092813 
0.002109492468332696 
-0.00687281575996406 
-0.04258805741801296 
-0.04728448468149012 
0.03880193903140913 
0.5014156899975974 
-0.1657658002037568 
0 
-0.006496636119309206 
0 
-0.1152966884063941 
0.09623013954875594 
0.1369632880168369 
0.17106513670572 
-0.005081031786783274 
0.1327466921317366 
-0.007420698052750321 
0.03255656313635568 
0 
0 
-0.02522096125094432 
0.2005845288420212 
0 
0 
0.05434953873702619 
-0.02524613871035116 
-0.05341287579837892 
0 
-0.01734999944950272 
-0.008491800808965789 
0.1153427447382347 
0 
-0.008967683647906418 
0.8312812345254539 
-0.06860796083596916 
-0.1954030861553905 
0 
0.002487415879000115 
0.2499970464628289 
-0.1170369419078467 
-0.08814829412915381 
-0.06902492229687023 
0.01270363877340905 
0.271066211017018 
-0.292593197265666 
-5.421010862427522e-19 
-0.02167808681070313 
0.1261808239045706 
0.1273346800406166 
0.02672604320364324 
0.1508350262081596 
0.01389926309568647 
-0.02667442713589957 
0.02878714929888383 
0.8990321055577224 
0 
-0.01594478373294005 
0.2252925440822841 
0 
-0.3602451370733369 
-0.002028678957784946 
-0.08610899287724305 
0 
-0.02682111382987471 
0 
0 
0.0284023831818736 
-0.01631311651650326 
0.2802209930880395 
-0.3120263860472602 
0 
0.1984674671116592 
0 
-1.090424545705725 
0 
0 
-0.0655284264599876 
-0.01337087957431869 
-0.1075023233567271 
0.3659728312457449 
-0.2241221936821991 
0.111275922741381 
0.05521813916692239 
-0.01388216676729125 
-0.107725720349644 
0.05406158678683423 
0.08604897595846529 
0.2030907992260111 
0 
0 
0.04492978032957163 
0.08542550904581574 
0.05408488977763762 
0.2741106688789179 
0 
0 
0 
0.3117770696007198 
0.0730140107991431 
-0.3828468873280593 
-0.003810582840142902 
-0.05948588897707661 
-4.336808689942018e-19 
0 
0.1412411024991523 
-0.1000795637991225 
0.06976799768021354 
-0.04606753666864831 
0.03885470363346323 
0.1757599892229126 
0 
0.02342617082476422 
0.01542283910929088 
0 
-0.1591647523450044 
0.07867354331511152 
-0.06430395303695438 
-0.07447908446244644 
0.2595357936435538 
0.01192705848120679 
0 
0.04983496315918643 
-0.01656193867351705 
-0.1277209954794215 
0.2253826952482448 
0.1308794262709771 
0.3462486596889557 
0 
0 
0.1098353249498292 
0.02132246808401829 
0.08119160795633848 
-0.004583275627542575 
0.1517591605132328 
0.0587276515669224 
0.1348547543897602 
-0.0216544351092261 
-0.1247264222789462 
0.2671844204963096 
1.715288814903118 
-0.03917504674238671 
-0.02777462477099369 
0 
0.01184444068175447 
0.009634676791665242 
0.341062482031979 
0.036563218068687 
0.08915425243673862 
-0.02714910125328949 
-0.002983180449402813 
-0.2090352861347679 
0.009498774336434632 
0.02333821310986694 
0 
0.134574965384331 
0.2516905104655484 
0.01321504399739838 
0.3602846380849433 
-0.04213340809080283 
0.05481251853375075 
-0.00587906727913075 
0.3745712740175564 
-0.03543265555034565 
0.02553919812806555 
-0.005314065565465169 
0 
0.2044116341826019 
0 
0.9595446145383452 
0 
0.002815743813046721 
0.1742550724617581 
0.0652877082668276 
0.0710823246185953 
0.1737066012685439 
1.318008887264258 
-0.0502271237134315 
0.003129842576195468 
0 
0 
0.02966457299263715 
0.1206327295569469 
0.2942502753444905 
0 
-0.04393269037397408 
0.3430158183616667 
-0.008221075404639584 
-0.1693332102736221 
-0.01327451677035006 
-0.05394051364891453 
-0.05086331375367375 
0.4338812370125859 
-0.02809866173571389 
0.5627320737611289 
-0.008931604186758053 
-0.03048964219292616 
-8.673617379884035e-19 
-0.007157568283849492 
-0.01261708794185269 
-0.02656365950975867 
0 
0.08155027594931043 
-0.1987909855750199 
0 
0.1808829301647992 
-0.2200584486822293 
-0.08164280638085515 
-0.1605094621178496 
0 
-0.03440012470704262 
0.2486943099747251 
-0.03219276956440611 
0.07082435433418481 
0.04642860566321317 
0 
0 
-0.2095080290557214 
0 
0 
0 
0.006437769387811107 
-0.1063849150473645 
-0.01275813510758197 
0 
0 
-0.2039099193537911 
0.6080716238398882 
-0.1694096721290612 
0.1010964740410279 
0.00989461253934407 
-0.1059569072884357 
0.0358960816325621 
-0.5506317301331202 
0 
0 
-0.01082337194795815 
0 
-0.1863686501402424 
-0.01251589727514987 
0 
0.1691174178287091 
0.1546642870900198 
-0.008212206876950102 
-0.01520902377824914 
-0.06364844943936686 
0.738018900610052 
-0.1935643643586596 
0 
0 
0.1595579075886253 
0.09961030205599787 
0.2133141291126385 
0.09199835991632606 
0.01627318938388018 
0.05880930363125393 
0 
-0.09231493568436923 
0.02463969308156814 
0 
0.03907376637493802 
0.004501952217063563 
-0.06191709941662178 
0 
0.009743852434370528 
0.3071716718836084 
0.002228527751453714 
0 
0.004338351144541554 
-0.02075836912020652 
-0.1055510732144771 
0.1609109880093708 
-0.002098161275090349 
-0.1134481790408292 
0.06801343143533399 
0 
-0.09675730938905976 
0.08865279575544469 
-0.0201306512973422 
0.0390638258172285 
0.1648544198751779 
0.7563088951515092 
0.1218926492319745 
0 
0 
-0.1274044284399785 
-0.1072386976530323 
0.2129594552806239 
0.008519966087663939 
0.3970285695918082 
0.09703692694152187 
0.02254148930939505 
0.001575370866670986 
0.05722953921081431 
0.04872396522967738 
0 
-0.01181928257979117 
0.1532343387791068 
0.370429770828549 
0 
0 
0.0007829133920941355 
0.1090052749140701 
-0.1901480534002829 
0.06169311819280946 
0.02386206285462909 
-0.05501413542555533 
0.0412896288348757 
-0.09487754257714152 
-0.1009924466436091 
-0.06426747002785516 
0.01718309486473597 
-0.006287683176943711 
0.3850614073384692 
-0.05003422353994351 
0.5020143929775079 
-0.3780953086989576 
-0.07039506399790056 
-0.1339606105481444 
0.5590515022114657 
-0.1533223803017953 
0.06655123912558122 
0.1230942113098153 
0.1062731108492625 
-0.01558051794060033 
0.1882578304487108 
0.01471558058122201 
0.02812062621662327 
-0.04047726305101396 
-0.008145311597194243 
-0.01720829753790631 
0.1629492981728779 
0.2832237821778805 
0 
-0.03368619519825278 
-0.001183780333895029 
-0.1299135582521778 
-0.02555276252556173 
0.001180081202237734 
-0.03002437252993007 
-0.02028323187285567 
0.6239865520974387 
0.01916577310420868 
-0.002036645592055247 
0.00707081076533492 
0 
-0.07302429853257447 
-0.2646441304137424 
-0.7842220408389865 
-0.02018932932702471 
-0.0206363261743327 
-1.626303258728257e-19 
0.2628970312480944 
0 
-9.415432053725694e-05 
-0.07355955203588657 
0.1241742546400464 
0 
0 
-0.02093209016188591 
-0.6342753939022919 
-0.02083677962641161 
-0.01222666924742744 
-0.08713175002074661 
0 
0.06895925954040638 
-0.1718636340354588 
-0.02726272682842633 
0.0460167629645168 
-0.03491663487775332 
0.2957083843294357 
-0.1231155681066241 
0.007771920850013408 
-0.46600243267182 
-0.00153684871863933 
0.2989851098554324 
0 
-0.04991835862649814 
-0.0127430050425908 
-0.09032066851318032 
0.06521064899829405 
0.02957981887055104 
0 
-1.17192359389661 
0.1296348351951316 
0 
-0.0177426186750458 
0.6417934435449324 
-0.7319967394843732 
0.02072199312111299 
-0.1250933615552378 
-0.300426517972845 
-0.001996409364879075 
0.3453748481695718 
-0.06922104677126641 
-0.06491024695234625 
-0.01075358337483266 
0.04275295161333945 
1.117265000538893 
0 
-0.1594022209116372 
-0.05677990475336812 
0 
0.1142984065371383 
0.2038910637314126 
-0.002195189944197514 
0 
-0.1654686509447079 
-0.09239023956385456 
-0.00904944074743903 
0 
-0.2960459588992903 
0.1261381823920749 
-0.1464674083556055 
0 
-0.0437587778285017 
-0.001558272318838549 
0.4526321338327106 
-0.1123589043330813 
-0.2163463478709251 
0 
-0.1255996457888596 
0.222357470087077 
0.396507521598239 
0 
0.2932356875704751 
0.04614544402443496 
0.05906288322543703 
0.4198720744204359 
8.673617379884035e-19 
-0.02007057391769734 
0 
0 
-0.0186815929507121 
0.01167259913125587 
-0.4396326702784952 
-0.06007565340554418 
-0.04556246800432229 
-0.2074938768120682 
0.003081540233325162 
-0.03101449496143725 
-0.0335514426308091 
-0.3017977433795724 
0.07211708666458058 
-0.02692732381096309 
0.3179301658111384 
0.08155346265041777 
0 
0 
-0.1951989135939614 
-0.5932108346353939 
-0.01749478438112572 
0.179713342439087 
0.08456453390456872 
-0.1230631909225818 
-0.1917291095754795 
0.04140135095815171 
-0.3179448185371186 
0.0420119971843226 
-0.09629344456278038 
-0.002037019569545351 
0.2210600467102852 
0.6555111079755285 
-0.07595091091899413 
0 
0.01364019712127279 
0.02391490018446734 
0 
-0.02463238234032417 
0.05271427428027293 
0 
0.1383934611334342 
0.1105577005108822 
-0.03749243699427085 
-0.123548261268949 
-0.1024253092586826 
0.3136315190224327 
0 
-0.06995872384411157 
-0.09827608445284372 
0 
0.06862907549438969 
-0.1651624245260132 
0.0297300029859219 
0 
0.02181095344127691 
0.001360153535989446 
-0.01665487934950592 
0.03585659342700144 
0.01113881944799909 
0 
-0.4976459934419841 
0 
0 
0 
-0.1232012950939832 
-0.1425798737287753 
0 
0.06751780389391517 
-0.04115851059233035 
0 
0 
0.4263293604756752 
0.4297578238222197 
0.04856930374835668 
0.06084483078923831 
0.03996546541584353 
0 
4.065758146820642e-19 
-0.2468228556563714 
-0.02199571639243442 
-0.3610765462165595 
-0.06540128380277226 
-0.01836872320382725 
-0.006407058504291828 
0.399590506261635 
0.1079080713917038 
-0.04810392246219465 
0.3374473828118547 
0 
-0.1245937276547883 
0 
-1.019739314454299 
0 
-0.1254745151359203 
-0.02693853802740772 
0.1376679114681616 
0.1083783775531492 
-0.8903357168488951 
-0.002725180435894397 
-0.4954215943416491 
-0.08919969755644443 
0.3362042666897886 
-0.01082252030792086 
0.169222211653852 
0.02869537591333904 
0.04497741031065393 
0 
0.1391080496995635 
-0.01167279107151227 
-0.1373946460215236 
0 
-0.03804629807435488 
0 
0.07113518957007753 
0 
-0.455042636116172 
-0.0353513890367874 
-0.1140446943229503 
0.2894341430843898 
0 
0.03554352230750548 
0.08466751042190143 
-0.18118197169617 
-0.4050715880183617 
0.3384275224670183 
0.009249416007778261 
-0.02798966907934136 
-0.00395712213970214 
0.1698006803587817 
0.009802722221919042 
-0.479738470344389 
0.08377678240152325 
0 
0 
0 
0.1749362559835474 
-0.1379725304064498 
-0.2790629473739934 
0.1960485772051545 
-0.00145511773052278 
-0.0004922215151813828 
0.1003497299350646 
-0.06154231581719943 
-0.4492879893656919 
-0.3345850022439993 
-0.08287314540880276 
-0.0004351436298828517 
0 
0 
0.4204933365435276 
0.7414446407577262 
-0.002163992004266256 
0 
0.05146938532858453 
-0.2305793858358823 
-0.001824870307151673 
0.5649685586854906 
0.407146523835937 
0.1947813534982089 
-0.06893616232866032 
-0.2131310053524704 
0 
0.05750921510814386 
-0.03563944825571159 
0.4718490969022471 
0 
-0.2470798040740021 
0.6321902333054036 
-0.01006643618858178 
-0.1692423935846686 
0 
0 
-0.09679075218158366 
-0.001519155440637486 
-0.002341206495468971 
0.08224435947674066 
0.02300739273720497 
-0.001308322017641895 
0.3288625495702994 
0.0922858587596017 
0.1437227739330615 
-0.03970204931019589 
0.4478147108455321 
0.2763966345241771 
-0.305523066693446 
0 
-0.005728581842936536 
0.03047025404595192 
-0.01694693267659906 
0.002282159588128978 
0 
-0.003014921149972515 
0.5988122766415535 
0 
0.1389988990848386 
0.06320239496353071 
0 
-0.06023020528097128 
0.004582242887166738 
0.04945479753439349 
0.09523470333922811 
0.3291215092457379 
-0.006301536698597346 
0.02991154082050125 
-0.2382030545041668 
0 
0 
1.452362752631395 
0.4190757631834608 
0.4403711333522503 
