solver_type L2R_L2LOSS_SVC_DUAL
nr_class 2
label 1 -1
nr_feature 5000
bias -1
w
-0.9862794253675993 
-0.5233449719845757 
-0.2443949343453876 
-0.5942586741097093 
-1.520062602569732 
-0.4684691587796332 
-1.405604910122808 
0 
-0.6526671896423026 
-0.5506849383766853 
-0.3980711539285456 
0.3417555612982432 
-0.3280792622691783 
-0.3145297124969774 
-0.201066704537041 
-0.7750300674518 
-0.6439256327206297 
0.09616167361605978 
0 
-0.9338495098559826 
0.9682723794098869 
-0.1420365488419059 
0.1251821783455965 
0.01080025719545633 
0.00174279434602006 
-0.2831140553341214 
-0.6029596815861686 
-1.077934078851899 
-0.002735878812514622 
-0.02919588631183731 
0.752732870472224 
-0.08214067697799436 
1.512194193961673 
-0.1796516955576828 
0.3455550826455004 
0.7244445223559154 
0.5948512358834869 
-0.08501117928003338 
-0.2170725491710696 
-0.2099922040613053 
0 
-0.2525973152259547 
-1.120780926112891 
-0.1886455401060428 
-0.8218877408733913 
-0.1393044987743466 
0.1101236797100646 
-0.1145664154173853 
-0.1568385619837349 
1.771597506279724 
-0.7346750205484637 
0.06148327031696722 
-0.01398359183424829 
-0.04339255823301398 
0.6811354209448587 
0.06912747600913993 
-0.852705282108439 
-0.4767212578730531 
0.01480004320727246 
0.1119207138250175 
0.1410469554705254 
-0.2823886107854133 
0.02805048190184169 
-0.0113019423784648 
-0.401989882389496 
-0.7053237972844678 
-0.07128894060366199 
0.4089294888030023 
0.3890575118558124 
-0.4513555026408815 
-0.1889147270547874 
-0.8140054571466364 
-0.1738192470640781 
0.2827815807837445 
0.5461366843151886 
0.08431374396481248 
-1.652410291554313 
-0.08205303382462309 
0.7039721997776381 
-0.0280153967542498 
-0.6374304021260948 
-0.04227443388191567 
-0.1092796074480173 
0.111159019490752 
-0.5197517892456363 
-0.2444317583637754 
-0.6219540391573543 
0.03875508298848462 
-0.3566876006240871 
-0.1218791359767668 
0.1039111605157548 
-1.074695482027436 
-0.1162427385130832 
-1.853680184564954 
0.1732406278972478 
-0.1724231769791736 
-0.1610911689452085 
0.1587241789003813 
0.1293315484365714 
0.1602961568225277 
0.01121635817679792 
-0.2823108433362992 
-0.384170927371479 
-0.0209285677076912 
-0.4090888991792011 
-0.7522469119480309 
0.09991574930571659 
-0.1682386925527911 
-0.03038483678550813 
0.08155861908767395 
-0.605380053319616 
-0.6204314089908897 
-0.02566827915756974 
-0.08102939725871572 
-0.8479499532790297 
-0.01619922420886099 
0.2135657410126027 
0.1094415210937355 
0.9421120339824921 
0.6254875284177523 
0.06933542989871805 
0.2033670284416533 
0.0559273686158735 
-0.1524010434019731 
-0.7463582050185287 
0.1769863604135368 
-0.09663855449642897 
0.2256015330045422 
0.006133982070301494 
-0.0139671768319431 
-0.07044046728859839 
-0.04060457737118472 
-0.1426413010362998 
0.09485155851294431 
0.09379303895804236 
-0.3227155123061923 
-0.3836989278875257 
0.7078049786921065 
-0.03033099223902345 
-0.8923662622659991 
-0.03294056138401934 
-0.1009381931302603 
-0.6397127299433935 
-0.05645653155916736 
0.5056163175662943 
-0.05353686689177359 
-0.07563134880104487 
-0.05454642648576048 
-0.3769717021932834 
-0.6985727045156145 
0.2822488402460576 
-0.06042091704175188 
0.1236753187632322 
0.1584565598785196 
0.06750135396370788 
-1.035374440116182 
-0.00651425585917704 
0.6573405536427891 
0.09171577592437441 
0 
0.01830157223238259 
0.6713597930397583 
-0.5766344282434007 
-0.4399938764694198 
0.01843874140749944 
-0.04130648779990569 
0.06716668524353377 
0 
-0.03890637831332069 
0.103617857206712 
0.2783646656205257 
0.07834712684681466 
0.1942717430852126 
0.4189610013182202 
0.06048559161618947 
-1.361722245359173 
0.8135272436992457 
0.9256664236379958 
0.3900834407690305 
-2.168969727244122 
-0.6174908387949937 
0.1912349492478919 
-0.2589262329887095 
-0.02766536077424574 
0.09755154089915226 
-0.007283523796931183 
0.4117921378361755 
-0.02786181510273903 
-0.4170688288307907 
0.06471882369125639 
1.122128997729086 
1.566461162381412 
-0.1056531050675679 
-0.004314331058292065 
-0.2068633243935878 
0.69260009062831 
-0.2588613738227651 
0.8298490545380608 
-0.8861056932846322 
-0.1232006882791243 
-0.4407012385825672 
-2.135684632533827 
0.00380918991373496 
0.03201598492668765 
-0.008899291412231619 
-0.707775623545573 
0.01361380060722025 
-0.8813437418240898 
-0.2173173192339451 
0.7392072812674856 
-0.07726232725852651 
0.1679901969534835 
-0.006913778532555093 
0.1293310638946598 
0.5582033327480801 
-0.00291798220784711 
1.140694985183204 
-0.5028849366264165 
-0.4027310629459908 
0.1619250451806911 
-0.6896625215368302 
-0.2635376206071287 
-0.2036059870825982 
0.01570132203007318 
0 
-0.6006709629002086 
0.01337996059423555 
0.2514103133790288 
0.217373705526028 
-0.2501772009452625 
0.01321869100613136 
-0.2760179244685273 
0.1861858145081246 
0.5509827589348766 
-1.040220289507892 
-0.3996066493580697 
0.1256809434451571 
0.5373036446292835 
0.05583016510304231 
-0.06847156284369435 
0.05662062974150545 
-0.009234473189093907 
-0.03067108815449229 
0.4961764368189331 
0.05688033644218284 
-0.1406111796892107 
-0.09158339879376116 
0.3459211927582078 
0.5023671533237647 
-0.2674942824978356 
0.6869660505188424 
-0.536371223017358 
0.2224406092613658 
-1.165215794832477 
0.07367078675836464 
-0.2028370138605799 
0.03273959617086248 
-0.268173544294681 
0.06362188537217223 
-0.4045582194597768 
-0.05830820346693009 
-1.040133265537572 
-0.6203141314469208 
0.002981261459633319 
-0.07359196549911436 
0.2550418616264952 
0.01374377705412433 
0.6580241519054619 
0.07011579667275882 
-0.5938597083118617 
0.2196475791553753 
0.09151402139775495 
0.006110758838291025 
0 
0.003423760055428831 
-0.8281572124963942 
-0.1333145644861987 
0.3307900560443682 
0.003571618847521127 
-0.4593332530843909 
0.2574348873046187 
0 
-1.31931604869459 
0.4018535680796033 
-0.8276819412448141 
2.087475408583115 
0.515391999525265 
0.1412377388960371 
-1.086427522473244 
-0.03713048676032209 
-0.6668832650697399 
-0.6185069597079217 
-0.01335838408457023 
0.04294792341611387 
-0.01085261411848277 
-0.3108394080786237 
0.04471749268774466 
0 
0.06411185099846803 
-0.1833099516799214 
0 
-0.1691165030952108 
-0.6213435722893005 
0.1361525054986301 
-0.005069915066842848 
0.4167371996191966 
-0.6438581385617272 
-1.317707662688284 
-0.3025585478286835 
-0.2689021702838445 
0 
-0.161901302220546 
0.07363392079010167 
-2.581178591832802 
-0.1523091032935527 
-0.09940490872779234 
-1.092397296387322 
-2.263899132346644 
0.8043646024397519 
-0.333982244441452 
0.4847136822487608 
-0.4541597774560483 
0.5512322241847943 
0.279844010379814 
0 
0.6956713594117979 
0.1640382237174623 
0.9789759067905281 
0.0006384463988844749 
0.1043674032092615 
-0.581394737343551 
-0.3877608686772988 
0.1009847547974684 
0.2105120980966302 
-0.01699939455585955 
0.01534816918036096 
0.09793457180162826 
0.1362790822854389 
-0.02538400040051728 
0.6572436097579438 
0 
-1.287623763460126 
-0.1090565225957229 
0.08566307545759153 
0.04047947153819433 
-0.3739913259844853 
-1.304225551868588 
0.1398894117876161 
-0.3497211904615415 
0.2242495860067021 
-0.4009720548638949 
-0.04273772415741239 
-0.1700109662744937 
-0.06793968540151279 
0.2243602677371659 
-0.07723348327185903 
-0.2163144576486976 
-0.460289662230377 
0 
-0.4153323495813339 
-0.1620665051642854 
-1.610761163583488 
-0.05977799095995867 
0.4031352077799655 
0.01263848342727237 
-0.03855240960687281 
-0.02752300750601263 
0.02608789499470461 
-0.04029238036115386 
-0.09595278885989136 
-0.08947985559121313 
0.1477690544621448 
-0.06333530161267649 
0 
-2.515453093384415 
-0.2229367206837566 
0.6022434584721797 
0.1593252160148387 
0.2395064283778316 
0.0006028343175038834 
-0.9942507980520968 
0.1684459320085718 
-0.07658368205181208 
0.07752218759705275 
-0.4277685755579699 
0.03241968250920109 
-0.176791368580346 
0.05874603675435331 
-0.05506188007411186 
-2.19120530539223 
-0.8257670600850836 
0 
-0.1073460318374828 
0.3116057797086591 
1.262297822015138 
0.3045683314312985 
0.06603761011506235 
-0.1837358621192124 
-0.03736435622264233 
-0.03658834724112785 
0.06418804137144984 
0.9642449690009929 
0.04018418821518364 
-1.38165875372461 
0.5379792028786519 
-1.21508256701521 
-0.03180913114377458 
-0.05010444870676627 
0.2984710602236482 
-0.01143663589754421 
0.1132906526929694 
-0.6849767898253893 
0.4161300431047019 
-0.08484908267150509 
-1.407932128996874 
0.4967957353184923 
-0.05985846626064265 
-0.102758821761735 
-0.04576400167268123 
-0.2217420459858153 
0.5365558564341527 
0.5554828434469219 
-0.0002752383674711279 
0.9225253157589431 
0.5369141174842481 
-0.4879357841025734 
0.2202355394104495 
-0.02654443788556957 
0.6850079252866681 
0.5346698073351547 
0.2126764077081302 
-0.6702795617595594 
-0.3843621015391681 
0.2945220486655619 
0.1453525209159972 
-0.07013245032936599 
0.756900216311859 
-0.05680774391410777 
0.008139705517029651 
0.2233439944119922 
-0.2852403886991148 
0.1789195548518275 
-0.405857694171157 
0.07982462810116661 
0.288505253985936 
1.44568362888672 
0.09504394618043069 
-0.2872096151611536 
1.191328114328906 
0.3831117605934964 
0.09117571636131283 
0.02342273884300282 
0 
0.5245424590348213 
1.349823614902392 
-0.0585583922281064 
0.1060050223659775 
0.003430328764371254 
-0.8668848752231374 
0.02150989261491071 
0 
0.02595035597483964 
-0.02728267752143594 
0.666517468812817 
0.4420252037578934 
-1.47918545634139 
-0.0162670553130951 
-0.2216368441694515 
0.09169138057879705 
-0.8889960335848364 
-0.3331141354102789 
0 
0 
-0.0275058870161677 
-0.4802908335080333 
0.0547362372382047 
0.08714563156146982 
0.1404815180317652 
0.1658084185801913 
0.1336005867137622 
0.100229340592842 
2.858815264282816 
0.7903611964408833 
-0.01866780782633538 
-0.1316324116947685 
0.5138616906277239 
0.163574029241535 
-0.08163594278877166 
0.04612989492759975 
0.1160214228389561 
0.9320663827928344 
0.1135509533117831 
-0.06700722270483486 
-0.03036451894550127 
0.03395441446910658 
-0.04204843889797968 
1.253345662564951 
-0.2353438149795005 
0.08141735601409093 
-0.03447815982544176 
0.008505974747893219 
0.07752409098905716 
-0.2263439786234564 
0.05975815679723002 
0.04281058570652265 
-0.8117194580832967 
-0.0152742576744648 
0.2533460158618128 
-0.0629171865239659 
-0.001694064065177986 
0.1758103317769477 
0.05620284548579887 
0 
-0.2432169141802612 
0.183416314679269 
0.5427164944655727 
-1.676386746759563 
0.1563451644863537 
0.2525997162711832 
0.03674887606848629 
-0.2387747090736788 
-0.07428830900453565 
-0.2672832543668587 
0.05873692755725742 
0.04412149186942263 
0.00656347418411795 
0.04827320124136118 
0.1628220942947702 
-0.1609622145100398 
-0.01732446519137028 
0 
0.01127378836773725 
-0.1466426112123169 
-0.6073322423510659 
-0.1464131509456486 
0.01266945808904055 
-0.0125081353718442 
0.09742667213646009 
-0.1590329379257037 
0.07650580394326 
-0.05330920269040493 
0.8350633758553714 
-0.6404702779544658 
0.04571620544232402 
-0.2143190351996041 
-0.01168884360651095 
-0.001817988733904393 
0.08619293157776517 
0.1737322899259809 
0.04963676520608437 
-0.06694526881581957 
0.8054531213936065 
0.5391393921750334 
-0.02427218492796132 
-0.03187106177706711 
0.03702374300055226 
0.4311049374533364 
1.06747662102272 
0.008951270027724889 
0.5274356043729976 
0.003706723043249475 
0.1284139092505412 
0.009564109378965069 
0.1985439246187962 
-0.4549528062256596 
0.02352409580708377 
-0.3497421723229643 
0.008666393278784384 
0.02145490880954688 
0.01096259487336466 
0 
0 
0.9043064961834233 
-0.9009336555813471 
0.01642937678338845 
0 
0.3567051613347159 
0.009242951991436394 
0.3500684455824975 
-0.01626161187293939 
0.239571139448742 
0.5160705793046638 
0.4472605976008029 
0.03050814735956312 
0.07983156360865359 
1.719106424290239 
-0.01159773062277593 
-0.125939130208478 
-0.2856747088942603 
-0.02591198169443749 
-0.1167789789884192 
0.02916139307894012 
-0.005623270806695844 
0.3136789033570627 
0.4653527350459532 
0.01240229972993113 
-0.1662012952670881 
-0.2225046792969085 
0.1422748303167483 
-0.382245553333691 
-0.1187550449239335 
-0.274817442316971 
-0.2547469656896826 
0.02342941927176003 
0.1504458252385446 
0.1605232259110988 
0.01285245855344843 
-0.275077792903358 
0.4926806791241415 
0.3862768362059528 
0.1335301974441512 
0.2143367437162917 
-1.105378535996382 
-0.06883984584151723 
0.1842593157612767 
-0.08008503935522598 
-1.462464258966098 
0.05779769032245391 
0.5503324940542433 
-0.1952944501248542 
-0.3348977230403528 
0 
0.05873732869068071 
-0.4548708841074814 
0.009830318482509036 
0.1108409113632665 
-0.06940750423536568 
-0.02146531474087374 
1.841957769581804 
-0.03150493375690066 
0.06421495467495351 
-0.1289873571929865 
0.1444794725757519 
0.01248432091755633 
0.02022826173493735 
-0.1190548085148656 
-0.05573189046995274 
0.1597571469326245 
0.4238715731203377 
0.3516519259228837 
0.4220914525999269 
0.1785609396625304 
0.002889262475943952 
0.2032425962215177 
-0.01025972445225356 
-0.02857513240325033 
0.08101691819444615 
0.2982899612383944 
1.203851563664398 
0 
-0.03509540194411994 
0.5693564662442389 
0 
0.2398317840575342 
0.3352968812129878 
-0.055121370468093 
-0.02687100840976239 
0.213854004157214 
-0.06715490804207584 
-0.2692618924334187 
0.1499134379092436 
-1.301141798213279 
-0.09709124590970762 
-0.02044802427555049 
-0.009446346049821237 
-0.04119064522490448 
-1.273768931996107 
0 
0.9214232677240796 
-0.01312237540306013 
0 
0.007376730173925304 
0.3337748514489054 
0.1067619592123309 
-0.06486021310705992 
0.04403567868461153 
0.06858971521225359 
-0.02524049220730038 
-0.03933306495278185 
0.4939341082311637 
-0.1054530377474218 
0.446036378470463 
-0.1921581907545758 
0.4034204803554978 
-0.1671266509361669 
0.2517030894014948 
-0.004540106698189867 
0 
-0.00458619578515302 
0.008451109267624116 
-0.1234062178237335 
0.0461883478640804 
-0.4217456946860155 
0.148007565975018 
0.005599393863392269 
0.03000378914391853 
0.2947345547085602 
0.1898754701278191 
-0.04582429300601749 
0 
0.007111455224566019 
-0.03384363067108082 
-0.5359393642026921 
0.1319163381994632 
0.008573942911303267 
0 
0 
-0.04338100067179731 
0 
-0.02066542582243634 
0.1615090240491535 
0.2540253768587961 
-0.6008200155036184 
0.2559388269066059 
0.2573934737847773 
-0.1741487546530697 
0.1848604488880963 
0.6217071051657862 
0.03225784408752511 
-0.687844086119888 
0.08674763803681423 
0.004851955685280985 
0.107682888217878 
-0.01211112085131814 
-0.008415033499623239 
0.005918433141058126 
-0.1975994846306176 
0.1451329797039342 
-0.2658987282339352 
0.02086070969917674 
-0.6726739503205671 
-0.205224376318857 
0.09593940583207769 
-0.03056608815763386 
-0.1318195957292288 
-0.2271872364429046 
-0.8234956313167651 
0.07787326698817822 
0 
-0.04579844511783743 
-0.1948572986198749 
0 
0.0206555807518845 
0.1604996141602878 
-0.01211460672635443 
0.008809931897429948 
0 
0.4252351740258208 
0.002991335486131274 
0.6799513841301861 
0.2422954109887779 
-0.3229482193326165 
-0.334055931214473 
-0.2447470865014066 
0.09503108628019412 
-1.20583865618743 
-0.02112864833352362 
0.1847777678120592 
-0.2776832406338488 
0.1042000769461847 
0.8055539740559655 
0.4632716721380395 
0.3764067912387893 
0.6042346133090576 
-0.0481153926960739 
-0.4685101714468909 
0.08796408497774427 
-0.02723976310094876 
0 
0.1955508118403288 
0 
0.4059725113950056 
-0.1623544678290555 
0.21467480122233 
-0.3332221089086248 
-0.007725507685767289 
-0.1427245302026961 
0.006727639744164706 
-0.4694091921026163 
0.055657193586955 
-0.2183313044765972 
0.2961282992813119 
1.069453704350873 
-0.2192865689792274 
0.0362647595649516 
1.026518253245 
0.5057320022155416 
-0.1247143202761727 
0 
0.1455642539482039 
-0.0337111383426032 
-0.08358362894018133 
0 
0.04417074450217343 
0.7341247544510872 
1.116482333063675 
0 
0.04360263539551881 
0.01053614700877646 
0.002054861855673181 
0.3092700172610579 
0.05702749657484242 
0 
0 
0.002461380097766547 
-0.03249644124436349 
0.09323197562201188 
0.1410978696427047 
0.03777369604527862 
0.01820584912080894 
0 
-1.154989134737734 
0.8499381378999473 
0.004333810584479485 
0 
0 
0.2987398986583813 
0.02429379855261352 
-0.08011620355907426 
-0.01617759655322718 
-0.001830765030155901 
0.3305649482326349 
-0.2695761642960036 
0 
-0.307841227486757 
-0.7305284362630892 
0 
0.1051330583716618 
0.05135950841823911 
0.09848437457161598 
-0.01170446991543754 
-0.08996698594299875 
-0.01084610854042121 
-0.0407042737139789 
0.005791127964004722 
-0.2567815398029365 
0 
0.517676106552732 
1.321427722356921 
0.0004363864011740171 
-0.2816506095331524 
-0.0934005352493442 
-0.114972359394208 
-0.02900436735425417 
0.01891318637444314 
0.1199827566847224 
-0.1544474609183697 
0.002673486046320781 
0.4669958451424286 
0.2148902511247744 
0.07887420904511076 
-0.008247385090925404 
-0.2398591555409443 
0.6116881453421177 
-0.3684900609301368 
0.3627579105755634 
-0.01068876383739899 
0.655100251195168 
0.001681619362810486 
-0.1583242109159177 
0.2402714198131408 
0.2319175166108819 
0.1619998419551832 
1.86298765025066 
0.6443344665471981 
0.0189224536021032 
0.0001003970916198301 
0.03007003423851105 
-0.1101383715238079 
-0.02976410144276645 
0.00328504933966901 
0 
-0.197758289615968 
0.64501263976825 
-0.02029842063545065 
0.1516337380730036 
-0.2271177092700298 
-0.2494417858724578 
-0.2681436038379909 
-0.3210562122041661 
-0.02370447336352892 
0.3513254011466206 
0.2162690396205413 
1.266024406153077 
0.5644677702328564 
-0.2573732309725124 
0.3554526542920952 
0.03337091752105598 
-0.8337673517607549 
0.05584982939461845 
0 
-0.1089335041530359 
-0.4273764772700117 
0.03758887477220436 
0.3921285666003982 
0.03344405911163643 
-0.3929186184918749 
-0.06266887116401497 
0.1180919957324544 
0 
-0.05302841166175312 
-0.08167614924287422 
0.3612567287248565 
-0.04798838809899724 
0.1413638743400042 
0.121534587187944 
-0.2725607471971623 
0.2670946503044226 
0.0891514932243723 
0.007381792174078397 
0 
-0.08117644587862918 
-0.12409466065858 
0.02441953082698312 
0.8652526348620403 
-0.120460885115823 
0.2867141805772068 
-0.2094256368026014 
0.4640765644922421 
0.01267328534023545 
0.2306221437843801 
-0.09250559135004008 
-0.05271875748583339 
-0.01972935122520713 
-0.4115221400530939 
0.03707127946795927 
0.1373504831415161 
-0.2231124762328575 
0.005630959900358529 
-0.3105560472099606 
-0.0003548256203709176 
-0.001088149321904428 
0.3679664602417453 
-0.04649038985078702 
0 
-0.1415317463535237 
0.3395958464599798 
-2.684914948075277 
0 
0.01208932409409911 
0.1891624378737031 
-0.01114668618896626 
-0.07896684923829884 
0.05540727057412649 
-0.4473680004755576 
0.9678285625832432 
-0.08027688742954922 
-0.05831706258633423 
0.1701405569941132 
0.439703353760458 
0.8025229571463073 
0.08533480374144181 
0 
0.1841547180160421 
0 
-0.07010413437553425 
0.03452092684159135 
0.3411335489975187 
0 
0.009238963511660647 
-0.05481930272534181 
-0.1240442206236592 
-0.2375536179577087 
-0.01616476622692352 
0 
0.2067576537875459 
0 
-0.05668857092291489 
0.02668104809480986 
-0.03038548003366566 
0.0122421004381546 
0.01626235603055913 
-0.1998199722447649 
0.3227050122347833 
0.05590894980902655 
0.1905452968429723 
0.2401901296920056 
0 
-0.004524564747801353 
0.06001958504218964 
-0.05080035734030027 
0.1091234935033011 
0.2693612906791872 
0.1122737031952634 
-0.0139454077564132 
-0.3300960660234436 
0.02783220389305767 
-0.228928443434935 
0.1564588716420719 
0.01029985214915802 
-0.3547418469690462 
0.1349943170893534 
-0.02876484015547189 
0.06565740650069368 
0 
-0.04928720447543909 
-0.4750904144589865 
0.6697817840938936 
-0.06450017483345293 
0.261641635895859 
0 
0.6015411776691938 
0.07782692097668736 
0.4854218479127647 
0.01417611765505476 
-0.08827965711528497 
-0.7220396259248745 
0.1470838066152575 
0.2979138607744234 
-0.4007624562578257 
-0.07191423587213143 
-0.07642359329408979 
-0.04510357614680831 
0.001934796088767219 
-0.007809490381605833 
-0.09061012926621081 
0.06260307828529547 
-0.09875379207689375 
0 
0.1528202872513676 
0.1269853410538364 
0.1292811508174473 
0.3255565717519197 
-1.258735208893147 
-0.005025375887923622 
-0.2807607200681213 
0.1968429889918887 
0.0690774118897528 
-0.3574631136840313 
-0.00671344949650062 
-0.2153764266086225 
-0.04064326767922419 
0.2838495473241888 
-0.03276905087112282 
0.08452168729011733 
-0.03897232871519225 
-0.3597435629296332 
0.6310763245824389 
0.005002667268545191 
-0.1298585933561886 
0.4901898594679413 
0.04332621595112251 
1.677648292672928 
0.1359836613050371 
-0.03149489356169605 
0.02637999158468433 
0 
0.01519579984056195 
0.2922219289978862 
-0.04227432278361325 
0 
-0.08252970396640319 
-0.3913942593906691 
-0.9848073650600413 
0.1729817418500049 
-0.2320781057149393 
0.3090658899645287 
-0.3669567403674118 
0.7846609656311809 
0.06322768757438989 
-0.01115875746915537 
0.5990571289812247 
0.4870508080828168 
0.005803073806933821 
0.07681211450605939 
0.4874548454327885 
-0.3800023678610016 
-2.034996675925159 
-0.8925142517885644 
0.1636139871483435 
-0.0304245525472179 
-0.170739147254385 
0.1261824815522812 
0.1071366655313291 
-0.2052698703912842 
0.6545477457765475 
0.1315745747130687 
0.5077234132769044 
0.3396320801579821 
0.2743632427007421 
-0.1594527994646368 
0.7034980369052019 
1.139787883525674 
0.0771913324379051 
0.5852185502292561 
0.004197575646416871 
0.02566996494701938 
0.02322039096474135 
-0.774071289277718 
-0.0802458674912776 
0.3357650899190223 
0 
0.09950169703673638 
-0.1822073533239451 
0.3796976452146128 
0.4120362892365146 
0.8407212545108618 
0 
-0.07684805008401197 
-0.1789564908908505 
-0.1277932608299801 
-0.08148659683706741 
0.1454788579843244 
-0.03452374624465735 
0 
0.1935508608680851 
0.07869796031946139 
-0.6030587919861106 
-0.04856137202946828 
-0.01504179598019792 
0.4639269295601489 
-0.1288558104587152 
-0.1121864031976332 
0.001488411491509476 
0.2484443352037055 
0.1639300564874324 
0 
0.01168114588171705 
0.02211753232691997 
-0.005381768679057228 
0.076274129329815 
-0.4728120671103763 
-0.01793050401141184 
0.6365523186478689 
-0.006844205744791809 
0.3007868362908262 
0.273148742414426 
0 
-0.03810177517264942 
0.003159291999914674 
0.2564182630938159 
0.08856112572603689 
-0.07283550705400615 
-0.01633995077479945 
0 
0 
0.002748129964116339 
0.3958470816836028 
0.004881408187561583 
-0.03617636427800265 
-0.01220651568039602 
0.2197467757183293 
0.09768953355126869 
-0.4692437122594454 
-0.6072084934932248 
0.3119594336982337 
-0.1727090407648491 
0.05688055608384252 
-1.353996307436567 
0 
0.283280521071361 
0.8894147487983661 
-0.1381569651262803 
-0.1768657814081284 
0.3606186805762051 
-0.1067481788038398 
-0.5895272357171859 
0 
0.268693512192223 
-0.009696451871399291 
0.03169444752685287 
0.2073527414362653 
0.09500827347173045 
0.3825184738126982 
-0.006328857848868687 
-0.228869612192201 
-0.007195505878214097 
0.1037246473874726 
0 
-0.06123168703605188 
-0.2249620819791156 
-0.4714155992002669 
0.005406998407842355 
0.01931263229495535 
0.003753922913442929 
0.2622817592231389 
0 
-0.05264022663794578 
0.4129312302165406 
0 
0.04459703027004707 
0.008566302995315236 
-0.1803566245533984 
0.5376172273856057 
-0.02394336816385935 
-0.2116311744453712 
0 
0.4413460819615293 
-0.4173901578907714 
-0.1961446567528 
0 
0.3574191640373794 
0.5685404481757539 
0.6440788301732657 
-1.266255406605625 
0.2418593908344848 
-0.301999222639685 
0.3480759895021199 
-0.04519229341962398 
0 
-0.2791159243448402 
0.1149155969428526 
0.05256309661041486 
-0.4508668156737622 
-0.3324829334825395 
-1.028066191440459 
-0.003805014202158435 
0.284281778695005 
-0.07163408153967306 
0.03018693006010269 
0.5597087255212938 
0 
-0.1916661734444786 
0.0211951262204746 
0.0009534114719884296 
0.1146966485977811 
0 
0.1011794636977923 
-0.4568858802544353 
-0.1289522265316515 
0.009716269416915328 
-0.00529389493059716 
-0.08445009508463468 
0 
-0.8325344469339733 
-0.9371431177243059 
-0.08758184938186418 
-0.04330009390688297 
0.7065717667514392 
0.002041595337996383 
0.6905087677790883 
0.01713292415985821 
-0.3006484351445099 
-0.04894952036395168 
0 
0.6365731633002006 
-0.006962492845284086 
0.3522541588567661 
0.5679703720364125 
0.2667142168382111 
-0.1123519102729109 
0.09981932281422813 
-0.0764924997280447 
0.04516895160245906 
0.0449754101486775 
0 
0 
0.1000878749446077 
0.06864382126229158 
1.020589224616822 
0 
-0.5309227005188489 
-0.07364054671248084 
0.1757710559961397 
-0.0745291212722743 
0 
0.390577890279834 
-0.007830103853833478 
-0.6160358005049307 
0.2313299041896208 
0 
-0.1025679293294156 
0.343786720823728 
0.4341917739448925 
-0.01372110708731954 
-0.002934052544693176 
-0.05111764187060051 
-0.002587967322052364 
0.1739414979039156 
0.911494940522009 
0.1355220557841621 
-0.01542392347531661 
0 
1.565962005158738 
0.3443566645913552 
0 
-0.1843295236297008 
0.2147472110904707 
-0.638183277863288 
0.218935692527636 
-0.2458165001177145 
0.08514361931015772 
0 
0 
-0.02915879969209455 
0.3838748346247557 
-0.1294814436863411 
-0.04182225338343161 
0.2399515646144638 
0 
0.17912134686781 
0.01873284685946008 
0.1125076920601781 
0 
1.19157066208442 
-0.1946131066314607 
0.0464827593271639 
0.05174588467065937 
0.03759008036262939 
-0.0270022076702114 
-1.221298126269994 
0.03308161711555171 
0.05278101672478102 
0 
0.3007869288609811 
0.1094021424747803 
-0.4388104475735773 
0.01662116959761806 
0.08785829995638886 
0.2485373122584799 
0.05682554147653587 
0.02492702075324611 
0.00365275740055267 
0 
-0.1976810809518542 
-0.01383660227644169 
0.20400490451251 
0 
-0.1413278190178208 
-0.1509864071461206 
0.1184384327445167 
0.045380817536429 
-0.6697186168334294 
0.6172469953459502 
-0.01013114813814613 
-0.01174386117598967 
0 
0.03431363229509853 
0 
0.3523967961958098 
-0.1066745379335885 
-0.1247493699006176 
0.06457462908590796 
0.002812539697680786 
-0.4297854154642943 
0.2498921878380204 
-0.001482876815469078 
0.05391870279665333 
0.01040721076110587 
0.01412860807640971 
-0.08663298119207465 
0.2002498494197691 
0 
-0.04866238950228993 
-0.2312698594982456 
0.2417257247515811 
0.2243867048208392 
-0.02989330194450415 
0.1611229862700235 
0.07319441058291229 
0.1741049899317547 
0.5406084364127786 
-0.1660247846779674 
0.1046302381339704 
0.07102310717045685 
0.5558805330106483 
0 
0.660034543479723 
0.4020239984857093 
-0.004793914589857408 
0.2449054086169219 
-0.01671824247075232 
0.4725049889236439 
0.6198418303041466 
0.005798142823890513 
0.007454763020078859 
-0.01546138425310178 
0 
-0.06417354487729307 
-0.01384978496984376 
0.03427430650157058 
0 
-0.2730476910477447 
-0.06059972267459791 
-0.1688974529070318 
0.1337458748254023 
0 
-0.02895571306859338 
-0.01493215889959142 
0 
-0.1962121688589056 
-0.0500148852485048 
0.1940887392457364 
0.006909687649029921 
-0.1858597814951917 
-0.002801828171593966 
-0.1498849848131003 
-0.6534933357326146 
0.1058674391857662 
0.03391336374473242 
0.2915263126310732 
0.04851370432539204 
0 
-0.07179212604958876 
-0.1496623009917423 
-0.04492780627604696 
0.07093887004711383 
0.03526309323355495 
0.06119207084362261 
-0.02384465726945263 
0.4967384479271155 
0.1238744725872127 
-0.1630135932093203 
0 
0.08246371854341597 
0.1764103861993375 
0 
-0.03628871241418914 
0.04630492637894403 
0.6964998262739328 
0.4359362761826373 
-0.01197088405848269 
0.03763505869591678 
-0.146054730220559 
-0.2447846451628738 
-0.1992986247321528 
0.4600268021860923 
-2.552535479855777 
-0.1816082134656629 
0.009266022709356964 
0 
0 
-0.05160165101838207 
-0.03062593574915354 
0 
0.1708946882402333 
0.1473874939608584 
-0.02306363126094736 
0.03962461069159222 
0.7025651920769806 
0.1415205083192005 
-0.06544373687683219 
-0.05483751470324714 
-0.2397208632166304 
0.004587988681930509 
-0.03860778357879058 
0.2099199328588233 
-0.04691122196703808 
0.07221080945858135 
-0.1143887558608984 
0.2773463083046002 
0.07925574493529407 
0.02267810303949206 
0.08768557773814728 
0.6178713844608371 
-0.5220308352008975 
-0.04954900064309384 
0.6914542169318352 
0.2944780811639003 
-0.1981432089123971 
0.0248429441954804 
-0.05751121197213332 
0.4799841573910933 
-0.1777776032510494 
-0.07398123857510841 
-0.004174508214762931 
0.203472843840846 
-0.007348765910028057 
0.2960847003474039 
0.5821722355111747 
-0.008453152823378591 
0.02363493803457278 
-0.1430782544472477 
-0.01617134142086512 
-0.02169796248464946 
0.1024426630247622 
-0.119781058000333 
-0.07993894406368966 
0.8454408542957954 
0.02550062521159727 
0.2002305240126488 
-0.5232035411407207 
0 
0 
0.05549191201106666 
0.4711644108280738 
0 
-0.08214323374382868 
0.1900051819829623 
0 
-0.06134640156772789 
0.04226549204101364 
0.009936594226714108 
0.01280407565620508 
0.12417165483608 
0.0640342986523879 
-0.4652272020829896 
-0.1443593995424586 
0.04076148151512651 
0.05558292003597406 
-0.01174574009162136 
-0.3144542700218326 
0.1827530322724243 
0.102862461826695 
0 
-0.01259412350017592 
0.05855755954913677 
0.006016036502703583 
0.2071229946932321 
0.1874894409036202 
0.003721369497185656 
0 
-1.149878186655929 
0 
-0.02741041264583185 
0.03420818065153428 
0 
-0.1229677333405017 
0.2554287960280529 
-0.1855933388525596 
0.2633229775396184 
-0.01791880106473794 
0.3404601361653507 
-0.01631980906070414 
0.324209290581028 
0.001991729069194773 
0.01516928958342458 
0 
0.1396468041028152 
0.01621131286420138 
-0.01341501451785181 
-0.0003133819911458873 
0 
-0.10309126808809 
0.2607646759777715 
0 
-0.7954357878549644 
0.1701173167986811 
-1.703163400681823 
-0.006330046219163906 
0 
-0.2953494886672094 
0.2059802451550342 
0.6930430044751635 
0.08429242508496471 
0.02212881759459816 
-0.04806764764217286 
0 
-0.5548965074558926 
-1.434832896105483 
0.8094568053216082 
-0.09840995525931927 
0 
-0.1274136251464668 
-0.001118474341944187 
0.006062582835862193 
0.6384783243770261 
-0.1362971443185286 
0 
0.0861279799808701 
-0.2354859030904379 
0.005401070798507208 
0.3579601424003465 
0.05224082106664631 
0.005946076924960164 
-0.001590397638152827 
0.1836005048739212 
0.02629371754476384 
0 
0.1640251546578172 
0.026454307017127 
-0.3045769079990368 
0.766628260068876 
0 
-0.007595079013651585 
-0.0457555176749341 
0.0205182287825731 
0.8093946083537361 
0.008645062679272487 
-0.903870592687216 
0.2535385079988137 
0 
0.004112530155239054 
0.3937658808991675 
0.1533638185330003 
0.1994061823051012 
-0.3648245905803303 
0.02288927782499321 
-0.2689723854530106 
0.06083543727996191 
-0.4183203159678116 
0.2098213336147801 
-0.06340010809926988 
0.006510693677557509 
0.05894833197043008 
0.02059099553482078 
0.2374384788749582 
0.8198273604419704 
-0.3206664503942097 
-0.137046761516901 
-0.002910468267988864 
-0.05791894342441756 
0.1426083462639331 
0 
-0.349277193058221 
0.04955257263696324 
0.05188601675234129 
-0.04261368350534329 
0.2764144901406139 
-0.03501058948692779 
0.1213444642215398 
-0.2143781943301565 
1.109239767062015 
0.04234507956503536 
-0.01258501652351948 
-0.003315198062596146 
-0.02083403076754587 
0.1203899864063334 
-0.02252422607330529 
0.07675604083797956 
-0.101546256562538 
0.009499344917251198 
0 
0 
-0.01559407263687513 
0.4227626023468344 
0.3606040560519887 
-0.01776376849628634 
0.7190495126374009 
0.07948304140017302 
-0.0426261286762748 
0.0353819408346159 
1.856717210872222 
-0.01801125169054064 
0.0310451855236622 
0.06889699047773373 
-0.1384503578191533 
0.03195439002757784 
-0.02973266772595914 
-0.02795719383378362 
0.1479185504293418 
-0.01036098788877389 
0.009909248346285517 
0.7480654416158815 
0.3703060162625412 
0.05868275862317986 
0.1081927343901066 
0.2380728115161647 
-1.626458467647021 
0.001342453963556026 
0.1349727188364341 
0 
0.02953824857706622 
0.02859618560029487 
-0.8143142728189446 
-0.2344151221205084 
0.1299531731063706 
0.02869151658846861 
-0.1803830693330289 
0.009991613883747065 
0.005977371462361243 
0.002542631760049383 
0.4719883954852461 
-0.6609130860793045 
0.01133725380780263 
0.05418347621871146 
-0.04262356170679853 
0.004453882238675514 
-0.08212364783129872 
-0.01090622069941337 
0 
0.1610955098360553 
0.3328503388665229 
0.4240495138322505 
0 
0.002636957861760138 
0.7040570083633922 
0.1452405716834249 
0.008362887156826338 
0 
0.2101339204380476 
0.09763066098838501 
0.09498400484932283 
-0.147428215252077 
0.2678970192606388 
-0.3107584759145239 
0.07714829771426537 
0.01859420269217005 
-0.002703074660846184 
-0.4641456387434493 
0.06882879159361451 
0.09318132266837426 
-0.2261236352214005 
0.09670760677322415 
0.2490631304200463 
-0.144131358801324 
-0.1350916666154066 
-0.9288394811878743 
0 
0.3259100944020075 
-0.475481156927414 
0.03681428022203556 
0.2114045933774861 
0.03698389645468216 
0.1949500471776398 
0 
0.07874341813909495 
-0.01191857310578927 
0.03136985838660575 
0.08425284032330206 
0 
0.372293754752814 
-0.05940572751500194 
0 
0.01103325438094971 
0.04194779702158413 
-0.1357355428163838 
0 
0.1275982787577795 
-0.001171604769613131 
0.01055843719420219 
0.01479454287095546 
-0.7683860505617321 
-0.06426250248522872 
-0.4124662937527804 
0.03859324884023443 
0.02049920717158717 
-0.2711561200849072 
-0.08263597758675573 
1.008940558950842 
0.1022413642248731 
0.2047553269491623 
0 
0 
-0.12223775173515 
0.2348992499867391 
-0.05490195312099924 
0 
0.6794278878904776 
-0.07960605270853685 
0 
0.04888130496962296 
0.1463287926893122 
0.3853773793544054 
0.4077114275258171 
0 
0.02999397549342392 
-0.05502769288415624 
0.227349834549551 
0.2571676115580727 
0.002457919464100378 
-0.01045389463708084 
0.4118777101355973 
-0.5211724080916029 
-0.01847882562177176 
-0.2767698267340481 
0.1261230063137788 
0.4083739287853467 
0.2802908078484094 
0 
0.1278299775134674 
0.1211308025614528 
0.07616326745121624 
0.1938820208915313 
-0.4108507748854617 
0.02051187844342735 
-0.003632068611882601 
-0.2006217617732864 
-0.09114146194078147 
-0.02133785157421834 
-0.2784984474678828 
-0.1343601471480841 
-0.1427583683113167 
0.008887143746687417 
0.01382339900247601 
-0.06093451753565357 
-0.2722742290869689 
0.6058710357125424 
-0.6946212769520814 
0.06296608588377761 
0.05020773328090835 
0.2401353899242686 
0.2774237670047306 
-0.2167652542275204 
0.1295070215319114 
-0.1745292069267876 
0.2347232379292547 
-0.01144748113478332 
0.02869140614481972 
0.3481631472970766 
-0.06271815490147753 
0 
-0.9722684119646252 
0.8271293556641068 
0.08943992286036066 
0.159698789643409 
-0.07996557840049842 
0.0008082218255274082 
0.0435756147026253 
-0.1667179125996273 
-0.0004104519944883919 
0.03969992866878358 
-1.103431863454057 
-0.01912257063524855 
0 
0.01213279850154656 
0.3423471563770734 
-0.1646941289739748 
-0.08232223406297469 
0.2980081901541733 
0.141985896873615 
0 
0.2484725809967283 
0.1407022138827103 
0 
-0.02458192731342657 
0.02462790335015738 
0 
0 
-0.5637392465928535 
0.1909961130261963 
0.3828971941983181 
-0.6298474729928791 
0.01018756249686317 
0.125786243795152 
0.2920399679325853 
-0.2934312372732171 
0.3320598494803229 
0 
-0.3042862703838922 
0.1199618592180559 
0.02656445658530373 
0.1801089968383341 
-0.3872991560450541 
0.144229557132163 
0.03145579030859431 
0.1089681130625834 
0.2402720925735881 
0.2420403411823069 
-0.07261880259356916 
0.001312340897467533 
0.4245979777959394 
-0.008034221415224729 
0.112855765284625 
0.3942122650411387 
0 
0 
0.6273492544216999 
-0.006785865671785653 
-0.04762952282110489 
0.2125158996828235 
-0.09511023395831084 
0 
1.056229000382016 
-0.5438338074361645 
0.4416100478779813 
0 
0.1647646868444779 
0 
-0.01638121818390494 
0 
-0.03521782077752801 
0.1368054112871959 
-0.009652086006244983 
0.3128135033938201 
-0.04225844645615795 
-0.1674095471392197 
-0.05435029727112825 
0.533951139474786 
0.117156109356923 
0.01498033700725102 
0.4982374350940524 
0.1886894236452925 
-0.4065977047493879 
-0.1517040168452221 
-0.1969332739884442 
0.1064529221606109 
0 
0 
0.08736240110831821 
-0.08217818524202347 
0 
0.3718395244298297 
0.02672242317890081 
0.05129872222320483 
0 
0.4027726380482419 
-0.03904439881451716 
0 
-0.0002419501408121185 
0 
-0.1117691025674189 
-0.3765892003412646 
0.1334961951539824 
-0.2476720985870619 
0.07638671543642488 
0.947942916164398 
-0.0142207942904313 
0.4511637241744544 
0.01595484724750967 
-0.01161352573913013 
0.04187220509568241 
-0.2453266788922147 
0 
-0.009298819997351642 
-0.2784033933743642 
0 
0 
0 
0.1984971886351643 
0.1371953779031799 
0.09768310529860728 
0.3076378306925108 
0 
0.0006742015090183392 
0.0123961113803628 
-0.004549872057016634 
-0.03663344780909907 
0.5478553089496018 
0.2756515705238281 
0.1893105347901908 
0.06983878849699153 
0 
-0.02799359016566579 
-0.07551730210157316 
-0.1131225483708079 
0.482624462998243 
0.120922892939419 
0.002408426342875606 
0.02319272045788328 
0 
0 
0.3702394426459453 
-0.004769117483655292 
0.05462646133572181 
-0.005281673254522412 
0.3493525984629934 
0.002896430072742285 
0.1512590840116237 
-0.002679379644894859 
-0.07239505251645043 
-0.0176848670089353 
0.01777061953965343 
0.3931282338444155 
-0.483347397648613 
-0.6667151833745482 
0.188483423174434 
-0.01585518332510447 
-0.3170609261820859 
-0.004295636036016117 
0.03142058341502139 
0.3602124119020209 
0.2358426695516179 
0.1268208724815545 
-0.1173357845308163 
0 
0 
-0.166132230758001 
-0.4235316834777106 
0 
-0.09884090217395346 
0 
1.063479460158463 
0 
0 
0.4531108569683856 
0.2929995908217198 
-1.379539036835038 
-0.2633719321564348 
-0.007004544417939788 
-0.03830318213207873 
-0.0007877693108398059 
0.3833164165443947 
-0.1293785523973602 
0.07993547666777473 
-0.0210014757445995 
-0.003436690949548206 
0.005022764387167649 
0.2207530683570229 
-0.3829759895032228 
-0.309937707732991 
0.04368004712582756 
0.0224713418655961 
0.003264367718319488 
-0.3438114479652123 
0 
-0.2746286423864159 
0.4145078041212157 
0 
0.03654290711518762 
0.1021737166344601 
-1.154858755552706 
0.5284130080423757 
0 
0 
0.1215724612963252 
0.04524526677488556 
0.01658207762726182 
-0.2178430584473823 
-0.02166344538812312 
0 
0.03504387833497649 
-0.009463037471484409 
-0.1020588737498546 
0 
-0.01049760315772983 
0.005490916788085691 
0.06198856799918255 
0.03318814438145285 
-0.2366832866875598 
-0.1531060330986366 
0.04891813223409573 
0.0440819487171073 
0.1632996543215841 
0 
-0.003039297485227654 
0.04074209465016281 
0.1313544775500871 
0.7828099156831836 
0.873558722451632 
-0.2020340894403382 
0 
-0.1778060091678374 
0 
0 
0.400340612414588 
0.07152379255081513 
0 
-0.1410735619025362 
0.03323407900765638 
0 
0 
0 
0 
0.02164960223369486 
1.212328081927804 
0.02854428505285179 
-0.2188883417012852 
0.00661128224271855 
0.1389072336050708 
0.8177621196425292 
-0.03790273301700946 
0.8526682962820362 
0.03012621496493428 
0 
0 
-0.3956179739131309 
-0.00539155077409926 
0.5390332498715789 
0.01973048501293407 
0.3976530083264565 
0.004414065137502525 
0.01556199668927519 
-0.08240603692640872 
-0.009728542327341853 
0.00827997823782935 
-0.01478931963763982 
0.06504697936257797 
-0.02499430727405161 
-0.07751404896880859 
0.2705262045410335 
0.3375806663930688 
0.0134646300566262 
0.05571912301223388 
-0.05626362431504856 
0.2250325041696949 
0.03451536163834412 
0.3661180424347399 
-0.01833587880756207 
0.5383705510077912 
0.2055605164294848 
-0.01868054978000662 
0.4016229553302904 
-0.02893543049746854 
0 
-0.01501708404739364 
0 
1.03415826460307 
-0.0522004216613751 
0.4752165959598225 
1.339036124748254 
-0.01538113527123303 
0.5734312612569891 
0.1898484344126932 
0 
0.4600095083921916 
-0.07793294631935495 
0.3383185947677133 
0.3026743144104893 
0.02458239052772553 
0.08942068209505696 
0.2886940185563568 
-0.001892480059389127 
0 
0.8365183456422729 
0 
-0.008306856480029816 
0.3217313968780012 
0.3472605701760902 
0.7931843769644775 
-0.003298947453013028 
-0.05463926915010314 
0 
0.15729245741784 
0.0246448439454718 
-0.01360987427223144 
-0.315991672159237 
0.06600372077924252 
-0.08102630176985143 
0.04984221114303052 
-0.02176659077254696 
0.09624364774601329 
-0.076508334773589 
0.08454805135556669 
0 
0.01034729528138055 
0.7040299839618562 
0.473860478816757 
0 
-0.7505265627677007 
0.1470142314737816 
0.4297706913092345 
0.03207397154418822 
0.1518900368355652 
0.01773291314171312 
0.171441183300452 
-0.0005723498574214928 
-0.1551522548650223 
0.008205447297526506 
-0.008345184867364106 
-0.057271738201432 
0.02715150393473157 
0.1970972266000942 
0.09945360568256409 
-0.9459486592075227 
0.1432840798860232 
0.251621840231639 
0.2888121026786568 
0.03331182202896429 
0 
0.2487122211400092 
-0.2297406112590569 
0.03815234255353728 
0.1071056686405699 
1.039120304253287 
0.6370778695303894 
0 
0 
0 
-0.07352103112598485 
0 
0 
-0.01788570972896079 
0.0478732378760834 
-0.02037745237806259 
-0.09732472388592914 
-0.08303948807100586 
0 
0.4196408169776056 
0 
0.103201778538102 
0.549446780396281 
-0.0681330376187235 
0.02221195762908795 
0.01597296869054453 
-0.8898062599334178 
-0.005091552734600248 
-0.02294199367387498 
0.05920416181591382 
0.5066111793941946 
0.3101228349054178 
0.1331333248562298 
-0.01380572696708621 
0.06978861169562778 
0.1144679851117078 
0.03776588035903831 
-0.429982011837223 
0.05795305674503722 
-0.05890956771136967 
0.03032661341659125 
0.005816336350425055 
0 
0 
0.02486696697365088 
0 
0 
-0.07343569067468815 
0.003449860892193816 
0.01668605324903939 
-0.003812389974198662 
0.07457622939148038 
0.1405942973952733 
0.1778753489656699 
-0.001637576005644615 
-0.5782230825059238 
0.002172817776576637 
0.003586452105898621 
0.01253237470907758 
-0.01659418538688012 
0.2575308652883433 
0.08651635113337004 
-0.1167579281753539 
0.3531917207325713 
0.5202603819749381 
-0.576430157621114 
0.08818411377859828 
0.04778084757167751 
-0.07998503911975577 
0.1462400929381263 
0.425614398862784 
0.3517603664184852 
0 
0.1078482908036028 
0.2408241509796106 
0.4511960168372563 
-0.03240917401951905 
0.1034390082025431 
0.2305927645508513 
0.1852794281169517 
-0.386737197834266 
0.004073370288462283 
-0.2748645730802878 
0.04597910678954289 
0.2190044013071146 
0 
0.03064399931020436 
0.002376015878716511 
-0.01232394298822977 
0.02141732254681768 
0 
-0.02041167418296682 
-0.002518819683402654 
-0.07205349379121097 
0.1174768408789281 
0.05773710340033542 
-0.1481126257842199 
0.0009077207771262068 
-0.01450428078866469 
0.002171541415692657 
0.2148092081927988 
0 
-0.4761271199195794 
0 
0 
0.008220083737247244 
0 
0 
-0.02312462300709575 
0 
0 
0.1622436192452918 
0 
0 
-0.1511455993268877 
0.0201264646108087 
0 
-0.03628365468452124 
0.07030746093938534 
0 
-0.02000954303870679 
0.05438171966776974 
0 
0 
0.180578978409994 
0.3447362251665017 
-0.04210221044538984 
0.1549271505472847 
-0.2602909156114114 
0.3217586037594359 
0.02264360163743569 
0.862960870955387 
0.6396391841414407 
0.8385699819168373 
-0.1363616699027267 
0 
0.2511240748318888 
0 
0 
-0.03364430175012247 
0.2523153471698727 
0.4712228355123323 
-0.233673610734545 
0.5478801211037876 
0 
0 
0.2305478486328977 
0 
0.06286990353836663 
-0.3659724894168639 
0.1040783566023245 
-0.008313688634902236 
0.2532585270522087 
-7.946127128258387e-05 
0 
0 
-0.1372136717989301 
0.001354855652618828 
-0.8790463955147415 
0.1626201878659244 
0.7611839212583046 
0.1961061820243135 
0.01776196461474704 
0.01311786940792775 
0 
0.8258274513394278 
0.02634543806573166 
0.1734799691776133 
0 
0.03028819341841216 
0.01665904460717426 
-0.8553237181655028 
0 
0 
0.7621473539394806 
0 
-0.1729130611774672 
0.026846562876687 
0 
0.06187237398420554 
0.1331792810244391 
-0.5135720139584011 
0.002798906118801188 
-0.09955072267451133 
0.04881045871721267 
0.3051807779105027 
-0.004962650497523944 
0.005285175009991165 
0.1892520520722439 
0.1735397333578484 
-1.176274068080563 
0.5411444102643663 
0.2661425575591718 
0 
0 
0.4384839068408204 
0.04210779331523671 
-0.04158091583870779 
-0.4694266622640512 
0.08028042315838375 
0.2975986547603188 
-0.007608852847992352 
0.01135784827688523 
-0.06564588678679105 
-0.01366829603568396 
0.4710830884820554 
-0.02010107500574024 
0.1898830488418327 
0.2741802017856136 
0 
-0.2060618943106602 
-0.01554103182559841 
0.06760255065205553 
0.4260017129059139 
0.5151241922873352 
0.09112313247571631 
0.0293924847549765 
-0.05208183138205703 
0.519928869397663 
0.4993124453091838 
-0.002579378371167514 
-0.0224320334435927 
0 
-0.01190344158196702 
-0.7098449435098453 
0 
0.1444786873435582 
-0.164377143533322 
0.3974508518744486 
-0.02044870570445063 
0.01610163947652357 
0 
0.6032882843195828 
-0.269643186461037 
0 
0.1354801078055954 
-0.007264828710778803 
-0.01933228703495776 
0.2211020506868984 
0 
-0.09474408551965002 
0.04209690620671606 
0 
0.07015692050128344 
-0.2083905386911527 
0.03736176544794446 
0.04731302415535618 
-0.07103827421601162 
-0.009761295174988608 
0.004454891426007385 
0.1661396063522391 
-0.5969567235333275 
0 
-0.3922033784708849 
9.344440166148296e-05 
1.066131713645001 
0 
0 
0.05531954164873809 
0.07971629559193288 
-0.180333481971984 
0.231047595696551 
0.07046736579962209 
0 
0.0002674047499491488 
0.3047675483587435 
0.2827392471410512 
0.1870178046755358 
0 
0 
-0.001992699014113293 
-0.01206802452194198 
0.7873007305453135 
0 
-0.02370734733067621 
0 
-1.295188033603005 
-0.006282206050640039 
0 
0.0380804695046662 
0.05463296575171915 
0 
0.5507658671840912 
0 
-0.01389878278460603 
-0.1416755504276484 
0 
0.1316740616843625 
0 
-0.2977572819414817 
0.5120169632060593 
0.02830169661667929 
-0.217292189546067 
0.2137716491429522 
0.1452765965246955 
-0.1401778707311133 
-0.04329134900015904 
0.2788953564489564 
-0.2524068659560028 
-0.05136805998497687 
-0.005584333760443099 
0.6238611313820938 
-0.2276561286738122 
0.02366060190998744 
0.1310500155428648 
0.004133303097487741 
-0.09311196434845906 
0.4000398632322285 
0.001042721306802276 
-0.8801652706107334 
0 
-0.2613397414732661 
0.02247161042044598 
-0.01111540980438339 
0.01155493533458726 
0 
-0.06348716270880291 
-0.01347174123685907 
0 
0.03657467066872121 
0.01739373067071406 
-0.004260160237497994 
0.03094336140933298 
0.3370534800064217 
1.082591513220362 
0.006869261613460851 
0.3335479932431301 
-0.05071494090406435 
-0.3320091570284915 
-0.03284814313393977 
0 
0.4637482406286907 
0 
0.1769389165695017 
0.07559772381245579 
0.6377746576713725 
0.6005195639279637 
-0.006062718635379376 
0.08476459946823467 
0.0457305077814795 
0.2601836854590128 
-0.0381377764236665 
-0.1541446360287805 
0.1620533716952699 
0.1268231400115601 
0 
-1.494330970125008 
0.02889879121827767 
0.2739822314017401 
0 
0 
0.1392597296909652 
0.2938405419013917 
0 
-0.008233274862378922 
-0.07525057583836256 
-0.02493627633889035 
-0.02410630350909043 
-0.06549268856603363 
0.06951349735104756 
0.05575688150767981 
0 
0.08926933764890402 
0 
0 
0.8179130142395625 
-0.2991874487924805 
-0.2959360881003738 
0 
-0.1088232984245091 
0.04115708111260909 
0 
0 
0.02288383633948441 
0.03748636871261192 
0.02124865777179605 
0.06570270016271663 
0.8506766453020803 
0.1896651808497875 
-0.08032646591859113 
0 
0.01513074436097808 
0 
0 
0 
0.2779633200311148 
0.1923881387962334 
-0.09040273458455786 
-0.02044614743668238 
-1.208403475722992 
0 
0.4755873574407007 
0.05552682709414224 
0.147551901268491 
-0.01317371535744017 
0.177785162383998 
-0.06000818646832881 
-0.1813773216086752 
0.1978164238988759 
0 
0 
-0.6204590533885802 
0.02216494643720803 
-2.364573784184414e-05 
-0.3484248799947068 
0.1133006037737261 
-0.06226548397772791 
0.1031962237688259 
0 
-0.2065829592578699 
0.1400742940979436 
0.1170361116044516 
0.2046441018937603 
-0.03220666680321776 
0.01513890222639575 
0.1094153295054748 
0.9575076948265465 
0.03117688873730288 
0 
0.4215020248635918 
0.008761217454226145 
-0.2177107192732213 
-0.07055551923419193 
0.1211496208543376 
0 
0.4714973271401422 
0.1339601851936734 
-0.05532490169793412 
0.633246979588842 
0.02352211098328055 
-0.06053419632866416 
-1.105890138509797 
-0.03912326826931248 
-0.2400156161112231 
0.3430779486768218 
0.1687325593760645 
0.3191428474670685 
0.3852727563593662 
-0.009724713177137885 
0 
-0.106998486020137 
-0.006018030149542699 
0 
0.002094997650392179 
0 
0.1619056232287762 
0.01182853438929873 
0.01712504724799699 
0.1706003593616167 
0.02703148756736103 
0.06481060748191894 
0.2832205694552437 
0.03612082483153271 
0.008561469448599842 
0.112466651745568 
-0.06444115222095761 
0.02395855227895971 
-0.2381959297612105 
0 
0 
0.01629325122685221 
-0.03788168694578153 
0.006811701747685276 
-0.4725258326399121 
0.005558405966084884 
0 
0.01913307490524979 
0.01046553900556932 
0 
0 
0.03207448546897831 
-0.6241204487423867 
0 
0.02458719403204866 
0 
0.1993547903803926 
0.02990708480206981 
-0.2739647945450635 
0.2916177768521707 
0.06297436259686902 
0.01420056260224899 
0 
0 
0 
0.1160001403744057 
-0.009614447248761008 
-0.3763759048967302 
-0.03888977620108479 
0.02646746831390691 
0.004639251717788927 
0.02041578062980435 
-0.11045437853826 
0.4639685153123467 
0 
-0.003240274544359587 
0 
0 
-0.07069326457141364 
0.02990776980644379 
0.4781228682012593 
0.01039311662130711 
0.06424666215685645 
0.09247631858499389 
0.1009071058056052 
0 
0.407501944263821 
-0.08972498184824021 
0 
0.04909829390104296 
0.4936698903767042 
0.4037065364820609 
-0.0257031305102411 
-0.108467632850854 
0.1353952130495114 
-0.009830582700205422 
0.1958430796086412 
0 
0.04537659617212745 
-0.0132432617000315 
-0.00970820055818146 
-0.1515097251293446 
0.07807321944474689 
0.06122967793790538 
0.1077414454981002 
0 
0.04100236321514704 
-0.1958919549977467 
0.06659990450590242 
0.09823126434768167 
-0.1623523665577484 
-0.007699686878936585 
-0.01992220942136809 
-0.2764892850139703 
0 
-0.2234674403317234 
-0.03808102559689791 
0.05559528589253641 
0.02344614703388754 
0.178742968651995 
0.07495666886633501 
0 
0.02810131426651363 
0.4940251279604497 
-0.02038325927739265 
-0.1307579122517 
0 
0.02788695371654307 
-0.01478480370632978 
0.04451930427420321 
0.1080630651668621 
0.2672457836184908 
-0.0009275354267755554 
0.03256384565377991 
0.0750860927648183 
0.000431863228508136 
0.2590763817222143 
0.3019123167979311 
0.03843538850874995 
0.003226045708198657 
-0.009809018733889115 
0.01057794532266347 
0.006297632542352695 
0.06173662131565513 
-0.4613646646743809 
0.01864304156325078 
0.7048636706053794 
-0.00623882578749723 
0 
0 
0 
-0.02855084965951811 
0 
-0.01290328080750158 
0.01083258172599056 
0.01223142161336401 
0.005724238465391214 
0.02591999511823531 
0.2940844626507164 
0.008706817880113561 
-0.03282800723792515 
0.4523420019718266 
-0.05882434815532803 
0 
0 
0.1058182838594282 
-0.004366776858903468 
0.3393740278462991 
-0.2726038554171054 
0.1134569098934014 
0 
0 
0.4101919068214769 
0.6016121048684744 
-0.04736912321461739 
0 
-0.08717288690990554 
-0.6263778187086352 
-0.02472070829113903 
0 
0.3017363094851184 
0 
0.2812226949528648 
-0.00168282597287162 
-0.2879036868679407 
0.2388535422557228 
-0.09308864957904321 
-0.07403078107902196 
0 
0.3502328757266558 
0.05171115847409494 
0 
-0.04622726909815405 
-0.02649218876528405 
-0.5180189754946419 
0.04402022764835439 
0.0008862720624517634 
-0.03788396158864003 
-0.06299908907808451 
0.02376506091961075 
0.01260583031264719 
-0.2638421647828184 
0.01259370176638902 
0.08099353898386309 
0.1573723911757896 
0.3099667128802905 
0.4194839222651348 
0.153613950727222 
0.3461892361420313 
0.01530348873122074 
0 
0.05065277526926484 
-0.1455799946795718 
1.275436248408968 
0.09768595534825636 
0.1272954359331407 
-0.3075178944720617 
-0.003187352519006303 
0 
0 
0 
-0.0116338840836852 
-0.006670544594108651 
0.2361788791381744 
0.1203466845864195 
0.006355193924929814 
0 
0 
0 
0.02067126173720234 
0.2401413955719758 
0.4535505603248526 
0.04898620054583527 
0.2101112931073978 
0.11498761643695 
-0.0426047856200396 
0 
-0.1749487503782253 
0 
0.008092639921302219 
-0.002406999728654173 
0 
0.2099746155031492 
0 
0.1347822745413261 
0.4905146373332986 
0.6886078367647051 
0.01384827129826699 
0.3592931796913395 
0.531231818787032 
-0.006435803364188931 
0.08106263039047829 
0.02934313535613448 
0.08931349390481438 
0 
-0.03510776350401423 
0.3146885544014014 
0.123581993733565 
0 
-0.1851554426346714 
0.5524407533949323 
0.003426050539375383 
0.6028506562194398 
-0.4414023505687691 
-0.1810258798770478 
0.02062565489814203 
0.623322921979457 
0.302903627187884 
0.2938042579927997 
0 
-0.2441313526674153 
-0.005090585591523436 
0.004750685353632823 
0.06774669392426463 
-0.02099964614703573 
0.04427245416673079 
0.009616583738302389 
0 
0 
-0.04280093285566246 
-0.0007470531003468742 
0 
0.5173150323621014 
0.2908354586329963 
0.08096545418250436 
-0.0108411928559124 
-0.07314725206464098 
0.1632207193625423 
0.1067719036405418 
-0.009841164995979493 
0.168336041900243 
0.5245299516191662 
0.2667261109962595 
0.2436067609279937 
-0.1007714244841841 
0.4875287592070117 
-0.008656244519008217 
0 
-0.04984280147132477 
0 
-0.0827257340550297 
0.1137338494079414 
-0.0622935035654166 
0 
0.0174433935329779 
0.1567002616195623 
0.05634761786841019 
0.1892494851504922 
-0.01087129437044958 
-0.2374723375400514 
-0.5987793992808517 
0 
0 
0.09804914779028258 
0.8763325487301927 
0.003356692995413003 
0 
0 
0.03376069359431159 
0.08503131590451718 
0 
0.04862822300649501 
0.3115731934117628 
0 
0.01508905632695512 
0 
-0.01601835168387311 
0.00844513639930063 
-0.4382816609407624 
0 
0.8506410045230296 
0 
-0.01291819603327255 
-0.3974203386711802 
0.2694099472618466 
0 
-0.06104185090659735 
0.02318173008753945 
0.1683658043011212 
0.01687430714610621 
0.01471738283822527 
0.3526679826013516 
-0.8967633375538442 
0 
-0.9244491224524592 
0.02292211416985774 
-0.04969183720500069 
-0.02210188040184352 
-0.7008190192517095 
-0.02062742502626283 
0.2649367205479851 
0 
-0.1749524952535701 
-6.764616760446176e-05 
0 
0.2596196835282228 
-0.06152840839663244 
0 
0.2677711952746025 
0 
0.1034256698795589 
0 
0 
-0.01289121676596879 
0.007798987608408708 
0.05163335122415415 
0.03374104311646302 
0 
-0.002098610840617873 
0 
-0.07801860251979462 
0.2020782624418394 
0.06408950780620039 
-0.003463192824119197 
-0.03489980697239363 
-0.06830379806447626 
-0.04214739733086707 
-0.05931701281285823 
0.7008728808268266 
0 
0 
0.5086165069879096 
0.004386364343320837 
0.1303420180009024 
-0.06802672850371165 
-0.03381692356372729 
-0.02261662540449942 
-0.05643038602421774 
0 
0 
0 
0 
0.008446574742623334 
0.5179405318234503 
-0.07327806121673439 
0.01815027400838037 
0.8494590061019542 
-0.2391741002867677 
0 
0.0616759670452575 
0 
0.2237627065914914 
0.06995824907328461 
0 
0 
0.02357579670346655 
-0.003054540453863335 
-0.6949549438286926 
0 
0.1687977424122571 
-0.008503562273172987 
0.1665014609403127 
0.02141500219220538 
0 
-0.02310021789964152 
0.393514477977373 
0 
-0.1283011313972822 
0.1506141428256033 
0.1846817463989141 
-0.001135884559382415 
0 
0 
0 
0.002494665480845822 
0.1243214276046908 
0.2973748470730083 
-0.8150355735286178 
0 
0 
-0.05953022483035075 
-0.204606616070533 
-0.23289813990743 
0.1892864878904068 
0.4356923998921642 
0.04642380549369211 
0.05592612956019728 
0 
0 
0.2261508787229748 
0 
0 
0.06043535433661349 
0.1803292959359054 
-0.326280825827805 
-0.0935293929892221 
-0.2273801236306033 
-0.04995844894850938 
0.05511545660731357 
-0.3948558260731037 
0.4304766565557933 
0.07351126445250331 
-0.0589871462368044 
0 
0 
0.2135294674777214 
-0.02465462902295618 
0.04362931887604839 
0.006045089352587285 
-0.001102714771020857 
0 
-0.1112416903587956 
0 
0 
0.008532027424347567 
-0.03399579225100274 
-0.003597861519795966 
0 
0 
0 
-0.03724939669670823 
0 
0.4299906930344188 
0.1034758774282738 
0.4631649815140428 
0 
0.07120802126998557 
-0.06958104158014308 
-0.007478057963815775 
-0.667590683511884 
0.3582345138458554 
-0.1131320547317214 
-0.4250539435714107 
0.02144155669899524 
0.006891677444651858 
0.3133609709631494 
0.3127667586191881 
-0.08418775997201625 
0.0216109735470303 
0.6224405276199855 
0.0981471383941519 
0.005648426157522849 
0.3431259970052194 
0.06367191499294775 
0 
-0.1830887405467787 
-0.1094744866630751 
0.002381919506006976 
0.7146486640580469 
-0.290122337692481 
0.09149698921408526 
0.02723884761320331 
0.04263704820897749 
0.3329319882414194 
-0.08729664821548377 
0.01023262459215422 
0.2748948218236503 
0.005646802896371331 
-0.0153365095054147 
0.4426558232383512 
-0.02174988476566511 
0.1230395464804808 
0.4076374938443322 
0.4302420564913284 
0.003794728711890017 
0.3549999347259338 
0.2165300102548627 
0 
0.7803376185991437 
-0.004326281684715291 
0.002859681972233932 
0 
0.05441753597771049 
0.2689719632597994 
-0.2196891273610609 
0.001353722514761457 
0.1087761009533639 
0.1464931868975232 
0.1644796131762213 
0 
0.009317707232649703 
-0.05699971835512951 
0.01284980995318026 
-0.3370723322138542 
-0.01599498492181184 
0.004577664255397111 
0 
0 
0.2422423799508056 
0.02585198902091743 
0 
-0.02568681060053826 
0.006462818094387884 
-0.04882256749170866 
0.1624203839295423 
0.001119913236893292 
0.4296635989117315 
1.594093169129519 
-0.01101829410197803 
-0.1932662988107434 
-0.004337866707627698 
0.007085705489810717 
0.1747890325444174 
-0.1155620734507496 
-0.3135139426342258 
-0.01297874855715965 
-0.03239230147933621 
-0.07141633922032072 
0.8989177393043366 
0.01904831332665142 
-0.6331517859792256 
0.1649485029514581 
0 
0 
-0.6134152930232127 
0 
0.02443624094404859 
0 
0.3058592258718636 
-0.02520450006032583 
0 
-0.03832535241010161 
0.02447470304605616 
-0.04681459952371731 
0 
0.05181511099984618 
0.867784069753088 
0 
-0.1172048291556158 
0 
-0.003881658071942966 
-0.1842348422898605 
0.007336079251225763 
-0.002706241585854675 
0 
0.01156438059975872 
0.0754238562690803 
-0.08777393890440816 
0.1323636545443118 
-0.1805321518001508 
0.03121677764267638 
0.04425388037506524 
0.0019230241457081 
0 
0 
-0.2391149427517949 
-0.04792912898587003 
-0.07486620065569463 
-0.02105844345620185 
0.00660964000345777 
0.09877533125059247 
-0.06611129366451757 
-0.02419303558761691 
0 
0.1267449656801916 
0.04715205718160721 
0.1203445108892043 
0 
0.04022928938419893 
0.1395822958271697 
0.07201675717015688 
-0.02950476326160914 
0.05259687120088447 
0.05041257956181394 
0.460425044036913 
-0.07254307274159624 
-0.01620662558395516 
0.3953053970166969 
0.006270926610180314 
0.1274028651970405 
0 
0 
0.0308206193094595 
0.1314006845673824 
0.007103661860995676 
0.2489933356873197 
0 
0.01233843737085278 
0 
0.03196490190677803 
-0.0006646131084310068 
0.1054519195795638 
0 
-0.0415407567856869 
0.3299785672972768 
0.7265707829088166 
-0.08590852794666155 
0.08584517042720677 
0.02168324914728455 
0.2982315127548767 
0 
-0.05530736376090427 
0 
0.156728017791961 
0 
0 
-0.009036125034918879 
0.1259546023592538 
0.0114235037118415 
-0.1434965412908824 
0.1308619816856296 
0.07549592888587778 
0 
-0.00221856686021079 
0.004587553431435842 
0.2435195339517398 
0.8055469266399736 
0.009731457305369355 
0 
-0.09860842950148543 
0.06606714315361266 
0.02351271239128414 
0 
0 
0 
0 
-0.04539043542817889 
0 
0.4331678480712539 
0.01464750423521306 
0 
0.2776689710808939 
0.01071889572510107 
0.317062505719151 
0 
-0.5309190938843453 
0.4309911986854637 
0 
0.2132199922463804 
0 
0.004672541164957578 
0 
0.2787642068915121 
0.1548939477690843 
0 
0.06291939900724476 
0 
0.004242141657659351 
0 
0.8851706942084996 
0.0584043090286443 
0.2725972094153429 
-1.087194238885177 
-0.0189533723753437 
0.002990426725821829 
-0.003556088972674426 
0.1975639667082214 
-0.2814668172422899 
0.02425769718799279 
-0.01347080769923698 
0.1406381129409465 
-0.05183440446214844 
0.2989339185264269 
-0.01577285952843439 
-0.00830104913086918 
0.01756673548254533 
0.0364819906028435 
0.05232380826422228 
0 
-0.000993556845315006 
-0.1991119029258721 
0.2886351781921654 
0.3193504421149517 
0 
0.001279462735402448 
0 
0 
-0.154308195280735 
0.01245306517416793 
0 
0 
-0.2667811900152195 
0 
0.24498416144659 
0.04648702321660016 
-0.1172153820443189 
-0.03278632974700323 
0 
-0.5264657216092017 
0.04372621266822169 
-0.02743086507588229 
0.2593360122935243 
0.1596700532527876 
0.01146959227222468 
0.1002061618368044 
0.1102723194924925 
0.06106829131425356 
0 
0.3885350441671526 
-0.02324785685004925 
0 
0.4565953970238494 
0.06613140984635697 
-0.143055395351639 
0.6445403848444383 
0 
0.01721468746329995 
0 
-0.1006080425905855 
0.5607741968487676 
0 
-0.04911612602660086 
0 
0.2770763722502601 
0.01198822453615499 
0 
0.2248215165445389 
0.05631093202931135 
0.3612932043598535 
0.0256857510749735 
-0.06036378606838742 
-0.9032206354096073 
0 
-0.06906139443912265 
0.0006208828090768171 
-0.1497915726047024 
-0.128843698998881 
-0.08471064988528611 
-0.1581871658383506 
-0.003375284082091166 
0 
-0.1020347639827169 
0.004560528035819155 
0.0849252166758982 
0.1613073997171858 
0.3981095994354295 
-0.05319864575551426 
0.06813347463613331 
0.03743236437672034 
0.1678116030878286 
0.1312940975560864 
-0.04290275596736784 
-0.08695779644213623 
-0.01117564987065943 
0.008470457303573218 
0.2667334613062111 
-0.01361769770925205 
0.1294179283107725 
0 
0.009016176034280617 
0.00154973394259944 
0.03024958477514354 
0 
0 
-0.09004120245171451 
0.06711612715717534 
0.6395308385940759 
-0.2369442459225771 
0.3451220066935762 
-0.01812007599325756 
0.01128294307858001 
0.0007448071265062916 
0.3887041849632573 
0.2996877624858167 
-0.3562331565596383 
0 
0.02286865311339826 
-0.1430743409557269 
0.08351941963320295 
-0.009564374780622352 
0.07700850079646815 
0.03495036544067257 
-0.02791803197748685 
0.01685630698798344 
-0.02134335246682533 
0 
0 
-0.05395681641130035 
0 
0.13923657542047 
0.1314919512178606 
0.1666190979754499 
-0.02805445242639031 
0.4001812662006001 
0.1251799325412321 
0.1247962833986259 
-0.263622747319073 
0.06573571924695393 
0.1667236839426027 
0.2323579512076032 
0 
0.2979118043101002 
0 
0.002837243300291218 
-0.05782536557915753 
0.00977937842417189 
0.03383541212097066 
0.01004030092786629 
0.09729161825144327 
0 
-0.3783830655557804 
-0.06058922611019317 
-0.03079188187550856 
0.000225302879960253 
0.1076635846960806 
-0.04393463855957859 
0.02045126981547614 
0 
0 
-0.3252813946608041 
-0.2522425861618356 
0.2302976772525039 
-0.01213749218803743 
-0.1183436538936957 
0.01955449700432579 
0.02698780259399795 
0 
0 
0.1784035478958232 
-0.01674914624900071 
0.02369435234581271 
0.6791667778148637 
0.2297875891082355 
-0.1462093705974912 
0 
-0.0007956772783750464 
0 
0.08722794441868784 
0.1351924204397594 
-0.005550942487213502 
0 
0.01264308196239785 
0.01973242915327302 
-0.0004705761982595683 
0.07195254487428407 
0 
-0.001154467734893633 
0 
0.01235796639396022 
0.04335693417155448 
0.0378499602811071 
0.05821040635673395 
-0.0259773103046169 
-0.005361795616261247 
-0.09126477439402171 
-0.3131080608035428 
-0.1664868095025235 
0.05073731745862688 
-0.1912187771412305 
0 
0 
0 
0 
0 
0.1152737309448985 
-0.06703381393780811 
0.1932009657616355 
-0.03154383637704981 
-0.02612165532998611 
-0.1233167326808593 
0.1750550923255957 
0.03422962015355216 
0 
0.1545652266356191 
0.05509624758632995 
0.0209993758240627 
-0.05172461638939933 
0.008213297000187428 
0.06815514812148535 
0 
0.3127456836651598 
0.3231104924269217 
-0.04608186761086468 
-0.2080740747330981 
1.277298542949746 
0 
0.04467451691600212 
0.2530667955597088 
0.1662953635473902 
0.06181362823300291 
0.04588102828933868 
0.2764453424361423 
0.1244290656218884 
-0.1128245978192837 
-0.007509224373196901 
0.04055969484004616 
0.008646997031459712 
-0.2365448331076111 
0 
0.01725896100664545 
0.03043501745299625 
-0.07600531585233032 
0.2160118276829232 
-0.132394311342041 
0.02496015171718848 
-0.001352896371321542 
0.1299664173782298 
0.02480593772547875 
0.005377408442488553 
0.00288709357216103 
-0.01344733494652423 
0.02871550161298928 
0 
0 
0 
0 
0.003945156617336005 
0.1073761991749081 
0.02268031341378089 
0.2482220451800171 
-0.01983889585871994 
0.05665095253041202 
-0.09922881812416209 
-0.3911507192131288 
0.09458189062381105 
0.08564968254234241 
-0.03673628023933118 
0.003602226667324655 
-0.07731233327792125 
-0.01002920445999854 
0.5235049616619296 
0.01958356820296765 
0.01553727371515159 
0 
0 
0 
0.05721058598126463 
0.8116863795491347 
0.1192461169717911 
0 
0.03472191977699545 
0 
-0.05502015558409366 
0 
0 
-0.06874343285916079 
0.1620697856328817 
0.3115882582679181 
0 
0.1134310184080329 
0.1590932776583757 
0.003589883772917412 
0.2119020784459278 
0.165087660701646 
0.1210365163043546 
-0.1137590142761318 
0.01026164822568374 
-0.1266023209467063 
-0.1917464717462284 
-0.3757858866490197 
0.1890373397889634 
0 
-0.6687084545923078 
0 
0.6151959939315139 
0.03615530881300426 
0.3333407649231585 
0.06964689209065648 
0.5737283277192482 
-1.014584227858714 
-0.06959283266719735 
-0.3229706559012815 
0 
0 
0.4477595120694112 
0.3008904770404356 
0 
-0.1593317867849912 
0.07704256129908867 
0 
0 
0 
-1.026703337130617 
-0.03827553750711438 
0.03483339731435661 
0.4345509375501045 
0.1370227856321247 
0.1532089350024479 
0.4512285816040522 
0 
-0.1319287354581295 
-0.06217952797833591 
0.2676962041494457 
0.3420422547259751 
0.1722721310600774 
0.1266637940961386 
0.08400717304183256 
0.0685190009181304 
0.4984236413027681 
0 
0 
-0.02800988964430998 
0.1412562464789074 
-0.6030761333789042 
0 
0.3038544905128904 
0.2507026773421022 
0.1437614319021319 
0.2153080011871456 
0 
0.02564533839719805 
-0.08137004510548645 
-0.1105680815296454 
-0.09635438218015455 
-0.03078005807438435 
0 
-0.0005066972536942237 
0.0775318194682804 
-0.10780373537438 
0.08215326104556525 
0.09786333892932801 
-0.2056933210899004 
0 
0 
0.02730998317376326 
-0.02368960735008555 
0.01892660111168295 
0.3080358233448757 
-0.0599457621854825 
0.01144211485031606 
0 
0.01193816344196499 
0.1185684011745795 
0 
0.3026933230221338 
-0.08995401780924778 
-0.07891801773340552 
0 
0 
0 
0.008934686479936475 
-0.008821406289200293 
0 
-0.1702313371673111 
-0.05462321864860048 
0.07291240355972628 
0 
-0.08899504457325408 
-0.04423603398787067 
0.2357909993006433 
0.2075240485437658 
0.1590798119851949 
0 
0 
0 
0 
-0.00298974851569875 
-0.0005979741002384055 
0.01016574484815789 
0.04322916092038027 
0.5328674966592685 
0 
0 
-0.1096019824563484 
0.1671387611526484 
-0.08992671741752734 
-0.007361443904965402 
0 
-0.009579616855895505 
0.08563733619103371 
0.1799480483857892 
0 
0.03467102167179965 
0.003336955059926585 
-0.3601152005646522 
0.1277985133963153 
-0.01919747172649503 
-0.01430850680303438 
0 
-0.06501111456501493 
0.1364204242305675 
0.01695055970531701 
0 
0.08349764732066815 
0.06347816399402842 
0.0423877234038114 
-0.006965860951228638 
-0.2338136346751827 
0.3444203175059583 
0 
0 
0.2566859241493128 
0 
0 
0.1127723886727972 
0.05132934712298586 
0 
0.5616059501424552 
0 
0 
0.06491097274474407 
0.005974106639117286 
0 
0 
0.1357990257873541 
-0.04795873113011551 
0.02939166682881164 
-0.2169134604327007 
0 
-0.6281145732701398 
0.4041539188069321 
0 
0.05634579608908151 
1.190583989714628 
-0.2142635038437257 
-0.01593386566823945 
-0.006788906448394745 
0.004320500503642766 
-0.1856171867251673 
0 
-0.05303092483058217 
-0.130433569548114 
0.4126854760553912 
0 
0 
-0.03910594218886273 
0.1716410658897858 
0 
-0.2054577298341476 
0.002144017976274858 
0.05238107658563146 
0.4400782225948339 
0.07692641651554989 
-0.08528499688437612 
0.07279494685370176 
0.02107661480366974 
0.008119152041675964 
0 
0 
0.01328800398429187 
0.007016975866613098 
0.1929113541217201 
0.2052992574358827 
-0.02287828178878201 
0.02570600617547644 
-0.006471913472808688 
0.0185732181476951 
0.0006225880761844308 
0.5331201595765488 
0.04333312471657509 
-0.07518785331366164 
0 
0.01451664799045208 
-0.05477505078490394 
0.2027753965124774 
0 
0 
0.006067192705532111 
0 
0 
-0.07593739031124962 
0.1514182824704302 
-0.2559125711269332 
-0.2000712910004527 
0 
0.004395933199580012 
0 
0 
-0.01817127826004764 
0.1772772556502413 
0 
0 
-0.0171698920185381 
0.4307918577377642 
-0.08739430318819094 
0 
0.06866958557820624 
0.1986740978805291 
0 
-0.008858460971040032 
0 
0.594569875964966 
0.01240384170574703 
0.0202450896060714 
0.5967960419237089 
0 
0 
0 
0 
0 
0 
0.09086399988322277 
-0.003248492750012665 
-0.2021852172877062 
0.02005429638165143 
0.2102196563414103 
-0.01088524341473608 
0.01977749985434306 
-0.8271860130089531 
0 
0 
0.05549144415684553 
-0.139454030760251 
0.01140955242427806 
0.01794339292069422 
0.7275964971375495 
0.02961283390299808 
0.1509897695472432 
0.01743747885383803 
0 
0 
-0.0308052523368311 
0 
-0.03764656813409825 
-0.01798192487616959 
-0.007697426816274259 
0 
0.04774201933768409 
0.03171391888899969 
0 
0.6321778701078887 
0.08149824831828217 
-0.02639670201801934 
0.01029337981555029 
-0.1731242613709653 
0 
0.04754777206128026 
0.5314063379712249 
-0.006948809558493006 
0.1960399810412177 
0 
0 
0.03036443238201408 
0.8722851431693662 
0 
0.1832983067539516 
1.174014315089562 
-0.01863518261212272 
0 
-0.05325460413476167 
0.2295683944583965 
0.0810072304741473 
-0.5414764442856457 
0.0122759560793356 
0 
-0.005660498356806365 
-0.001612736448295548 
0.3555716156479163 
-0.0848661186958273 
0.001301061229615224 
0.1411672446365782 
0 
-0.1899694065495343 
-0.003528723135706089 
0.09245084228708904 
0.001713345372997522 
-0.008262630113100728 
0.04964317608479629 
0.1914273582915011 
0 
0.03850940102434972 
0.01741151230669662 
0.1763516769693014 
0.03401864813107047 
0.07150302222446153 
0.2418082614148599 
0.2996407386718869 
-0.1113188377055674 
0.7882522619820281 
0.08563286889681007 
0.2189275587268405 
0 
0.6234159216805615 
0.00502286043268955 
0 
0.230635579106306 
0 
0.3757799456899603 
-0.01536056953640891 
-0.1418565221622194 
0.2588312164228911 
-0.4120259963690242 
0 
-0.3030725892599641 
0 
0.002321939104541265 
-0.0317865338521487 
0.008463249665425292 
0.3256939170189466 
0.005952936435480137 
0.0272538633450188 
0 
0.6172166425774913 
-0.08543173533918176 
-0.02200058504961942 
0.1524397298784701 
0 
-0.0386374133944646 
-0.002004285999735488 
0.00548587154477832 
0.002105686308958791 
0.1799768940150604 
-0.01563746339271775 
0.01642032376318542 
0 
0.1303402936566802 
0.123604526220326 
0.10615600433065 
0.1077652011340979 
0 
-0.157045393419409 
0.01012783269852651 
0.2051462541734856 
0 
0.02838500155021891 
0.05088979045486451 
0.03958180315838931 
0.01541245779065412 
0.006891677444651858 
0 
0 
-0.1133856946076353 
0.0162213987618378 
0.08383136328353517 
0.007673893792658112 
-0.02128212198120913 
0 
0.02865967712824398 
0.05273744936769853 
0 
0.2654630329833502 
0.0653827488791054 
0 
0.03932093339866426 
0.02385819096430674 
0.01237943015561872 
-0.05351113724834004 
0.2975043545517894 
0 
0.1760563382864059 
-0.6149956988469848 
-0.1773371360333826 
0 
-0.02829770912403677 
0 
0 
0.01620558509729792 
0.05098999288259216 
0 
1.472577068654117 
0 
-0.5499557301158504 
0.03312935123351151 
0 
0.02653617970061556 
0 
0.01608758540666935 
-0.01560795865837051 
0.4036035471993273 
0 
0 
-0.008254260186112401 
-0.1879294397239116 
0 
-0.0992699753610447 
0 
0.2455034292267166 
0.4444187704703162 
0 
-0.03375674968273185 
0 
0.03158723708867751 
-0.05747866089867476 
0.03373382738333566 
0 
0.08796067421022903 
-0.03977310740643406 
-0.412881196050388 
0.02813092464180456 
0.184318885720265 
0 
0.2612006100169476 
0.03047587221962272 
0 
0.002107544789456818 
0.06630087279162114 
-0.006144990646903682 
0.1391899398982041 
0 
-0.0603346406364987 
0.02294234046699876 
0.4234150274621803 
0 
1.112802927662159 
0 
0 
0 
0.04753889987951696 
0 
0 
0 
0.0170496400002328 
0 
0 
0 
0.5528148617774298 
-0.09650320048766561 
0 
0.03051238295495374 
-0.009018266538626687 
0.2976491685680586 
0.02385027057504253 
-0.0338916699127495 
0 
0 
0 
0.7604446281424242 
0 
0.01562371654651102 
0.1150648916614464 
0.08804840728719199 
0.6079321217904359 
0.003954012816583394 
-0.1612402823617721 
0 
-0.2261117047560107 
-0.01275635343647638 
0.07056640718871905 
0 
0 
0 
0.4091480696626308 
0.2848387304161649 
0.1097093163862484 
0.1280916337085453 
-0.1087867181401329 
0.422463830932834 
0.08809927281722812 
0.1910110807925634 
0.004724619898726456 
0.4887530667069419 
-0.4171872049331084 
-0.00301807055359337 
0 
-0.009614912486299594 
0.1919569317222969 
0.02094899688791368 
-0.1411391285717812 
0 
-0.03100099436929004 
0 
0 
-0.1287178486569178 
0 
0 
0.04517485162370142 
0.1425811859972593 
-0.0007139554515359532 
0.02212804472866523 
0 
-0.3941506314527166 
0.002716717359303621 
0 
0 
-4.417753481709607e-05 
0.2530860578282959 
-0.2338404172071411 
0 
0.008388448731352213 
0.1312891106566719 
-0.01322318691779622 
-0.01386768142314331 
0 
0.1360561254446554 
-0.01206728368044561 
0 
0.05069687106732378 
0.5181197215278873 
0 
0 
0.4007689015327438 
0.0951853618580728 
0 
-0.02055945314852419 
0 
0.004759778151464743 
-0.2164662302002912 
-0.007336225783246912 
0.02355685877242357 
0.3581461017685905 
0.01864011568630642 
0.01386682214746786 
0.1265316857409374 
0.0438662640966498 
0.1371133823151598 
0.5624129125642017 
-0.2383601580918486 
0.240137854085904 
0.06356254833244952 
-0.0612992153350466 
0.05521250707381379 
0.01683563575769867 
0.01116123033197616 
0.4724859614329905 
0 
0.03975638229925028 
0 
0.03350356099753567 
-0.01923407310938915 
0.0762896072538444 
0.2364434925484109 
-0.2000806900694763 
0 
0 
0.05020867008212788 
0.0007945536854036149 
0.2219939519513357 
0.01710306332263888 
0.07763490347785416 
0 
0 
-0.0001941393052263193 
0.03459127626183894 
0.1803429559702279 
0.005194568841538257 
-0.03545502687770406 
0.1981805228590834 
0 
0.08525915675308621 
0.0005252823108973941 
-0.005584278140186289 
0 
0.02988131409626385 
0.2328004166622619 
0.5218571812331331 
0.0531841092108918 
-0.118654278304452 
-0.002159571022345444 
0.05479381223778234 
0.08026941917191222 
0.2443108963049274 
-1.031582001805192 
0.2172410964205097 
0 
0 
0.02893466525309378 
-0.003873251445807454 
-0.01283234723748003 
0 
0 
-0.01656528518115712 
-0.01711412259173222 
0.1618904550072264 
0 
0.1547026354950942 
-0.04848739811396697 
0 
0.1550378358622252 
0 
-0.304162256679539 
0.03972481412397134 
0.04283909011254965 
0.0162214847300742 
0 
-0.2790423303741958 
0 
0 
0.05191614026036976 
0 
-0.02811745859698211 
0 
0.1189189409736052 
-1.488872934524197 
0 
0.0617913452235397 
0 
0 
0 
0 
0.345692476186989 
0.4279334653369753 
0.1966308990978157 
0.1426106905146654 
0.07619750788236233 
0.01338227365778698 
0.01029327649249903 
0.08901996442175464 
0 
0.02649493259019437 
0.1391627276548628 
0 
0.2181259749123695 
-0.1484762006757357 
0.752636573066307 
-0.3010671424769322 
0.008260014669994192 
0 
0.1706634924704772 
0 
0 
0 
-0.03966230421832777 
0 
0.3598151617185709 
0.006626709982715914 
-0.004895404854536605 
0.1683817298665213 
-0.005794178804960512 
-0.1487598791720748 
0 
0 
0 
0.1757090693775216 
-0.08581096526125429 
-0.09405378334680099 
0.009552353961244478 
0 
0.6008592171021268 
-0.05496655713223018 
0.01810736618808062 
0.02929629145934076 
0.009053217134404946 
-0.1105537398760096 
0.1305193646992206 
0.1622951469748184 
0.001789997409955974 
-0.003104627033684782 
-0.007082284618878354 
0 
-0.1794006457337525 
-0.01114421584248411 
-0.01015419157393825 
0 
0.02602338441971302 
0 
-0.08067646965488387 
0.04247616428113464 
0 
0 
0 
-0.01405848267216153 
0.03700006516132816 
-0.02761933339265717 
-0.008399778687636583 
-0.178656717708193 
0 
0 
0.4271493831277339 
-0.008536508979161804 
0.03943345155879235 
0.0577493104768781 
0 
-0.000809762019578567 
0.1329485978583921 
0.1189305647899318 
0.08755781567067702 
0.0572971226246809 
0 
0 
0 
0.004509645330912529 
0 
0.01595232266214405 
-0.8866553439353606 
-0.1479678183304174 
-0.0429382820459743 
-0.0238203041513587 
0.1031883165443675 
0.3497032655904407 
0 
-0.02709433146662042 
-0.4039778574794375 
-0.02399771039092361 
0.05885873146333775 
0 
0.1715188433421003 
-0.4027972117140539 
0.3821014177048299 
0 
-0.00811057986783726 
0 
-0.1009616261129984 
0.03962380639627353 
0.2792609291803737 
-0.1339804177294503 
-0.04318836740996568 
0 
-0.04354676152509748 
0.1047894704884956 
0 
-0.006130521678546138 
0.04724824443648933 
0.1184447476098524 
0 
0.6565529645722999 
0.001991651800933595 
0 
0 
0.003075265782006054 
0 
0 
0.05893691293216268 
-0.02001976516605081 
0.1207559999937853 
0 
0 
0 
-0.01133460907372471 
0 
-0.0254153957889964 
0.06439832703001551 
0.4290064594800247 
0 
0.1180835957023508 
-0.4286896133051371 
-0.09873878230847173 
-0.2913857685467892 
-0.04031962331513868 
0.00922651198326767 
0 
0.3138652778043338 
0.002966938478392012 
0 
0.2498265559681034 
0.04887163016812917 
-0.0206868081250822 
-0.06495088589698549 
-0.002812488596921277 
-0.0008367081427267105 
0 
0 
-0.9413368005634312 
0.02543671171616546 
0.03415138122481599 
0 
0 
0.08543324567577179 
0 
-0.01456572275244281 
-0.0054842616308009 
0 
0 
-0.006887086145373804 
-0.6556199636235867 
-0.007308205655058258 
-0.0706353196546366 
0.0836413113990551 
0.06485797402618755 
0.009659007237321274 
0 
0 
0 
0 
0 
0 
-0.08312791935484837 
0.2531034839882027 
-0.1802702927903586 
-0.1441506062280114 
0 
-0.05184465083298434 
0 
0 
0 
0.04643080280013118 
0 
0 
0.1908919514204536 
0 
-0.08333365744697546 
0.09858936353661767 
0.02136876248560822 
-0.0005682343836623452 
0.05106912239628433 
-0.1212138468892411 
-0.00721673264715649 
0 
0.2450741794774425 
0 
0.03967162354437875 
-0.03472191546651846 
0.08555662262192709 
0.02691973253670081 
0 
0 
-0.08439842382291697 
0.02698420628612989 
0.7669529569040215 
-0.09273249327120282 
0 
0 
0 
-0.179148364731841 
-0.00643732029416787 
-0.0591678387214717 
0.1384916615496992 
-0.004069971002708935 
0.115774583005538 
0 
0.07370121246719674 
0.01161760340286467 
0 
-0.01771887745467168 
0.1337840099415986 
0 
0 
0.01860107456488663 
0 
-0.05166086880599912 
0 
0 
-0.01879706924245112 
0.01417942831836294 
-0.0197916792391007 
-0.005777340305358272 
0.8766485203715759 
-0.07042286810330048 
-0.07610229879547242 
0 
0.02355528287383046 
0.07434427820124909 
0 
-0.08174606418853292 
0 
0 
0.07180637581029242 
-0.06963660571905306 
0 
0 
0.06782885709802039 
0.06525988439107333 
0 
0.2428377462321405 
-0.02702121523883568 
0.04388629050765448 
0.0256793501761934 
0.8242815574268552 
0 
0.01748192635875446 
-0.3090931947294833 
0 
-0.1392024541796578 
0 
-0.5518271457920886 
0 
0 
0 
0 
0.112379528479488 
-0.04824351503786709 
0.06482927615448315 
-0.05766207151044925 
0.01255312549486743 
0.1199675244707284 
0 
-0.23563276387246 
0 
0 
0 
0 
0.03564034905828561 
0.2118244553436738 
-0.008497547647908428 
-0.002841151803167449 
-0.0209433967141443 
0 
-0.001308910409647209 
0.1018263245831466 
0.1905073186061594 
0.2250793133751078 
0 
0.04186241161395923 
0.02669660390041544 
-0.537485967996349 
0.00968183629493214 
0.1022766513893656 
0.002094594274171491 
0 
0 
0.2407635106483345 
0.1697638107126653 
0.3717975442718876 
0 
0.008115763592297561 
-0.01343231356238446 
0 
-0.450993201712704 
0.08192362751755514 
0.07384705077357137 
0.02933271761452191 
0.02764984749254464 
0.02112697421978637 
0 
-0.04070074721828489 
0.110728470555816 
0 
-0.1774609227848382 
0.134359651987433 
-0.09830090538057878 
0 
0.1641969148514278 
0.02467460219355855 
0 
0.1811616164075182 
-0.01820902623561158 
0.0315793514829189 
0.422535385955381 
0.1752028281796942 
0.2249496919313986 
0 
0 
0.02970271495241312 
0.00235894632628847 
0.5677436570961236 
0 
0.009368904609430812 
0.1926392181174992 
0.4492910578569637 
0 
0.04731053776819277 
0.2132958792031534 
1.683269559976198 
0 
-0.04383431189204386 
0.005199015412240686 
-0.02149230955480175 
0.0006789017734762621 
0.05531679959673785 
0.01600589575577031 
0.007397434696871596 
-0.02953216601093311 
0 
0.01643559371494844 
0.06384001005955733 
-0.1080660887266751 
0 
0.07721439298114383 
0.1050122140544323 
0.08681633751577153 
0.1515956948509188 
0 
0.001162207536232598 
0.002972479191111168 
0.1081840528023111 
-0.01388425012770191 
-0.002677779439115139 
0.04543888481660964 
0 
0.1099989338418958 
0 
0.6896954153007705 
0 
0.01233856095509684 
0.7417820262559837 
0 
0.04497066951339541 
0.08155734668457106 
0.4047706887659801 
0 
0.006050000158437224 
0 
0 
0.04864475395588397 
-0.04417338453066722 
0.2394646735963833 
0 
-0.06313055670563812 
0.07834861750399399 
0.03967120324937799 
0.005323346419012581 
0 
0 
0 
0.357262679175372 
0.003082347243667675 
0.3132880632343292 
0 
-0.005204675409201699 
0.002348328689752626 
-0.06822679354678064 
0 
-0.1765307877204195 
0 
-0.08446117867707763 
-0.05049075942271161 
0 
0.1847273106237556 
-0.01012406721915197 
-0.0391607625986949 
0.01212846135872741 
0.007743476066024544 
0.003287181461335133 
0.3313350926916271 
0.2110262745225496 
-0.07298990903636164 
0.01627712185045196 
0 
0 
0.01647276356660296 
-0.04274381791887871 
0 
0 
0.002067752565569589 
0 
0 
0 
-0.05584200747158208 
0.01556290349969941 
1.05048858620253 
-0.04435692085879205 
0.01691526391455549 
-0.1177302790921155 
-0.4625696042358001 
0.006140493802777426 
0 
0 
0 
0 
0 
-0.04222034023190938 
0 
-0.01423949139314275 
0.2040151008395886 
0.3338155835486313 
-0.0007414392504150835 
0.0004877837545844833 
0 
0.6709296236949218 
-0.02531727506772997 
0 
0 
0.06548650086902076 
0.07460151021452865 
0.06258856095837675 
0.1109954495320264 
0.01489379191284396 
0.1403808869512936 
0 
0 
0.0762907389357606 
0 
0.4301075629724797 
0.008958255519479255 
-0.135204743347337 
0 
0.008725454348091365 
0.1874453304161875 
0.07721411724700598 
0 
0.007551669502930562 
-0.08891720476156789 
-0.1337476564490562 
0.2124383879503622 
0 
0.04729021054634402 
0.05897321668859486 
0 
0.2318976472186948 
0.0836575538455356 
0 
0.006615484774027633 
-0.0575502715009337 
0.5313721735747335 
0.2347225149467019 
0 
0.008671926854268241 
-0.04871764628803441 
-0.004293149644079726 
0.05888308439319261 
0 
0.3594385879457366 
0.1437948915540776 
0.01310452890443407 
-0.006007573451155185 
0.06532720945386228 
0.021008653523166 
0 
-0.0167038762425148 
0.07449455574769991 
0.1216745419663779 
0.007441187758097526 
0 
0.007532000125461937 
-0.05874982272406596 
0 
-0.08665719183276187 
0.03839026982249342 
-0.04598464168584053 
-0.01100570338822961 
0.09434178635544238 
0 
0 
0.002762125322341838 
-0.07166850828016066 
0.285947625246447 
-0.01859885935578339 
0.4043956461531096 
-0.02852544357422573 
0.02546888326604228 
-0.03713158788904362 
0.1606278197196726 
-0.3341224305886735 
0.01579859586163921 
0 
0.03181567818180898 
-0.2485046662584975 
0.1105476327693246 
0.02309767675115317 
0.02207144618204004 
0.07157846047563698 
0 
-0.02751623460369822 
0.1081683556694025 
0.2414229895884797 
-0.006831925153627863 
0.01057588963210696 
-0.0402292049648699 
0.04754950383420253 
-0.01237351236678707 
-0.006338178802687404 
0 
0 
0.3801612965776586 
0.01227482312655249 
0 
0 
0 
0.1975786012652111 
0 
-0.4255250242605866 
0.2597813393467072 
0.1473183614335526 
-0.007954371233076239 
0.1465763207131988 
0 
0 
-0.01230470593410413 
-0.04217936326756369 
0 
0.008908298728128759 
0 
0 
0.0165630187383067 
-0.05673885955089571 
-0.3025206311407123 
0 
0.06017869288401367 
-0.03956945353133575 
0 
-0.04393040605016239 
0.03548030125893226 
0.1311393980077233 
-0.01879409228014285 
0 
-0.09396523004566792 
-0.01029408165646618 
0.1000014577647595 
0 
0.001063899175000212 
0.01630162916242858 
0.02517945629779594 
-0.04225897159916487 
0 
0 
0 
0.1012828461909672 
0 
0.09950330355099393 
0.2823624625843712 
-0.1291597508700119 
0.1347994390734875 
0 
0.01520440084013655 
0 
0.1511330705906427 
-0.007189047549861442 
-0.001046875829410042 
0 
-0.2322571565940593 
1.134069439215862 
0 
-0.03058681956567203 
-0.7577083487622234 
0 
0 
0.3034954541588368 
0 
0 
-0.07094173144423511 
0.0300809348241558 
0 
0 
-0.02717084692348682 
0.2251570254881548 
-0.05743668630287097 
0 
-0.05005918547131818 
0 
-0.1208316901317984 
0 
-0.02127350232345997 
0 
0 
-0.05223232503027064 
0.26477339719688 
0 
0.1754927593511271 
0.04329078618271713 
0 
0.7636870772098626 
-0.0162836604028993 
0.00464616388816582 
0 
-0.02555484056853344 
0 
0 
0.1544427533707033 
0 
-0.07366191313696954 
0.3387273509762843 
0.1067373463182294 
-0.01030230798214999 
0.1672783186033772 
0 
0.02630687757008797 
-0.03917514658211597 
-0.08512579535763615 
0.06965292563132651 
0 
0 
0 
-0.9887778539544387 
0 
0.02985755892100204 
0.03597477280467028 
0 
-0.1045610211921177 
0.01296075673265314 
-0.01394242995970291 
0 
0.07104705187046147 
0 
0.07558047554244511 
0.662597958522775 
0.00529440257431855 
0 
0.03936945948284545 
0.001279174178883609 
0 
-0.02623174197169661 
0.1139702106074464 
0 
0 
0.3963231815188329 
0.05323567516639446 
0 
-0.02504057611397292 
0.06093543369900239 
0 
-0.4038910567867848 
0.1221950064663134 
0 
0.09430919605340544 
-0.04995123139767473 
0.1181718579550626 
0 
-0.01785401612297007 
0.02904391643769214 
0 
0 
0 
0 
0.02518289503933781 
0 
0.002323929776370557 
0 
0.09779935607602531 
0.126757456687359 
0 
-0.002427260053658046 
0 
0 
0 
0.1014131420465954 
0.2302180588281589 
0.005956427713025363 
0.04469454401552107 
0.02370409115232491 
0 
-0.006269590001556197 
-0.02893309187103883 
0.01620260275504758 
-0.02239136973268039 
0.1682395274209122 
0.02645184494581859 
0.01090655731576572 
0.3806102878219476 
0.1084503258259889 
-0.0302484196027692 
0.1240792130381898 
-0.05048849470411385 
0.1413715257572498 
0 
0.06248853794578693 
0 
0.4978354983963572 
-0.08121355771880989 
0.2214847746203287 
0.2527951729467071 
0.09033433459001827 
0 
-0.0129524368814372 
-0.5846896675816288 
0.1460815989066332 
0.08402286394619646 
0.2335423927168212 
0.01189532150145156 
0.05156179607872288 
0 
0.1401385481292103 
0 
0 
0 
0 
0 
0.002931362363361383 
0 
0 
-0.0186814959163003 
-0.03915792745536911 
0.2338767381349256 
0 
0.02211128599291039 
0.0171120461596297 
0 
0.09661874181187652 
0.3711448053836007 
0.03374706452578709 
-0.1890095255296577 
-0.3305391840829158 
0.2499845691732547 
-0.004372832971483945 
-0.06894821023057612 
0.127261953139748 
0 
0 
0 
0.07383512024111491 
0.03936262955035823 
-0.07479119348782037 
0.1320761212129535 
0 
0 
0.0722913236517151 
-0.1091991772335632 
-0.08282999587268428 
0.2791437725675127 
0.005432370068050074 
0 
0 
0 
0.4620089064617347 
0.4403777101762988 
0 
0 
0.0466054056277368 
0 
0 
0.1475331306448511 
-0.2922769411140604 
0.1181696809146453 
0 
0.1503746304499643 
0 
-0.007522796153772855 
-0.00150281919345025 
0.5893385345839137 
-0.3775813833918878 
-0.07157538065072649 
0.2666965412911279 
-0.03679533877799781 
0 
0 
0 
0.06716858294819264 
-0.001560117328904177 
0 
0.1267062156602145 
0.007605954254335651 
-0.2853488148784535 
0.2298663096553862 
0.01143632246026662 
0.1184502022529526 
0.03319375706687205 
-0.2129019163991026 
0.3611677595258508 
-0.273173349012952 
0 
0 
0.02471368121820831 
0 
-0.006807243553484185 
-0.2296897567525505 
-0.1883205553399757 
0.3269020425258595 
-0.003292795731953228 
0.04876058363189534 
0.08187270302057513 
0 
0 
0.003764016145144696 
-0.1587231489733367 
0.1599272486430694 
0.2759226546183289 
0 
0.01193290122057874 
0.1132164051640479 
0 
0 
0.8613371761608341 
0.1959351824567825 
0.3563061255097207 
