solver_type L2R_L2LOSS_SVC_DUAL
nr_class 2
label 1 -1
nr_feature 5000
bias -1
w
0.1100921448900781 
-0.3095019277276169 
-0.22313834567936 
0.2300570564255387 
-1.37860825940556 
0.6838634013945584 
-0.1367993378725071 
1.91723278806482 
-0.7414457277819184 
-0.3626530242827773 
-0.3412140639690368 
0.5383082096015548 
-0.5697196241321999 
0.01758570542016829 
-0.4033883350420918 
-0.9147088405195094 
0.5685063695242452 
0.4375754192121675 
0.8786441639003754 
1.374481283654184 
0.6568861284040028 
0.2347060037299256 
0.2932674217791497 
-0.03651633398394192 
-0.4261374386390346 
-0.4165702615733465 
-0.6263814049020067 
-0.2862809843628341 
-0.03274392943044955 
-0.6116382456545937 
0.8203524103958494 
-0.06076818304668075 
1.530922775641772 
-0.1290817744791196 
0.2238726993775823 
0.4505475907398062 
-0.08925415049015635 
0.4455857638490416 
-0.2047661247957239 
0.3238049168173332 
0.208155406109133 
0.1466905655268888 
-0.753881223557077 
0.03539480621608298 
-2.015814059340167 
0.5355547567553089 
0.8187863676075817 
0.6766948471812383 
0.1188772381915665 
1.266113156332233 
-0.2633819920884491 
1.324936102156699 
0.6092284253650866 
0.2813855539832277 
0.4305435946576578 
-0.7751450533593293 
-0.9282334103241586 
-0.1368512808139572 
-0.5471358328309932 
0.7517093740609145 
0.3673342585869982 
0.07990441729051602 
0.09911860333543478 
0.12676573757537 
-0.2812781268460705 
-0.1970909619855433 
-0.1191004363413235 
1.23497465497972 
-0.08498523758823306 
0.1881515022795109 
0.5319001704869922 
0.3150491237033342 
0.1069616794333399 
0.138100864085565 
0.6747344331092283 
-0.04986928259508062 
0.07577598741843457 
-0.111514804390163 
0.7877541361786979 
-0.06683483318196669 
-0.8321545572388807 
-0.560543241067746 
-1.222051706853126 
2.505991590646269 
0.1472125331344919 
-0.5816710445390892 
0.1146971957630305 
0.3118603148381207 
0.0165672090548676 
0.4200166265109762 
0.03968135063401165 
-1.446889600552504 
0.03124158275690099 
-0.09599905473170528 
-0.2611708695245102 
-0.06983979266876678 
0.1084093782337733 
0.4874036664219668 
0.1175211639665926 
0.1995218445608844 
-1.452313465451023 
0.3162372390304396 
-0.3688725178997925 
0.1483957604283747 
-0.2190037667633679 
0.3765337503527233 
-0.07459205004221479 
-0.5275446097657075 
0.05921786342308312 
0.4005788459685752 
0.2926975789759321 
0.05475502541424428 
-0.3780360819408856 
0.5650588701795791 
0.08647062556701751 
0.2967951478119075 
0.5600249236881697 
-0.05760057191902865 
1.170881739424474 
0.4943951004030395 
-0.6486366920870114 
0.3972281914342471 
-0.03345937528213027 
0.3094784222400362 
-0.6308288497218051 
0.2290767102179041 
-0.5347253660867534 
0.463624387767493 
-0.01273077221002481 
0.2222582053988954 
0.1390838473738246 
-0.168254031006411 
-0.3413781646347556 
0.3179651832813183 
0.4752426036815498 
0.4022321154670873 
-0.3290418225451723 
1.873372078809972 
-0.3823152162510018 
0.1993227743609507 
0.4027715548321259 
0.145194923608441 
-0.06065039166568249 
-0.2039913428159979 
0.1437843915919594 
-0.3181619210435903 
-0.1006636013448074 
-0.04590688478826516 
-0.08539814264996017 
-0.06427398337147132 
-0.3903801052221721 
0.07718698972404954 
-0.8691189830054695 
0.3221942666154227 
-0.2876187616539637 
-0.100097202559241 
0.06606185949759623 
0.3894370806592898 
-0.006994083187322649 
0.2285706465756695 
-0.07901940760240261 
1.023469294068046 
-0.5817398551493846 
0.5796724389231461 
-0.08723320005866837 
0.1726165308542435 
-0.07889285250356781 
0.0006519419672067199 
-0.7217826339049728 
-0.3124994811284696 
0.4806631086694189 
-0.3820330683212935 
0.3558997372806872 
0.2480158742259306 
0.04708834772120594 
-0.7179402980873031 
0.9914569696782723 
0.477680004405717 
-0.06664775564396959 
-0.03447826209619576 
-0.09250460801760337 
0.5922095725227082 
0.6223505049382574 
-0.1783004049389665 
0.4480309012466785 
-0.3577004580447227 
0.635590168652582 
0.4533342708450908 
-0.6885818275404672 
-0.1204243166288794 
0.733722997610936 
0.7195495933203681 
0.009013776028158543 
-0.3020708847725706 
-0.2459570781380013 
0.2729904234158964 
0.3512554517676849 
0.1243518912421025 
-0.3057416884781291 
-0.3807352822931475 
-0.00197764262063897 
0.1326702145052845 
-0.04061931197715905 
-0.2043044993503988 
0.1345740753293343 
-0.09767643327265056 
0.2368585919912312 
-0.5006449046493651 
-0.6285236582627947 
0.7379210319905455 
-0.2522940581390883 
2.39227805931155 
-0.1583346100404708 
0.04354108034234381 
0.3673449449843681 
-0.4079139005019348 
0.4557606197172026 
0.1996687018762772 
0.7870807752458396 
0.387731450191062 
-0.3734106454031798 
0.6982192357831117 
-0.2743636391025017 
0.03009381028453361 
0.3717102683117146 
0.3980617412952742 
1.14308938724681 
-0.5093762504236483 
0.4439714540842072 
0.3178927830348683 
0.3620802613442409 
0.4114831513936863 
0.2774283007918903 
0.4503847959753934 
-0.9678475287202863 
-0.4457460104350731 
-0.3019353186713155 
-0.03120467314396652 
0.4696627130289524 
-0.4913165050032958 
-0.09523422830688652 
-0.03478111622360759 
0.3564482822347706 
-0.1381777619122327 
-0.06780471109758181 
-0.1915715012675344 
-0.1565602160488259 
-0.1757694390685337 
0.1915403671315092 
-0.315062407394941 
0.7640052116854966 
-0.1213260156568449 
-1.05059784337692 
0.6276318316994387 
-0.2076903945235035 
-0.5326081431729779 
-0.1013777603492097 
0.2154600728919674 
-0.1541592855310891 
-1.057427116250976 
-0.1485701962961143 
-0.02555199750995412 
-0.783784445356942 
-0.02691139891274301 
-0.3166650619442758 
-0.1516294568673147 
0.2912195740459014 
0.3562604839976235 
0.278757647960138 
-0.03805677205167667 
-0.03483384744781725 
0.01827317266562728 
-1.2317043956196 
0.1211220665125329 
-0.4100219509659859 
-0.01636698381192371 
0.2061840800661887 
0.2532705048512862 
-0.2323730610433275 
0.2843726300442214 
0.2306159067776662 
0.09568745081372408 
-0.06435457727151872 
0.4879165294583123 
-0.570916508429666 
0.6326603014802444 
-0.6622007197439813 
-0.3173149245132215 
0.125014639911983 
0.0247580730958818 
-0.01860589836352229 
-0.9207373586492076 
-0.0234156345181263 
0.6304674449893545 
0.7023258379235202 
-0.4204176377868636 
-0.1981780148361466 
0.5013392150440877 
0.7911234891128888 
-0.1797811435282944 
0.6752943670497338 
0.4604239770475838 
0.03471690565703658 
1.595983292184546 
0.4625443252435177 
0.1026700650932415 
0.05769204850155749 
-0.1785604435902692 
0.1907335965189585 
0.04865735548141154 
0.02412709176765695 
0.1165907088504546 
1.026828343189257 
0.1370443180674307 
-0.3117633676083347 
0.3514180316139906 
0.1745749079657584 
-0.3250757571681884 
0.1752026237289518 
0.2022306605685103 
0.7170142398198586 
-0.5489156498873593 
0.3243777252483367 
0.1621274296736575 
0.1792011736488111 
0.2197970596968718 
-0.2767403354059182 
1.163150640564476 
0.1932247126122499 
-0.3416013089555499 
0.03492853836995818 
-0.412520261561524 
0.5976773708681614 
0.2375784486560677 
0.03838707844011072 
-0.03647528519794976 
-0.1194922932494138 
0.975394227805977 
-0.3088436995607581 
-0.1617916297761818 
-2.067663011416593 
0.1927813706222924 
0.2948795549089674 
-0.133125221915369 
-0.005822163794906042 
0.1810579802150307 
0.5099260067543149 
-0.4815109380839289 
0.01857148792471698 
-0.314673424126504 
-0.1535685862170851 
0.3903785366361504 
-0.435540913007664 
-0.2194247526031184 
0.1430662274919728 
-0.1796991283153167 
-0.03871242076152417 
-0.2673503900574263 
-0.2958094866150674 
0.1767155363163508 
-0.09560137330856637 
-0.1411505815209159 
-0.2352191453842037 
0.2205546022491643 
1.366583344090718 
0.2750008895748753 
0.01533378896252299 
0.08862381141533933 
0.2833814223525342 
-0.04187282652956301 
-0.9312942222002999 
0.3317484366694829 
0.7655862380023041 
-0.7224911294469306 
-1.591824493823513 
-0.3341866903822257 
0.1183726576740117 
0.229289756127476 
-0.1565280538910037 
0.1443577252966218 
0.1069381996792236 
-0.1595840193060009 
-0.1868924154449399 
0.0936859067973554 
-0.9239428477214613 
0.01712939456325691 
0.9097723356216922 
0.3288928372726971 
-0.2512771033427294 
0.1247608586271148 
-0.140523308861195 
0.002619233360098962 
-0.2485348885371795 
0.1414204350454655 
0.3913664199514215 
-0.2805372817983208 
2.31450249500184 
-0.07978417132424144 
-0.3522590198081145 
-0.06094103937662172 
0.1238250476500234 
0.4928475160209275 
0.35597348247971 
0.05483737975695613 
0.1802509116960922 
-0.1001798506570889 
0.1225994193975253 
-0.5490211522871855 
0.3167080363559997 
0.3110551005010161 
0.308764416219639 
-0.2745990958716448 
1.286792240584725 
-0.6859772870891765 
-0.3131707873097835 
0.05985218080013422 
-0.4129221558136337 
-0.1416481972735162 
0.1855779217536595 
0.3546199028869505 
0.01174003952978547 
-0.4238826189321638 
0.2786337775467431 
0.09727083932649533 
0.3152917432021252 
0.4047209944362709 
0.04634056875377467 
-0.08666199575072711 
0.5767669293011903 
0.2721236297163337 
0.05849926856131821 
-0.1485315036582261 
0.2772569334245776 
0.3305411846140729 
0.1497945275628238 
-0.1982118962895744 
0.9364814543253744 
-0.2452209301561145 
-0.3262306713743608 
-0.9926659576746408 
0.5226729477403176 
0.1727950668903037 
-0.422879589308341 
-0.4707264021374333 
-0.2519124824053917 
0.7833076554466539 
0.1488300118530728 
-0.008199480834353151 
0.6199550000522676 
0 
-0.4411212723625611 
0.03192932698897544 
0.03683983625398061 
-0.08080413844696249 
0.2528821532699099 
0.1553575049930609 
-0.3563283742367434 
-0.1059848815217152 
0.7060448116769374 
0.1562028853361629 
-0.3778594394472741 
0.1900988973014738 
-0.1088724738776175 
0.515670932776146 
0.1933185988846274 
-0.3168487178475908 
0.1149830475725338 
-0.00379290547236123 
-0.03621571006764444 
0.1673986379727958 
-0.3684049237865094 
0.5268213532950419 
-0.787062972302721 
-0.2947559165742481 
-0.002102456574938127 
0.1508883532345926 
-0.1797782344791838 
0.7385137725259618 
-1.445310372169184 
0.4131733169211946 
-0.03587748537827216 
0.1498298678505899 
-0.5477873548803407 
0.04607578478850458 
-0.2309676801256449 
0.3154621793450357 
0.03259581029031797 
-0.2297412555475287 
0.05238894245512958 
0.4925197675870833 
0.6002510643176112 
-0.1626711406091724 
0.2646425272526158 
0.2683905092981927 
-0.003169658194798852 
-0.7595652828002493 
2.229757376682708 
-0.3838000247346557 
0.3378337370541878 
-0.7296610591814072 
0.419305739087403 
-0.8094137146043815 
-0.05481239583929019 
0.186199797460418 
0.155898956552359 
0.286953549894047 
0.1165081428246107 
0.7902007975720235 
0.1844964840011853 
0.0653226491219117 
0.1406251069659282 
0.7117918297138665 
-2.17068874122522 
0.191383338120522 
0.4550479823763815 
0.3348005273989067 
-0.2693888001458465 
0.008440650464176271 
0.2358270562729195 
-0.06633010148757428 
0.425187644445844 
-0.2274295333805809 
-0.01099456434782947 
-2.624836328137367 
-0.5610825716699851 
0.07523030848185658 
-0.03342183604262993 
0.05595677830003204 
-0.5579309107055691 
0.5307253771211661 
-0.1694211471675758 
0.6072361169691329 
0.5413143032314048 
-0.4031160754006308 
-0.01709515145886115 
0.4932275056562681 
0.7864436906551751 
0.1725248800467679 
-0.2492263039603318 
0.0577547774821783 
0.007210287329597668 
0.6871555564526262 
-0.3882908316502077 
-0.1852770036829221 
0.03116529338366179 
0.2010157624888292 
-0.6125318579879456 
0.6757853457368423 
0.7077179279659072 
0.01781530546445767 
0.2104989459696186 
0.5209386278372083 
0.578887925072009 
0.008841278930226872 
-0.08968684858397559 
-0.1060558914930294 
0.2461162095537847 
0.2085507471659173 
-0.01902789137335461 
0.9513340547544619 
-0.03879725101845025 
0.6346289601909352 
-0.05719140468057464 
0.5786860956316828 
-0.8407001262748921 
0.0410699221014144 
-0.06260382052133809 
0.1852679854786913 
0.03065156558321128 
0.08831083268070022 
-0.3812573425588501 
-0.02363967693887254 
0.8168952767193856 
-0.08467720932435924 
0.08500403123086565 
0.6292421957131312 
0.05774542180361515 
0.7503649480362641 
0.2833252649381254 
0.04962155926285202 
0.1531848851260897 
0.07458799432969557 
1.053460461328833 
0.03438173064065007 
0.4806478749291073 
0.3227755463259253 
0.2435449144458797 
0.08507691025821155 
0.009231404345548798 
0.05456977694670846 
0.02021461116402934 
0.3317750580211425 
-0.0617092517208155 
0.4371235925917091 
0.4024404781325574 
0.5056204059162069 
0.2731266688606003 
0.2505197905344713 
-0.3143953034047818 
-0.0191640894617944 
-0.009569479124570675 
-0.1301917483449577 
0.3038035130602457 
0.2346532724439183 
0.1841549754772283 
-0.04083364757183763 
-0.0938297106272727 
-0.004051542067955625 
0.2658565382939037 
0.2764574016953828 
0.02208518956616711 
0.1621682848825955 
0.2676022856314529 
0.01632859460877146 
0.5891588963941394 
-0.3451174087452121 
0.01095539891247846 
-0.006697169664053562 
0.2986570055704667 
-0.2124162159397425 
0.1820123559807099 
0.03768062351335025 
-0.1375064964191821 
-0.301071435608869 
-0.6045539621868533 
-0.02444232172420514 
0.8192467222517844 
-0.3130689413674038 
0.1442819963933405 
-0.001591556712079811 
-0.1375106104870824 
0.1941688331478186 
0.3062376169240373 
0.01887155033813103 
0.3073785214042838 
-0.4835612983309768 
0.3759450250978257 
-0.2777312411869606 
0.6395288867152986 
0.5714039943053005 
0.3971813121849588 
-0.8397982997319232 
0.6056428765606406 
0.4931294127876517 
0.1546632219036434 
0.181857215632968 
0.5280954327842086 
0.2123750930755121 
1.636754601939842 
0.1292089376710825 
-0.2044719382130802 
0.1502031376551482 
0.158251052166325 
0.2565260391831676 
0.7409022875195956 
-0.4537496222829192 
-0.1722017861631827 
0.03219743986914087 
0.3771402615396693 
-0.3162707334535118 
0.09100740434405 
0.04828936317822236 
0.01938421114322754 
-0.3703092166376314 
-0.3130924083078673 
-1.189597976756593 
-0.5068804830085569 
-0.08098387604053041 
0.293834262204581 
-0.3091454934535195 
0.04770951808340052 
0.02941583806481423 
0.2270314916559082 
0.1989401675398291 
0.4530432701769171 
0.207065829960058 
0.009321060977306382 
0.2821496825756669 
-0.1408670388047851 
0.3682912612692625 
0.4081241104908041 
0.1664349868798113 
0.1002148701071457 
0.1987487093114277 
-0.0429032479630754 
0.8618084505671787 
-0.07019666794754707 
-0.06457131031259471 
-0.3897521503961582 
0.6940486426296152 
-0.1506726871589473 
-0.3282333128121275 
-0.9165857832573903 
0.9052651223864292 
0.3442183594043847 
0.06105629685407395 
0.1339273794758539 
0.06830140089294692 
-0.002720160386778726 
0.005519584638419373 
0.4679520414945383 
1.306160807716576 
0.5383866857551987 
0.9177273881641879 
0.2943143684060601 
0.2731637389175413 
-0.1018681254415743 
0.4582945749347824 
-0.04637133893559092 
0.2304481692210812 
0.351900850817705 
-0.002598920932335944 
-0.1719592298309242 
-0.03654164384711189 
0.1363921012877152 
0.1065007200155654 
0.2419362503152682 
0.3554716945390071 
0.2986767272975429 
0.2670711415553454 
-0.04753907921446018 
0.2162538500147317 
0.2886376208064316 
0.0383535093520336 
0.008322538147603489 
0.04245319576670725 
0.2720487608627848 
0.9863417384698625 
0.268403514762074 
0.3274132491521152 
0.1859635826586671 
-0.7845825048579224 
0.242142390969608 
0.04552884631992595 
0.0557749796299619 
0.0431232454337447 
0.01026771540551129 
1.69820180904063 
0.8712039242698116 
-0.1582974496006063 
-0.06371816104033923 
-0.116607595580038 
0.1900950039538451 
0.304837894351672 
-1.010807488194211 
0 
0.5835881281038966 
0.1087184900088468 
0.2823449331614978 
-0.1447834204263146 
0.5163807714105522 
-0.0881668118628694 
0.09442904607020847 
0.4435803378700567 
0.6179179899614033 
0.4213836699759958 
0.0314890758089906 
-0.01906776532735511 
0.01677755700049848 
0.2786845649872962 
0.02784492566113314 
0.04722620471012802 
0.03498648096805448 
0.3192952534420166 
0.0121551747969718 
-0.4518793678928343 
0.2198101622515381 
-0.01866876777801786 
0.9723440994098221 
0.237943985294864 
0.08919908904184276 
0.07645200941907622 
0.1885980812442478 
0.06204102133630714 
0.2016867538099734 
-0.7133939630365469 
0.1292913041584709 
3.903127820947816e-18 
-0.7021906240662875 
0.3787026936618636 
0.2836243006683359 
0.08533675050370659 
1.324674411851829 
0.4661042860683038 
-0.03353640320776649 
1.058767834310145 
0.2783824649563441 
-0.3072085844419152 
0.3115211155318429 
0.8175536518393559 
0.5579133015867389 
0.02406786606729809 
-0.06041310280706946 
0.129931998602648 
0.669768969824213 
0.4288066297307784 
0.7892753204651578 
-0.3696816782610369 
0.02979418453338249 
1.688933517037628 
1.083331588301683 
-0.5066673008545076 
-0.05498397980999251 
-0.5637609271423233 
-0.3325995136808819 
-0.3116860833376001 
0.2117450066416245 
1.183567981458916 
0.0565734070224637 
0.1647359503415963 
-0.0353502341049222 
0.1333685074260629 
0.999145902849535 
0.003325837839458004 
0.01674799346323527 
0.1097572434309423 
-0.148601767996706 
0.1891673704754363 
-0.3406514457198854 
-0.111481911298017 
-0.7287215130782431 
1.312910743758484 
-0.069005801989692 
-0.2378377948247168 
0.04041611219611696 
0.4941764046187963 
-0.0923211946027544 
0.3610981182686613 
0.3768013921827096 
0.2309445789923392 
0.01713373535976481 
0.2794809271456296 
0.07041126178035528 
-0.02773033741122094 
0.1420819910053961 
0.06566565348278942 
-1.297131533142861 
0.5941815406121204 
0.2487451417615169 
0.1785743919181591 
0.2771646093500573 
-0.04142837081177329 
-0.363742503480157 
-0.01304945629907931 
0.008892472504783529 
0.4187986139964258 
0.1895709546456306 
0.01367958562830431 
0.303522272171192 
0.3133472530372688 
0.2397908328269152 
-1.607198917637337 
-0.3502854542841316 
0.1010349145609663 
-0.02358632921539545 
0.758642421885111 
0.9758209214361727 
0.4379500374667008 
-0.02425545507984513 
-0.5317591937218479 
0.6660485359096392 
-0.2324625630786574 
-0.02881016000906036 
0.06472986209594234 
0.9734096656859993 
0.3961535808523808 
-0.7626103094664022 
-0.164620202716448 
-0.1563253208024265 
-0.006923110518068203 
0.7170580840253361 
-0.01634805819682167 
0.02250511595493661 
-0.06818732491349054 
0.004368162672880996 
0.1251228421172458 
-0.2130508665533721 
-1.05479538555654 
-0.006262933967558727 
-0.2959504627555023 
0.6952816151248139 
0.07796039035473258 
-0.7953360006736002 
0.7252317146352019 
0.153241585080792 
0.1851893177192814 
0.7729590144955512 
0.1291650210777452 
-0.1938873317674555 
-0.4622936693046794 
0.1485542858417237 
0.03146689154426795 
0.06256666784549998 
-0.07679227340219809 
0.4707042431465253 
-0.06674999871185096 
0.1685855912605049 
-0.287282204109045 
0.8496390449137058 
0.00865574910149391 
-0.8609203560209385 
0.3693018958804352 
0.06910039393454938 
0.3940158773810418 
0.3337683494629728 
0.1065986928322122 
-0.3647976882497785 
0.7388988533620201 
0.1034989673544068 
0.1117610009027151 
0.003631703186368734 
0.1570210084689956 
0.006188943405571704 
0.9591750051932725 
-0.1465537668805924 
0.2584982831557873 
0.03566074527605 
0.1196087382937888 
0.4667083555890163 
0.3196721015019036 
-0.2780982615691521 
-0.5305250058033726 
-0.04230478347228255 
0.1027432532329114 
0.09789534889323086 
-0.1201393945157854 
0.09507400973685264 
-0.03965490446029079 
0.005478736752747142 
-0.4778964497094001 
0.2109214021481857 
0.1883445994657315 
0.4601872808530767 
0.287203918597108 
0.184046076065664 
-0.4044771538047753 
0.004654505847444272 
-0.1276139267115243 
0.008742064636267869 
-0.00995708291815667 
0.6548382486236625 
-0.02290210407819527 
-0.2410560390233453 
0.1691752059854197 
-0.1546130325845795 
0.2205518238387483 
-0.5587351397352843 
0.2854052995229015 
-0.1514411467563817 
0.1089748211849366 
-0.4639381243083947 
0.5449075247173389 
-0.04956872255214245 
0.7771353106583452 
0.944559354891775 
-0.4935310602103587 
0.03383899914140628 
-0.1305778647376786 
6.23416249179165e-19 
-0.0633378623922595 
-0.08330975642431658 
-0.1591062769172497 
-0.6110187945565483 
0.206805455380118 
0.204790808019855 
-0.1107863296512835 
0.3094229990971774 
-0.2210184791864431 
0.6903303632360911 
-0.0571685661405236 
-0.3250365571695339 
0.1971089081617393 
0.3369987191278704 
0.05998397243032467 
-0.3842450585217095 
-0.06755540428498394 
0.1444042497568103 
-0.3462565592626611 
-0.2827424953993164 
-0.4326142251242358 
-0.4813891637973481 
0.0857178165748357 
0.06381856379298931 
0.1007070138820362 
0.07438542405470097 
0.3177079870190128 
-0.04403494674640426 
-0.3621118780783704 
0.8071337592334494 
-0.3712308784008558 
-0.1922303031274118 
0.03910924128621037 
-1.060528758325224 
-0.1479456036899781 
0 
-0.767864102798988 
-0.001442216340338154 
0.4490768743311101 
-0.003932274407093409 
-0.1638567638471054 
0.6104099515449083 
-0.4248378957988913 
0.1661816485956832 
0.7983982131788119 
0.6780311699108925 
0.0402493909939913 
-0.08603205844776615 
0.008670873791391068 
1.120583177591439 
0.1393198352852545 
0.4851922283647629 
0.5523366411587491 
0.533862110244175 
0.4266915410747679 
-0.3074747339815052 
-0.2914865602070147 
0.115504098315837 
0.4454403327439403 
0.3001736895443713 
-0.1017915761227928 
-0.01832163561726229 
0.2272064665677084 
-0.09083646588288444 
0.1682429445299204 
-0.0739066381838276 
-0.3509391764403634 
-0.1507188594488775 
0.3393374888512741 
0.01899770474223902 
0 
0.4923593305032548 
-0.1028930760333936 
0.09196952138069803 
1.379846776153027 
0.009463011641646693 
0.006197407956663262 
0.2919298588343834 
0.9397634096183228 
0.1112705744144686 
-0.1517300138819522 
-0.06743345763262806 
0.04995761037552874 
0.2325959004593113 
0.4437233664040789 
0.7492259806223561 
-0.8319440618262239 
0.6151453811124051 
0 
-0.1037499779075425 
-0.0543648050044012 
-0.09431429396997799 
-0.2456441681861366 
-0.509137770474046 
0.3875199858714276 
0.1982683287166032 
0.01429383896713739 
0.6210116951540902 
0.1254098522955039 
-0.3232538181995357 
-0.06852751955933981 
-0.1122157681871589 
0.2884124215719747 
0.1784492148414456 
-0.01012784420849914 
0.1008679818261783 
-0.06619880236641482 
-0.4403048665608322 
-0.02455420039713364 
-0.1308995022418621 
0.341994201855145 
0.1701633586856886 
0.3324699278497465 
-0.123135563769346 
0.9258912995266027 
-0.5453968007911226 
0.4010861365110092 
-0.3871737825910571 
1.173023520287272 
0.2535687479238269 
0.346595475479816 
0.197850614422509 
0.4737560158186755 
0.2926231654095084 
0.14311825822982 
-0.7680362425419439 
-0.1943325855647972 
-0.1007831402837932 
-0.005334701029859443 
-0.008899626872001772 
0.003611796852696678 
0.2367373617500239 
0 
0.3848747514649199 
-0.006226388530787871 
0.2300740897173304 
0.1832680540395029 
-0.3875125983987381 
0.4099129137062803 
0.0183059407699523 
0.2701698950415644 
0.09573403703609036 
-0.02261545667275791 
0.3127725060666429 
0.2599924945676028 
0.5266170719943273 
-0.07304522323934984 
-0.3992844953780041 
-1.372433217988656 
-0.01370145607610071 
-0.1290287303408733 
1.10688778344427 
-0.0821003683626291 
-0.03275651599632789 
-0.2777568950712388 
-0.140509675220871 
0.5138062865272798 
-1.631878423398524 
0.1716307455374291 
0.2840519214746331 
0.1295368118055392 
0.356075005193435 
0.6874114686215959 
-1.299424750988168 
-0.9222418606636854 
0 
-0.1026429830981442 
0.2297040036488882 
0.07687623065208339 
0.01986688076320617 
0.0632102819880961 
0.4048216870371542 
0.07680998676754676 
0.6933864737083936 
0.0600834504771354 
-0.3212344257969936 
0 
0.2676284851548156 
0.1729852477234523 
-0.7471078907423531 
-0.2125806356796086 
0.1467027536409836 
0.3634875783464959 
-0.1144976701383194 
-0.4480776026315945 
0.1952544005712177 
0.145233741311868 
0.08568887682110669 
0.02871947717878609 
-0.1874064716684463 
0 
-0.02330517554758589 
-0.4286709942845043 
1.095606267358105 
-0.5095182034514044 
0.6555748850990738 
0.1099562458510424 
-1.952670025192862 
0.5547688760255992 
0.2223318311643961 
0 
0.1026424756243183 
0.06963225300061436 
-0.02737243146319916 
-0.02639909552290164 
0.1425781756152285 
-0.02503194960896831 
0.005066556249646532 
0.05506975095556264 
0.2644585829935827 
-0.3130760081609668 
-0.4105839049249936 
0.2535972901597437 
0.004861335814315353 
-0.003041081264254938 
0.01564181650661984 
0.3110864000498714 
-0.3247548318818038 
-0.1308522821327478 
0.3551306499708932 
0.3158620620201936 
0.1391526550605354 
0.5770124088970002 
-0.2809001987460174 
0.1135679012120481 
0.4856666910297695 
0.4958059551299208 
0.3288907958705588 
0.3773854160932317 
0.1080872523983999 
0.2009683395122326 
0.05654855913962849 
0.1997059384646799 
0.3552040176024199 
0.2996843883867465 
-0.2356684468073593 
0.6135128555863159 
0.07522719072330884 
-0.6250885695756676 
-0.3520441586522865 
-0.3057188192157402 
-1.609171478586568 
0.2516132491970054 
-0.4976187271552301 
-0.002001838265719179 
0.02084457433230748 
-0.06417440139189667 
0 
0.1071649538165684 
0.008625075820984412 
-0.01699841248933535 
0.05493172046351168 
0.6445548342986707 
-0.04557306383217548 
-0.2738794389661434 
0.1427929489010897 
-0.2067686493133122 
0 
0.2456922788264268 
-0.328083545242366 
-0.2197189410068523 
0.01020895492908158 
-0.3366259683569045 
-0.02143146351586068 
0.4808301417665891 
-0.1612118323314295 
-0.300796204298681 
-0.4059533536556282 
0.004279678927349111 
0.4665682885295197 
0.0529142136836411 
0.09071640072319208 
-0.08347733987844737 
0.3457788330560141 
-0.03193557146936197 
-0.1814427953814042 
0.414686274260956 
0.4045915813677913 
0.1768218727853981 
0.7994808207121512 
0.2800450868698021 
0.06551272437127069 
-0.04801555243818244 
0.2105702512584822 
0.69791965724224 
-0.4107373762849126 
-0.06139054987451498 
0 
0.559316771880231 
0.5442370394758462 
0.1243920117472519 
0.4434284224232132 
0.3211780570866828 
0.254280802973236 
0.02700174316550663 
0.04963239638285575 
0.4827796674562308 
0.05476914547490701 
-0.05498537588821502 
-0.08514292669136835 
0.3405689548305977 
-1.13320220871749 
0.04455402350795084 
0.07832145204797028 
0.4398631092424237 
-0.1408518526864444 
0.1667354445736536 
0.005083261880190013 
-0.1836603164241816 
0.2919517188208698 
0.967454371132848 
0.0463056104218295 
-0.5080315694784048 
-0.8561668226289945 
-0.2444546368422892 
0.2250316544241112 
-0.02972562040504355 
0.3242516218326029 
0.09109741634670086 
-0.2651538531158057 
0.2543898627015214 
0.1052375032961865 
0.1522928168775643 
-0.07040039491188678 
0 
-0.3900039665502495 
0.08819127593875475 
0.005178748138604064 
0.3532567248072715 
0.01390184125685931 
-0.1677282171697071 
-0.1031396727602275 
-0.1005754754243383 
0.06005112754971744 
0.01401833208070753 
0.3956543908814205 
-0.5194284002512677 
0.3417568951122077 
0.3555624269754408 
-0.1203877297485934 
-0.2181023693267936 
0 
0.1559714323291454 
0.004554624787122221 
0.01751976105891671 
0.1924644198461688 
0.3133700811377265 
-0.0224195341474585 
0.1440339045105706 
0.02586107473385366 
0.2148997050509408 
-0.107624884860969 
0.1640775496370857 
0.6204636693815397 
-0.03404270291340807 
-0.04677255744125366 
0.120744237543432 
0 
0.2694927396028408 
-0.3264463099024397 
0.243505419377944 
0.005725781894113038 
0.1493617247747101 
-0.05519071025544515 
0.4604670590441832 
-0.1937078197577721 
-0.007269731580097066 
0 
-0.4003555789288612 
0.1029747990075469 
-0.06110166009754474 
-0.2123299025368572 
-0.2876528380404575 
0.004488835897139597 
0 
0.3739331356901613 
0.09813461589414468 
0 
0.2484381294730525 
0.4797979242293804 
-0.9350145497763039 
-0.01770816941606716 
0 
-0.02901400763282331 
-0.1838240999663042 
-0.0724316923255839 
0.1268764635619308 
-0.2863038278741851 
0.3184389092303883 
-0.118407472112072 
0.05576763494661723 
0.4611072669520997 
0.2972226890392731 
0.1127699285042173 
0.01517263867108445 
-0.05168159098236694 
-0.1444171961584729 
0.0936226238715358 
0.1947298052899196 
0.3048507095899269 
0.1974493346139325 
0.2804768695856878 
0.2953062227243157 
0.3127401601992752 
0.1793315750122021 
0.07842917318652896 
-0.680887635042842 
-0.6039482923338693 
-0.01914817231788526 
0.0189242313316759 
-0.4866804138456777 
0.3821213395819319 
-0.2130194791252479 
-0.1188812842324378 
0.256798972522862 
0.01234210817621595 
0.1507215788095034 
0.2968362412371753 
0.1294960896242869 
-0.0347861244524209 
0.1955272715571975 
0.09636668888199823 
0.005264938379070814 
0.1084415445943825 
0.1524596154814827 
0.2870233894448373 
0.06170448077244339 
0.07012552378771515 
-0.1005164199687612 
0.2182961351300671 
-0.005096652952188644 
0.354097860262407 
0.03655470793131512 
0.02094120371743008 
0.1429554866295703 
0.1404123086032154 
-0.00648002010881208 
-0.0370459422567972 
0.1234188188885441 
-0.03817138678163144 
-0.01810954729221191 
0.05497639512238098 
0.4914956548595306 
0.07673844077828192 
-0.5093428599634595 
0.3984589755095713 
0.02740365646995977 
-0.1686727189973007 
-0.032311365949977 
0.1840549138008027 
0.4164753959793339 
0.1413690832320135 
0.1302928034827342 
-0.03368836683890132 
-0.08359201861270525 
-0.772812362759991 
-0.001939982112372004 
0.1102587009325954 
0.1115379669401414 
0.4580697565937997 
0.03488597110440549 
0.02527251670843495 
0.07346776454029447 
0.1590157913075291 
-0.2514034888417911 
0.06983273450377829 
0.5474307199868963 
0.04633122258607298 
0.3878749167011435 
-0.2334868888218523 
0.01099667218920269 
-0.05421201127857833 
0.0492333473891059 
-0.03327799456756046 
0.05332782573379025 
-0.01767277234315183 
0.3700677039269846 
0.4032801798712576 
0.01589626326288304 
0.7013215841198011 
-0.02671516538289813 
0.426875168203693 
0.3798876573909366 
-0.3092410650000074 
0.3865111249142707 
0.4588801897435157 
0.006799892461056833 
0.3633804156749244 
0.00480456132758335 
0.6326725443853293 
-0.02458059985351399 
-0.0689074082153272 
0.258668507463262 
0.4586044158747327 
0.2763593589214042 
0.02792899108309168 
0.1741165955019517 
0.3805605547691737 
0.1157079861474351 
0.2734709639867318 
0.3528074280995352 
1.018691935114846 
-0.01329485799789929 
0.02754129246859675 
-0.03272921607002036 
0.4990699045656373 
-0.03525050493705522 
-0.2352156863192091 
0.2385162975669616 
0.4012188680070185 
0.2740303439096086 
0.2502381091376451 
-0.3684777889369307 
0.008635752015401196 
-0.2154432445773466 
0.07914156753581328 
0.1555678594379722 
-0.01624663569005961 
0.05922588420835367 
-0.1725228365258465 
-0.5923716310105357 
0.06549105911042584 
-0.1518967132209882 
0 
-0.1578680560853543 
0.01784937480712271 
0 
-0.008854496517265078 
0.0260512953355185 
0.1023150660092416 
0.001591734562041263 
-0.4106186398805499 
0.01203436901008057 
0.07180581155775928 
0.05090174821537187 
0.01525370427251086 
-0.01833779101270628 
0.2358302016894699 
0.157023536876396 
0.3198264188714123 
0.2595544540731345 
0.07710877753563697 
0.00541930884863001 
-0.1248630097680588 
-0.1343020215990425 
-0.02440322331205508 
-0.01607497243371803 
0.5923367453997387 
0.9183942699346191 
0.03842024872242727 
0.3233061292508289 
0.1071371836814907 
-0.3759559467277228 
0.3092250565841597 
0.5508974989908724 
0.6259421221543782 
0.004318735182385746 
-0.001704734786761399 
-0.04972945317120982 
0 
0.007821407267161217 
-0.1381412790877063 
0.2243635915783032 
0.6270475324901612 
-0.2616060198103267 
0.02825320288295404 
0.2877949083056043 
0.5917395755947484 
0.3243093407755542 
-0.7425522003422635 
0.37072126494425 
0.01828556087347981 
-0.04710318320012401 
0.2632050026934369 
-0.6494738077690445 
-0.8022310103753104 
0.03005372925216462 
-0.04114336717129594 
0.2931120751615013 
0.120355739584072 
0.3499505724167676 
0.02285563482513278 
0.1713022599361789 
0.1695007409939908 
1.02113756948206 
0.09449947418555554 
0.3308771039532638 
0.3830785198415279 
0.001097244974592405 
-0.4804526948350338 
0.07408663830653205 
-0.08977376296497949 
-0.07496588929632657 
-0.05627571400331029 
0.0907255815776777 
0.1466884725756427 
-0.3942443686455857 
0.01440623898218107 
-0.4698498600904497 
0.3340214667994238 
-0.2377073923737614 
0.5495665161646556 
0.3007193942295586 
0.004869916017330555 
-0.5887863309593173 
-0.4707464975378625 
0 
-0.1610845347094712 
0.3023506401446047 
0.1466584082033753 
-0.8796568220112259 
0.3133379038247638 
-0.008502860010280956 
0.007083473531516897 
0.3410042872768823 
0.146689375705987 
0.1927247184045982 
0.04315933823602779 
0.4413318815296687 
-0.477629555417926 
0.2406938779908062 
0.3157583604648361 
-0.1607095915701471 
0.2375496171820251 
0.2360062084665373 
0.1558202350059615 
0.135644120233361 
0.09510081054729909 
0.6574813174458309 
-0.3148050886034474 
0.3688368611519688 
0.06539672488569037 
0.09613172651837729 
0.09913135521614977 
-0.03578710218861346 
-0.1471634436683108 
0.05245862038389964 
0.1849755002044496 
0.5943544399971662 
0.619051938364193 
-0.6280076776873447 
0.04349624273012593 
-0.03471393246085287 
0.3523739448466573 
0.04290422985723712 
-0.08926335046691569 
-0.5506260970284529 
-0.1203568907838066 
0.4129640510230331 
0.2215285994521103 
-0.4085187470737757 
-0.1104510169093869 
0.7428559304396672 
-0.04310061980867364 
0 
-0.1772931781343219 
0.5833470577419474 
0.5515191132928068 
-0.1940708159632099 
0.3230133145375029 
-1.355252715606881e-20 
0 
0.1267910099270458 
0 
0.02757338671262168 
0.1656055003907159 
0.1143754739242299 
0.3775924661109874 
0.1849364947951229 
0.002567156051181482 
0.3396933805081303 
0.2264706296741174 
-0.5926511818341915 
-0.1118986930028226 
0.09693124499905795 
-0.4990839909264015 
-0.6136222651339472 
0.06890993091975482 
0.4827943059173213 
-0.1599671366492601 
0.1037811525179283 
-0.06985474949686289 
0.03597798273971443 
-0.03878277505797731 
0.1417144387687581 
-0.1074061915532432 
-0.4107048543753452 
0.3419985554148543 
-0.1485334348913828 
-0.2597409904155041 
0.9311827120820561 
0.6682436628088524 
-0.002144944104595633 
0.444108860943965 
0.233254747566927 
0.02698800489411545 
-0.0009395743483482684 
0.3042418776224967 
-0.2572649504257727 
-0.4772762669414281 
-0.09205193086097097 
0.299999573548247 
0.1519150898617292 
0.3640590039732463 
0.1236641205203295 
-0.3070127805059193 
0.3924745789979496 
0.2294100398953143 
0.07129713202914313 
0 
0.0005299432782678734 
0.1569923354864881 
0.06294346758937726 
0.02289125379172573 
0.1136296106386978 
-0.3107579066083664 
0.1324023608101667 
0.07345573222656081 
0.4646650864830015 
-0.06146761314014074 
0.548340591788959 
0.1485241396115231 
-0.02958176862540012 
-0.215527340546436 
0.0140996550353339 
-0.06002138382019701 
-0.09130531719664264 
0.4045685833487758 
-0.07957485210022285 
0 
0.02655823130810527 
-0.02223129611710374 
0.09280081629805068 
0.001079606857331563 
0.02316154637173421 
-0.004132192547219518 
0 
-0.0560500043616665 
0.6300065867114347 
0.1846771443615596 
-0.03858011889634676 
0.03504283098243154 
0.178969382926241 
0.09082177311994526 
-0.06054008299554202 
-0.111324071387967 
0.1105716491078574 
0.07624820330784507 
-0.1176519682335674 
0.5195493531386464 
0.07946507483386137 
0.03178669742246337 
0.2052108340802912 
0.2349675082282633 
-0.139464039947963 
0.02037425937938659 
1.530647332183589 
0 
-0.1333395788441612 
-0.03793992638838483 
1.105886215935215e-17 
0.5801131987190176 
0.2482913585718233 
0.0610977999046226 
0.007592553430256127 
0.3889085006723619 
0.07277652107571511 
0.1010024247850956 
0 
0.3781539019043022 
-0.4410560650918772 
0.05509190369875857 
0.07939370991778531 
0.08130300764272777 
0.4858657698873707 
0.1359925969447454 
-0.1850817726534137 
0.461426059574635 
0 
0.199802074232791 
0.2220508272944236 
0.3028671916380861 
-5.515878552520004e-18 
-0.1939308769120939 
-0.07774740684308522 
0.1131159903348931 
-0.4810085036923231 
0.1645195243279147 
0.09267130763580883 
0.1335845508008293 
0.009913068845630355 
0.3156357548861086 
-0.8545419832998976 
-0.09512607401285246 
0.2091295308202822 
0.4515347587493555 
-0.1354943775578506 
0 
0.1043657302888617 
0.02247450960006729 
0.07439428680080627 
0.06081481804971232 
0.05906143045543574 
-0.4885383278259046 
0.4949224924566746 
0.6074990853756346 
0 
0.004882843932031248 
-0.06535888531264744 
-0.3118831922181434 
-0.1553515317191664 
0.2555924361680987 
0.3686609164203973 
0.2094827128463607 
0.04521053898983805 
0.3969085986285326 
0.001166642238646452 
0.01774650342443711 
0.2523334944486115 
0.4143215325923089 
-0.1132967596301922 
-0.0006893294818326695 
0 
0.6117897010278909 
0.072372849718224 
0.1770267434525639 
0.03708753293317731 
-0.238653612946747 
0.3064340233623574 
0.2274319524158375 
0.5880375766281867 
0 
0.4800373211820508 
0.1518814788359151 
1.77662428760622 
0 
0.1208671620943112 
0.00830072940890212 
-0.06243983205456982 
0 
0.06148469353296928 
0.5522552865369825 
-0.3810560308092292 
-0.6642523904221818 
-0.09859324221266209 
0.4114382203520137 
-0.0302509665324286 
0.6165240621583977 
0.01387921979463148 
0.0352895115705607 
0.1690234711804712 
-0.5124569591548004 
0.3967198721530336 
0.3808443295104954 
0.07243902122912765 
0.02081181260190928 
0.3008042193066877 
-0.5618554865126346 
-0.07085256336745772 
-0.4908435364750274 
-0.02225261105023272 
0.6722335264112445 
0.3440478566865683 
0.3352892463202716 
0.1844719813171276 
0.0539659206044257 
-0.04559673129611469 
-0.4329496309059522 
0.1680198597808972 
0.2438228859315317 
-0.0103762810257402 
0.2471377892680893 
0.5655235143958062 
-0.008464929940129814 
0.4878083010318479 
0.4366244587717918 
-0.4504836743251339 
0.02032672695355358 
0.6302692060882661 
-0.2010879146082552 
0.1579527034932849 
0.0108555819298942 
0.05164900147233496 
-0.2563160554326021 
-0.01685649429667158 
0.208401047731583 
0.2509553343564446 
-0.05163493770951411 
0.05204063770375403 
-0.1289901282154625 
0.05209985116970065 
0.411990438309127 
0.1563317319239559 
0.3749011703137485 
0.08936890735842147 
0.5887991868966078 
-0.190531888319158 
0.2243497799777089 
-0.105275488718986 
0.7494444161808841 
0.6987542064788531 
0.1337282500273666 
-0.1724588628482707 
0.4171140790579572 
0.5209934457449477 
-0.1909343014216565 
0.2002676765877883 
0.5078291917968799 
-0.1405995675763364 
0.01608129032369909 
-0.253171065278796 
0.1090258282176852 
-0.2435931396637384 
0.2451073489335814 
0.2509525989202888 
0.08485951652339783 
-0.6087786510043711 
-0.244241715009774 
0.2092221688875163 
-0.3940084732014786 
-0.003685452367069517 
-0.7149675166826164 
-0.2444285695668642 
0.01920261132996622 
0.2040887312940141 
0.07055837496538073 
0.04705308712137626 
0.3632273196207728 
0.5811259504388214 
0.05766929285815859 
0.6840274369548748 
0.03914400695955854 
0.3922701251164722 
0.2251032276737381 
-0.06838908335309486 
-0.1373129155340102 
0 
-0.3939264459403474 
0 
0.02751428424284354 
0.1721394735621196 
-0.05131361637089459 
0.3982570836014293 
0.3617874167335876 
0.2595922180100828 
0.1669220696955664 
0.005766410665752133 
0.09669502394094007 
-0.1380863483625827 
0.6195985150213669 
0.00725268259949512 
0.1720362518569347 
0.02998000415936592 
0 
0.2114450491716247 
0.06590695409702624 
0.05692095085357175 
0.5880953639390648 
0.00976905103000276 
-0.5166891192237563 
0.1837288410369931 
-0.3410122328975635 
0 
0.8739017398444803 
0.0962837444643901 
0.1716927800261241 
0 
0.05123475825201931 
0.465520339255404 
0.1352890487453249 
-0.05030768161097335 
-0.1276975281675388 
0.4107142249940583 
0.7812355773035731 
0.2462209357027552 
1.667036871537817 
-0.4737444751736223 
0.08283722387615236 
0 
0.04304899804962156 
-0.253733066738198 
0.3052308166438106 
0.08431872308986132 
0.01087613863199513 
0.1243563590820405 
0.2340285872096745 
0.03313907603906446 
0.04598315526968853 
-0.4766381973526276 
0.3001350041530139 
0 
0.3513320400923601 
0 
-0.3133039968896967 
0.08848437594443856 
0.03032947122051754 
0.3108296409291172 
0.2736452465930611 
0.0501037202973163 
0.061792760844483 
0.2460744892991142 
0.1984271356367724 
0.2070157286669413 
0.1101855819508638 
0.1024408834294753 
-0.09252911764494562 
0.1212393288412513 
0.2473850012374595 
-0.1029009439745908 
0.2575899338091189 
0.6622233972496862 
-0.1497763918326844 
-0.04300847673286844 
-0.6080503428960203 
-0.1093941348542382 
0.07679082708641446 
0.006433632418834871 
-0.2199183664602959 
0.4974428811778532 
0.005135109007255677 
-0.2344752521937823 
0.5155211843454662 
-1.263106976844573 
0.3215669324339527 
0.6095230921292373 
-0.06612166457892597 
-0.1007221733342346 
0.5510622208417927 
0.1939141172868503 
-0.1811220965209382 
-0.05898609634350608 
0.1405144668675199 
-0.06506732049526168 
0.24585042592247 
-0.366603099645654 
-0.1147478068319552 
0.0005231421141935869 
0.5075824821283558 
0.05957659540744718 
0.5847276312769562 
0.3696614023618872 
0.8863632797098099 
0.243121423737148 
-0.8876416193238046 
-0.04541293244057702 
-0.6449309198557632 
0.028068277956833 
0.007609242769093777 
0.7439888348526723 
0.2256691556282975 
-1.470561422616384 
-0.04198684841728146 
-0.08316002503197643 
0 
0.06795280351918012 
-0.8061028097646126 
0.08922860348292927 
0.009959947724866138 
0 
-0.3471196725746901 
0.0003540175076880292 
-0.256557570593548 
-0.1362583326504295 
0.249941815234727 
-0.02409527422295091 
0.232136890872226 
-0.08076982362165225 
0.06628681375959242 
0.1212953594490432 
0.002021230480172661 
0.1496135227764684 
0.1664636735455969 
-0.1167576155657222 
0.07432151531237223 
0.07640698470073146 
-0.02785981662481323 
0.3420413109939209 
0 
-0.09640518193959137 
0.1197623035862447 
0.4512980576408822 
0.4707053319363437 
0.3428699636907002 
-0.1260442432764404 
-0.05422527754185786 
-0.1677247237882277 
-0.5469428479360916 
-0.3596529930309059 
0.07883350687745649 
-0.08093019114185414 
-0.04158626247481452 
0.0008381536767310333 
0.5707393476908754 
0.06431577894751624 
0 
0.1742855440341817 
0.06039315030853873 
0.1596629274028664 
0.1002476994858128 
-0.01420219186948715 
0.04128382338717268 
0.1569165978752798 
0.4040691148721647 
-0.1852966777158368 
-0.03302073217867806 
-0.1073863591379008 
0 
0.3960218812499884 
0.315869089852494 
0.3979156613165882 
0.139531596112367 
0.1093068217992158 
-0.02114050653924489 
0.3628376207753123 
0.3511878902974577 
-0.2139841999357463 
-0.1006864976102321 
0.03163743717591459 
-0.06464723368263735 
0.007875037480129948 
-0.07088603654388949 
0.1105617724265758 
-0.1549048391648398 
0.2075777553132044 
-0.0044705222345494 
-0.8104959620853839 
-5.963111948670274e-19 
-0.1890540553807813 
-0.283745740720678 
-0.0009404235532160488 
0.07686701013604534 
-0.1282958290142469 
-0.02597348139267616 
0 
0.2938366213579817 
0.4409616367377943 
0.09879018866711828 
0.2713634082786262 
-0.03613429917859998 
0.6196702794518278 
0.158122960988198 
-0.04632760548849208 
0.0656445498411361 
0.04761830441860088 
0.7479994176731058 
0 
-1.897353801849633e-18 
0.1231146496980548 
0.167068854325066 
0 
-0.2794319095061212 
0.09401796286480246 
0.4729502302690561 
0.03814756618080655 
0.1573842540803347 
-0.5086466048952089 
0.04457428772143536 
0.007690731410876721 
-0.01903162065225694 
0.09696952468595885 
-0.4384233596565692 
-0.02907366576141873 
0 
-0.1547958218566426 
0.03273445379617178 
-0.6499271593457498 
-0.1633741624472093 
0.1905184633832055 
0.3891911088924316 
-0.1378072066181201 
0.4637271628736882 
0.193693121966927 
0.2263761539883694 
-0.03364054530481392 
-0.01400585331292339 
0.3676216563586263 
0.2934595720135524 
0.3541065285262848 
0 
-0.4403257181970088 
-0.5730337836366918 
0.7442071647036126 
0.02610004978393534 
0.1904546000993771 
0.3895516697227662 
-0.8136858212170537 
0.01601666484502103 
0.1636509060602533 
0 
0.1588001320434243 
-0.2658396606535715 
0.089490835396021 
0.2151615130924369 
0.0559652967195972 
-0.1197430549362269 
-0.02309285190187758 
0.01710147355322317 
-0.07374634540205202 
-0.1752369064732199 
0.01714814005437643 
0.1682975620950551 
0.5125692097100453 
0.1658387650528803 
-0.4101962551352238 
0.09437776324897637 
0.02234035742679083 
0.5596278240135693 
-0.3944532849442176 
0.09292887479619014 
-0.5049789454458991 
0.408470520684827 
0 
0.03133632341130568 
-0.2006219206669014 
0.06142756751406104 
-0.1197808740448613 
-0.1169197347004964 
-0.002218442812615263 
0.2602468272414131 
-0.1148133318892106 
0 
0.03574707644911364 
0.4868358227515838 
0.149211040669348 
-0.1099181135552883 
0.04985315093457154 
0.01811337425819665 
0.09475368297282076 
0.003996358986248652 
0.1420802776336447 
0.01514729093128669 
0.3738402422466512 
0.04105264125303459 
0.6060783467950023 
0.1437370192116108 
0.1257229742493728 
1.05612070659786 
-0.1112115811823692 
-0.01103079068023343 
-0.1151307762811432 
0.2829095333888883 
0.1608882144432295 
0.2549415211556766 
-0.02515220944634095 
0.03797725104438387 
0.2697460789242836 
0.2892990202901143 
0.1513879407286807 
0.1111130619381113 
0.01728433409858813 
0.3676510307890756 
0.5521720445920564 
0.1327051998666871 
0.01332152908737327 
0.03233983578785733 
-0.3725675217934875 
0.128741998423314 
0.2409533900972059 
0.03455524223775986 
0.0741028616259341 
0.004979598692516736 
-0.001283261819908627 
0.01382835432519987 
0.2466565463824872 
-0.05748614229655273 
0.2092682413620567 
0.3193490245933834 
0.1986428332232035 
0.2441844983666234 
0.01259491208891356 
0.3271285410273345 
-0.4299045364664345 
0.1963554913024707 
0.009946462560966164 
-0.0212969230825431 
-0.05411775559930961 
0.1065603850707662 
-0.08123731757553065 
0.2220094135114226 
0.4656762867367777 
0 
0.01858660138951081 
0.3966802330054039 
0 
0.02332402052986737 
0.09976828553187216 
0.1413280661031249 
-0.249183685435505 
-0.1541063851244263 
-0.3110250055717755 
-0.02191631552505436 
1.074255999177474 
0 
0.1071865418263532 
0.08681177123797258 
0.6094872511683248 
0.004909532952889538 
-0.06306825456115647 
-0.01211762900369776 
-0.04787200101499878 
0.2486651927307553 
0.02481675359175542 
-0.2093069267019335 
0.0842363457151836 
-0.05113807413777918 
0.362025966964072 
0.9339240151182058 
-0.008655681703696514 
0.0907722133751997 
0.01651933894481684 
-0.3729542930609841 
0.2781843752828974 
-0.177025648392522 
-0.06299123693871564 
-0.005298652632329745 
-0.01498767536059547 
0.1928879897540793 
0.004471984802124624 
0.1067966738093895 
0.3143915210320009 
-0.05763184369420986 
0.3476741138443581 
0.1235025226820748 
0.1884996392558188 
0 
0.1843402920643997 
0.2489024343009006 
0.1002111230083385 
0.06870230008193473 
0.08183561300055742 
0.3336093819143386 
0.2964270372184486 
0.06155943320731947 
0.04406379706099822 
-0.2121735017383461 
0.08159853414397937 
0.03498385323852472 
0.2594907063576969 
0.8311434179283358 
0.1556649280917069 
0.4461089987526692 
0 
-0.01701471866892011 
-0.006580306539841809 
0.1397615692357129 
0.1685871264448691 
-0.03738358369478835 
0.0383458716230967 
0.1804457803231194 
0.4975275765213172 
0.4492104793393042 
0.156710787801239 
0.1410417003465135 
0.07336353020263943 
0.06023484702488938 
-0.1094207888376214 
-0.04585150430860483 
0.04913167174157159 
0.0900372259256409 
0.01651715314043248 
0.5247901585575654 
0.4570730322247681 
0.3447464179547288 
-0.04642468556561149 
-0.05131233031101408 
-0.007130541119857273 
0.01591676700907897 
-0.2729919778952388 
-0.003678603020302729 
0.07460864991464092 
-0.3446037592130125 
0.1474509260621314 
0.003759791148880662 
-0.06214310314739435 
-0.06411802709694726 
0.5209801300448444 
-0.2272789617721125 
0.1082567413508599 
0.3444273352883585 
-0.004118484672367554 
-0.08074293748835479 
0.6318450589559599 
-0.08325460401282708 
0.01577703767511956 
0.3558584144127066 
0.4252575097746011 
0.01055129172798363 
0.0107872753785337 
0.1122728838615169 
0.03741684372958007 
0.4001313634592369 
-0.02982104981769205 
-0.2180810838689519 
0.3472800164624513 
-2.394202157355812 
0 
0.2792439844923897 
0.001064811744047434 
0.000360763426365924 
-0.04157828968189362 
-0.023097893585431 
-0.02001282054355003 
-0.06193986717757413 
-0.3912249659722282 
-0.9081454234001571 
-0.2217751394551996 
0.2226633912772048 
0.05341277044343197 
0.2144197061520587 
-0.1252224057736468 
0.2298975689537881 
0.1587393801915743 
-0.2736232349317872 
-0.5183716272367452 
-0.5447806447690726 
-0.06456720021345033 
0.3397703095656269 
0.08138713892268067 
-0.009704935414151145 
0.09250295669635888 
0.001054233421761639 
0.3331935560355182 
0 
-0.02346400246238502 
-0.06130201760507496 
0.2511592387771807 
0 
-0.7301074427196672 
0.3073625882692214 
-1.005087731847993 
0.02412069274856126 
0.2040702885718242 
0.04851835806714954 
0 
0.3877337491424709 
-0.02292375845395285 
-0.04586994075301985 
-0.3297687740750416 
0.2050759448029359 
0 
0.01274696943996885 
0 
0.4649290064108887 
0.05867204695722628 
0.2543393829848165 
0.5314670727420469 
-0.2484485117605695 
0.03611622208503772 
0.1331941031287308 
0.6426681090227166 
-0.07803538395902138 
0.001499892089213962 
0.3382644781229247 
0.2616271375154894 
-0.5159838834466339 
-0.06804699481704056 
0 
0.03626617390215086 
-0.08148140842077599 
-0.3362560782667331 
0.562049246330013 
-0.3576253457714616 
0.1751585974258714 
0.3749837879760835 
-0.008633664949579564 
-0.252495569945681 
-0.8132285696140429 
0.03899531632967688 
0.3450509632296737 
-0.01871017100492792 
0 
0 
0.2191719006483154 
0.0159602355275072 
0.2991096714466675 
-0.008066395327120631 
-0.1650279730319289 
0.4192579241238522 
-0.01633811401627961 
-0.3907670024984003 
-0.07292508101423031 
0.02326902376742125 
0.01175344975205494 
0.05008153482338525 
-0.004165780391503132 
0 
0.007980056606425546 
-0.009162627991743538 
0 
0.4408006551711914 
0.1534009021450375 
-0.01337267400113187 
0.3769929131035599 
-0.04454738281033579 
0.3284178832783998 
0.1226795035311451 
-0.1177608509758611 
0.09442365493983972 
0.1232803910191978 
0.01255924599265065 
0 
0.1131252110074245 
-0.1729231657345053 
0.1153603711454406 
0.1471130209185209 
0.3350059060632137 
-0.2988994546619113 
0.01129539242103122 
0.3080526951713229 
0.1508255755129503 
0.01622715977519081 
-0.0479442724246041 
-0.009960470189415205 
0.06844416038626155 
0.02218661960899263 
0 
-0.01749938617265027 
0.1390076068011698 
0.6346254058637386 
0.135666336095806 
0 
0.3230654829646754 
0.680719824256341 
2.710505431213761e-20 
-0.3244926578424294 
0.2530663258616156 
0.005552170528747164 
0.02349373850240833 
-0.06304787007767806 
-0.05550111573812425 
0.1888054892568332 
0 
0.3057209755062048 
0.0008784184070303019 
0 
0.6985567402844175 
0.0363741687588458 
0.413264192449828 
0.3109859448844925 
0.009804771043904974 
0 
0.3455483420552641 
0.4686913753827717 
0.1368623922993657 
-1.25222580136433 
0.6090635647547156 
0.09689717835573679 
0.4825273060381036 
0.9507900884220905 
-0.1310035553939973 
0 
0.318916278978352 
0.01340245460333079 
0.2426382672720815 
0.1860192315174904 
0.1763568462138657 
0.08070254641006452 
0.00389783221189507 
0.081558813052536 
0.7725864005676206 
-0.008851273669792764 
0.06263836581938731 
-0.1299897524202047 
0.03839864560792425 
-0.1545757644665541 
0.1506459698248332 
0.02029373143429825 
-0.5643093253287378 
0.1876603382679652 
-0.7195522846642849 
-0.001227028705680948 
0.1116519682327104 
0.3985775033227228 
-0.1392664323937672 
-0.4739524179248452 
-0.1840375818257486 
0.008911133418220382 
0.09384383130140034 
0.05975057191283378 
-0.2291001210797303 
-0.1601572275699808 
0.8011168343884524 
0.2020046050222455 
-0.08425000753101629 
0.1755017699528463 
0.05833022299687065 
0.4261551584807894 
0 
0.06883451001791305 
0.07040496002377966 
0.01586426284016517 
0.1419390522126698 
-0.3596637076040192 
0.1165074204332407 
-0.2121391756918777 
0.2539911223573471 
0.01786702071844884 
-0.007891793618075751 
0.145545321557309 
0.2958105558702385 
-0.4534799255516351 
0.1136969244271293 
0 
0.4411553254371038 
-0.5235801010943325 
-0.002205223078058561 
-0.8986193613183363 
0.6929247470402703 
0 
0.5614613213321027 
0.413802811266843 
0.02201617937335856 
-0.06807126812114513 
0.003094081299643408 
0.007461253847734224 
0.09193861016676905 
0.04086059044737556 
-0.005149016434065614 
-0.2246682456780673 
0.1143810862516597 
0.04341274594586344 
0.1547125724999998 
0.4981255046570241 
0.003348594550179952 
0.5325046010057863 
-0.007509036250735839 
-0.03973289489924509 
0.06671587344917927 
-0.7445239742238998 
0.5893196136703771 
-0.1212877455630824 
0.03349168355130055 
0.003569173353888104 
-0.6078596508315306 
0.04245429307292738 
0.2601804554078259 
0.09101132472216612 
-0.07508793722331382 
-0.1623818557467387 
0.5057930098734498 
0.06484262267927957 
-0.1093605203942989 
-0.0590180791655422 
0.07962139646348278 
0.007091091333588421 
-0.06542356512354836 
-0.005319200195107993 
0.03337459355959151 
0.1844906201803343 
-0.3119785489203554 
0.2022147161665155 
0.0337593903998914 
0.02131355290764229 
0.2078410762123902 
0.648738197163565 
0 
-0.4210489842323983 
-0.01896592375242589 
0.05575671163644293 
0.005320878018588666 
0.08745599375739373 
0 
-0.03429820736588093 
0.02566766600694734 
-0.08886550448352687 
1.335213534140132 
-0.00544377422293269 
-0.340063371887317 
0.266348892057835 
0.261429962323069 
0.04107504915136461 
0.04288515258269496 
0.7370053191481579 
0.1589725034356506 
-0.06607886678758869 
0.01445271473561224 
0.2826928662875227 
3.794707603699266e-19 
0.1448713719298068 
0.02611124921201753 
0.479616950048123 
0.4402467322798572 
0.1109307332987576 
0.09672451232081974 
0 
-0.497499955064357 
0.04996700276060997 
-0.07564673437757896 
-0.3148267870426686 
-0.1533765385104517 
-0.3065186349881214 
0.1096877123722678 
0.0909623267758598 
0.1005174071549304 
0.5996409748310448 
0.02854279150374973 
0.06018573317510616 
0.005629699783030327 
-0.4749775810660333 
0.1828144284177984 
0.001372993923185348 
0.1735171009596349 
0 
0.05955977517065283 
-0.3667666538162915 
-0.04428426709052934 
0.3557218961869428 
0.05752832649394464 
-2.710505431213761e-19 
-0.0311261249253399 
0 
0.2669670341375999 
0.04212383778019146 
0 
0.07875441886555086 
0.3314013193605772 
-0.09139736799710066 
0.01100622192541568 
0.1437088244750825 
0.01172832064918686 
0.3998962414141145 
-0.05126625560099045 
-0.008922112729581613 
0.2710509448836989 
0.1831044033232014 
0.03209454050928018 
0.2086402969717699 
-0.2429773326932597 
0.003772198993177331 
0.03608138205690335 
0.3060081993408565 
0.08132218257574342 
0.2377736653674605 
0.0269006026026091 
0.05806554732011073 
0.3079844844196338 
0 
-0.122094357236014 
0.001782800870941339 
0 
0.04055679011483055 
0.2556635083070852 
0.8315187077974053 
-0.165320107663648 
0.05776055264187803 
0.10672374475559 
0.2023630489426061 
0.9547221574413568 
0 
-0.06773534369374834 
0.2250754081720553 
0.005358834348933022 
0.003276178964501858 
0.05349742200217411 
-0.4694908540436597 
0 
0.3542609552263635 
0.1744299094759122 
0.04044192686095376 
0.01403559911231782 
0.7185750429534187 
-0.1157986988046983 
0.0641453308726281 
0.06438381003710765 
-0.008299858335057119 
0.0836856832591667 
-0.06196741790404803 
0 
0 
0.2799601283092201 
-0.0795558276205461 
-0.207743138058201 
0 
0.007252703897951274 
0.1737811418093658 
0.001307695707858384 
0.0508940316599761 
-0.3396497184101467 
0.02993889776488987 
0.05888360636601377 
0.09304321572957121 
-0.3189127225219871 
-0.08175447593193157 
-0.110295703728326 
0.1686217950132271 
-0.2268824979337616 
-0.05951098348572952 
-0.05292722098795656 
-0.09682487041528616 
0.1090922310695943 
-0.4984367341326602 
0.01312610408215726 
0.4034480958483813 
0.7395528018194476 
0.2002848366029497 
0.1197408220503486 
0.07129521901067137 
0.1171863286924244 
-2.168404344971009e-19 
-0.07504263847020597 
-0.02389195047475471 
0 
0.8834943893543563 
0.01525702390030569 
0.0862724299926234 
0.4815024378900873 
-0.8515870351976422 
0.5722112438481459 
0.2135795923819278 
1.006175129377564 
0.2773033127591024 
0.03542279623678358 
0.1775745507508509 
-0.09133841357781665 
0.03961687019757548 
0.01165244572457773 
0.0761161516417083 
0 
-0.1502376856861213 
0.2562042388322744 
-0.06908281985421015 
0.08968071609379502 
0.7979042911617085 
0.4119148344537993 
-0.1395072078612267 
0.2396501279902679 
-0.1650722542530505 
-0.02265569731271678 
-0.4829514851115351 
0.007640758638054237 
0.1001304641939949 
0.03292467564868769 
-0.07452614858625621 
0.07038575224820669 
0.3239549103739466 
0.005914832776488409 
-0.1198820820593771 
0.3840028220391721 
0.02320137755551705 
-0.1722939567197311 
0.1302557750158752 
0.04119687004496154 
0.09622923554129093 
-0.04744303521936326 
0.071976109978365 
-0.8682436537042385 
-0.1826049358742394 
0 
-0.01401029167815047 
0.02803270461012492 
0.100688457240655 
0.3342104204943709 
0.2047066639519043 
0 
0.01354968156733114 
0.6872687172463933 
-0.09477390669760037 
-0.2138929051289253 
-0.01500637237999674 
-0.4343785265330886 
0.04091254482714716 
-0.2417448875481815 
-0.388447013343649 
0.02922223324250226 
0.1553863674549231 
-0.1719262021752735 
0 
0.01133534988024438 
-0.01714462558696596 
0.01758982348823403 
0.06536318918599524 
-0.002566528135236834 
0.1888209931617779 
0.9053588510186811 
0.1098298478959781 
0.09591104661159762 
0.310198656530229 
0.02880222886645932 
0.2073114738068137 
0.1853718491355676 
0.09787264992644455 
0.2667126933368197 
0.2928766998536014 
-0.4004938077753775 
0.1727970706873216 
0 
0.1391452254211193 
-0.4988841636165063 
0.09333425273589198 
-0.06243149634511804 
0.09679890233663817 
0.03519555280591332 
0.08329321373680287 
-0.0101031187602338 
0.1231344162979492 
0.08544004427527095 
0.1262413067405315 
-0.2148722099632444 
0.03756446154267813 
0 
0 
0 
0.116600391877265 
-0.6229421405106035 
0.07839862540532512 
0 
0 
0.05517743781468919 
0.04595343582460785 
-0.002880746461580317 
0.1086904476426659 
0.6293448050611506 
0.3889500420096567 
0.64403976535881 
0.5178131672227555 
-0.01810028716673379 
0.03776593408911351 
-0.1443936354488761 
0.49388109049828 
0.1845645113549134 
0.306963073165188 
0.04895186787317107 
0.3699915193914842 
0.07065058342101135 
-0.5711407448131265 
0.08334597984712286 
0.2392241952185786 
0.005891795698935394 
0.007804449504192467 
0.008748836169589378 
0.2122243486172849 
0.01241739474257869 
0.02737290122320813 
-0.08097468731560532 
0.03336419789404969 
0.02363114686914526 
-0.6206200848890672 
-0.1485347547083387 
-0.06325490119990076 
-0.2758309260954237 
0.07837399147783763 
0.450060559580978 
0.06547662566307526 
-0.09407139805844882 
0.1833558485025541 
0.01256791277874418 
0.5637823990066178 
0.2421590901804007 
-0.02832883635426217 
-0.06255696985098279 
0 
0.03413377946623918 
0.04004695358104481 
-0.02403784777683477 
0.008272756338167108 
0.6167342733212346 
0.2804466968025113 
0.1120892663849174 
0.8329599045469394 
-0.3792866441891027 
0.02881951292221352 
-0.02673243798247904 
-0.01853441660352169 
-0.009235407593442158 
0.4966965986263119 
0.1213517124401046 
-0.0004853466483225687 
0.2607306328236285 
0.2897564217227583 
-0.2253585768499323 
0.6853590936211174 
-0.2302165686164613 
-0.04825573817361366 
0.2414441676179796 
0.5490065413906362 
-0.2900294251982973 
0.3244779627959711 
0.03600876667423573 
0 
0.1456046797253501 
0.01092522678892198 
0.1101921071418648 
0.4108857890559472 
0.116934655065357 
0.006067147738983846 
-0.5550480254774546 
-0.0005769189883578046 
-0.1344752391744525 
-0.08772838673209012 
-0.672098570850668 
0.5848839738650623 
0.06390085710970594 
0.01345023950173992 
0.1902395599727391 
-0.007062339517316951 
0.1330004604496114 
-0.6354562258972352 
0.002589165525789406 
0.3509888510948361 
0.8266135525339967 
0.2560621097709523 
0.4427305743515753 
0.2331404947865259 
-0.1093113080498257 
0.6109595806690724 
0 
0.222273476704471 
0 
0.3144844323685447 
0.00182006637997955 
0 
0 
0 
0.199174787723625 
0.01461015100400268 
0.007160959362059969 
0 
0.0121765855870726 
-0.02087559331692266 
0 
0.1973747263971606 
0 
0.2746973054666585 
0.05403143057651808 
0.1101502696720423 
0.1378325807084725 
0.2285406492620316 
0 
-0.1617921738358265 
0.001484563886867451 
0.01545115524131172 
0.5893170131033502 
0.2096919928816181 
0.1027176702802752 
-0.2863613573207369 
0.04488320603407213 
-0.320682661810979 
-0.1439516625736056 
0.02633493347357728 
0.328077806070384 
-0.1290570395582644 
-0.08911314523025435 
0.005687439396439836 
0 
0.286190570449435 
0 
0.2277512839175102 
0.006478150511161621 
0.08524596972467703 
-0.009537081959646754 
-0.01485101284645197 
0.005604817309872879 
0.1513939504563775 
0.1250457630924645 
0.1771982239965081 
0.06844349394797143 
0.1885800615655302 
-0.1475762166480805 
0 
-0.0009498096433037917 
0.09306045112188252 
0.05137597712828988 
0 
0 
-0.002132560216872425 
-0.07281365398951718 
0.1961006371782149 
-0.5547060656451006 
0.1712865075525167 
0.1353467928874627 
0.01906444918400343 
-0.03505185969394001 
0.09737989817813884 
0.2582346101304344 
0.2524570367115854 
0.1525974884153657 
-0.480602810746153 
0.07652727134102 
0.2502304960280214 
0.08637753890920932 
-0.2900349962858789 
0.03171257960453572 
0.1130341225571252 
0.3604194957938538 
0.04284634588729118 
0.2367888234943754 
0.314836169469561 
0.01789043302411345 
0.152828797169712 
0.3541601648146737 
0.004684969255468206 
0.008806501706917064 
-0.177266728574841 
0.05486037554983371 
0.09894349890205166 
0.6161684390992641 
0.1675726067256877 
-0.1639002550543333 
1.071943942542702 
-0.01036373153838343 
0.06320491385066779 
-0.02595360604167728 
-0.5538275344406025 
-0.6190804649642769 
0.6237319709776595 
-0.1144449752373546 
0.1275670480225319 
0.3484122257711245 
-0.09529194060845392 
0.03437114236835374 
-0.2777387096229483 
0 
0.02187687898537684 
0.1524789007151321 
-3.953480225893289e-05 
0.05036789584916716 
-0.09571315028362627 
0.1062843067174014 
-0.1664812828938149 
0.1079253976648998 
-0.06351302027070541 
0.179365216005149 
0.02337658826380189 
0.03987640997919541 
-0.005325684481389141 
0.08574995783135901 
-0.001641343006008859 
0.1441630553682049 
0.01769869101250749 
0 
-0.03249410979398848 
0.1375829750283766 
0.2095088863407329 
-0.0009622680394673085 
-0.2622482701111842 
0.4668751820825171 
0.2103892034563183 
0.02987026944107793 
-0.2562043858078454 
-0.09844041900373168 
-0.2327417966489799 
-0.2907759826574294 
-0.2411052195371017 
-0.03492242029605158 
0.2289524262288582 
-0.06720962363455513 
0 
0.5162689346726713 
0.1651240103600049 
0.003853154137482787 
0.1796409503629725 
0.009083740728357373 
0.3601431004644478 
0.003368795365750649 
-0.03694856396569595 
0.005864038617016048 
0.2784442562631427 
0.1163665738197345 
0.130071454477499 
-0.01711131085165731 
0.002778168739562257 
0.09990143635581514 
0 
-0.006510320505554962 
0.2052915426360768 
-0.5703091577473682 
-0.04644010571908433 
-0.05802431412915519 
0 
-0.05538669533031791 
0.2620299927897867 
0.1231441017788614 
0.1402177933474724 
-0.1648868260241782 
-0.1681973566560036 
0.07767264876119456 
0 
0.02563628633694899 
0.05721081086416606 
0.04310007132821551 
0.04705284747844057 
0 
0 
-0.02422688976574826 
0.07438388458250392 
0.05662214018001763 
-0.1074566822016487 
0.3121154627271358 
0.1697004454326421 
0.1285286033680982 
0.2993805865878074 
-0.0549080615341274 
0.1698531838423575 
-0.006511856494719082 
0.2365656924404729 
0.1687816010905233 
-0.2018639763848344 
0 
0.0634782821468866 
-0.05493024251900639 
-0.0489655307031967 
0.1225652428336875 
-0.01613430998490853 
0.02083636685905551 
-0.05418589181743714 
0.02182367102382997 
-0.2076503885517689 
0.1247575508128078 
-0.0003046160785423049 
0 
0 
0.02239777352817728 
0.7041002719450871 
0.5069397981744846 
-0.00877240497655845 
0 
0.1645767268968139 
0 
0.08878136472061712 
0.1077051166768805 
-0.05565250148505191 
0.02939801890720821 
0.4013747551904362 
0.2261484629285423 
0.413859013028224 
-0.01636506509450715 
-0.2042646393532071 
-0.1054729321644164 
0.2186955782387692 
0.3617979824270101 
-0.05550248691194211 
0 
-0.2584676706863981 
0.7056498796291715 
0.8122513539420099 
-2.168404344971009e-19 
0.2297505696254652 
0 
0.02937058230848883 
-0.3141479603353867 
0.07962820797109653 
-0.00516036197658451 
0 
-0.05939433947860658 
-0.0966843733586186 
0.0642325923753861 
0.5465032009179478 
0.1352966644585577 
0 
0.3723183362752425 
0.1076153802984355 
0 
0 
0.2865195186374872 
-0.1511527083545687 
0.02096215855724023 
0.005803546481943002 
0.1819358247636862 
-0.2407973798204669 
0.3891373104738829 
0.650770657397879 
0.03995189267892423 
0.2426381559560076 
1.084202172485504e-19 
0.1317898476254156 
0.2078953181958552 
0.03542481513674055 
0.1880066012634433 
-0.1208684591490681 
-0.1864324819861989 
0.4703726408397971 
-0.2348778765273372 
0.114061066189328 
0.5145455347540625 
0.121565504368043 
0.876155258725562 
-0.04131821657158131 
-0.3131063728534514 
0.1814471860378895 
0.1644555164467906 
0.0440115765697752 
0 
0.04520743580714073 
0.2498788445648525 
0.1167161047128624 
0.1520456489687563 
-0.047056719850078 
0.3112121602238356 
0 
0.1208186900335692 
-0.1523266528530611 
-0.388743655028256 
0.08463015479793709 
0.02923356307928192 
0.09887711991459908 
0.1035753612836629 
0.08142691166644084 
0.01947781693971078 
-0.0650446694224147 
-0.5240228404428164 
0.2383904915886172 
-1.507937786574822 
0 
-0.08864893250593509 
-0.7472975331263637 
0 
0.09818198158268639 
0.0822558197765525 
0.06326545220811203 
-0.1920605601315956 
0.3007521694798118 
0.02016516979025796 
-0.2363470549741361 
-0.02193422813245378 
-0.0421953099765252 
0 
0 
-0.2336080782533058 
0.5499856066375112 
-0.0362483037347824 
0.3535682716042278 
0.2131582189397148 
0.1921601554451966 
-0.08960918458612714 
-0.2126322556040852 
0.1229430772568482 
0 
-0.1756208283973647 
0.06217561512759107 
0.03880661370327833 
0.01204691168396038 
0.3284715826667299 
0.2783311215041581 
0.1979517441465118 
0.1144070465855177 
0.4491597277633028 
-0.004929482379079714 
0.5075135700775575 
0.918293569163427 
-0.1081697581145726 
0.3705911076070954 
0 
0.125511326743885 
-0.0200041774102291 
0.01856830628644706 
0.07861651043358829 
0.02299893402280431 
-0.5036399307938951 
0.09809063713320763 
0.001241466820002984 
0.4108311541292183 
0 
0 
-0.2279662723986557 
-0.01330905813608991 
-0.05496088642113703 
-0.03942573186933958 
-0.7942592503997558 
0.2264098821214486 
-0.02689535517600082 
0.2103222229645649 
0.2079833930792885 
0.01399311660333878 
0.1986315599177657 
0.220378216982941 
0.01886939486894327 
-0.2349199342215764 
0.1337698593297663 
0.006961161107584611 
0.1025254989857333 
0 
-0.178216787164868 
0 
-0.02488943041560889 
0.02322355368411547 
0.002664504433776552 
0.3564082013263969 
0 
0.07831270450099745 
0.0443096427062538 
0.1047280225085272 
-0.001023877911863834 
0.4720180288807178 
0.01796870435274799 
-0.2473083419545831 
0.1667478565103022 
-0.09735177339659307 
0.1315960018807719 
0 
0.01487916877934824 
0.01832208438663064 
0.2715311759348227 
0.04998018797108454 
-0.09694444285849944 
0.9063852981491445 
0.02549699557687567 
0.04720262841069544 
0.0918050620681936 
-0.03165950005981463 
0.08543651036146641 
0.05566525591277616 
0.09312854362991968 
-0.3721012287151294 
0.04465811642583361 
0.05550550407060414 
-0.001910746643357393 
0.3907394742477295 
0.1422328716808125 
0.05203904233754744 
0.1162269115661151 
0.1006708491585278 
-0.009853861331417538 
0.3115589101801756 
0.05364255963348678 
0.1230410244742956 
-0.006375774287753508 
0.3092444502846512 
-0.107479836303073 
0.1134038733178877 
0.1822885830112681 
0.04225737797244613 
0 
0 
0.109634361255347 
0.0558326639762402 
0.06048386563324566 
-0.157231258826069 
0.1208258622833843 
-0.81189421681686 
0 
0.008017705064724477 
0.2668895278876172 
0.5826175753459413 
0.03589147188265951 
-0.08620939295457013 
0.04092684665996554 
0.02952201866344594 
0 
-0.1158798284036526 
0.3881384905457823 
0.07867923295348103 
-0.172625475410522 
-0.008200444209338817 
0 
0.05605972860684034 
-0.03438114832307681 
0 
-0.1337864985522432 
-0.006921671390138131 
0.005808421093192441 
-0.03491788517389199 
-0.1582347350896929 
0.047696503832713 
0.04212649221066826 
0.03483042744029832 
-0.8872407842526387 
-1.734723475976807e-18 
0.04880716736282643 
0.00429670310595016 
0.01536044304407441 
-0.01655301270266608 
0.01399682503346376 
-0.01378950141457883 
0.0677450690431652 
0.466446118091062 
0.0892340284174527 
0.280493768161021 
0.1345438682116636 
1.626303258728257e-19 
-0.5043984859985546 
0.1652376603137483 
0.1701663677843359 
0.03017475628844835 
-0.03321534644440352 
-0.007227404083637269 
0.09517713617602426 
0.004377926131707358 
0.2006988645365155 
0.02186407069760082 
0.08642490693745558 
-0.005503916366337066 
0 
-0.00698225681552617 
0.08355084677598144 
0.1236801526789204 
0.1399627542062104 
-0.2267130882668052 
-0.2254321405452901 
0.006144797148458852 
0.2343635745248605 
0.08266574394943008 
0 
-0.1040861068279614 
-0.01109092087772945 
-0.08708924738141295 
-0.2484654907821092 
-0.003065729354302201 
0.09538565727954174 
0.02993266318502878 
0.07255742767558856 
-0.1737341409054276 
0.02005211423835583 
-0.4588085968588005 
0.3098799746941628 
0 
0.02107853859132251 
0 
0.2197610787131377 
0.03012674430680599 
-0.2715861206024471 
0.6706317354834288 
0.2528650475419965 
0.01827174031610333 
0.1254286407696039 
0 
0.07785918165867192 
0.5606582800455675 
0.08794299772142139 
0.3124636038413561 
0.1192034344155281 
0.03496589379843489 
0.06938271239269946 
0.2054278128278141 
0.07783974606773544 
0.03342269984728849 
0.03524347649037951 
0.01670216016601294 
0.2524741903619008 
0.04353851491796516 
0 
0.06127641001642306 
0.1747794451140706 
0 
0.5614351479385793 
0 
0.3536520014690699 
0.2732668681593723 
-0.4494523601982022 
0.3767776371227758 
-0.007702391903274739 
0.05695342932611153 
-0.04301894328961343 
-0.1280129610141877 
-0.006014009363651087 
0.03311078075509734 
0.4381748955798279 
0.1071578970660687 
-0.2670383701345694 
-0.001824872731253048 
0.5450573340100945 
0.01970886220067736 
-0.02447635177641942 
-0.1593915756833307 
0.6341011698628715 
-0.06360555778662524 
0.003480698629592256 
0.1032556780350068 
0.1682674324620269 
0.5193798445060078 
0.05887140936679565 
0.2352605683937196 
0.01615129335327837 
-0.1577698958045353 
0.02097894539424569 
0.6042457106952576 
2.168404344971009e-19 
0.07663242890538789 
0 
0.1395929437241378 
-0.1924399947968678 
-1.135993452046434 
0.1751488093789517 
0.2097713894086297 
0.1206359218532968 
0.05997489024360591 
0.02758285285625844 
0.1831925367784227 
0.1331912901046652 
0.5806498364385623 
-0.02648765744616846 
0 
-0.03528674816071704 
-0.01861275337534858 
0.05634527812140169 
0.02491025249108381 
0.3370082245054835 
-0.1366753703457157 
0.1070356224301629 
-0.212535978968804 
-0.446059219545259 
-0.0384701788434356 
-0.01226216446749353 
-0.2255411343517756 
-0.05029390335013351 
0.05311007217959392 
-0.2796632950803348 
0.001964996698332506 
0.1763615381117214 
0 
0.1107792428923722 
0.08067485446014053 
-0.9418870150535735 
-0.1612221651108404 
0.03625216778099824 
0.1478747770658767 
0.2300821539452816 
0.02700450115913725 
0.3209546604442233 
0.0275308477211954 
-0.04161762476279139 
-0.08187477761900308 
0.0224969135755408 
0.6255590808797593 
0.5343925963296907 
-0.1750264829937488 
0.1436407138284536 
0.7098032495135455 
0.01005082048467156 
0.01023704503646746 
0.0217989771557783 
-0.07759188705553893 
0.05711916656852428 
0.1353064734111459 
0 
0.2122842005108249 
0.02334312544867669 
0.06174808707966357 
-0.6823620339056083 
0.06718402385641717 
0.114866922022012 
0.06201962818201701 
0.08021591151460665 
0.176655867672201 
0.04570891007970262 
-0.05366332931713559 
0.3317553603718242 
0.3589630403271327 
0.02673749964757775 
0.01624101376900029 
-0.01069675021940481 
0.0188866332149658 
-0.03163205404119295 
0.6146732493723721 
0.002570557158468405 
-0.2097022316835576 
0.0734491045460979 
0.1463201378108282 
0.01999428710383075 
-0.04540583780647191 
0 
0.01437451014500557 
0.2057111963703056 
0 
0.09374346583770846 
0.02812960040137487 
0.1668046580559059 
-0.1645443834181681 
-0.2422764184381199 
0.08912571787285758 
0 
0.03835231169551281 
0.0961593910201143 
-0.002651416927849446 
-0.02631162793601187 
0.02605133365686129 
0 
0.07173259437137176 
-0.2079897189880743 
0.2579053747037335 
0.04550701127789079 
-0.05394364192875045 
-0.2313648207209191 
0 
0.0002434466775155552 
0 
-0.0223209070917071 
0.05573673737429813 
0.06303173404688815 
1.045652029520872 
-0.07020207564987986 
0.004594264044533807 
0.03061604286287526 
-0.02282435609396025 
0.2044913172259196 
0 
0.008571582207522787 
-0.003760532964938611 
0.111863260589435 
-0.3208240789183915 
-0.03083728924815151 
-0.3386181194344802 
0.2586425176350439 
0.2683473050694918 
-0.08747159410582434 
0.1516697279082921 
0.3275685929352789 
-0.002100745534888366 
0.1208177984444389 
-0.01864765613947143 
0.2014766478723883 
0.1641705545139166 
0.06532609746155668 
0.5575412963586913 
0.04771522798939815 
0.01790740171813541 
-0.2610490035698632 
0.009600195066317345 
0.6475488287090794 
0.1896916336574725 
-0.0002000329831404867 
0.01530356893510431 
0.2113305995020967 
0 
0.3950571734006771 
-0.2406403380670605 
0.01083412106941535 
0.4607310468158317 
-0.117959936725914 
0.4303179886555419 
0.2308941865116171 
0.02687011642040767 
0.04593128971484314 
0.1439012194428534 
-0.3855695897077094 
-0.2645998329999202 
0.06919717505250342 
0.04219407567504866 
0.008643580500420111 
-0.2632094169357604 
0.0147461630254096 
0 
0.2525268482060632 
0.08305008153494801 
0.02676288165712288 
0 
0.1307699484121081 
0.03807127853451089 
0.03854985776230768 
0.005864268290907073 
2.38524477946811e-18 
0.1595143872438234 
0.8603334800920548 
-0.08302565817627632 
-0.04302482105646122 
0.3272182806057043 
0.1094428785830379 
0.1692142522920805 
-0.5417322374481561 
-0.2895019906779173 
0.1287584883271884 
0.6654367230620366 
0.2439048756997801 
-0.0708640275245272 
-3.794707603699266e-19 
0.008093402998669535 
0.2098161531565267 
0.5089382995248117 
-0.1694587882231945 
-0.02687808422329405 
-0.1726143481230547 
0.08831173900408038 
0.09247424751978472 
0.03042212630142499 
0.8332819893912711 
-0.4332383242517482 
0.3067313693769698 
-0.02886608976560099 
-0.2145618690810323 
-0.006722077479894371 
-0.2275075386842591 
-0.3246680838035083 
-0.004344975820980182 
-0.01197512362654064 
0.2895101725385407 
0.06510159072793165 
-0.4194073286861292 
0.06937303687358705 
0.0663102106352481 
-0.01763021412981539 
-0.07888277563173907 
-0.2016129710097256 
-0.07185540397445161 
-0.003312654105204216 
0.1101946412921663 
0.388700908278961 
0.2650832142276033 
0.02327466791658169 
-0.06733104550541057 
0.04315368120113001 
-0.05567933084253248 
0 
0.06078032403810772 
0.2211112087890821 
-0.03694766791996878 
0.1332570846669317 
0.1523697670441486 
-0.03722242940344414 
-0.02744096411260345 
-0.1097067471789969 
0.1062736628964778 
0.2634267340809647 
0.3247750955538934 
0.06673063860939156 
0.3409177760824732 
-0.06165050104240197 
0 
0 
0 
0 
0 
0.05287196754539355 
0 
-0.2745978521636731 
-0.1840648935362285 
0.01440929818633788 
-0.05197789520697897 
0.05715631495782827 
0.3329901678624082 
-0.08261643716889801 
0.01647692660226268 
0 
-0.07774672880866179 
0.0251241497240648 
-0.2731623344741971 
0 
-0.06303620435338281 
0.08156430743299643 
-0.03282240104095985 
0.007022029387905093 
-4.336808689942018e-19 
0.1216496256374145 
0 
-0.1198247521462872 
-0.3376846359446748 
0.05306761278137925 
0.6293950947296707 
0.1064814016384288 
0.05215487935885229 
0.05463920797047237 
0 
0.02551030454350909 
-0.03537098647950301 
0.0230481294545172 
0.2445062639466947 
0.02572029589677538 
0.004304220679236439 
0.02815675191914324 
0.1917069995468028 
0.3917449596148637 
-0.1544864845908947 
0.008096800489115187 
0.0716487216473166 
-0.1269981776426292 
0.4866999503019099 
0.011881607736454 
0.0344118514299181 
0 
0.004382655601790785 
0.002599561168876482 
0.1466712379992234 
0.01185968143235906 
0 
0.6029834532329922 
-0.4917566658488111 
0.2383734488865777 
0.02727647977385397 
0.1267903604466001 
0 
0.05041317150169251 
-0.1163083464896079 
0.07634937214625051 
0.1865722068991517 
-0.03307812882686573 
0.02135649917460738 
0 
-0.9490696085879132 
0.2552838168789747 
0.2258585789461958 
0.5718582597075119 
0.5833162282205494 
0.1051824876748484 
0.2082109647331688 
0.03252175970206991 
-0.03989285315804973 
0.0652248312924973 
0.09613872213881416 
-0.1968886940327453 
0.2529296833660503 
0.04943452261052037 
0.5122247573272269 
0 
0.5073772854729568 
-0.3659442511468464 
0.05514866742491766 
-0.0522953544121804 
0.003046925540536405 
0.2504682761802904 
0 
0.1307531418269983 
0.03232573181343275 
-0.07125861987585315 
-0.07721370924661428 
2.168404344971009e-18 
0 
0.03617381133561466 
-0.3185377829327257 
0.08342208941330036 
0.1613748996954688 
0.07721691062684632 
0.07316114395572694 
0.0201612772119036 
0.04880695789620666 
0.01989273964678826 
-0.268523890360671 
0.08615372176590071 
-0.1062008028502365 
-0.08445744150237283 
0 
0.2733463155357319 
0.3237463320776555 
0.1483034839934558 
0.05164015037691108 
0.3292966173469934 
-0.02687001139262938 
0.1327024394572507 
0.1766848889399383 
0.2018709149137436 
0.1587092274654084 
-0.005092980009604156 
0.2824405988289689 
-0.1289541403823736 
0.02293391684535323 
0.05506776516941584 
-0.005773641421490984 
0.3261079961270477 
-0.07194750297367691 
-0.03026085617818107 
0.1863879084832156 
0.06851896617858529 
-0.6388795742690075 
-0.04261430651098178 
-0.1494207423556362 
0.3136933986722164 
-0.03342149314400056 
-0.05005615943069759 
0.02743043649290579 
-0.5046744803253674 
-0.1486505947656764 
6.505213034913027e-19 
-0.0872085981811756 
0.4220376208090301 
-0.1016873696722643 
0.4665338345222064 
0.008420322469589106 
0.1386188372817865 
0 
0.2034607747344919 
0.08556227648722446 
0.6892387931265382 
-0.3313930574290265 
-0.02831245114072547 
-0.03368949586565426 
-0.1774699047182447 
0.1799315210874246 
0 
0.2699451083026684 
0.2441400126396624 
0 
0.2745275454748709 
-0.04499325558528427 
-0.01298405786296742 
0.02250108593966176 
0.04293749504058769 
0.002773069686975277 
0.02192998185051395 
0.01094330110369417 
-0.001381090194400805 
0.02147855483854866 
0.001467695858507018 
0 
0.06979789669644994 
-0.1326178540059937 
0.1902285704366663 
-0.04016907860826548 
0 
0.2604430050452561 
0.7819842069998363 
0.4433575395962557 
0.02527651084287091 
0 
0.0009170635750392719 
0.3609010626362543 
0.03563880544906057 
-0.1921655390874837 
0.08469925164479079 
-0.004699875569659449 
0.09246826289148997 
0.02418704973706447 
0.08202360649523803 
0.04027791745027525 
-0.1771423488367817 
0.1466657103888833 
-0.6375210770872507 
0.307939986834643 
0.6365780631376047 
0 
-0.01499306066197691 
0.01522058284678916 
0.4251183049190982 
0.1385196641430981 
0.1565715981404653 
0.1249861279417217 
0.07328337260729202 
0.008709856308200949 
0.04107790085091863 
0 
0.1618421058208748 
-0.01212321519912367 
0.05151035930452705 
0.2193359621322177 
0.2336975915277577 
0.04963537627803169 
-0.0009689337960476112 
0.00446120786880337 
0 
0 
0.01225303306044421 
0.1197964218968483 
0.02975074119203239 
-0.04065605375385374 
0 
-0.1987522683598069 
0.009478099285690517 
0.002945066532352405 
0.00263699164011604 
0.06785468275919583 
0.7319254310027421 
-0.03884537134266181 
-0.004952860240988591 
0.2375207157760254 
0.7264928345344027 
0.07709257963167795 
0.08376995949130789 
0.08091662598770046 
0 
0.4440864488999305 
0.4814954987339128 
0.0342325756600427 
1.023252496186096 
0.03016339956118049 
0 
-0.06109246173877015 
-0.01852021565704726 
0.1447393282654237 
-0.6044353056935059 
0.08607130584745863 
0.1700078989867656 
0.255150755103328 
0.08997813068497035 
0.2699366653252643 
-0.02785359639709438 
0.6201628660393653 
0 
-0.04825843219100036 
-0.06603881461932748 
0.02837763829211214 
0.01168149493551426 
-0.1716767730868604 
-0.07577694026488557 
-0.02488255915670122 
0 
-0.2372810100505173 
0.08932902127112434 
-0.2591296647304177 
-0.1920915047655257 
0.1743386084188415 
0.08338933551922571 
-0.05205714338292225 
0.07138065059995552 
-0.6892570569262397 
0.0111151872260864 
0.0001301951767399892 
0.01777908944739842 
0.08052454500719423 
-0.06651176227490795 
-0.2450738028969756 
0.00206416105185963 
-1.084202172485504e-19 
0.02220622745562363 
-0.04449057385165717 
-0.04408645615699098 
0 
-0.4086489900371147 
0.01037553908897158 
-0.311538305211566 
0.3330679913151466 
0.685752944382538 
0.592808711403689 
-0.1108707500613723 
0.08901771562367201 
0.2134697099899482 
0.008855570882567601 
0.1278710757323541 
-0.1988644114033345 
0.004350896098018542 
0.1587225389483546 
0.04807094578724876 
0.550005220111951 
-0.1148492442123938 
0.12786312666762 
0.09290770597357423 
0.7128222296977822 
0.3426359574716956 
0.07991291409982773 
0.34189590520189 
-0.6660886409964621 
0.1030415008987641 
0.3010115358579268 
0.1997831244771792 
0.3273558703835799 
-0.07042800612388815 
-0.07426369473578776 
-0.1378520517593304 
0.1847363461407456 
0.01009620210653618 
0 
-0.1071871218963067 
-0.3848109275616796 
0.2643760810174352 
-0.306095635622972 
0 
0 
0.05446203285906115 
0.1062831227007007 
-0.1463625841382343 
-0.2646740416151964 
0.005794491952977832 
0.05629105433651499 
0.2908291464027544 
-0.01905303930873421 
0.03249778498356976 
0.1709873325242013 
-0.249342690856157 
-0.02403213261007629 
-0.1896861245621216 
0.03491879219367687 
0.01619150564121713 
-0.09678173262497101 
0.596595781173174 
-0.05340272684220085 
0 
-0.2222998042070236 
0.4936713347590373 
-1.668420306227935 
-0.1442270852895624 
0.02885256202201292 
0.4263133124258389 
0.03858852891733227 
0.07711650622014073 
0.04428244207816179 
0.51241181641129 
0.4851408775040656 
0.2671932295934212 
0 
-0.04794045624887603 
-0.005061463453141588 
0.06884622531885883 
0 
0.2295599087400042 
0.001791798562700619 
0.1858008115305767 
-0.3519176651244523 
-0.05577561793136437 
-0.2657292857203694 
-0.04846555250271928 
0.009801764925756093 
-0.2657292857203694 
0 
0.3301174096659714 
0.3723678212565525 
0.02262586211410456 
0 
0.8476335502873957 
-0.4091178524410066 
0.02221351590307393 
0 
0.01214409872377319 
0.0748228235424538 
0.08710871202008821 
0.006337392668102167 
0.08884503509280553 
-0.02224610852276094 
0.2046742387771805 
-0.09861542935547694 
0 
0.006595765480737358 
0.01421759239234036 
0.4720570608059569 
0.05070691209411961 
-0.03437209477568327 
-2.602085213965211e-18 
0.02445875836500185 
0.02125156448797764 
0.1101601129609 
0.05217853830667214 
0.1300417442060696 
0.0354124805344912 
0.55459244610438 
0.1933969656118451 
0.004073229084341369 
-0.2068870584565815 
0.4687388333522258 
0.02137543063085098 
0 
0.0152609329796648 
-0.04477018481010793 
0.1188535260012856 
0.01104295003715748 
0.03517546439889458 
-0.1383747057751889 
-0.3195917388075448 
0.1580383668647026 
0.08594810469532195 
0.6825798074804662 
-0.567965121502614 
0.02316777709677885 
0.3532106246687857 
0.2642960889633593 
0.002514854328638046 
-0.3149384751615674 
-0.06965929637033383 
0.05629282494013627 
0.2770879976330453 
0.146220194488476 
0.05955496974214671 
0.128298091137537 
0.6269962872423195 
-0.2069305077807969 
0 
0 
0.04919562985360822 
0.307215719935875 
-0.4101758872547612 
-0.04446193995656494 
0.164879709876913 
-0.3754208996923551 
0 
0.03601333076965423 
0.01956377788789204 
0.08791359674830793 
0 
0.05618822464211999 
0.01995682339899487 
0.005830909364725418 
0.02070438963688147 
0.5961400306560988 
-0.08682279331705012 
0 
0.1499922554923623 
-0.5790777983842246 
0.02382530110281183 
-1.076829056063671 
-0.2516981510209301 
-0.04880338078261252 
-0.03355479922913333 
0.2006880903681691 
0.4168729984711389 
0.2242465557773376 
0.08768150786320211 
0 
0.02549246478801764 
0.03250480670666164 
-0.1617647880548659 
0.02421103582063247 
-0.03440745295120372 
0.01300356051023071 
-0.1038983004676387 
0.1483463522929903 
-0.1229654600368673 
0.02693746653793273 
0.1248577092062721 
-0.2478638740185056 
0.3106801835842364 
0.133577582654775 
0.005433948744121888 
0.07354279135140211 
0.1500592858743108 
0.1384591983380153 
1.355252715606881e-20 
0.01766256517981701 
-0.07587541514861479 
-0.04556766720661219 
-0.108147624478534 
0.004778013546892015 
0.0859224213197859 
-0.07435456969468664 
0.2708594633220237 
-0.4177295749989322 
-0.2238387237458424 
0 
0.03414674699653912 
-0.01073582853643401 
0.40098070962954 
-0.02547661846666769 
-0.05144505165913553 
0 
-0.05889606788447364 
0.005496336652577281 
-0.01768357215895693 
-0.0813814100078445 
-0.1919553131722141 
0.0181601962349196 
-0.1399937101058741 
0.01749444495320477 
0.03820001911530536 
0.02688772509441878 
0 
0.03411517899544179 
0.01418022384166204 
0.002006548717225022 
0.03182156578873153 
1.734723475976807e-18 
-0.00340802369774782 
0.2570103373282494 
0.1529038526073035 
0.3890205002193809 
0.2075056201847253 
0.02184991527439554 
0.5546712987058607 
0.03685794195042515 
0.3684015773792706 
0.05573306959835463 
0.1861614400305031 
-0.3613904275354927 
0.04106525390307118 
0.008408907281664445 
0.02289242425025595 
0.9950719237205011 
0.2243720639215087 
0.8614808991553417 
-0.03298107205408089 
0 
-0.004976158275989668 
0.1661138585641767 
-0.1444092323474627 
-0.03642543808397222 
0.135968820099875 
-0.2138257145311931 
0.3599803098404575 
-0.3123509911454176 
0.1276615525144671 
0.09785128584271689 
0 
0.2484919731831128 
0.01437218200333154 
0.1769143006912518 
0.03169385032851042 
-0.02119371524800537 
0.09582277453656109 
-0.297270912877544 
0.1060726936298449 
-0.01374097899438182 
-0.8088394565049113 
0.03539326666724839 
0.04111372991927396 
-0.05142734973813629 
0.05503244667557144 
0 
-0.03824773076781166 
0.2160747622531533 
0.01487161751483715 
0.1237114478451117 
0 
0.01592222226058445 
0.05072221832451431 
0.01498629524941923 
0.01537658175202749 
0 
0.09607105924123979 
-0.1367613357004348 
0 
-0.5062822546870559 
-0.4762625376420593 
-0.2508068599780607 
0.03989101147129164 
-0.0538967613501032 
0.2154106073513792 
-0.1781497668090545 
0.258375812181919 
0.2288947606325507 
-0.1208038505904985 
0.01918895854049915 
-0.03233014805084436 
-0.0254788361403704 
0.002751474651763111 
0.02154999931233928 
-0.0325772164893797 
0.360656900325207 
0.3192227037952125 
0 
0.04482639269812726 
0.01293789858632112 
0.04251238447580518 
-0.02834853758863967 
0.04700340562835939 
-0.07050327237489423 
0.347271449447657 
0.05348281359420864 
-0.08729106216570685 
0.007719551017564671 
0 
-0.1452866504576946 
-0.171494627111285 
0.02144273042133582 
0.06115489033336282 
0.08389056193250354 
2.656295322589486e-18 
0.2705379413560724 
0.1089691221057184 
-0.08472950291332623 
0.03636530731678272 
0.04283502390398641 
0.0220957157255281 
0 
0 
0.02188868702505967 
-0.5415662652072234 
-0.06286866826610968 
0 
-0.0373798482088769 
0.02864170709954976 
-0.1293064646441156 
-0.09857405491660187 
0 
-0.1057742067483563 
0.06171671230897222 
0.0413175948960571 
0.006642207284818278 
0.03347904373182023 
0 
0.120078673396083 
0.2073491235574984 
0 
0.06317392816671444 
0.03689263020371736 
0.3020361087794558 
0 
0.07966202507648562 
0.01931499006946651 
0.08449048018402261 
-2.168404344971009e-19 
0.0007044736661915413 
-0.1117810709014451 
0.1808559822047366 
0.0156231794235891 
0.05164547267492941 
0.03698653662758478 
0 
0.04056947155037835 
-0.2080398994129518 
0.2716921657472173 
0 
-0.0006980539362508127 
0 
0.04457845682801705 
0.03196576510652575 
0 
0.1393319752983285 
0.09232259467491521 
0.01703544150190808 
0.05972505689689137 
0.01604828458030054 
-0.1038460056146042 
0.2357642450596709 
0.02983961300239011 
-0.001861995255446957 
0.005049768634627463 
-0.01975436957496954 
-0.01438016358443097 
0.02067708332185205 
0.2529263767701273 
-0.007612097544199173 
0.1599073313446043 
-0.01887386390722711 
-0.01738690909687236 
0.07774114890011566 
0.1388813171265071 
0.001581358794711512 
-0.2916243844721826 
-0.03732043523682819 
0.3434903886103041 
0.0006085328516200001 
0.0813620325859948 
0.01562007867337755 
0.1172161688838231 
0.1102282322819354 
-0.004669375952037946 
-0.2588338362017265 
0.06360245588867242 
0.04123805175337705 
0.6318094158899235 
0.05867826429293913 
-0.06525143907221165 
-0.06900548163769858 
0 
-0.3232217440418256 
-0.276705248790281 
0.06129547730627285 
0.1573264356615468 
0.07809547649166214 
0.4841744785745635 
0 
-0.4434789931695849 
0.02963171530377334 
0 
0.2567884317362029 
0.02763446708661737 
-0.03077701360458455 
0 
0.1586602547599686 
0 
0.0184702347766015 
0.1162226727244889 
-0.05964411368765052 
0.1216340066981754 
0.0006476074793898486 
-0.5978880578335846 
0.02118916925867666 
0.02795498351105482 
0.001431405188067257 
-0.007266771680637012 
0.01921645720072705 
0.4589492538258032 
-0.2573174725228917 
0 
0.06161031031983294 
-0.1460014144270686 
0.1578603286006158 
0.1592908803362327 
0.06469728688365432 
0.0131448233159552 
0.002106348589547428 
0.2835136258550872 
-0.02411242722220183 
0.5828044685918027 
0.05319041686630601 
0.4253352770643181 
0.1843737067997701 
0.05702984076819913 
-0.2755782216287034 
0.01402427054064764 
0.07188575771132381 
0.009482286613889385 
0.05835313985485405 
0 
0.1609203753951121 
0.02412595450888544 
0.007956447889637954 
0.1012938648168471 
0.09175802529818201 
-0.0491724183534648 
0.04667274391344672 
0.2399128810392391 
0.0417225483179816 
0.04871757908931081 
-0.2948256840442353 
0 
-0.014988235705666 
0.3271669194324063 
0.1732063635866776 
-0.07228092426434994 
-0.153429139175493 
0.427349808239624 
0 
0 
0.06093328031115872 
0.2046403076327191 
0 
0.3109591817471365 
0.01761231028432625 
0 
0.04893592109247155 
0.1282056215873546 
0.2548496631192827 
0.01104966829667504 
0.09439199496303941 
0 
0.1522698421858269 
0.0648370306371444 
-0.1818299081318135 
-0.2436568170022608 
0.01734824556197561 
0.2727407284680689 
0.2068616295825223 
-0.02106884910860426 
-0.06810295897179636 
-0.06879314357436431 
0.174647961030204 
-0.1860870883470927 
0 
0.2323234050195753 
0 
0.005302691033781235 
0 
-0.1740165554561981 
0.1565516394669368 
0.618145618575499 
-0.1998333327717726 
0.322127516832625 
0.1069259909741821 
0.09903542726316174 
0.04715810935927579 
0.1184473950746965 
0.272687914001944 
0.0002964976136455843 
-0.07205734246504746 
0.2940519322222834 
0.07859817890282217 
0 
0 
0 
0.4105333677745462 
-0.2145996138274159 
0.08410189175604722 
-0.3290075798992457 
2.373088414504085e-05 
0.03663971763402497 
-0.03659857635306334 
-0.05855181899734668 
0.2110501028133014 
0.2352766558149697 
0.2674106364295118 
-0.003020122253907963 
-1.175983067328118 
0.2941100162550176 
-0.07557040685157609 
0.5994797307886238 
0 
0.05770478009178271 
0 
-0.08134817681058204 
0.01549103016247953 
0.2242139801315711 
-0.199429537564582 
0.1303248183189637 
-0.00133737158877614 
0 
0.004191591248023692 
0.2580827685782805 
0.1742086150907903 
-0.03786554490361313 
0.01381662391990477 
0.2413640834735022 
0.07241636569329936 
0 
0.5203160579315058 
0.008346565270006261 
0.1396492350896927 
0.01895265868440405 
0.4610749794337158 
0.5340314209400617 
0.2981190557036963 
-0.007750775198676806 
0.1949481635140154 
0 
0.1011988561366729 
0.1452221576269478 
0.0337553539463376 
0.0001857166575416732 
-0.03694048834314319 
-0.1319122642052596 
0.06440099371182101 
0.2457779008917385 
0.3252347755958531 
0 
0.4323056041770285 
0.60196080852609 
-0.004295037909645573 
0.4224973230969317 
0 
-0.1466590003470777 
0.1494184517457337 
-0.07577359667932068 
0.008249964154795461 
0.1794761711574978 
0.1502696632619866 
0.02680149349308514 
0.007503933424283955 
0 
0.1442708020736245 
0.0503446723218323 
0.02911888703089062 
-0.08517693925192701 
0.4285614852224456 
0.1510890526399757 
0 
0 
0.02151976966604374 
0.06511197070113484 
0 
0.1748335466764459 
-0.04672644915773313 
0.01510317772530347 
0.434611776692242 
0.09788664755547051 
0.0004935194603966163 
-0.02582764848829683 
0.02434789299088047 
0.09142638689569189 
0 
0 
0.7895918043873498 
-0.5905670973190881 
0.1786199320788441 
-0.06481612112734834 
0.2760000903274397 
-0.08593942707079034 
0.2521106205779366 
0.01012322568056111 
0.08849411060245567 
0 
0.005284383775707829 
-0.1385831528585972 
0.3093153828949108 
0.2612105399279611 
0.2435334443704251 
0 
0.0552616775232645 
0.05692254539408997 
-0.08804806527335725 
-0.2745701341567823 
-7.319532326115956e-05 
0.1848983085953892 
0 
-0.04097035488937685 
0.07913618907654245 
0.5252168625276954 
0.3007249191976684 
0 
-0.05426264139318542 
0 
0.05944676438432422 
0.0307895555223041 
0.09665745755064699 
0.73572365510162 
-0.00945083114283757 
0.04875188310651857 
0.009553668768638831 
-0.09116076476994577 
0.02292767610258758 
-0.1279453495051891 
0.02424778061795449 
-0.01512593406418193 
0 
0 
0.03745583648816098 
0.03448648953574801 
0.4195362275292854 
0 
0.04385952653004174 
0.005769494060831304 
0.1541399445758294 
-0.3139106752810032 
-0.02593752162015929 
0 
0 
0.01093996113455512 
-0.197383632322376 
0.1123404743181556 
-0.004678249882975917 
0.0552814731699639 
-0.06975443013891318 
0.002923229012504216 
-0.6960988419935107 
0 
0.1539490258740651 
-0.1698236484914719 
-0.1818630498224879 
-0.06304758753549726 
-0.6257550868570293 
0.3307866419885908 
0 
0.2059962468196165 
0.009699842570828326 
-0.6000985257565933 
0.04624384465808404 
0.06713354980168226 
0.01801964969608378 
-0.07204179162975499 
-0.1537453530121844 
0.03086646451954831 
-0.5589305926060242 
-0.7919310913162093 
0.1255299693560034 
0 
-0.005049398367046512 
-0.07603536426784376 
-0.1060105166099466 
0.5410560265572715 
0 
-0.003553060072121087 
0.4993223957271801 
-0.007124340204537676 
0.2688335243771203 
0.002030975445924774 
0.5199507765201308 
0.01557262507625636 
0.100326530414187 
0.03284571175548466 
0 
0 
-0.05627245214449347 
0.05937752138308484 
0.03190900611749085 
0 
-0.1464173251384207 
-0.0730836203975111 
-0.02575917401107021 
0.03654648105535686 
0.1256193531158511 
4.336808689942018e-19 
-0.02028781308135541 
0.1340243979910737 
-0.2749730095363022 
-0.3142499128162827 
0.2129595687248025 
0.1137847530066426 
0 
0.2588134595863138 
0.02467142118738429 
-0.1469215863626227 
0.002643379317144065 
0 
-0.3216614171699646 
0.02247226128488933 
-0.2481477111957603 
0 
0.6989639242402096 
-0.2641626633265944 
0.03332974940317338 
-0.0008523086274110114 
0.1867882100055709 
-0.2010503900070675 
8.673617379884035e-19 
-0.5246394275108056 
0.09132878568758164 
-0.008136571393238113 
0.1780564419495728 
0 
-0.3008629101996053 
0.1908570334694834 
-0.1838835909921717 
0 
0.2207029829658393 
0.05372785154224665 
-0.2855592847381326 
0.1502456439959353 
0.3408504196249495 
-0.05723137634302521 
0.05597293999950689 
-0.007425175569481506 
0.3007202403718005 
0.3044879147744876 
-0.1155710733360477 
0 
0.054554772221581 
0.1085118862760478 
0.09380036874557125 
0 
-0.08106333807731286 
0.008888575133479184 
-3.469446951953614e-18 
0.2710697646721961 
0 
0.01391420918114764 
0.08909991662626449 
0.05449709361499284 
0 
0.3916240327342206 
0.01403544151125538 
0.2458683578917211 
0.05972944031073675 
-0.0005065247855986922 
0.06474258316973269 
0 
-0.03955272979351104 
-0.2761885195693725 
0.3811228942535165 
0.2155636461407045 
-0.001573743523812382 
0.6169918959977042 
-0.1854462897765789 
0 
0.2174464151046135 
0 
0.419590739803636 
-0.8372331110127718 
-0.02714345982616497 
0.2226889641863572 
0.01356644438912235 
0.1139315135467785 
0.06384726093751353 
0.1530691726256747 
0.3449633312242011 
0.0341206475739728 
0.1327747312543779 
0.3127303338921693 
0.2115181666056656 
0.07541680356332266 
0.1687777095131853 
0.02978817670830147 
0.3766652478721502 
0.2856053670505208 
0.004770149067344315 
-0.04903295702257561 
0.04683820014482006 
-0.1161135445073466 
-0.1326794097964984 
0 
0.01988541229160614 
0.660642602747282 
0 
-0.3470814230091865 
0 
-0.6286384033393835 
0.3593271805667003 
0.6541721419545629 
0.003909374706802196 
0.1731992351275388 
0 
-0.001781428315932178 
-3.06287113727155e-18 
-0.5911431137396314 
0.01923132758276398 
-0.1850839854428037 
0.08696694398252755 
0.1938553909519157 
0.1004890868992336 
0.1199881605171877 
0.3190536655653536 
-0.02011994252065602 
0 
-0.2756149197775198 
-0.0303651414816597 
0.2658121729170234 
0.02092963985093514 
-0.2941508004165269 
-0.2200070780209097 
0.03842552353122824 
-0.04501591438991957 
0 
0.01484717191196545 
0.07587826437649353 
-0.0278123996420017 
-0.1232862329279594 
0.1923472798793816 
0.002354105835078738 
0.01535591680240505 
0 
0.2151945096028441 
0.2152137334846506 
-0.08498873180175462 
0.04300176635845282 
0 
0.511207120122069 
0.1712392874559551 
-0.08607996701578532 
0.04569975483972281 
-0.06621267054399604 
0.06389429194856987 
0 
0 
-0.01961993871289628 
-0.09649777501631603 
0.1500415239470291 
0.399912910094677 
-0.07163611396304383 
-0.03241809322350852 
0 
0.6676422995032405 
0.1476028724850335 
0.4248483701688957 
-0.315922399073932 
0 
0 
-0.03941638223315404 
0 
0.132469646365073 
-0.2173653188972217 
0.08805672841024273 
0.1519346863653096 
0.1451152271888975 
0.03858802221387893 
0.3153988276310151 
0.3064611359230653 
0.2801226536959117 
0.001196575630504364 
0.1674847205046353 
-0.1434563698799595 
0 
0 
-0.03818701874445776 
-0.07091076353540138 
0.02272975146871976 
0.04987763968561119 
0.02621112798923169 
0.01577279376078501 
0.09927471395942103 
0.04932294204520806 
-0.06146726561258859 
-0.1856393922121514 
0.1916279858709048 
-0.02829214076531649 
0.08622834443534001 
0.1002314156226769 
0.2201045989294635 
0 
0.148227365888305 
-0.1433077667812755 
0 
-0.1792668821351911 
-0.0006117754768268476 
0.1082734458033953 
0.001643341053118389 
0.05511587057237825 
-0.8011966394856956 
-0.3981343897162323 
-0.1425678718809 
0.004355575796216831 
0.1613023668034427 
1.734723475976807e-18 
0.1226529833938596 
0.04194126418002162 
0.05963407032320608 
0.07255501099702824 
0.1054795771460336 
0.2164500954985492 
0 
0 
-0.3526655480853412 
0.27740711698404 
