solver_type L2R_L2LOSS_SVC_DUAL
nr_class 2
label 1 -1
nr_feature 5000
bias -1
w
0.5172304770489969 
-0.5430067189299338 
1.194828301663237 
0.06186788725305951 
-0.2612028792732983 
0.1465088229111094 
-0.1132853817997303 
2.49171003910424 
0.06210020981982361 
-0.6508454921682242 
-0.4089046766901474 
0.6548391177573748 
-0.3040378333550328 
0.7251807542007065 
-0.1200180933882953 
-0.8179548176903808 
0.29588869480931 
0.6629505162206932 
1.819370759130831 
-0.06697468539390809 
0.5653636399901729 
0.1270422648626319 
-0.1418791713980037 
0.5548115041048255 
-0.33887490933345 
-0.2304099082466235 
-0.01039967811657631 
0.3497951465169973 
0.003293413011721097 
-0.4876631246601388 
0.5934822452393704 
0.1738646321762164 
0.926382269803139 
-0.4355736554839274 
0.8177676910359254 
-0.236201455547677 
0.548177948668692 
0.5190686238113519 
0.1666706358483544 
0.6865881515211184 
0.3651806329338287 
-0.03655671492416924 
0.22383698315857 
-0.2007408124212848 
-0.5495380542809011 
-0.3354061784775747 
0.8585835136148028 
0.08206734714909965 
-0.009069436886102192 
1.379119537553381 
-0.2443335212323663 
1.839653621830205 
0.5912011734715141 
0.3270183388089574 
0.2080155597475256 
-0.6015619959182505 
0.3111578277829243 
-0.09376045127786739 
-0.01237814436189727 
-0.119450827024789 
0.5045542933828707 
-0.02596001343489805 
0.2870442938927905 
0.08546861868423369 
-0.7645362900991456 
-0.04202932988502129 
0.3418402443298143 
1.537618487480989 
0.09806227533169619 
-0.5930384449342103 
0.09093962019354179 
0.6772442908725226 
-0.06270498676758464 
0.396629899711906 
-0.3642757440102474 
-0.02445715260438671 
0.6617816350556496 
-0.008001914788041752 
0.3546245537403252 
0.1029869693274968 
0.1277481397041478 
0.06625893840309541 
-0.2257660836130342 
1.528821550872335 
0.100114138292302 
-0.3145902166056687 
-0.2870877652793801 
-0.2608267713202774 
0.3059725053779653 
-0.1465580294600458 
0.04805370046553434 
-0.1637567044462124 
0.1952421289618053 
0.1217236180438314 
0.2223848287436928 
-0.1946405942967344 
0.3393768836492637 
0.9385570246900461 
0.04457462330110276 
0.5000224745510933 
0.05888145404250276 
0.05528664152493885 
0.1938453745680186 
-0.02692003692648206 
0.3811651974807647 
0.09676762292867534 
-0.2791875383245406 
-0.08083018434215618 
0.1160734166011724 
-0.05241573382359378 
0.5796821421305736 
0.01487841470619625 
0.4869717044578523 
0.6637708827242541 
-0.1769784670607525 
-0.04752634045858205 
0.4410184068511676 
-0.2074649603206541 
0.205909846727466 
0.1104141378274908 
0.4515017463040131 
1.088405374433386 
0.07401248125142622 
-0.2867177878017722 
0.2352648161858818 
0.6137865723071112 
0.03495684542885714 
0.2522376490598071 
-0.3939937812122413 
0.3116960022649736 
0.09250909252661879 
0.06045143825374744 
0.2131952840477507 
0.2297201579399171 
-0.4102836113910372 
0.1103062067361111 
0.7947087519382092 
1.532031554684378 
-0.04552010560020273 
-0.2208056711805509 
0.2374178267218905 
0.145055755282842 
-0.2486255509487033 
0.1107952376909107 
-0.3224552992592669 
0.2479105072907455 
-0.09930655464745819 
0.05841106426421632 
0.0872541378532726 
0.04722246815892921 
-0.1026565882222401 
0.1567607141411151 
-0.5871028213709211 
0.5615440691130716 
0.1215191573176535 
0.205019896760188 
0.1027725738886826 
-0.3684803366395331 
0.2251456648621772 
0.102278800445535 
-0.4309636444157731 
0.7918391032038423 
-0.09479267745297686 
0.5457648124203177 
0.02764726587178352 
-0.02946538700610218 
0.4508300297783613 
0.01801336965911264 
0.3053017463547382 
-0.1511024437170977 
1.707309285434605 
0.09736798923189287 
0.205911184058369 
-0.0987758496892578 
-0.05759140338131048 
0.3200563314408846 
0.2738784327185783 
0.2226285679427807 
0.2494250927800096 
-0.1372289693928869 
0.02019707645930646 
0.3586769285942411 
0.3707619533296331 
0.007838867447017664 
0.3029519109983691 
-0.0352566276698989 
0.2099838640992562 
0.01566259158877202 
0.1175265382663703 
0.2479994304293676 
0.2766993066289416 
1.172414949467346 
0.1147113195062811 
0.09185384138686178 
0.06268469730073065 
-0.7333735628538929 
-0.313714137814028 
0.4636018391883187 
-0.3712421257419262 
0.1775069976395598 
-0.01311529257096635 
0.1309506715558298 
0.002055204788998225 
-0.1888499179459287 
0.2060810331182034 
0.4487855956530032 
-0.3020343907361474 
-0.1112573084306393 
-0.03302842765103605 
-0.2290796546781142 
0.1552490191181834 
1.508775931647179 
0.008921712374426533 
0.2561615308869684 
-0.2385815208221483 
-0.2296242390772506 
0.5160404730184538 
0.05177320184471153 
-0.1968291073720765 
-0.4565604547829026 
0.1248746334550496 
0.6932570330295488 
0.07231050683340266 
0.1240974138060075 
0.378541844585303 
-0.379595289593139 
1.107754467541948 
0.4023199058021696 
0.3058984590417154 
0.1045282111051822 
0.15872921964507 
0.1243849646069977 
0.2475210620482172 
0.6584953162786571 
0.0334040656535425 
-0.07407896700798747 
-0.2680090402284203 
0.9989384394595476 
0.5686788260287416 
0.02512488932650043 
-0.005544379592696787 
0.02861987343901282 
0.3260972320868933 
-0.5151695781486891 
0.2096911121299589 
0.4038552306890408 
0.2956309676849532 
0.2702394003662832 
-0.5175463489815987 
0.1758319031757034 
0.4515897914793245 
-0.4443781373761599 
0.492798835789165 
0.02441087687273686 
-0.1584798609206005 
0.2059212325906351 
-0.06773317707820006 
0.1508024985165922 
-0.662121249321597 
-0.2547228719916714 
0.06163718574157852 
0.01578970279128454 
0.06077594677831333 
-0.2425839643091482 
-0.2656256962036777 
0.250279887947317 
0.47911854013055 
0.5146326415653351 
-0.3468612215137479 
-0.02586199032138504 
0.0915072896785777 
-0.02590407611131218 
0.2870491277854906 
0.1906500471753269 
0.3148539491473903 
0.01621292865295438 
0.1199940947151089 
-0.3701797784542677 
-0.1659309678268557 
-0.5025043595852 
-0.07752841534386917 
0.205130002979578 
0.00308665023783314 
-1.57935814345961 
-0.344066355362674 
0.2219335712641912 
-0.6339837720090626 
0.4248153500323245 
0.07502313472421508 
0.2181945218772198 
-0.4902061202427657 
-0.7240350157491268 
0.2178291414831423 
-0.4127126563330124 
1.156911641634789 
0.1081670404111203 
-0.2173661624727322 
0.5989792249988408 
1.434170602578884 
0.1349793086520145 
0.7752111188542021 
0.4381042838087044 
0.05451443867437993 
0.4757614102566033 
0.3974252708835778 
0.4739933690903114 
0.01927194938488016 
0.02091612849984373 
-0.1539742331198653 
-0.1759259921543244 
0.03882598507694301 
0.02882030535036438 
0.7789357177917368 
0.61387179638142 
0.1400267511689132 
0.1319704733517272 
-0.08722995523760976 
-0.591875789344227 
-0.313567655135179 
-0.2734410519504363 
0.4627555047220849 
0.1040400175013376 
0.3739517284309206 
0.4423239292586902 
0.1365820134551883 
-0.0173696723996482 
0.2627515843419752 
1.11747450653002 
0.7837830890479746 
0.02034993393176765 
-0.03382400805053297 
0.1958487132929942 
0.5543378103416238 
0.3403374313908161 
0.212279423347621 
0.002596420630385637 
0.3477049456233191 
0.2688179806445832 
-0.1871772040306466 
-0.9490284138477375 
0.02393323686155205 
-0.1839215038561793 
0.1789668880457093 
-0.5159365019919393 
-0.0675606292566117 
0.1610621371499208 
0.06958191177920617 
0.03720809832498807 
0.06151475877961208 
-0.8065156376935286 
-0.03136532689976131 
0.470685022007364 
0.04371266523984112 
0.04834796241808516 
0.06865815076494378 
0.03489231161917684 
0.08782799126570144 
0.1805700864996589 
-0.139846114152805 
-0.2783966763978959 
0.01770539016895675 
0.07799473254580637 
-0.1641466417306664 
0.1736596909948423 
0.5374802324236858 
-0.08811669756242688 
0.1043290319319472 
-0.2200493161669376 
0.2307096241780725 
-0.04363414819434655 
-0.3218437381394743 
0.2791763531784379 
0.3575370349103578 
-0.4969503739914337 
0.02515144175357997 
0.1084561277308888 
0.1511146896300377 
0.310767903363118 
0.0844678654779963 
-0.09521292269832443 
0.0717871053417434 
0.0348593378191077 
-0.04693976922053938 
0.1194795601583582 
0.3265173994750268 
0.1039647158407167 
0.2574916510135203 
1.031034186141685 
-0.1463284858072816 
0.3771082033513747 
0.2548204053988921 
0.005648261500738475 
0.192523479073469 
0.0007331506684777511 
0.1337773161539949 
0.5896655608820323 
0.7085076038416794 
0.1017202349422238 
-0.5239549829466992 
0.07018712242064205 
0.785808544157471 
0.9032807553334306 
0.1773337216590675 
-0.3853113751197343 
0.4980742971327619 
0.01065582965244602 
-0.02748912769983311 
0.1668438007072159 
-0.5076605860518006 
-0.04330945215397745 
1.21891427522458 
-0.1711352753106798 
0.9873550944155278 
0.1847082780233477 
-0.3480824489671824 
0.1576438490382839 
-0.1777495706739992 
0.07761028642086021 
0.1522311954221531 
0.5844478893078592 
-0.01368396659961739 
-0.3321130794732879 
0.3845996135104342 
0.3766270554743632 
-0.02778483982988711 
-0.04526021332604656 
-0.9704802909446634 
0.00716153591169705 
0.8312586925523175 
-0.05050499929713499 
-0.06042570559107934 
-0.2365054440014229 
0.1243376544086033 
0.2146085634812348 
-0.1783747072435433 
0.4419311560150138 
0.6523921293807636 
0.03697893915228306 
0.05539430702079583 
-4.87841954312685 
0.491988729440203 
0.2085087308225476 
-0.0130289208775452 
0.1468469872966896 
0.06563101737645022 
0.4382996403331755 
0.06737482211173829 
0.4190275968826006 
1.130349986994691 
0.005290654284836003 
-0.5310518986347226 
-0.0009926983612185518 
0.3469483495289097 
0.2104669314426726 
-2.719465744886738 
-0.1642455052333726 
0.332048773353332 
0.2302321685222496 
0.1051009881996412 
0.2216834768574646 
0.3288273271911444 
-0.1345099007228101 
-0.1781318110214298 
0.2333482068785116 
-0.3059060441973789 
0.05223724628597801 
0.1445976867115609 
0.2391219186725592 
0.6732685967973386 
-0.1390248476559982 
-0.1031962187441087 
1.065177733829709 
0.2719268786080276 
0.2059647937422071 
-1.637892793407906 
0.07696523926885795 
0.3657315166751456 
0.2395719011703353 
0.3002250005558333 
0.1627502548820949 
0.2842806552877094 
0.03182436212022786 
-0.06713542244666126 
-0.17986487284749 
-1.259706933224177 
0.8064037388429554 
0.007814259627643629 
0.0266206054954382 
-0.1410889670886116 
0.3953533791158961 
0.783922471259944 
-0.6870690331808862 
-0.1090644060292188 
0.1977057687077774 
-0.03816543863629441 
0.1581566634189572 
1.597487576413787 
-0.05237367110690438 
-0.1025284380019322 
0.2753697798152905 
0.2904927488006905 
0.001374465066650396 
-0.5509079496919727 
0.3975935693804957 
0.04292461067191588 
0.1626653152450213 
0.05102591026047407 
0.8362655139608697 
-0.1480311128578909 
-0.1308820157831527 
-0.1105415633855486 
0.5914133952251948 
-0.007434652228301069 
-0.4832874671581953 
0.5977162440305206 
0.5796250965616716 
-0.0007700782433670058 
-0.7609184547493393 
0.4703281139364586 
-0.07670628833660885 
1.027685102941051 
0.02625744072188375 
0.004382106979458689 
0.04816821381552769 
-0.4884569271091972 
-0.07156146544412752 
0.1411935762799879 
0.04480331293658275 
-0.1396135316014661 
0.411168983154457 
0.08233610800305306 
0.3216250354151506 
0.2918394641344476 
-0.3417499774654801 
0.5313994630904152 
0.6659019823808968 
0.3434085393993234 
0.5032683302008354 
0.5423161981932838 
-0.5505584859843404 
0.09609094728639216 
0.4873613315816249 
-0.0226858907836019 
-0.03866670971557197 
0.1552014419691116 
0.2250422410399188 
-0.005908120046171623 
0.2128748781822481 
0.2200991900014866 
-0.3492485221219574 
-0.4039597891365558 
0.8399514792282511 
0.5840164661869752 
0.01266565061962126 
-0.2917107651069613 
-0.07302109669938034 
0.2867889130576218 
0.6829775556012557 
-0.001607533889546558 
0.984201201403024 
0.06047255019744997 
0.6465414154373605 
-0.241916687359015 
0.5727132858482544 
-0.8705149676196876 
-0.03338763629845922 
-0.01664439936194393 
-0.1353639769092529 
0.09387192366940011 
0.05446867228809631 
0.4472571954348319 
0 
1.286931443191701 
0.00732215533889034 
0.02909455552568466 
0.495995103534914 
-0.3893593954030952 
0.2084769570910549 
0.1852810142900982 
0.04340743996846232 
-0.2436714596664538 
-0.3559317288662687 
0.3263003338555784 
0.03258192738556041 
0.3355983946308644 
0.5955244275765855 
0.0723587821578873 
0.3961265340321277 
0.02608212865763964 
-0.0314862848090558 
0 
0.1950373992867282 
0.0964711240291246 
-0.18658163455781 
-0.1289535144148848 
0.3420499644047702 
0.263953865966129 
0.06729443663470663 
0.390063464432262 
-0.004428353602508678 
0.007245359420366422 
-0.04260177626533179 
0.2702748879784221 
0.2860522073988117 
-0.01647261546116267 
0.1343439533463592 
0.1764091381195932 
0.01953781057073295 
-0.2659357651455924 
0.3706878431988351 
0.3084662439395122 
-0.05389782972957823 
0.1901098180553042 
0.1044566512484439 
0.2051771140543558 
-0.7508294317072198 
0.05422340248525542 
0.1293430591584258 
-0.09037905555153872 
0.6002306202714083 
0.1930810921722401 
0.112353193446428 
0.1012085640899194 
0.03675600411761348 
-0.01791638779941842 
0.2349143108404232 
0.2396103886940914 
-0.2462075777368866 
-0.7588006215435651 
0.4387472662027216 
-0.1470971120003555 
-0.05697919550517649 
0.6365017483774664 
0.02717723865483632 
0.1739922584630639 
-0.09288936096199801 
0.440876578472772 
-0.1878807888459192 
-0.2494677405500391 
0.7052184424122578 
0.2648764271648369 
0.365489828336092 
0.6022753778272387 
0.2242223496912475 
0.1844298766157664 
0.3348983163472931 
0.7257150783172975 
0.2018006857293159 
1.612570043905757 
0.09890527374253724 
0.4499328993151452 
0.04200003215750808 
0.1922715457839155 
0.4153587894277718 
0.8722428753931419 
-0.1438659118594252 
0.01486958008147377 
-0.3221881424782124 
0.143336466799329 
-0.2835947262295578 
-0.2251749864024191 
0.1524380204106306 
-0.2377153214299953 
0.1273014967095552 
-0.4652485603602932 
0.07751464145105182 
-0.4550573857428938 
0 
0.1549029324457718 
-0.02347240241186615 
0.2419678062945868 
-0.04668060592491414 
-0.1693490544577022 
0.309117369210628 
0.6909651151765974 
0.07162179810644334 
0.1352512399877337 
0.07277313096864042 
-0.1701898014291648 
-0.5479317971474053 
0.6316566219838117 
0.4428820248925683 
0.4682830879410108 
0.258881136235625 
0.01251236644337438 
1.786008275761088 
-0.003008478865953074 
0.1059078875653831 
0.00764838863335144 
0.1152191457764669 
0.09040416485018937 
0.09886247604307831 
-0.2662137925452498 
1.563727796653998 
0.0799893573935281 
-0.1494747784966513 
0.2383962030813759 
0.1360025255139917 
0.01084366270728122 
0.1502778821283526 
0.3983701850103115 
0.5674495393159186 
0.06495442998817622 
1.576854421673955 
0.5674770871382138 
0.5797804448856065 
-0.0426694978711256 
0.3269042988771326 
0 
-0.1312145228196337 
0.4634731191579168 
0.2902159877936741 
-0.1679378574197 
0.3840743292943236 
-0.03610811809357738 
0.4929758085209947 
0.4697048397917182 
0.2191605226941918 
0.2851324847163378 
-0.197168899686948 
-0.0005963929440452756 
-0.1448078417101775 
0.01008131573530836 
0.005844154773611812 
0.1226506552974852 
0.02909566619310768 
-0.1686004726255451 
1.142093041118912 
0.3003299187775907 
0.418020234496802 
0.1270014487438887 
-0.1805338780794711 
0.09504074970398127 
0.09475484395527245 
0.20025382951162 
0.1237118452302211 
0.1415918066542996 
0.726321678376487 
0.3429668787000476 
-0.3620351699438793 
0.0605450823716885 
0.3216030759152867 
0.1476373249680443 
0.4882284466370363 
0.003745981452219248 
-0.6578687369603737 
0.6705917768319011 
-0.2294542488104019 
0.02462515192482172 
0.2041241897176563 
0.6261313690784668 
-0.009205689017032781 
-0.06120503942123334 
0.5244831481971459 
0.3545321985529799 
0.178611512137956 
-0.6149515126666937 
0.197247519977496 
-0.2346167202660114 
0.1623775865891082 
0.4187695211819545 
0.126802622779904 
0.4635775026208264 
0.5536577033190699 
0.02939274637579268 
-0.3653089852150522 
0.09864242026781019 
-0.06786145376119337 
0.3360628181720965 
0.5017613318876586 
0.1279775993782936 
-0.01289824741955524 
0.3631489112411538 
0.1435954144727672 
0.08772245611005489 
-0.05012092062504982 
-0.06542230248660194 
0 
-1.083016712291309 
0.05451849699755779 
0.3888902571854805 
0.2058808835683095 
0.5914652479761294 
0.2213676093708423 
0.4307953105140248 
0.3482641345636832 
0.2716370615111275 
0.2753547930710477 
0.3973378536264212 
0.730515506367207 
0.5997886151301142 
-0.1640584061960522 
0 
-0.08641969107277214 
-0.1324868804311942 
0.4885155261104398 
0.6557946977554934 
0.1884005096255248 
0.06505141576511 
0.6180993882024962 
0.5707379516038128 
0.323527392834514 
0.07107476638150402 
0.4060662589766216 
-0.06488693352427893 
-0.006578922729125664 
0.05756027692637667 
0.6092482745689344 
0.1044792499910419 
-0.07930962290376041 
0.1752047039564434 
-0.04373132675384384 
-0.08962407405386516 
-0.01664714843903046 
0.01500637786814796 
0.09588763965026041 
0.4601531142632468 
-0.09411664273780267 
0.07041049518752823 
0.04015362676381779 
0.01665099548692628 
0.5424768326853648 
0.04490945106623891 
0.04277216918484783 
0.2710646645207461 
0.1481346511815499 
-0.02097405904711108 
-0.2462130504552878 
0.1694195349595872 
0.1818130954335161 
-0.0263686690785107 
0.1883229421558324 
0.1561609343016613 
-0.01234825467131752 
-0.2089528028092361 
0.001177128335258675 
0.03413537205275523 
-0.01496530346223952 
0.3057444575724957 
0.09076409732941476 
0.4897675623463509 
0.2523688417881623 
-0.07493392701313815 
-0.1877370670592529 
-0.09948810062943507 
0.526598707859841 
-0.0002974824890907816 
0.1508988151383585 
0.2909388046745205 
-0.3055813185667541 
0.4126284806882274 
0.00897934337585022 
0.02945600106331028 
0.01066668173065397 
0.02149375330264039 
0.3740637804574384 
1.035407634635908 
0.5523182407798886 
0.01428310550420148 
-0.1318373507180194 
0.2661795476427827 
0.02161099531190307 
0.3428776341799678 
0.3448282959302374 
0.652865828934304 
0.4290697745057729 
0.1464344863302282 
-0.05730187262041287 
-0.490166222807448 
0.009735749427190127 
1.25481488379557 
0 
-1.581800481667581 
-0.1143836850205211 
0.04074162984375811 
0.4816033855640424 
0.9416196339353137 
-0.4604612193287144 
-0.5136555590705412 
-0.1560132934390687 
0.5841279987209399 
0.0281409150661508 
0.08860013915332812 
0.9587198141318177 
-0.3820087600818643 
0.1413437301682555 
0.6653977717030273 
0.1143742161978421 
0.3449191888446582 
-0.1454970067538767 
-0.1710839200315167 
0.02156974779171278 
0.01772930035678633 
-0.1181466426555156 
-0.07855248220385277 
0.2841562304010886 
0.1549528161804765 
0.01226807899444023 
0.4916731312972685 
0.007713923473535612 
0.2831871246920876 
-0.001769168694987874 
-0.05722379386815939 
-0.5212226189276316 
-0.7515806680732509 
0.1549208509969834 
-0.0587264464087675 
0.3798198623282701 
-0.291876907504535 
0.3359653861829644 
0.218350599098125 
0.3095861171191501 
0 
1.373086727471431 
0.173502627170982 
0.2765181365934216 
0.4442796807030451 
0.1592243559118909 
0.4876202160971575 
0.4882291887156211 
-0.0129616430951013 
0.06774128288218911 
-0.05543802847760372 
0.1733399963190257 
0.20365594191756 
-0.4128721436461585 
0.2556035300948132 
-0.05326150737442942 
-1.686992740868733 
-0.04166146659303461 
-0.1000424887230469 
0.0514010546199814 
0.7459076611794238 
0.338975130907004 
-0.02576451323516242 
-0.08375077479815064 
-0.1518141313402516 
-0.2266319649225215 
0.01453420410920764 
-0.004212583926763891 
0.942967214631669 
0.03746891211986651 
0.07145219844522506 
0.3244588274737258 
-0.06235695769611742 
-0.7947827922683534 
-0.2561334976508953 
-0.1279907965428396 
0.04014258541617356 
0.2858612645667061 
-0.9267951643876788 
0.9133748095800831 
0.07286876197405581 
0.3177989527828223 
0.3573777572426541 
0.3286493812689711 
-0.01861878858505399 
0.03126693546453631 
0.009316402572693096 
-0.2659301278166349 
0.05133239308053261 
-0.1136983635357393 
0.3680777516514079 
0.07113304382260027 
0.05829905325950125 
0.3090761892465814 
0.1908688475211961 
-0.02197840042202188 
0.2272036133503938 
-0.04198174118017934 
0.0302174966829225 
0.1781284615468997 
0.05732202676759598 
0.09270300666877053 
0.3126014239057003 
0.1503931149309636 
0.1176187524305899 
4.336808689942018e-19 
-0.04217623763952871 
0.08757047634553881 
0.09817021703125671 
0.1378153429400865 
-0.1520762674616706 
0.09535868132283346 
0.182128430140435 
0.1322728751327404 
0.0509612692118259 
0 
0.5781113731537251 
0.03562828163117353 
-0.04584278189136434 
0.1091487535999913 
-0.001809887637573083 
-0.07714910664390535 
0 
0.4862588569058263 
-0.001734734283824101 
0.4368706114301388 
0.06425518435128234 
0.3384384022630851 
0.2678450935507515 
0.2550893080581158 
0.6145609848445973 
0.570335844203648 
0.4161446344239758 
0.06733177067926684 
0.111791874168139 
0.7888172535986797 
0.8620369802903409 
0.4881919261533186 
0.1985287527080842 
0.426952971592186 
0.3428521931188586 
0.1654210194167223 
0.05626726129403375 
-0.1750148328694701 
0.09321042090104176 
0.7044495475730159 
0.271977770247836 
0.17816337766104 
0.08413905687630963 
0.04145943281631044 
-0.5865518759702393 
-0.1873766354662792 
0.04823623310938781 
0.405279158270095 
0.05123561545162867 
-0.1114198113618028 
0.0112490701904052 
0 
0.1202265727393959 
-0.08149041703134453 
-0.009515478733451169 
1.207347518637921 
-0.02319327143078206 
0 
0.4008383835554256 
-0.06912878265448469 
0.1110064814126747 
0.05347159542360238 
-0.02075742617075577 
0.1786699982646062 
0.4006566213188649 
0.3608384024413389 
0.3720235589680383 
-1.451417144934422 
0.9576493029807613 
-0.1036767131697927 
0.006569044360010867 
-0.0341218588810428 
0.03724835867771645 
-0.002035987967873952 
-0.4351252525228375 
-0.02407448598726625 
0.3361194387875427 
-0.3163250275098983 
0.6600267300721546 
0.5788244825073445 
0.2358777940621549 
0.08421419288750644 
-0.01109160806411575 
0.3333619131381565 
0.125417972169311 
0.09961286578076281 
0.1719126938070315 
-0.4695075872939494 
0.1712618818480534 
0 
0.1112466662598616 
0.207383579791674 
-0.2841047498306596 
0.08329266361771968 
0.1005346568086279 
0.3874060546372446 
0.2489282785612256 
0.2700731153045194 
0.1064436076288659 
0.7639270933816913 
-0.1314181451131601 
-0.3603865098454066 
-0.2128780001638097 
-0.1189268619961469 
-0.3574715652463392 
0.4718597161454411 
-1.451094838922432 
0.06932771534068471 
-0.04004978425904857 
0.009319236699579896 
0.008958848218108967 
-0.00794880614140599 
0.08329184893333114 
0 
-0.05536852129928993 
0.03468529343203581 
0.005160715617618216 
0.1180186574632271 
0.6124270809402648 
0.1679802245031616 
-0.01157590224901567 
0.1545779003686258 
0.08808303438351023 
0.0996150094338393 
0.5867301945601074 
-0.1812306004339539 
0.5179472395572091 
0.280301634654572 
-0.2701240756910084 
0.04168492359580792 
-0.04321267201357958 
-0.1190733489853915 
1.038708007424913 
0.07953628391242024 
0.08523580377602731 
0.2435077897353069 
-0.07717161561749018 
0.8877303571763405 
0.02647568777655581 
0.3445749704460542 
-0.1219983425896706 
0.1862909844118841 
0.02865380821583671 
0.5850713065072961 
-0.3435304179639272 
0.1358859798863576 
0 
0.07724902110520532 
0.3060982946338694 
-0.08453935839022636 
0.497747870196025 
0.01966677704635273 
0.2964004386416865 
0.1124332449047402 
0.581696914158656 
0.02668029964268285 
0.01490597022596796 
0 
0.4333029190669442 
0.5733526848181436 
0.07451286565644435 
-0.004807652386565285 
0.08673703283937946 
0.3431229991872446 
-0.1459256045156559 
-0.06017965405475488 
0.03871017394319078 
-1.655942991778984 
-0.363059895079267 
0.08538683986334891 
0.01221569302739853 
0.009895744812597383 
0.3181075894357576 
-2.045104028050379 
0.3731135800255306 
-1.399696519248768 
0.04295856394719511 
0.1145606234146869 
0.3071498864898359 
0.2167692465290706 
0.1670884874673717 
0 
0.1965957060859127 
-0.3656198176928128 
0.1166119821398674 
0.29275125732836 
-0.1112721419332366 
-0.1005535218930753 
0.04793618157138008 
0.1080979659584662 
0.4343539780902759 
-0.01134436839251542 
0.1686121212849801 
0.5962066954581289 
0.005122607550949972 
-0.08930310082754971 
-0.02289351752307063 
1.087585179222383 
0.03226880239946266 
0.02784392171743247 
0.5497973535650921 
0.08907694399284811 
0.243203166384848 
0.3149760709024491 
0.1989363258997657 
0.1602393514198162 
0.3626506786119742 
0.2567422346897018 
0.5041735376395372 
0.09036970747717689 
0.04991560735138389 
0.1090016172356143 
0.25756657853249 
0.2399249347550465 
0.7088963216960887 
0.297532500563542 
-0.5526389926665685 
0.5943718962890286 
0.1277450332430239 
0.07498716357698729 
0.03207599105932703 
0.01270681666035241 
-0.001294365593777785 
-0.3851158075561642 
0.01128262522505518 
-0.0002614331455149779 
-0.1793523687132529 
-0.5252016734535729 
0 
0.2883286936843864 
-0.02289178892136036 
0.1019522201573905 
0.3894647352728108 
0.24537275648463 
-0.07250509298904415 
0.0342820264691738 
0.2456061444356072 
0.02216535074121908 
0 
-0.04901538731607404 
0.2161835956149109 
0.3877105921413051 
0.009438931265605473 
-0.192994186414431 
0.001593756052515111 
0.8092197212285507 
-0.009878754872608796 
-0.5095627923391693 
-0.01402914590695718 
0.4307769789571799 
0.1105505642665258 
0.04838140897346326 
0.3800873301764083 
0.1813614381222532 
0.3597506322808483 
0.009104299777650931 
0.08509898066385367 
0.6791162062685636 
0.2338470154328608 
0.8014029909108268 
0.6586222767702672 
0.3435895514204738 
-0.1762878563697709 
0.2054777903697795 
0.2544496010829951 
0.3043602586850585 
0.1254440495681367 
0 
-0.02759231349063827 
0.1801650759020891 
0.7545738312579855 
0.1575780965059799 
0.5521697178129008 
-0.3023945318845754 
0.7782668312258968 
-1.394501920543319 
0.01722212054158967 
0.229543909187542 
0.3190447031647414 
0.03998470957158329 
-0.05555887869348895 
0.03956495951115718 
0.1262432694076389 
-0.2970069289044174 
-0.1692512559758136 
0.3575056182129649 
0.03627481177681813 
0.2618294724709208 
0.02645690166103405 
0 
0.150501861334057 
0.8636035391818143 
-0.7254546524830356 
-0.6225812151815318 
-0.1756092736793807 
-0.03339658583520217 
-0.05475477884649538 
0.0003746213201942377 
0.1563215838194315 
0.1999374303467617 
0 
-0.07138882218192805 
-0.1077683881766333 
0.1143309183107789 
0.02425559362208591 
0 
-0.04784337162128753 
0.506784847427569 
0.02692350613097241 
0.3157566300326378 
0.2464665881993095 
0.01897073863111116 
0.1183023569081541 
0.09184832614254358 
0.2801116891402198 
0.123703557771239 
-0.935989454887863 
0.3381157454544136 
-0.52840603826511 
0.1674866076289138 
0.5171507585512889 
-0.08996072878726459 
0 
0.2166229529736904 
-0.1693268496011969 
0.1195992422005187 
0.2975164577930716 
0.2300556841687036 
0.001818728783086864 
-0.01197127287247658 
-0.2568180478282138 
0.1469749635834538 
-0.009525105060858938 
0.02722895030335181 
0.1390637391878892 
-0.2596834396995946 
0.2082530494003673 
0.04107279900385741 
0.05847857267023918 
0.1017346754171024 
-0.4297406353803193 
-0.4455725062355871 
-0.05481161130733429 
0.1240957000832083 
0 
-0.002431263768406967 
-0.001514564082606239 
2.818925648462312e-18 
0 
0.0006051937487989076 
0.2652534019491705 
0.05462188643504006 
-0.01725690899011122 
0.1433723439547001 
0 
0 
0.3478258414611189 
0.2183012999755921 
-0.03122704910810801 
0.2747098928811507 
0.1654867575766157 
-0.816108528724517 
-0.02494128861872421 
0 
0.02559536850982516 
-0.5818577307533036 
-0.01737634580449333 
0.237506940213577 
-0.05725495983731634 
0.09721165583286551 
0.1458731555451294 
0.07745734337979605 
0.2986788877710143 
-0.2512569028722991 
-1.383795750745554 
0.07783006393126585 
0.009404598267773862 
-0.4228653792469934 
0.1166235674139043 
0.3523875261305418 
-0.1663002263109812 
0.1133232745556934 
-0.2692011377756096 
-0.1520181461933878 
0.3373893387417042 
-0.03404995731493306 
0.09837257605180212 
-0.2385244553120862 
-0.001304519486848392 
0.001269420443527307 
-0.03618459334479738 
-0.03152139953978592 
0.5801037963966649 
-0.1591292506013 
0.008994215025349231 
0.1373446497698017 
0.006267801463680905 
0.2430889643009181 
0.4476267354816663 
0.0179230026147724 
0.08620200295929439 
0.2594060044707726 
0.01412388074699488 
-6.776263578034403e-21 
0.1103243216668952 
0.6118450575855378 
0.3690151102359722 
-0.01659616373466968 
-0.0007995370448453037 
-0.06281432282885069 
-0.07406187713693985 
0.08382864430456727 
-0.1727743840393466 
0.08830218097020798 
0.09263947450757445 
-0.08786313425080919 
0.4432189885249534 
0.002045849052460729 
-0.2197163016872261 
-0.09362476210186743 
0.2021795328879131 
-0.06207832858128241 
-0.07654190842921099 
0.4889344073124935 
0.2795630288891889 
0.02481445598822419 
0.3200532401719489 
-0.6842554394214883 
0.02808955813118797 
0.1974766781050981 
0.06981790669832566 
0.7264451175002594 
0.07469806561488815 
-0.2756792811638696 
0.1580250327830913 
-0.05073447453764906 
-0.7766767946307293 
0.07612386366046908 
0.1885584539315049 
0.1137793077405942 
0.8359122629203273 
-0.8193725361523104 
0.007119715877865535 
0.1394641347641161 
0.1609094050806195 
0.04595909531064221 
0.03118314945825158 
0.9152354005698145 
0.7699670811711011 
0.4125788770254837 
-0.2813523145336267 
0.03344061357703076 
0.1635941456797037 
-0.03109508767927282 
0.4108290316349383 
0.004039197234556691 
0 
0.1221923647562018 
0.04619043781223738 
0.08236913954932974 
0.4307358505018243 
0.0390227350269858 
0.3554204476593151 
0.4393448270139395 
-0.01770145704680298 
0.0870644056483932 
0.1782845187240957 
0.00968703739507738 
0.4165303618442301 
-0.2647587197155473 
0.9669614161602357 
-0.3659241193749727 
0.03839295121928354 
0.6171035752134268 
0.5122259381611273 
0.3404028938953697 
0.06440443756611505 
-0.1663933341551093 
0.2398086360029058 
0.08234970849075036 
-0.04618281878014158 
0.766089380701238 
0.3391489776614314 
0.01524670418815403 
0.01190326316475657 
-0.4490573042294579 
0.1590983966516189 
0.01711811368159118 
-0.007545598287783251 
0.02084006339179718 
0.1073121463989095 
0.1427066564228933 
0.1823048029848569 
-0.069737514341456 
0.05093028729591089 
0.004940183385648146 
-0.05990309922275244 
-0.5183738847700111 
-0.1548143070753825 
-0.4572115564960882 
0.05200371263582106 
0 
0.1286502645453453 
-0.003985995985757364 
0.4981015741175858 
0.09740074284132245 
0.02057901670163017 
-1.705835642473948 
0.002189687982286085 
-0.007908747788920584 
0.2168193443979693 
0.01012931568597148 
-0.1591534100515363 
-0.06754240096975681 
-0.01132633134696546 
0.1794183033023306 
-0.01718560355216284 
-0.008253310561719768 
0.1848460837194344 
0.06264714906405894 
0.3068032255384464 
-0.05539655857701038 
0.04471636948788297 
-0.008007363204586464 
-0.01589781669636319 
0.07182110221781796 
-0.005155459546542653 
-0.04078402038409423 
0.7981598472966935 
0.2495978960561193 
-0.247636008166615 
0.4761201798917881 
0.3023776096093373 
-0.05119560281582083 
0.2030999627531634 
0.532042776014822 
0.4621894774032254 
0.02170302271833641 
-0.002428922081067078 
0.09459530258705035 
-0.09861254184898639 
0.01300103614678477 
0.178168291999289 
0.1475003570970436 
0.2621801716563252 
0.008698293460052376 
-0.2598892328264469 
0.3176995810401927 
0.6884828718394496 
0.3405396986891715 
-0.1797845401719713 
0.1159976468133074 
0.09034504838847907 
0.00130915127108675 
-0.003900816868160533 
0.08036413944221171 
0.03401912106790407 
0.1162638652728728 
0.02597984869898989 
0.2808124425135314 
0.1771121134381747 
0.1492568511169864 
0.2885819208419122 
-0.1213805030613842 
0.0752995055509488 
-0.01448097293747761 
0.3685990841443321 
0.1604793646811516 
0.4233515298464195 
0.0007716614999678404 
0.005778135658657035 
0.1457012773571187 
0.03706277498278363 
0.68310714285067 
0.1298440412149102 
0.2625512447992102 
0.06011101325492218 
0.1039600639240902 
0.1452938524814312 
0.2239363762391641 
0.4285375107620989 
0.03958634455877733 
0.4054092719504097 
-0.1305290022219125 
0.002039178330027266 
0 
0.005476179570827112 
0 
0.009470436060380109 
-0.1244204223354393 
0.4288062500493033 
-0.3154072580331151 
-0.02073816250420713 
0.0299153470040035 
-0.05150566420833313 
0.375754342759901 
0.3880264660957357 
0.1429943564052643 
0.03579239136556305 
0.4025242508858811 
0.274900789040884 
-0.5347983271915201 
0.169482106060006 
-0.2656354049379596 
0.3135364492299466 
0.05753954481982451 
0.1624106319248589 
0.1298681871574256 
0.1538687255241582 
0.05752577058378545 
0.450762077878927 
-0.1054423213561501 
0.03414818197678643 
-0.06685821402309824 
0.2905497906470557 
0.005047145919624772 
0.462280640051339 
0.1349257227749013 
-0.7691099625415726 
0.8777121618563785 
0.9533628452182065 
0.3349594047266357 
0.2562804605083679 
0.02893429034673915 
-0.765634856646776 
0.2255807577263148 
-0.04762729258246 
0.1775749995296275 
-0.006892748529634904 
0.4914079878797287 
0.1167399386379776 
0.05196691278268117 
-0.3247508378338281 
0.2486254036527521 
-0.01393189460124173 
-0.03860122944832529 
-0.0852181057808977 
0.3491178730841621 
0.5450552869786187 
0.2694486181770512 
0.1932971180066605 
-0.01814062064027187 
0 
-0.1270184095762978 
-0.01847914125236462 
0.05456727282191233 
0.3303029285606554 
0.1726995991962016 
0.04659735552475181 
0.2168040469357864 
0 
-0.2852400344330802 
0.07044974869220082 
-0.2235626172569192 
0.01251100162809404 
0.372441001501398 
0.02940560437304135 
0.4122902823693567 
0.246500250203598 
0.05330990871199535 
-0.03154660261228116 
0.04979466259633736 
-0.1214980612111005 
0.03317899293848117 
-0.01550004522502553 
-0.007961187850803797 
-0.1692419923547352 
-0.006240426001120822 
0.2324837957677476 
0.3736592941609258 
-0.05036429141201493 
0.5818275402003992 
0.101195646966027 
0 
0.4538284651146816 
0.08453267121701931 
0.2211364032443084 
-0.127803312750248 
0.03852258489675874 
-0.07144655526054386 
0.0346284446364154 
0 
0.2376375536778959 
0.4129491345581576 
0.4274564909972415 
-0.6266120579371977 
0 
0.04097172726201897 
-0.06509961814437235 
0.4259875528600837 
-0.5677453725185931 
0 
0.4085201953447119 
0.09253806259510525 
0.02320928996708134 
-0.491407318095639 
-0.05746320142155179 
0.2141747028414434 
0.08161269882233978 
0.5298481569257335 
0.04856386850313912 
0.7379598043320676 
0.6021949041826108 
0.09279380136905807 
-0.06920568707105972 
0.0852559953045872 
-3.331192443926165 
0.2143327821373155 
0.1121464431901788 
-0.1802064603944782 
0.146534859903669 
0.08611192851887792 
0.02074955111842148 
0.213928252975381 
-1.074588504618973 
-0.02121703276093598 
0.2247856155271455 
0 
0.06918760126807792 
0.6848904750728603 
0.964665217825404 
-0.1390124830565135 
0.02187795761455416 
0.6974254228217009 
0.2291403141319661 
0.001141162667671987 
0.232883194879934 
0.09621066190399799 
-0.2403550385465058 
0.01438168276711138 
0.4121826589103221 
0.02476903066814244 
0.01701208488641875 
0.3935987304504119 
-0.006786191401488461 
0.1572474754146173 
0.01341354212326005 
1.326346955798112 
0 
0.2353804363622942 
0.005384988898568179 
0.06065622312685083 
0.3564700522013259 
0.5203494955588492 
0.01675686308107402 
0 
-0.7651124724320324 
0.11744013458395 
0.07549897083633271 
0 
0.2251605529312355 
-0.1344879404310881 
0.03283638695355613 
0.1126108507369271 
-1.59895960162949 
0.6177703774454031 
-0.356187027118044 
0.0755766162188146 
0.4348133344485114 
0 
0.009533321833735653 
0.2641476541960117 
-0.1399083195635645 
0 
0 
-1.152199090771422 
0.03407271265040328 
0.4216899861673451 
-0.091669907570267 
-1.391390492949367 
0.2262419531970799 
-0.1521956336197476 
0.1424322877044223 
-0.06872529218077222 
0.2873244845740459 
-0.06986402348443553 
0.3328074799297308 
0.0702819415913226 
0 
0.3298371948789687 
0.1196673696079259 
0.4164521620294342 
0.4243519110165934 
0.08492382218773196 
-0.4856599016218189 
0.167148209995755 
0.04793141837145553 
0.03151386975702981 
-0.000450257222450172 
0.2799462127072151 
-0.2527200366247205 
-0.2471066333103407 
0.4200781769205286 
0.4683145416610137 
-0.03422320099968706 
0.04834606247403638 
-0.1510754134952717 
-0.03895641199135735 
0.359557208842736 
0.2566198205202168 
0.1449041157974397 
0.3288987158935852 
-0.02248793647437884 
-0.4536032571680109 
0.262979076781143 
0.2934011005419735 
0.0985353642429003 
-0.03342482706126417 
0.02700908690600133 
0.3449999169771342 
0.1320553643592592 
0.1336927493619333 
-0.002014097057156723 
1.046296259614219 
0.8479641796699183 
0.3414869150193391 
0 
0.06115844612137947 
0.1706886189581191 
0.05295360368838268 
0 
0.4144400871168012 
0.5436616557733905 
0 
-0.6860681351563985 
0.05982675808674064 
0.1541433491440962 
-0.003224149712642464 
0.3217480942492398 
0.04849913512347183 
0.09324275606041207 
0.2784520483445744 
0.3045617433144471 
0.6822030339384353 
-0.1804904150605599 
0.06999619102126227 
-1.945637742465133 
0.5366465154646018 
0.09020278969343896 
0.2157760486437444 
0.0004073883217894439 
-0.1158221587361788 
0.4389110594730607 
0.2710599554844653 
0.2242641062446028 
0.1684678132689871 
0.1424414901760361 
-0.03022488629798559 
0.2976451011308574 
0.3452758852176058 
0.5501069667075273 
0 
0.08923500146616727 
0.5898689410988204 
0.02360778214138897 
0.2964273395591228 
0.5632877479164615 
0.04167217566781726 
0.00466473681509245 
0.5103123015221288 
-0.1846625667900048 
0.02787228355213755 
-0.2798268151479147 
0.2248570180981713 
0.128631769682974 
0.1946382323307671 
0.03075790274854309 
0.4981511013410072 
0.002987424645388694 
0.040771631535128 
0 
0.009986454960220504 
0.3327173576943401 
-0.1822196272888135 
0.06192498813885459 
0.1063464232856409 
0.01425470909359513 
-0.03708722789164355 
0.1599338087054254 
0.05018746574635683 
1.366433710819324 
-0.2252093700005239 
0.0321001211822609 
0.2099805941011015 
0.3362628693099576 
0.928649914245477 
0.3358507773468987 
0.09140883586577618 
-0.1873782591224385 
0.03485079835998402 
0 
0.01917395536766103 
0.1964739986134024 
0 
0.409908286158233 
0.8114793200328715 
0.07534940480216111 
0.09515411360939945 
0.1344012648364534 
0.06809880564719928 
0.02541997135767458 
0.006565503017420756 
0 
-0.199027624486126 
-0.02320229625402882 
-0.3844004204396375 
0.3174722370040701 
-0.3349721876428216 
-0.4233067554744033 
0.2909902115366401 
-0.1078935556141952 
0.1471943318106813 
0.010122656986917 
0.4961269130306555 
0.188056987290877 
0.01348427016091338 
-0.02601319734850295 
0 
0 
0 
0.01899217751551298 
0.344804114217757 
0.2525764308912225 
0.05299872155883815 
0.3835102992104881 
0.5489761057893541 
0.04161125789948468 
-0.6058346595079458 
-0.04903549976869703 
0.08026005433277772 
0.7273584988620378 
0.3847681849844873 
0.09150398762842291 
0.3036870854065141 
0 
-0.2966775548586685 
-0.01736087617218689 
0.03423514398296731 
-0.04874004362863907 
-0.766674425137948 
0.03556307669516513 
0.2516243880443875 
0 
0 
0.7292956925108965 
0.07346212162765302 
0.05749440121830093 
0 
0.1384360028614867 
0.3435709176811488 
-0.1941877670036685 
0 
0.02024769940300318 
0.1373333258862119 
0.285623733844495 
0.3824858078832399 
0.1956532778195912 
-0.8895964530138403 
-0.2506143434876076 
0 
0.05368137917774621 
0.03967198603974574 
0.3456410518147436 
0.2442131930093238 
-0.3506706240117199 
0.2080246070387483 
-0.02328473246966099 
0.08702551406936142 
0.03464775570439594 
0.01073103130721123 
0.6445433094022993 
-4.336808689942018e-19 
0.05425284099034549 
-0.006207333120880254 
0.3365150076040188 
0.1310575121080532 
0.1224475000132723 
0.3517965698540544 
-0.1966899541972053 
0.05980572107913885 
0.3547787903863819 
-0.2986562998144152 
0.222686078009924 
0.09532090710008947 
-0.2248936812930345 
0.2248262454239561 
-0.02740978593785311 
0.01550211046110356 
0.01617004751166903 
0.01199921607013248 
0.3345324837929627 
0.631923661228047 
0.02383153401983992 
0.08100738265111924 
-0.03531896801513282 
-0.1448628464062618 
0.2043534077036931 
0.03187793746475331 
-0.262013168367698 
0.2914476960476788 
0 
0.4833143757647058 
0.1177257362742947 
0.1468334480596726 
0.3746321524821042 
0.5198409844202379 
0 
0.01474223947090005 
-0.3122809728573259 
0.1631067375492688 
-0.007155424915741113 
0.02617505905466618 
0.0274738646898382 
-0.5041018642165639 
0.01566789712752514 
0.03841994403005938 
0.04534780500383145 
8.673617379884035e-19 
0.4222749155051146 
0.242688029458049 
1.020807452617023 
-0.05527551210719898 
0.6371565893675567 
0.2264424234301994 
-0.3425490389490781 
0.09585933395729417 
0.01183526216238199 
-0.04104307471485483 
0.1739903041885009 
0.3037863954346904 
-0.09266890008851204 
0.06246676359072195 
-0.181732472013845 
0.1325377081502966 
0 
0.02472138313693973 
-0.04662283321852639 
-0.8997235893955432 
-0.6512084025841042 
-2.854991486710377 
0.316133109946079 
0.0107979201599237 
0.3236540691354616 
0.05880754359199184 
0.106557923660323 
-0.002932825567206475 
0.1695806849359447 
-0.01046656609415396 
0.08277339522776352 
-0.4286618202322811 
0.04085619867829737 
0.08690792567660754 
0.2379574562212123 
-5.421010862427522e-19 
0.2646128195629822 
0.1006355388472745 
0.005216637761400173 
0.006398876413113023 
0 
0 
0.3640868311525931 
0.3537697795338852 
0.3209390985285663 
0.0609853521620249 
0.04880395883002767 
0.1712084971454353 
0.08896123132818809 
0.02936181081708622 
0.0001341031226995463 
-0.4525495902612233 
0 
-0.08546536060995813 
0.001287427188022175 
0.2531371824010402 
-0.03579151100488032 
0.09048740834035769 
0.3475507117930038 
0.2731373059395546 
0.4326908027568414 
0.5588980619703251 
-0.0165365444736538 
0.166609671772757 
0.09814198900539785 
0.2705888753809141 
0.1773281123918295 
0.1453011208257521 
0 
-0.004545950695337421 
0.6140893875362062 
0.06469200844759453 
0.3918805761474856 
0.3375984625510154 
0.02915778620885713 
-0.05285692556896799 
0.3903253011949658 
0.7932924993672829 
0.006109847286337659 
-0.008998467547243535 
0.02300089725970575 
-0.2667696161902075 
-0.1446642569682 
0.1050142519867155 
-0.1265503090945908 
-0.3333047860260847 
-0.01279426014417088 
-0.08849623913132169 
-0.7465530421549721 
0 
-0.2263150114904911 
0.02376777552081688 
0.6467189926361717 
-0.1253459139073568 
0.08750009648374339 
-0.004494592281252581 
0 
-0.1355284935230026 
0.7842945658421044 
0.08362293151467508 
1.689517302615442 
-0.0368689222624433 
0.4596727738662812 
0.06884547065462698 
0.00928796115325782 
0.1058220985683684 
-0.01665408551568056 
1.46157679931982 
-0.1249602718956357 
0.03213612128697918 
-0.2524251788983872 
0.2689968132905708 
0 
0 
0.0515733073717882 
0.448411385416049 
0.01540248882055629 
-0.2987955281223889 
-0.5198359448805042 
0.294715885591962 
-0.001871746701758683 
0.04506994275244713 
0.07843775218463071 
0.02201361988813793 
-0.04417494992825761 
-1.084202172485504e-19 
0.1476714706484077 
0.1315891602411218 
-0.06631241122607588 
-0.1168110752666578 
0.1969880635711074 
0.01926420103180052 
-0.1518823503105547 
0.07669384517060289 
0.01717645611461369 
0.5855301271216463 
-0.03159369678429205 
0.6408461395769306 
0.3036510055963366 
0.04504391383030954 
0.204375929228834 
0 
-0.05573818962389004 
0.02664097336325483 
0.688293055280639 
0.01608314606813619 
-0.08694177606538203 
0.4788504098037409 
-0.4977732953534713 
0 
-0.115632266387463 
0 
0.09774616583878114 
-0.2315048784239035 
0.03081345564570752 
0.288604257121395 
0.1666410373194913 
0.1060479343519132 
-0.9555635053042826 
0.1052135080928155 
0.1049938173400135 
-0.007779443469508565 
0.01312999075297133 
0.3066882902455949 
0.5182967199199388 
0.150235367107972 
-0.08779182434852736 
0.03942889985958921 
0.3363515490913396 
0.05330106258481378 
0.1857371024368121 
0.2137940578901033 
-0.009786190566351044 
0.00695187387283277 
0 
0 
0.005578031646862736 
0.1613795956632419 
-1.626303258728257e-19 
0.02445675771977958 
-0.002635244295416116 
0.184043262579074 
0.006445043508446605 
0 
0.4824491682331113 
0.3725921175013003 
0.2372232147392554 
0.001770725939256652 
0.3229324232542055 
-0.03863255564238991 
0.1795936886483686 
0.1131654480160513 
-0.1058080837468682 
0.01818333201012289 
0.04788653210266421 
0.09662089175162249 
0.4354248739508566 
0.06616202172405826 
-0.05645218312706653 
1.489778660405886 
0.4910227959141487 
0.00580989259440668 
0.4207677858119329 
0.5440879620216361 
0.2621825619658243 
0.06810676937987405 
0.07457716886838839 
0.1256325316214038 
-0.1536777640418726 
0.07107916201260682 
0.1420158724698359 
-0.1330649222430828 
0.4676806226535661 
0.8154760637711701 
0.1491555616740213 
-0.1716836625315313 
-0.1720171011296224 
0.01322608015822276 
0 
0.2618041273557707 
0.1012868235144546 
-0.01518370297732384 
0.06070370489642561 
0.007952972782746464 
-0.07147281680159742 
-0.5363970643523264 
0.04967786657188963 
0.08593725741916826 
0.3435981512783661 
0.08872203910093916 
0.2226021789814661 
0.6111773786557773 
0.002905577847804635 
-0.1027669488718646 
0.03317227423470808 
0.2059712976135421 
-0.01663293344585039 
-0.1111979479064959 
-0.06564523190588947 
0.1821267395236955 
-0.01000091948160718 
0.1548624093672537 
0.6782127373520539 
-0.08817265564225577 
0.1022035040439636 
0.3896282417184628 
0 
-0.2572617115771277 
0.1780895430620279 
0.04213324033153738 
0.02134515088168595 
0.0141298296947371 
-0.0179084915431583 
0.3521972105332116 
0.7200018781870157 
0 
0.05119955389941346 
0.03489434095051165 
0.6117107401682944 
0.01400626507040948 
0.4395360243771229 
0.4445218624660288 
0.242090056133788 
0.1365972787682839 
0.0767474622187613 
-0.1393704624534408 
0.1453048909033776 
0.4203741928905863 
0.160852484335797 
0.0520205997432371 
-0.04035868995354027 
0.2247821451866166 
-0.088831045298228 
0.05677720910430925 
0.817714836514046 
0.1630706443217511 
0.3410477514851096 
-1.558177705584453 
0 
0.6880694557703941 
0 
0.1761620574529322 
-0.1152356786587205 
-0.4852686122806885 
-0.549861553728239 
-0.01452598025785044 
-0.5694481998051827 
-0.03252068993251063 
0.1458985594554661 
0.1277407334300546 
0.009802251598092032 
0.01121257971181423 
0.2058904644128006 
0.01131906801235345 
0.226646829812345 
-0.004750646573027749 
0.09513247898559653 
0 
-0.06697070872820114 
-0.06358786202586429 
0.2787404796373665 
0.5806036918891861 
0.09477732084478273 
0.447370578766334 
0 
-0.03260158156082107 
0 
-0.1552394371231737 
-0.1953462654655245 
-0.3058524015697221 
0.3323755712578482 
0.007981424296913385 
1.118324815904884 
0.6056541034322828 
0.09216127635948479 
0.5711170839787433 
-0.1147894925749154 
-0.01564987467625734 
-0.01958351972242967 
0.003398516827240811 
0.07804344873564391 
0.08008436672511321 
0.155433165578342 
0.4503427484975958 
0.4598703441462652 
0.3127033694899516 
0.01458552828994536 
0.01675286222326365 
-0.2461899825916693 
0.01244954029830608 
-0.09448001609490334 
2.168404344971009e-19 
-0.1862378600803603 
-0.1112773263183483 
-0.1165615173023087 
0.001465405983293395 
0.00623931074028222 
0.03453130131090274 
-0.1480522824836499 
-0.03586065739886328 
0.03732254664740172 
0.2024175028860362 
-0.001082108099617157 
-0.007352034902818943 
0.1605121828443641 
-0.04324483610429702 
0.2534949455319562 
0.1593413179091729 
0.4999951316230091 
0.01888790818957559 
0.106101227176448 
0.2707160613226745 
0.1677691951849042 
0.03407011654729585 
0 
-0.08292503656693234 
0.09791804289512492 
0.04921404044992059 
0 
0.2281286060053809 
0.01932471016104796 
0.3489320645157153 
0.03252591407725956 
0.04047787463694636 
-6.505213034913027e-19 
0.0359237875521138 
-0.265015745941152 
0 
-0.1091628559290209 
0.1372338631640487 
0.05273511856517113 
-0.04707721793598116 
-0.01895412035774142 
-0.408757629499768 
0.3316759812492175 
-0.4066211793017659 
-0.04374933665966083 
-0.2604084140972887 
0.07372086320408033 
0.3098650868936887 
0.1703330478332647 
-0.02865003326686564 
0.4013288802288414 
-0.4170724005175039 
0.2080318465458377 
0 
0 
0.03897060113465386 
0.1343326753807926 
-0.7275350484288112 
0.002479135893636964 
-0.03217673474447032 
0.04207111820430085 
-0.09143935294773241 
-0.809051580930174 
0.09890677522693285 
0.001081328281793243 
0.07473881467907879 
0.3124969234316077 
0.2543525259065086 
-0.08489570617790952 
0.03472782818763772 
0 
-0.0243330339540585 
0 
0.4749029463543756 
-0.09220004606612552 
-0.09457520018377061 
0.1753617082131989 
-0.1831528361654144 
-0.06831478374406959 
0.08223400235713133 
0.4268479457395731 
0.1618619710034464 
0.03652678869137008 
0.09484767488541743 
0.2762710164774414 
0 
0.088586556373103 
-0.08489936926633666 
-0.07236274015400011 
0.176582211616014 
-0.1072712739616546 
0.3682628959625331 
-0.315070066764479 
0.1054244779118636 
-0.7393997485773023 
-0.08775545905181797 
0.2297365542119755 
0.004735603910875482 
0.1899719285301644 
0.3077627844543063 
-0.01864728263227417 
0 
-0.8501952607748686 
0.3328417132077207 
0.148268689146894 
0.01709747852972168 
0.02668967584260577 
-0.001355438123455276 
1.011212745554576 
0.01443880346078904 
-0.1149982380248563 
0.03508670550863299 
0.1883218491550339 
0.02294749606635051 
0.03611702936633356 
0.03904143505642647 
0 
0.01677558268653833 
0 
0 
0.4575467430188205 
0.3783372344883471 
0 
0.5802469975688346 
0.07101051903440046 
-0.421979692150221 
0.2662538366441569 
-0.01242091063450722 
0.01742076615039295 
-0.2389361707332682 
0.01814079198775931 
-0.389728630466541 
0.09110759725473522 
-0.05086167040516722 
-0.1722373561406703 
0.09607896183805216 
0.3099851088406616 
0.1255780048889856 
1.355252715606881e-20 
0.2221421133064447 
0.01801632991703802 
0.1385882813822996 
-0.1263844174783148 
0.2691303512364539 
0.06933329069027033 
-0.6593093459630479 
0 
0 
0.06923832494543482 
-0.1010851227987108 
0.2738157141655528 
0 
0.4275861619281592 
-0.1054205353424364 
0 
0.01392035294790387 
-0.9112164938825146 
-6.776263578034403e-21 
0.371026096411278 
0.0007447935292717576 
0.05414036195661425 
-0.09400618706494528 
0 
0.4724339027480388 
-0.002769402681563533 
0 
0.8636456859306757 
0.174644256172536 
-0.5582137342686345 
0.3634296559422323 
-0.08711405609668707 
0 
0.5370042283439235 
0.0076810236922841 
0.07543191838262936 
0.006433284889360623 
0.1350391834895457 
0.03153517667250795 
0.1047235389965596 
1.503260880869679 
-0.4811384756915278 
0 
0.2308808633551433 
0.0439756818982304 
0.3682524874615654 
0.03771953730520031 
0.2034545057000539 
-0.001199307861780645 
-0.03877798196608499 
0.1176777975436616 
0.8204980438616173 
0.01267537208284009 
-0.5071319109600275 
-0.07044720316213623 
0.06628591555505964 
0.04010003510162899 
-0.03102402647344506 
-0.05279726075369027 
-0.3445773496592303 
0.3246662283811448 
0.005911927977541247 
0.1471496733775732 
-0.1705248426191525 
0.5921597869179811 
-0.03393914612648869 
0.1179268091008996 
0.02929718680249065 
0.001613961660411443 
-0.1912969960801191 
0.03623124082148564 
-0.4411785609060038 
0.2477332413703295 
0.4245712880124725 
0.06579554790400921 
0.2127634803883258 
0.03851660762211871 
0.2104716003983454 
0.4753899548812346 
0.03064173187625311 
-0.04009745552033157 
0.1626913319654666 
0.0258346903426909 
0.08844525254453497 
-0.1287332110586619 
0.2865531137756512 
0.01959071121971686 
-0.03849091749100021 
0.03314212308360228 
-0.2268120848343355 
-0.3781606379205967 
0.2762126444507396 
0.04382094839989773 
0.4018298472727093 
0 
-0.245639829061089 
0.1102372923496663 
0.3452060291247102 
0.441836871906064 
-0.1735384960196056 
0 
0.410259485104064 
0.2525172105512185 
0.01460626797063987 
0 
0.01906652023653265 
0.03132184300517461 
0.2368070054624361 
-1.115769046733738 
-0.08449401698271809 
0.1400859583503457 
0.1785126516436159 
-0.1093514356805485 
0.3303261314744424 
0.30953271591201 
-0.009994980329747187 
0.1966699040579259 
0 
-0.0245611334310942 
-0.0113601429238923 
3.252606517456513e-19 
0.5659118030330721 
0.08889718411552071 
-0.1558786914527643 
0.02936118988426372 
0.01439950983230717 
0.1061636291947692 
0.07410946813829497 
0.3123207291736513 
0.1350486169590242 
-0.00306405428404955 
0.3085414297928943 
0.04048369760310323 
-0.3180766763113872 
0 
0.3129039378398171 
8.230461597209956e-05 
4.336808689942018e-19 
0.007001185037749599 
-0.1032766070983972 
-0.3464122634247519 
-0.4929400821659031 
0.08359301373648337 
0.03615447431119884 
0.01228477441923156 
0.2488019696597739 
0.2935024117145001 
0 
-0.09612980932637571 
0.102788839078146 
0.09404175673303537 
0.03669379482264135 
0.5360771716220878 
0 
0.2130739305054666 
0.01177223303404702 
-0.001518228243492837 
0.5165494556628649 
0.01474804409144821 
0.08149601974636134 
-0.1944886032100425 
-0.1642056965234128 
0.06875494933609291 
0.1131308315014357 
0.3374408764159862 
0.00327068469064167 
0 
0.1045432152509307 
0.07248135406464386 
0.001571814991051406 
0.1089125757361509 
0.08951349348032903 
0.7982493738123433 
0.1233122869936293 
0.3825505438597537 
0.02657620417886895 
0 
0.08583439028064546 
0.03042940878190363 
-0.1044618162728965 
0.1003080567671608 
0.02545453267267353 
-0.03581147503476261 
0.05580255336962488 
0.0183682304906608 
0.03689834617885891 
0.4048521183733345 
0.1024533155721171 
-0.0620130931570368 
0.000404258777942365 
0.0729012745171274 
0.4566253089988985 
0.009315860337574564 
0.3248218334490769 
0 
0 
-0.2064308396139801 
0.001340613459948924 
0.2366710372326898 
-0.1211691065649553 
0.003334921056858488 
0.1127232585044533 
0 
0.3474847424705961 
0.06111611570176071 
0 
-0.3191909537866185 
0.04248514803065742 
0.0126937355487417 
0.01055422667321807 
-0.03230485551650438 
-0.06082031045108897 
0.1551644983502201 
0 
0.04917265573352141 
0.1356530057729718 
0.327675669028204 
0.02835391791667924 
0.340665876420679 
0.08110247903562186 
0.03990907574572008 
0.004508503434042633 
0.4008215816813102 
-0.05264466608099092 
0.1053394376553157 
-1.61242162936566 
0.02144210890941297 
0.3603778920778321 
0.0002011349229843959 
0.004914891302636208 
0.02822495881799967 
0 
0.001914290650349314 
0.06492879491005497 
0.3400326311293809 
0.03563273952860201 
0.5465248707851236 
0.2396813430258196 
0.1878016430211871 
0.3413732987642396 
0 
0.03831464564946163 
0.03483332663763889 
6.776263578034403e-21 
2.710505431213761e-20 
0.006461066629302024 
-0.298279005503055 
0 
0.6079047330052415 
0.0852391178114395 
0.07604116286219885 
0.05115705147707572 
0.3227600395199373 
-0.07331869655016959 
-0.6415227939528271 
-0.02125834126000442 
-0.03904004349404455 
0.1003005249421303 
-0.1512355733337405 
0 
0 
0.512418244577736 
0.1458172137773194 
0.2480106988768832 
0.01336945237159782 
0.04602901772166217 
0.1027237106542258 
0.04548422545043824 
0.05769958977226902 
0.02307036205749022 
0.226691301442462 
0.1016586542324761 
0.002026144635631668 
0.1308973313649047 
0.02955264569490848 
0.7388081068847905 
0.05668659096514293 
-0.037244556313404 
-0.03255637088831205 
0.1037974043523986 
0.08449106215383935 
0.1162999670832714 
0.3945847188879477 
0.03782275781786047 
0.2951615262263451 
-0.0698980964364396 
0.789791202041503 
0.2270900070861841 
0.03834384237864341 
-0.03371657877452316 
0 
-0.01472760110566796 
-0.2228679255178478 
0 
0.935660417865564 
-0.07253241693569641 
0.01204561858339521 
0.53573832979439 
0 
0.5239178285352712 
0.09873282984727597 
0.5951585274493124 
0.2052836548155778 
0 
0.2404992853648646 
0.2825496614124641 
0.02439003111231109 
0.001443123828034096 
0.02029953430141887 
-8.673617379884035e-19 
-0.08575491722243711 
0.0677693164861228 
0.1350138606941653 
-0.01208257139710011 
1.038716524236589 
0.4259837353344706 
-0.1149506389063133 
0.09981509338945511 
0.05866581151672255 
-0.07642219393573267 
-0.0679365640506556 
-0.1242607188655344 
0.0154286356307716 
0.06671285782627633 
0.0071715118011426 
-0.1540744026889977 
0.1476727561965912 
-0.4550543031634757 
0.03533402935812665 
0.1131770339545265 
-0.00611482448862385 
-0.05903246642099923 
0.254231081914405 
0.03381798065122704 
0.009035635380647857 
0 
0.01633903558337017 
-0.04780805651718457 
0.2176901196545266 
0 
0.01653019008116097 
-1.207813764574553 
0.1512594327511016 
0.2442793898600131 
-0.01361664511593592 
0 
-0.1136535608406111 
0.5563853551494623 
0.168639845592692 
0.303053613147872 
0 
-0.4285204783292834 
-0.01403628034451733 
-0.2400339772347897 
0.02823320448832663 
-0.7618074888109684 
0.0423515076154954 
-0.005923706692097117 
-0.07840502746769876 
1.084202172485504e-19 
0.0739559588186849 
0.1559662344544623 
0.1723477056898314 
-0.02172200866829143 
0.3459232281458708 
0.2605833378171037 
-0.3179836456799573 
0.2180171235532303 
0.2596235905332905 
0.2257978832025913 
0.1931961968308556 
0.1789944199638176 
0.009695431331059764 
0.2240550099030997 
0.241144049280295 
-0.03042417642647183 
0.5199816411165217 
0 
0.04524899213318603 
0.3652778690440553 
0.03302629494438371 
0.1584351615588781 
-0.0001177477525050884 
-0.1405626365919773 
0.0533654116180791 
-0.02740090308181426 
0.2836109557322289 
0.2018893693685752 
0.3508937062352401 
-0.04359061655170639 
0.1537493515648633 
0 
0 
0 
0.04592894808806788 
-0.2749020718781424 
-0.401527337848067 
0 
0 
-0.08047358310072301 
0.03443881740875194 
0.00869994138320955 
0.196118965297714 
0.574168491906903 
0.09672317955755028 
0.4899336424039394 
0.7632804475407515 
0.03569720936574303 
0.03123862578471025 
0.1514001318845881 
0.5601156824253553 
0.7647801656178631 
0.03265510689960744 
0.2415814996385038 
-0.1152298584568173 
-0.3930420069655099 
0.03012750996594712 
0.1251782095950496 
0.270033118086194 
-0.1908832821353063 
0.02488990200684997 
-0.1765643487552289 
0.1771547757686164 
0.03850142643083215 
0.01219802404150634 
-0.111240933649428 
0.02292711921233846 
0.003262492888996524 
-0.008046414421872823 
0.3511615298379802 
0.0196293632229078 
0.03831421882503043 
0.01339688779602096 
0.8632597039464485 
-0.04130719891595207 
-0.001541697006001596 
0.5706064909056536 
0.006519456833067628 
0.4298248340833555 
0.4425777420175827 
-0.337944569273521 
0.004944732287328936 
0 
0 
0.09114262008038961 
0.03168784321269011 
0.1764215441141133 
-0.2151351938128212 
0.1094783515774541 
0 
0.2269197414743763 
-0.2413799173180139 
-0.1272604320402042 
-0.06468798174901857 
0.03207174067461464 
0.8817846900322508 
0.3854659907768157 
0.001263246230732137 
0.07607612267636345 
0.09686144596448629 
0.07179462354257186 
0 
0.1623837304560906 
-0.3554597156300686 
0 
0.264464098941345 
0.06362544263895402 
0 
0.2646464931849014 
0.02016508053566409 
0 
0.1823749030649165 
0 
-0.8072710426684651 
0.3862513004988881 
0.001078738926343202 
0.1040681980608121 
0.1256383776300979 
0.106207619756382 
0.00741542441830802 
-0.08812364893784859 
0 
0.3080302953584475 
0.2150323040195866 
0.009217906098245715 
0.006900666383993844 
0.00255129298806658 
0.05989324608823279 
0.4794884966006432 
-0.4091616871885034 
-0.05139549951188977 
0.01193293042471941 
0.4729461553001841 
-0.3003787714147265 
0 
-0.0848331470000227 
0.442904676156164 
3.252606517456513e-19 
0.1399020171539714 
0 
1.159134137011443 
0 
-0.00649245788541942 
-0.0377728037997228 
0 
0.1783662377937169 
0.2624933566722172 
-0.1676794506179774 
0 
0.01254321382770432 
0.1288261121391473 
0 
0.2703237859081704 
0 
-0.2458763429236885 
-0.09381809448226662 
-0.1662345415604867 
-0.1890046029447325 
0.1058107138792477 
0.01857320748751818 
-0.1820355123323477 
0 
0.01592374399360641 
0.1765545445907183 
-0.1287752969382818 
0.1255621838270147 
0 
-0.03229960711991599 
-0.2973185505354861 
-0.002914926098854105 
0.004719272080635208 
0.2760899774567985 
-0.02234823244361492 
0.1097270817507661 
-2.032879073410321e-20 
0 
0.3835040237047473 
0 
-0.715535500163985 
-0.01783878915388083 
0.09173960931168496 
0.001268781223642718 
0.01874766479288298 
0.003537030505502157 
0.09728295766274654 
0.3873401967549521 
0.2094356983120985 
0.1414461286597222 
0.1131001943874449 
-0.1306807647887659 
0 
-0.009183704790937644 
-0.08917421118963739 
0.1498213836261603 
-0.5208123718882829 
0.009912151974537185 
0.1124048422800579 
0.3389768700495013 
0.06933203140495067 
-0.2633732298386923 
-0.5750444042510621 
-0.7748913175934985 
0.01136246353000951 
-1.351368057718178 
0.1201594738231058 
0.3189168009288222 
0.3404268029018444 
0.2825132819810218 
-0.07457036176367271 
0.1836511512921153 
0.6369024730030548 
0.06395885931796035 
4.336808689942018e-18 
0.03662877169664604 
-0.285776284728522 
0.4662850677191551 
-0.2651358534227109 
0.006054534593858107 
0.09449704305945485 
0 
-0.04654428160572452 
0.2297541145525023 
0.1823664355361798 
0.01257657332808248 
-0.1817444848125255 
0.01423544413317029 
0.004178225887554494 
-0.2153436120017695 
0.1486719031684254 
0.03199116745192693 
0.3034082834049923 
0.2493905004878277 
0.1308624802107653 
-0.005562405950238715 
-0.2236042642514023 
0.1652362926590772 
0.1116363098318623 
-0.03958693284783818 
0.125487610655666 
-0.159648210486237 
-0.1214335877968814 
0.01667707060237404 
0.05733696926586861 
0 
0.06702153083929359 
0.2727775574309949 
0.5805830181079509 
0.03417732186695024 
0.096927392051553 
0.4804454562260733 
0.3929833068433551 
0.1912471750992755 
-0.008693055402254159 
0.1706734565503486 
0 
0.1616758915063603 
0.05964640873391555 
0.04069321050277172 
0 
0.4145356153330046 
0 
0 
0 
0.1803722684136455 
0.3153707130376755 
-0.2321513656262106 
-0.09853924686255114 
0.2052137133369197 
0.1000190261080174 
-0.0830115554069491 
-0.0328889755904781 
-0.01918516658358117 
0.009528067359003314 
0.1837641940020293 
-0.3078277216846654 
0.2144971493227693 
-0.003248652178346314 
-0.09387084265828269 
1.192622389734055e-18 
0.5897104495570644 
-0.006264189736807262 
0.1123014484237017 
0.5285327454210013 
4.472333961502706e-19 
0.3393485372253141 
-0.1285295611230134 
0.00434362058453698 
-0.7401460262271674 
0.2502503497594743 
0.287609628700965 
0.1654909349421608 
0 
0.04609169155889001 
0.1159754272644595 
0 
0.0009796377598235569 
-0.01046344666682105 
0.7670279193209728 
-0.01735012937613413 
0.1864277765500182 
0 
0.05683035519537603 
-0.2524860736286063 
0.046498005048042 
0.03259027823899724 
-0.02085133731471255 
0.08795883155852319 
-0.01277485007522982 
0 
0.4766638852597476 
0.0006467539604486977 
-0.2818014566034615 
-0.0140796353527161 
0 
0 
0 
0.2845799699227189 
0.259096236575048 
-0.152877371452647 
0.1011633049427666 
0.1764603851071612 
0.07624582879343025 
0.3675828039201083 
-0.04822911577352107 
0.008574386709501313 
-0.3162978996084522 
0.1048292442322021 
0.008575848875348341 
0.005497157870067575 
-1.311608683014432 
0.2261159469867421 
0.06177739489974611 
0 
0.4598343395493049 
-0.06697828464646209 
-0.7361819203676101 
0.00441038490705357 
0.01611532738040509 
0.6574298472523329 
0.06355452891985446 
-0.01845086930468373 
0.009647688903092992 
0 
0.04764700961629431 
0.5950288613172716 
0.3049435814691554 
0 
0.02097734580439325 
0.04111080670374313 
0.0007325982944417709 
0.08117686062697302 
0.08349353110672902 
0 
0 
0.4352983373446066 
-0.3893316273664184 
0.3817554176186343 
0.08553997099051197 
0.03416177275994119 
-0.1252220067645387 
0.2326519650157176 
0.4776522877010682 
-0.09473681533212917 
-0.001634656998444835 
0.02421062152471518 
0.01698417823933409 
0.8331347245254395 
0.008532457349548475 
-0.02086884603079087 
0.001959899386566173 
0.03717657667209078 
-0.008772630157111711 
-0.01403925050360587 
-0.03908316663539773 
0 
0.00129658046774046 
0.1576787967864001 
-0.9149406820781664 
0.1767941587887698 
-0.1250753308505217 
0 
-0.1217138778278543 
0.1105878746213558 
-0.05078913138531847 
0 
0.02156112294563627 
0.03274559708066067 
-0.6357514132444809 
-0.06914951314463456 
0.148341377519559 
0.00827636417012515 
-0.02911633341085411 
0.5118759978347772 
0 
0.375453926183261 
0 
0.1459764363917386 
0.121103769756805 
0.01246111476825552 
0.6040753124147727 
-0.2594937294712517 
-0.02442821893883654 
0.02770719358523966 
-0.1189531549272454 
-0.1740254571270864 
0.03569353607812999 
-0.0260502566530901 
0.1417732649693903 
0.1615613044766608 
0.01159585431040762 
0.9043147227435108 
-0.3709125048259936 
-0.3003363049236472 
0 
0.09260324426222331 
0.1275101590119871 
-0.005356493517463019 
0.3559124966634879 
0 
0.1040147660304212 
-0.03575288849419396 
0.6454937861475577 
0.1439775523625494 
-0.6148556071776663 
0.0181703721411506 
-0.1645470924457866 
0.1916038094159143 
0.05977273983960431 
0.05979708252471092 
0.0003813389301412339 
0.3153996291328441 
0.2516072959092555 
-0.06973219410360164 
0.02669411249096965 
0 
-0.05600139871639224 
-2.775557561562891e-17 
0 
0.03104731009902936 
0.05801826470796479 
0.1548624836606711 
-0.174891683622611 
0.1679874424341241 
0.004768709591820241 
0.03753106909786158 
0.02157056837069873 
0.0188285246019755 
1.301042606982605e-18 
0 
-0.2563345908026397 
0.3648598991183193 
0.04410771075154848 
-0.1248633441116997 
0.141607735229765 
-0.1682388586580806 
0.1251746167894926 
0.153410188198584 
0.08280712408501838 
0 
0 
0.1246406510242072 
0.1143636762775708 
-0.1244468454607612 
0.5480208159486974 
0.3045651569313135 
-0.06322902121338497 
0.05849533724634042 
0.8058965043824532 
0 
0.2766513712496872 
0.0359990906089384 
0 
0.2583998945102494 
0 
0.1387723957196955 
0.04771994138337941 
0.02063324686547557 
0.1553939137356804 
-0.1528884378734201 
-0.4647178208878986 
0.2305180418299786 
-0.2334137978313663 
0.4493380017111072 
0 
-0.005114245181125321 
0.02216541235983846 
0.2923669738186221 
-0.01487847590775625 
-0.04020320056751011 
0.03866484848049662 
0.113203710179289 
0 
0.1914549329401023 
-0.2730318687083815 
0.06009707528297174 
0.1200959095784308 
0.2495130272682413 
0.05263970537778203 
0.02157226896910305 
0.1768434618554929 
-0.1133071416807623 
-0.08047184487236747 
0 
0 
0 
-0.01781146285790867 
0.1172172674064555 
3.252606517456513e-19 
0.1860425657036005 
0 
0.02804516462853524 
0.093606319393822 
0.2284642707623654 
0 
0.3216050100539665 
-0.0138797188407363 
0.08478528400299087 
0.1306986468388193 
0.3656294602352939 
0.4318592151497482 
0 
0.02330050304346606 
0.01810317424452773 
0.3984840584907113 
0.05728827674972024 
-0.003650947804696878 
0.09050298226187435 
0.009294060173039813 
0.1917971457576889 
-0.05898389422873565 
0.01003175456509446 
-0.007292594277559472 
0.03589358537283482 
0.166151554217298 
0.104276326809274 
0.01010663179532273 
0.008080253033960417 
0.100589176436993 
0.008425164022826283 
-0.01488337316713489 
0.03275123493846328 
-0.07648683892928712 
0.1473966494371438 
0 
0.6799762612832726 
0.1621560952216192 
0.2973064207719223 
-0.3703305413968195 
0.3443178195738277 
-0.2189976695141444 
0.03301505722460351 
0.4263416176946155 
0 
-0.1574680237041272 
0.2035156675814747 
0.1532672136772143 
0.1916324478121166 
0.09008173122360776 
0.008596502022335271 
-0.2878751788132223 
0.02847064121500805 
0.007199311916806043 
-0.06219513053053363 
0.1451855829265477 
0.3828326366537074 
0.07856815333077503 
0.1006442182971721 
0.01792749599566087 
0 
0.009390166644950827 
-0.9629632478082165 
0.3383252471924452 
0.1270406066205411 
-0.07710810293384153 
0 
0.01467799583356032 
0.008260606283319098 
0 
0.003710271724616991 
0.2775067606653021 
0.009394639299803184 
-0.0158483449731388 
-0.2625562398745663 
-0.3727667094321546 
0.3323334395122465 
0.08550149637892931 
0.1046489371153033 
0 
0.01083694925312598 
-0.01977344655842369 
0.1702113805328464 
0 
0.01387628102734931 
-0.04862845479656405 
0.002967956694285998 
0.07502252558608553 
0.2076659340066233 
0.0003289030267795417 
0.1850298578212914 
0.1110486869800538 
-0.00576368610847229 
0.01850245017661063 
0.07054974989515242 
-0.1551140639299778 
0.03069158957195956 
0.1254451628479883 
0 
0.01772248068282115 
0.006303624270223808 
-0.005028897287634216 
0 
0.01967239160147225 
0 
0 
0 
0.2081700191484899 
0.1771221130403574 
0.2616621624549649 
0.03190864111041816 
0.01692630960357632 
-0.009621594635385582 
-0.02414289344914808 
0.1860440912744992 
0 
-0.170368972553768 
0.2152535041663035 
0.0004623937151494919 
-0.04705581823838569 
0 
0.2217293787620121 
0.07050995798164726 
0.5247298043277296 
0.150925885807127 
-0.06932040932217501 
0.06292274843112192 
0.4458776139716324 
0 
0.06583921423449803 
0 
-0.6475837786429042 
0.2508348764038768 
-0.9506400068080293 
0.1214327915181648 
-0.03837240130656082 
-0.01712557105888064 
0.02282472532271597 
0 
0.03605139120381945 
-0.131740711362328 
0.1366599080165655 
0.208779894293446 
0.6014108000887715 
0.3401331393510947 
0.400148597087465 
0.008896931077600654 
0.01786925390650893 
-0.1119026947472408 
0.04869121077296135 
0.11639955477169 
0.2883062292043252 
0.03359813275298303 
0 
0.02804165875347597 
0.1089352527035943 
0 
0.5901494362601597 
0 
0.2982342302117259 
0.181638431525515 
-0.2318753287098123 
0.2120494452540045 
0 
0.139360181496978 
-0.06562077684022437 
0 
-0.2076815101468989 
0.04661065311294153 
-0.6884485220189478 
0.06303969622461614 
-0.1350239339066357 
0.005659745748413957 
0.7031071073001443 
0.08344571698209945 
0.04171437377745272 
2.303929616531697e-19 
0.143563555575463 
0.006587648885871382 
-1.084202172485504e-18 
-0.626281639452403 
0.2189724133834102 
0.4358228610856878 
0.04844520172296981 
0.06319594231364881 
-0.03612152080920726 
0 
0.007247714580855083 
0.5329278936118481 
0.02792758727011493 
-0.1818331624881439 
0.2093783476785521 
-0.02115637476956408 
-0.1344459386788209 
-0.00968623950398618 
0.2917910985786915 
0.2947438521833992 
0.08200189799920674 
-0.006589035570498366 
0.1407666836508014 
0.2611081995819831 
-0.07586532748849475 
0.07834795354369764 
-0.004288508962641008 
0 
-0.4600995806206677 
0 
0.1796418409938399 
0.04653936869070946 
0.007001191173862532 
-0.4931591990319459 
0.2717865081152884 
0 
-0.3008090562890992 
0.03560171728121167 
0.0391363827270219 
0.006958101908628757 
-0.1307076799821371 
-0.09408604362903529 
0.01705265882550945 
-0.1441156219762302 
0.1326244831282335 
-0.3059186725797767 
0.02190421689078786 
0.02909997295671904 
0.235437239206428 
-0.0491781302825186 
0.075423374076359 
0.3443636161434034 
0.1445207592615701 
0.06966811636346354 
0.04297676250922861 
0.02768420487811697 
0.006710643620387718 
0.2480187214537891 
0.004125819492344415 
0.0234875242258878 
0.7039889109736923 
0.00232847283898887 
0.1116995447271284 
0.4579652287724488 
-0.6259192210770922 
0 
-0.005571364683164609 
0.0004414472817409519 
0.1733823983758806 
-0.1911190782639879 
0 
0.230494193330519 
-0.2651918148710887 
0.246195059501851 
0.1170329371510174 
0.1000774737711817 
0.7324619294554148 
0.07318503812861693 
0.09722026187387202 
-0.3027948410582656 
0.01964331486899384 
0 
0.1468859565441878 
0.4828876609817107 
0.01881381532322622 
0.05374451391358106 
-0.01474959018436593 
-0.008805505858968887 
0.04109324443395488 
0.1584086463544348 
0.006181370310151148 
0.01387958182273224 
0.1254297179738992 
0.06256729125175604 
0.08514308112856851 
0.00859975909899351 
0 
0.00652472060447476 
0.07906346748304947 
0 
0.05420389835057544 
0.1126323054301237 
0.1230605673113815 
0.01385063847487994 
0.03948178927184416 
0.1077794350808891 
0 
0.1100434059327106 
0 
-0.0004206771720138375 
-0.06641697854900964 
-0.1625429627422351 
0 
0.08895063361063732 
0.005021389995026443 
-0.2147205311483535 
0.06047560418928905 
-0.07942547512456201 
0.02358797176224239 
0 
0 
-0.003337585743971561 
-0.02000928634114124 
0.04920402490739389 
0.4094730343359713 
0.3168438818330504 
-0.07627955513004976 
0.007497633230221225 
0.004015654902430173 
-0.1747017366757406 
0.2226071212010839 
-0.1095155444634094 
0 
0.1898155415987591 
0.01777042395801114 
0.1370513225462884 
0.0892839046694084 
0 
0.08806576094476438 
0.1805177777271231 
0 
-0.2389832479171352 
-0.04707921963146963 
0.04564858191132711 
0.230705131888261 
0 
0.4604502722302065 
0.03781807144350365 
0.02675671247291916 
0.9739708491301635 
0.1287420331938258 
0.1544898940194719 
0.01615008010280298 
0.1273766630865733 
0.7232251677093203 
0.205985347255471 
-0.09608140649162483 
0.2066081100459641 
0.2505933973500496 
0 
0.5206188870480013 
-0.6297232761061716 
0.02146442790121491 
0.3138923662849477 
-0.06806833406052204 
0.1352182436253458 
0.2249625622893868 
0.2899808493354668 
0.02129070749130601 
0.1044928432905686 
0.04114003686324805 
-0.6248008060126933 
0.1026564384293228 
0.02916336633516142 
0.007456371313401201 
-0.1459088412448365 
0.09331891763739891 
-0.07846031483222492 
0.4860721809964452 
-0.1183906688586738 
0.02681454207952884 
-0.5322320482807462 
-0.1582474065619665 
0.03215097276193271 
-0.06833834014185536 
-0.01004136136397732 
0 
-0.2399618686253441 
0.09016756710596691 
4.065758146820642e-20 
0.001284537182564938 
0.0258286733248154 
0.2101506577504971 
0.1860709525661518 
0.1582657864096196 
0.06308326888187833 
0.2970094037243281 
0.1039046416886331 
0.3872576737620407 
-1.199170757505133 
-0.2882331724042232 
-0.01652435768996432 
0.2912562078763233 
0.1079297576198676 
0.07172941625563997 
0.04269956004980262 
0.005797137722657404 
0.1393121445320745 
-0.1000632015213173 
0.009993875349369538 
0.4216354971812358 
-0.5953331302259416 
0.204877174530827 
-0.03069625681005255 
-0.3521546359821426 
0.03600054653696905 
0.01845800331227934 
-1.084202172485504e-19 
0.03659599313770717 
0.100392421004761 
0.01942524951934 
0.004229398582877797 
0.001856046686668964 
0.01121384781211136 
0.0270432933265164 
0.004777203042204733 
-0.07561932119712823 
-0.636898513046621 
-0.5136556196281067 
-0.01132813328867194 
0.03391993520718999 
0.2557187945476826 
-0.09076122905261297 
0.007174250747699262 
0.282461696638196 
0.1314608702483352 
0 
-0.3556845548536282 
0.07033032740405068 
0.1135620826073154 
-0.00327751112019402 
0.3945500785839448 
-0.07022789676857044 
-0.02911635244676617 
0.006103947830381166 
0.001862574670647389 
0.1530112947059642 
-0.6963308065495964 
0.07014623226015305 
0.07054548670511841 
0.1229920515923779 
0 
0 
0 
0 
0 
0 
0.04279410002795256 
-0.02009455460129098 
-0.1853210506381731 
0.008759675519600597 
0.09777386599267578 
0.0002917541804868354 
0.0685151185193036 
0.1047123847685184 
-0.196857157568432 
0 
0.00772083421430466 
0.01576808445679274 
0.0382523515449698 
0.03841020111766896 
-0.0151080138655004 
-0.04441783124549942 
0.3912139460792664 
0.006623932569029493 
0.06545866870790104 
0 
-0.6925259449606149 
0 
0.2132892154029074 
-0.006245994962802314 
0.05203334749861632 
0.2731587429505125 
0.1265884893367456 
0.1685469515730738 
-0.08187724161077763 
0 
0.01937588152319404 
0.001069191431880834 
0.07183017584354766 
-0.1536648871720766 
0.0276092771476906 
0.2400231082758786 
0.08853682180352965 
0.05662755228090794 
0.5193957084323413 
-0.01814412994178428 
0 
0.2596993483735416 
0.3963319710087513 
0.3368411309900028 
2.710505431213761e-20 
0.009330754141392516 
0 
0 
-0.05951783153381214 
0.1787825969822757 
-0.01406582598623091 
-0.1769553791122612 
1.025674747485489 
0.07413693241727268 
0.02179974411556698 
0.01481374378181696 
0.1289894614446011 
0.136305773959884 
-0.03007189469461206 
0.3576434043767598 
0.4350643125312196 
0.0985552280058864 
0.0918751031351222 
0.01676848007964221 
-1.749661079577407 
0 
0.1411961302649089 
-0.3899739281252493 
0.4838575153553052 
0.02605199452816518 
-0.008025372505884044 
0.2959569285406398 
0.125160865307669 
-0.1776871256860326 
-0.3577486515855772 
-0.0835172373185394 
-0.429328721670077 
0.1150801406981676 
0.02520014969880395 
0.4227023928074109 
0 
0.2298101900307429 
-0.04288594195626638 
0.0009784781606340964 
0.3345175746555282 
0.002663384009466602 
-0.3057271526227136 
0 
0.08865379437036267 
-0.1174901963474464 
0.06898122663982503 
0 
-0.2110647531236694 
0 
-0.6358403725930893 
-0.3248234196548124 
0.1453770714378891 
0.5177579630498561 
-0.09165298408118498 
0.0417876912895477 
-2.602085213965211e-18 
-0.1811082870820088 
0.003213313561940049 
0 
0.1927592059314434 
0.118990861744322 
0.1129785088893872 
0 
0.305778719825175 
0.05547174473111272 
0.4069094515267014 
4.87890977618477e-19 
0.1525309402523919 
-0.001610135841872288 
0.2209529833008399 
0.0672865991882144 
0.6626980119181589 
0.08351958946126917 
0.2357179877398175 
0.2260562561826374 
0.03375393989975037 
0.06672277206833996 
0 
0 
0.1092828360853162 
0.3415896749180339 
-0.1203027220838305 
0.05781892865526997 
0.181889377110721 
-0.03754548445579607 
-0.1537189421071592 
-0.1567372707074995 
0.2591966524716892 
0.2204053645244857 
-0.1095458453917644 
0.01489735704160825 
0.03507609909398975 
0.07958402875713479 
-0.02029291633542059 
0.2313003092691694 
0.215445010400347 
0.2151168523128106 
0.3416474389288827 
0 
0.3249759008576886 
0 
0.4324150780818668 
0.01457371408698007 
0.4084210818264358 
0.09860774101393728 
0 
0.01967043607555933 
0.06210433986076429 
0.003205372967829247 
0 
0.1900186793583209 
0.1870666745074683 
0 
-0.01577922111746258 
0.0008963529185487039 
0.04129899146295948 
0 
0.02810070119764113 
0.0159573942786743 
-3.523657060577889e-19 
0.1664165411193429 
-1.084202172485504e-19 
0.1005841662305225 
0 
0 
0.03417986379174317 
-0.05008487773066415 
-0.05850768006540372 
0.1030175414385082 
0 
-0.009832397026407402 
0.2561885062533976 
-0.04120519282134304 
0.03241674646764845 
0 
0.1411505532548432 
-0.01260981683059613 
0.02346274841806946 
0.02590342942080597 
0.02359899290155681 
-0.02535320048513932 
0.03160140303249474 
0.06563894678900674 
0.2143480961022272 
0.03037644237796654 
0.1562741148725794 
0.2047951794070698 
-0.1345926206637083 
0.3630408024269907 
0.8031451953333464 
0 
0.05889491447858998 
0.08907839909414533 
0.09192709305347983 
-0.0647193826238569 
0.2432691988490163 
0.008880718860309887 
-0.1178921720196846 
-0.01032528066039653 
0.1865860427133396 
0 
0.09279017068618639 
-0.02231642432847635 
0.01483231961355944 
0.05355991849029078 
0.1611690765110043 
0.005559727887116827 
0.08314718625740887 
0.005595245975522386 
0 
0 
0 
0.1044832247696297 
0.02550632258729151 
0.245228653273509 
0.004619192896978848 
0.009835321389442436 
0.005146481655079053 
0 
0 
-0.8534415815772523 
0.1474631343171291 
0.05127771939761623 
0.1974718026686463 
0.09586283714802879 
0.6161942777328914 
0.106684567350852 
0.1951623081299176 
0.1112971052223135 
0 
0.3217364237588988 
0.3520825134553036 
-0.04307073879274633 
0.2584185279997235 
0.06911367612878852 
-0.006154729619408146 
0 
-0.5292068717754751 
0.14135638653534 
-0.2392398380126132 
0.1788212194247755 
0.007641443905729554 
0.2289848939288901 
-0.07891162151410615 
-0.6118553707271133 
-0.0166262054780118 
0.2515122326372122 
0 
0.09513739147867886 
0.3724442347312805 
-0.04716312192309435 
0.01442285270881569 
0.0133501543654057 
0.04855933257278512 
0 
0 
0.231968904974222 
0.01022757132888404 
0.006842785195471838 
0.0007958518286471513 
0.1654614997318161 
-0.1349123021427672 
0.03869075569121947 
0.01122294437226739 
0 
0 
0 
0.09235931298917756 
-0.3838840584372493 
-0.03372232134720627 
0.05550617596638558 
0.01975696594811383 
-0.3460602753367348 
0.08403407202270444 
0.01308704199297908 
0.1694212086329412 
-0.08036000039726787 
0.1293804254636063 
0.006539392832321219 
0.03359712579626804 
0.2422313593533046 
0.3865022504943458 
0.624347132453944 
0 
0.5108880891626372 
0.2687069810297338 
0.02322731447991121 
0.2419243543308137 
0.01776475273250568 
0.01503828796432424 
-0.2631628043679048 
-0.1455351365378335 
0.07395073917272585 
0.3598652702892169 
0.828867746731595 
0.01717252298719769 
-0.03932605040149201 
-0.2205711296402381 
-1.032128163956125 
0.4824374919465978 
0.0315745913210283 
0.08711656293923185 
1.063452253772998 
0.3988151700972538 
-0.8975737506214144 
-0.1203110499008498 
-0.007008294511710945 
0.3983422652675468 
6.288372600415926e-18 
0.002641863000474833 
0 
0.141935854580637 
-0.03195137989730522 
0.5139426956083222 
0.04731670751751295 
0 
-0.0002408143250307035 
0.00650618230323812 
0.1159790087899791 
-0.01686296578084033 
0.4078976845026656 
0.056468858708475 
-0.1678136357830987 
0.09206616760034644 
0 
-1.254509630887105 
-0.06393415506316615 
0.005631022785915905 
7.669868376884365e-05 
-0.2177581016758828 
-0.1727350103117519 
-0.02978686210300059 
-0.1505895781250686 
0.4206277553474168 
0.004546498537597904 
0 
-0.06506449719571886 
0.4951958527955205 
-0.4176503630788937 
0.03868486344503488 
0.0308179103025748 
0.7922831252362419 
0.04844956890103524 
-0.1874461674600654 
0.09687375481619355 
0.4106304007916526 
0.356974559044241 
0.07869925941479132 
-0.1925004566521083 
0.06201584839504751 
8.673617379884035e-19 
0.02446674198221753 
0.008414034585934206 
0.005012643348298694 
0.03274228806946405 
0.0006659177009404779 
-0.05009962675533183 
0.01235026750767199 
0.0129312495221094 
0.09453517619928764 
0.02130791089697789 
0.0129312495221094 
0 
0.1538096902303001 
0.5580955623858728 
0 
0 
0.4027350773221037 
0.01942288933752538 
0.08415788868894412 
0 
0.07646618999779259 
0.0809632912949205 
0.1867560130585037 
0.1899325306717768 
0.3396970936903053 
0 
0.5589458673042886 
0.608017125029948 
0 
0 
0.01862060922348826 
0.2170808938803699 
0.1036662363700113 
0.04589168582196988 
0.04588423242980923 
0.1298474831017174 
-0.06403726325120761 
0.07528643224972276 
-0.00702540258903618 
-0.04872980501728368 
0.00842324630276284 
0.6662562829525951 
0.02987588128641339 
0.003902588163667499 
-0.7681436916362002 
0.1202960897169959 
-0.1252731333542679 
-0.08120788937630703 
-0.007512547585023239 
0 
0.02537069796410054 
0.04299006573395985 
-0.20060341824117 
0.02105360896261447 
-0.3539404394061126 
0.05499748874337822 
0.3259092884041202 
0.3182403104575469 
0.04389558125004612 
0.1243463915164486 
0.1216480626763812 
0.4444246710352593 
0.005910680936840483 
0.01778053041929945 
-0.0218343901669607 
-0.06143868877544462 
0.1212899146867508 
0.2615322595697845 
0.05972368840688925 
0.03037583806441373 
1.272775524259505 
0.05088459133763681 
0.01189301247588329 
0.02345488395021711 
0.04783567392106459 
0.8457727154987887 
0.06079481647168984 
-0.2382812124994783 
0.2944011402384332 
0.01923020986885839 
0 
0.03165560427655463 
0.001562925348143901 
0.04095883679329242 
0 
-0.03379039502208293 
0.003511941335115179 
0.02221810439234838 
0.04260025983547031 
0.2627005127250165 
0 
0 
0.009145376845115792 
0.04072536136776347 
0.01262163388832325 
-0.1087226960013648 
0.03761840511687872 
0 
0.1036342141692984 
0.3265504563455849 
-0.05990626584292707 
-0.3223819812412563 
-0.09709895196689995 
-0.04656035906219749 
-0.01240132755624719 
-0.0862617016815739 
0.1618501719995212 
-0.04772460593202546 
0.106455385702764 
0.01468431875648965 
0 
0.001105435328219058 
0.09468552776710237 
0.0009080383553517223 
0.01189254466348186 
0.05373952436829073 
0.3417345370313321 
0.2564188731807474 
-0.05370700442105211 
-0.1189399920935909 
0.1047058574054355 
0.1260160750516966 
-0.09071669569039463 
0.1395900732112898 
-0.2778322458175754 
-0.6160048930719506 
-0.2996820938458205 
0.02593885055778386 
0.008905382213428726 
0.189649373170994 
0.3393049271823235 
0.01234619161139811 
0.03152013652453457 
-0.3214509474434752 
-0.07112077945435505 
-0.05743935555863902 
0.27055616281101 
0 
-0.002524361577812227 
0 
0 
0 
0.008600461411196277 
0 
0.005761681525187004 
0.1942716745687193 
0 
0.03816886059825547 
0.1112210557970368 
0.05715945804445333 
0 
0.008900459331625865 
0 
0.01714403800045267 
0.2423373222594085 
-0.0004553018431168874 
0 
0.03692382858940362 
0.1184112437382753 
0.4487538635662796 
0.01464658492962733 
0.02614852225433035 
-0.0529600808799994 
0.01477057844270764 
0.3210850532638163 
0.03582103944604252 
-0.04504078497992207 
0 
0.02811960386063972 
-0.2366457149855268 
0 
0.4801110514947263 
0.09209732842239886 
0.03426239057573567 
0.006331526245490328 
0.00637983145328142 
0.3460496883536723 
0.005675732857012366 
0.02514985576552456 
0.1096141517189064 
-0.09074385001224929 
0.2327993984269338 
0.1423499372199892 
0 
0.079675546419212 
0.1762299126241863 
0 
0.03436671902010818 
-4.336808689942018e-19 
0.1510051219525513 
0.0419223632592147 
0.01917159085618654 
2.676624113323589e-19 
0.03161181778539979 
0.003705967698784135 
-0.09778865435500064 
-1.118435948630156 
0.3219155157623514 
0.0718242716922713 
0 
0.1782567089272339 
0 
-0.1550262226099711 
0.2486784093787199 
0.124611025842508 
0.0005156980569994455 
0.01664762369261723 
0.04831557762737191 
0.1544949966704507 
0.1747466188894538 
0.01541491135941546 
0 
0.02515495666924054 
-0.04328644625916096 
0 
0 
0.01598927797956351 
0.2685289948510713 
-0.09771522524700366 
0 
0.06458892801405458 
0 
0.06046409309771126 
0.1094527217174641 
-0.02769548637202237 
0.02465107287935803 
-0.06341762162457792 
0.05402624162111189 
-0.03941274894141313 
0.01260436605408248 
0.0994217293089172 
0.05612130730656102 
-0.03863574070226973 
0 
-0.1427551328974848 
-0.4467107516394644 
0.007124289880059114 
0 
0.0113767937802673 
0.07499402440498346 
0.7010422663791652 
0.3231765265787905 
0.0581748847161318 
0.02248592874707625 
0 
0.06375633466736569 
0.08626298803928852 
0.07836465059778615 
0.0657386083344066 
0.1026228272762869 
-1.289830874964615 
0.2963340223034936 
0.1944925456096075 
0.05472001501019309 
0.216159413823266 
0.04424056110530101 
0.01268078575897516 
0 
0 
0.03135206272585666 
0.0317945705305684 
0.02313309426391278 
0 
-0.03041669455329305 
0.0335814230147501 
0.09306470143082272 
0.006754911875844488 
0 
-0.2598201796677903 
0.1709775659769297 
-0.4472457763294618 
0 
-0.009189923700628344 
0 
0.1188979798990431 
0.3191074039469055 
0 
0.02012389612228547 
0.1202359322131664 
0.1188347333666483 
-0.003305261844757415 
0.0005562402168866314 
0.1566556329220544 
-0.08333233615825915 
5.421010862427522e-20 
-0.03126867017121918 
0.00777444549308566 
0.2583577021459147 
0.1214088303406808 
-0.2126898995435174 
0.01453538745203869 
0 
0.01450028258052528 
0.00573418657713467 
0.3158580531799089 
0 
0 
0 
0.03595718036939916 
0.006231432339381025 
0 
-0.009149936584052526 
-0.02151672847663704 
0.3362280538368494 
-0.05940275820982415 
0.02991147757697783 
0.1330020829651216 
0.2149338515677874 
0.03791728714047943 
0 
0 
-0.006170398643864728 
0 
0.003278508116173405 
0.3453531592098874 
0.0237758965169894 
0.2826774910581114 
-0.02648353318290294 
0.1451978814422935 
0.02719801435870384 
0.2783065577804693 
-0.04402786537123513 
-0.8572927602414746 
0.006405551958373759 
0.4156824494845635 
0.1037294642714814 
0.01924417997577335 
0.08984641580649162 
0.1399365920268092 
0.03493262451340266 
0 
-8.944667923005412e-19 
0.05464878221112236 
0.1132923410631099 
0.2130574960515474 
0.01834928664416546 
-0.08240062694304001 
0.02146752558690813 
0 
-0.03695698698299126 
0.0758760332644843 
0.08235450271153814 
0.1091998294582482 
-0.1009637143105355 
0.2881763338330297 
0 
-0.1592659533724721 
0.003775996347121022 
0 
-0.1011631656215658 
0.04297081858165031 
-0.5760611540460284 
0 
0 
0 
0.01173526887131577 
0.07171013656002798 
0.0941799406163992 
0.7476597392314217 
-1.208618824023971 
0.03082208684212213 
-0.02313906952941841 
0.001015588270050524 
0.00488835804301612 
0.05366851135264322 
0.02841318844291324 
0.1879038153426374 
0.0003920043502160789 
0 
0.05002350450078622 
-0.07713406325928011 
0.03650479990551612 
0.02000745618215797 
0.08459007379207603 
0.5479802368760271 
-0.08264753045534148 
0.04894735578328398 
0.02032513901386742 
0.7219164874595888 
0.01595247733594529 
0.06441553576377103 
0.2450629393978175 
0.04220852790577162 
-0.3911274683507565 
-0.001686208897073787 
0.005243891742314486 
0.03562232725595127 
0.04963642060068662 
0 
0.3501085049679457 
0.005316318816932151 
0.0007349961153956948 
0.001183584070695698 
0.009655132156549107 
0.02318639944375077 
0.05696133959618019 
-0.04187944511656851 
0.2250218290054733 
0.02948378556731326 
-0.0593466176915932 
-0.001730066292205383 
-0.001233285831837501 
-0.02829743798867536 
0.4511920591344837 
0.0265922667896689 
0 
-0.1923359018552648 
0 
0 
-0.02737198811902021 
0.5890554765721472 
0 
0.01369705170641692 
-3.523657060577889e-19 
0 
0.09400575818137834 
0.07750619608715541 
0.07616414221880868 
0.03177066308061038 
-0.3301321112009821 
-0.02201621300072612 
-0.1532600105582196 
-0.08388895809827157 
0.00146492089577166 
0.1960022051262056 
0.01380874331388116 
0.4783673159057324 
0.05613101667270927 
0.01466038432257979 
0.0008770637561373042 
0.06505189337454959 
0.5090060322953331 
0.06363980160680474 
0.02858402647981086 
0.1698871691212558 
-0.03431517789474717 
-0.1598345645468333 
-0.06497931770050358 
0.01904933777549689 
-0.003663817357423069 
-0.0553811260903438 
0.01923375650584359 
0.31998387351461 
0.2168181957500914 
-0.0409046108321833 
0.2511687551874367 
-0.00349650494341227 
-0.4131223906566755 
0.03742007571302236 
-0.001713110756274741 
0.1717226206295516 
0.005255751044847174 
0 
0 
0 
0.3099426570964743 
-0.0493795508283039 
-8.131516293641283e-20 
0.005743282014643281 
-0.09805818546949435 
-0.08647606563179831 
-0.3275191270124377 
0.004262658960806021 
0.2715612488082337 
0.1380033857767415 
-0.5701319912467574 
-0.05663392380140352 
0.02194984263366443 
0.2156689188080654 
0 
0.4264892871629675 
0 
0.07383678666314504 
0 
-6.640738306473715e-19 
0.04990862515689605 
0.2455849359351164 
0.0202198169808778 
0.05185812727308884 
0.04158623001865106 
0 
0.02376048579018395 
0.2532496999600772 
0.02821733178564878 
0.06565328311415104 
0.1864291413226971 
0.06111634134591998 
0.04966859605538182 
0.09426746230277581 
0.1645531039963999 
0.00725612589507438 
0.05339570230381382 
0.1564219531500604 
-0.0253997091568349 
0.153330539406616 
0.1183918784420516 
-0.04081969685935752 
0.006176700458024159 
-0.03320976058297036 
0.02647554267868134 
0.3112218700677024 
0.08745715507208399 
0.006705909786748356 
-0.04906642113920465 
0.06583057083359316 
0.1791551522528579 
0.05169257856933208 
0.2452720203143012 
-0.1505544636901164 
0.7417649931929912 
0.6842608997902557 
-3.659182332138577e-19 
0.01936752284931548 
-0.003115475762645358 
0.4433943876087191 
0.7887612219762216 
-0.1745190539819033 
0.007904346108338751 
0.09308075570712555 
-0.008395304569226384 
-0.1338086789401021 
-0.007138680277376279 
0 
0.1754817166393691 
0.01269482971148931 
0.03041699063256621 
-0.2549958537972986 
0.7065837236597896 
0.003813564372509247 
-0.01748557254885801 
0 
-0.5429504233444503 
-0.01153292883972698 
0.0126233651149724 
0.007550313645088676 
0 
0.01236479381731391 
0.01173781387861525 
0.1421816862746682 
-0.09276971947245587 
-0.04047061023695878 
0.02300067074306625 
0.2738300628505441 
0 
0 
0.1160896752345478 
0.04987130628619939 
0.3006199416913962 
0.04975022071722719 
0.4438487582630597 
-0.01795471645322367 
0.2743975211951609 
-0.008438487742899493 
0.003263186901840504 
0 
-0.1193764766462636 
0.03497135877698242 
0.144889565901631 
0.07062642154912327 
-0.02845584443894907 
0 
0.09173265598979295 
0.01976467260825249 
-0.1505555551479421 
0 
0.1638540426432358 
0.01363268040875667 
0.00205528631074926 
0.04948019169015287 
-0.004486881584222791 
0.2747648296013444 
0.4005917351475539 
-0.002570506709577391 
0 
0 
0.06355880553139276 
0.007897453962267525 
0.03662432306151633 
0.2667431031799232 
0 
0.0001601690309917444 
0.03692878331007447 
0.1601323358413681 
0.04021010425542846 
0.07856138641638148 
0.008846187946689057 
0.4822819177302242 
0 
-0.03713569616065966 
-0.6723250092592105 
0.09196958406528097 
0.1384101632648575 
0.06416465095331814 
0.03443717956339935 
0 
0.234115307474662 
0.4214602911016935 
0.282792099953973 
2.168404344971009e-19 
0.01925244680699063 
0.0444378659894081 
0 
0.09036506305503331 
0.0271292308045191 
0.100703230996917 
0.1524743888813057 
0.05467815593594919 
0.08213343668882507 
0 
0.07512310778368231 
-0.1241957310585805 
0.08829599730127229 
-0.04267963348555545 
0.07833652202350409 
0.2379039126258891 
0 
8.673617379884035e-18 
1.734723475976807e-18 
-0.06776247675031745 
0 
0.007643021936668252 
0.01431552967045436 
0.003283480219348812 
0.05202124423451204 
-0.03378070000904813 
0.3419166682180133 
0.003193692713860048 
0.1517237144822632 
0 
-0.04898742900367921 
0 
0.03004188103588439 
0.2437173924145961 
0 
0 
0.7496853266211787 
0.01685185496698416 
0.06663638132052678 
-0.1355817483601555 
0.07790627832270851 
0.01427938921015222 
0.1517258381528855 
0.003941936807818684 
0 
0 
-0.634377044819364 
0.2273239511911015 
-0.01334883104980774 
0 
0 
0.007352322889214955 
0.124663271623887 
0.01799591667490567 
-0.1389579010996763 
0.07267541371790841 
0 
0.02072329389296771 
0.1931325736369276 
-0.1309274600216862 
0.6837107248497346 
0.2099648293096275 
-0.4533809806934377 
0.06868246921193058 
0.03075358000817301 
0.0446933270853315 
-0.08641574817271173 
0 
0.003837571623944036 
0.01388229647643644 
0.3674282886252647 
0 
0.2663606049679455 
0.6856013485865081 
0.107436680979184 
0.01402140315070216 
0.5050242733314259 
-0.0332963103075186 
0 
-0.03419819269798392 
-0.2106548768173837 
0.1155814851862444 
0.004607926909586351 
0 
0.0997597373765373 
0.5274750895528997 
0 
0 
0.1364126880334813 
0.01311621857166836 
0.0004826695084745271 
0.1388562586049234 
0.2603009497638924 
0.0564925057106018 
0.06638935672631463 
-0.007369500552616824 
0.2368565464035476 
0.4694789083664151 
1.517883041479706e-18 
-0.001721428528367708 
0.04068836072706807 
0.1823351362789218 
0.04436446897976309 
0 
-0.04915739066606421 
-0.06350434181327173 
0.006166174553980276 
-0.2836710079254319 
0 
0.005515912201126967 
0.04723136174650751 
0.09907648961743669 
0 
0.4895031710415293 
0.09907067823907739 
0.385694327444748 
0.009791337667616987 
0.06462985265249881 
0.125403988757114 
0 
-4.336808689942018e-19 
0.08274447080285563 
0.02814065798002331 
0.002583283691937498 
0 
0.4609199990533357 
0.1082808289402814 
0 
0.2765392928523525 
0 
0.1461211727054034 
-0.2241451368841343 
0 
0.06857048318577305 
0.02577523221796628 
0.0649894352353431 
0.02112224856544471 
0.1370202686154885 
0.1878751799515621 
-0.4327972056496509 
0.2408741075015831 
0.03550448064569163 
0.01166787379448771 
0.03892396466140301 
0.2033358304535293 
0.03038921105776697 
0.1213615899309129 
0.2933817144677721 
0.1132197068207696 
0 
-0.2599227979807484 
0.09544407719219813 
0.02951350624197912 
0 
0.003808770571337779 
0.2110931999509232 
0 
0 
0 
0.2242950496843172 
0.5332373215328434 
-0.0115138510417619 
0.002222629766825604 
0.3010407695223961 
0 
-0.2903839925640443 
-0.1547636649995228 
-0.06151219106429029 
0.003903290207093616 
0.3257883260893911 
0.008156990566677923 
0.1795282614866409 
0.2081788749224163 
0.4305035394316141 
0.01594316114200716 
0 
0 
0 
-0.009437194795789744 
0.2183705314510234 
0.00133573487704756 
0.07246804176306988 
0.06414954820847113 
0.08492131749419352 
0.02254784014209735 
0 
0.02039583478834011 
0.1503214706184134 
0 
-0.09981747015042951 
0.200790526170429 
0.03016500831530399 
-0.04298071728679521 
0.00900675292695266 
0.3932035994031525 
0.4746883654647168 
-0.006315942634590256 
2.710505431213761e-19 
-0.0536090101738554 
0.2856904557446046 
-5.421010862427522e-19 
0.1876272141828857 
0.1058119855994782 
0.1213141912168098 
0.01334536822505923 
0 
0 
0.0185088787179424 
-0.1101916720777952 
0.02951094964662943 
0.0002952201375042445 
0.1626264034182403 
-0.003227651588179834 
0 
0.08200336934037795 
0.2046901659450724 
0.02434723507084004 
0.00182184990963586 
0 
0 
0.002115098823917555 
0 
-0.2894346877742353 
0.04516669373941731 
0.0868834988301706 
0.0009080351565079181 
0.1162405819364316 
0.004045827087137919 
0.2222349364059285 
0.150274943209833 
0.3197526454430878 
0.01898659821097423 
-0.003485859066043429 
0.2830770104998951 
0 
0 
-0.06169363214587217 
0 
-0.01262251077700275 
0.05285458939764755 
0.001150915462097938 
-0.02042660274012081 
0.04429802701381402 
-0.1829938959302886 
0.01147032042010837 
0.05322790986849455 
-0.08511763496405342 
-0.0296955184094616 
0.1265022000308594 
0.3935411788639072 
0.3593253727633905 
-0.04063837842078144 
0 
-0.1196851867344206 
0 
0.005730763070184915 
0.02644787520909067 
-0.03319464238247033 
0.2103936122052096 
-0.0539639717887133 
-0.1949178806466255 
0.0819431550567269 
0.01435186697433723 
0.04816518346440393 
0 
0.0120741199112955 
0.156243836578387 
-1.897353801849633e-19 
-0.05266917226111324 
0.1440294701747238 
0.1800667749475928 
0.0888514220199466 
0 
0 
0.04874255693267546 
-0.1472010024678243 
