solver_type L2R_L2LOSS_SVC_DUAL
nr_class 2
label 1 -1
nr_feature 5000
bias -1
w
0.6191118838585113 
0.4108386290913037 
0.9912066637355045 
0.5699905062900987 
-0.2878997434008821 
-0.5598214749183003 
-0.3199803960777008 
6.126407020017401 
-0.2512092799930712 
-0.01123095304090994 
0.01722301450910591 
-0.4245230835735622 
0.08609101103086908 
-0.03415000030763408 
-0.1306368225678853 
-0.629785442692322 
0.382225204033506 
1.04729204444359 
3.992136770505953 
-0.9703959285371582 
0.787029004357097 
0.3140603667081586 
0.126887579467032 
0.4518004143912517 
-0.1450295257574858 
-0.4112532907019205 
-0.7352476867246049 
0.1672226451649566 
-0.5163791409516609 
-0.2428514449884493 
-0.8783913122909155 
-0.1622956613617118 
0.3192514460796133 
0.3410701753005366 
0.5777008658011191 
0.561358727841016 
0.2397262545446101 
-0.1105185215027363 
0.8694013966640028 
0.1660432950917831 
0.9240863704549253 
-0.1497518589322845 
0.3200659344772613 
-0.01076868508867175 
-0.7907328695510909 
0.3985189746736938 
0.4322686412679384 
0.07594912648934476 
-0.3046008147734672 
2.369746314825222 
-0.2709290093537744 
4.703256820676682 
0.6640096457085228 
0.002922029195207209 
0.8543236851081309 
-0.4189022124894562 
-0.08067367772022446 
-1.111247165058906 
0.2008354203560273 
0.1951772245265947 
0.7806094228747718 
0.09418716659578076 
-0.1787314562432632 
0.2751559829836356 
-0.8941287409271645 
0.1330548069578833 
0.7039532137755722 
3.19567797538076 
-0.1976015948647877 
0.4135041175474473 
-0.2970272461807344 
1.08594731857333 
0.09345918710765302 
-0.03429229226876403 
0.6181974015814163 
0.2406534933258566 
0.06189909278674176 
-0.2031361967876479 
0.07369637817438705 
0.1690955320422909 
0.03580585182318297 
0.2963195529679467 
-0.7031927138994143 
3.243074369501753 
-0.2802859549999936 
-0.129476064521796 
0.3056027484149032 
-0.1181553399589834 
-0.8346627680921384 
-0.5292883139846831 
0.009652481229762049 
-2.425780129028679 
-0.004929967916489622 
-0.9364924736055392 
-0.2759302051698035 
-0.7634117633183157 
-0.987345464289956 
0.7193263340011603 
-0.7512983815296168 
0.2205324771391969 
0.2816374478711545 
0.1426949700813747 
-0.8239636961831592 
0.1037463671778487 
0.3425034478468965 
0.4444563451905703 
-0.3164033783841003 
-0.08717599447284718 
0.07699400990956004 
-0.04557237085508826 
-0.1246337265698099 
-0.7020880674643248 
0.4676207354839087 
1.094605931545249 
0.04825062782024614 
0.02712794217087576 
0.004645722992368247 
-0.1742550385757626 
0.9271511597138886 
-0.1690058214385414 
0.5181785933780368 
0.6497833594765954 
-0.3714705573709887 
0.3090385662152209 
0.113855025846072 
0.2396861988444638 
-0.05120980090205917 
0.06035977077811489 
-0.4188847720296729 
0.2943083604646937 
0.004598655161854537 
-0.2362094485360204 
-0.5487963351347008 
0.3059640333285262 
-0.5564936871079357 
-0.548934375375226 
1.260065387547403 
1.505645492800049 
-0.5325797800482183 
-0.03158583122579985 
0.3962077956973022 
0.4412412153306934 
-0.1292364076670767 
-0.4123293615394177 
-0.4038249973391563 
-0.07555906813561523 
0.2461511611276259 
0.01325203358987723 
-0.2660022079569232 
-0.00184303952459869 
0.142666270918024 
0.3678172390409741 
-1.29177897701215 
0.7933581806492463 
0.04325513369071088 
-0.5566140349650143 
-0.1408693244944005 
0.6599507587973379 
0.3351775212319438 
0.5032391803249409 
0.1235955298182798 
1.15506253640647 
-0.7689493572497134 
-0.8112070904171687 
-0.838541890059568 
0.654306995428181 
0.2488557673264999 
0.008586372868155643 
0.4218042568917571 
-0.5698142963984764 
2.447616721595902 
-0.2067606854189885 
-0.3943770198136609 
0.1301173656736838 
-0.975722999563946 
0.01538876151962035 
1.52534851407479 
0.7152920011162973 
0.4584641865600935 
-0.3323702848372898 
-0.02846002304192878 
0.8002075662159794 
0.7303722022893274 
-0.03673953014898275 
0.04538614374656897 
0.06663998802312995 
0.04446506521168034 
-0.09881576194619232 
-0.3444566176181035 
-0.1828085018478541 
0.3430710186042675 
2.000106084133817 
0.07348868419351345 
0.4264229886489023 
-0.5355495395217179 
-0.8517541566161221 
-0.4106829612500523 
0.703241024303632 
-0.6442394557773975 
0.2969595855011817 
-0.05324942520511367 
-0.3607901868572398 
-0.1792820179115435 
0.2283503295792945 
0.09878059181607245 
-0.4990033360817329 
-0.3720444620901078 
0.03417825749835508 
-0.08426625270790089 
-1.38162741310648 
-0.1607190949654331 
3.754848376979524 
-0.3948129780585772 
-0.1885128091801601 
-0.003820313883705239 
0.1256993740947088 
1.138922640211319 
-0.07642662504259223 
0.4201473422571457 
0.3313921471995925 
-0.3197062764255308 
0.5011175510210198 
-0.5240953832566423 
0.1661900422463023 
0.633234700624992 
0.9448836488341821 
0.768527058756619 
0.3179804877617844 
0.0868400364310018 
0.5215041063593884 
-0.1378810499779329 
0.3600982907912651 
-0.5981515173160284 
0.8993375796916476 
-0.3356276495429161 
-1.344912397704294 
0.4066485245444722 
1.014549998181502 
1.274530361700435 
0.05194346845082632 
-0.4182200468446788 
0.3529442853792026 
-0.2307668327559428 
-0.499274872622797 
0.103539227163517 
0.7016446313477428 
0.1271193792094908 
-0.2884271434081218 
-0.1098402118929261 
-0.9372344680871416 
0.4925753950791013 
-0.1631748227812541 
0.8231870693939727 
-0.1642044585685286 
-0.250809855173048 
0.6170803709927275 
-0.108387648830745 
-1.189764961635649 
-0.1086680434136983 
-0.07991271604662907 
0.3421406225378129 
-0.5459987246130192 
-0.05217063424031088 
-0.01225806001910757 
0.2169010202413031 
0.07495762355176806 
0.9868005770150228 
-0.5271380263640184 
-0.6219644047644887 
0.09644153308806165 
-0.05568033163060166 
0.2931680449604346 
0.5370429399909931 
0.01436045749892207 
0.4876273770913608 
-0.215837591821912 
0.4970970601632556 
-0.4193136217355494 
-1.002508478670207 
0.03745894324032956 
-0.1725705686526832 
-0.3465977870402234 
-0.01144474853241899 
-0.09292875399644399 
-0.4047061484727532 
-0.0390293105385982 
0.2717829626958198 
0.2250788445672541 
-0.1138991580811625 
0.1819181867805551 
-0.9494925037396366 
0.003165623291131959 
0.6121527355679979 
-0.235347045283413 
1.550874586682077 
0.2927146624102331 
-0.2036440238053299 
0.3296915917575843 
2.792900436681405 
0.1134519956745746 
1.117040472754825 
-0.1001202433392572 
0.04511306760175009 
0.5613347679747702 
0.1609147043243374 
-0.3291489529701691 
0.03535575627239672 
-0.2112379604043954 
-0.1604618452012256 
-0.3891698966888701 
0.007808452790231346 
0.03629307857471321 
1.093488683941351 
-0.3439043867689616 
0.3627245830913399 
-0.04263371392954927 
-0.07409908677724979 
-1.025928055914777 
-2.133495728597243 
-0.00291556870780037 
-0.5056421024198029 
-0.51620861596848 
0.7347545285425446 
0.1966070349185206 
0.2825805735328557 
-0.01248868070774281 
0.2613886901537855 
1.0213783388118 
0.652851914673355 
0.09809496217867589 
-0.2722647723937688 
0.5976654941418106 
0.5640159364207884 
0.6883805826600787 
0.4865405313611129 
-0.08575073492788633 
-0.04207738520050406 
0.5437888131157048 
-0.7712354662496339 
-0.4774976019251623 
0.3043542671547008 
-0.7241716980621213 
0.05369938867628601 
-0.4219074922030411 
-0.3214081720290238 
-0.6881278189621985 
-1.312797814471955 
-0.08065209228060982 
-0.06732579338137176 
-1.462708810355331 
-0.593827567038351 
0.9572953748111158 
0.1202165382214193 
0.4862496912180744 
-0.1872952269818212 
-0.05092692980999725 
-0.5330781737928143 
0.4369032741579868 
-0.09314819884803002 
-0.1501436027166497 
0.09990814634687684 
-2.364739957583405 
-0.03953789671082825 
-0.0239384159840204 
1.593396482790679 
-0.6855324323190068 
0.06738568301890861 
-0.737828938761475 
0.3033119320663354 
0.05213321974532814 
-1.259181381714757 
0.06995971921547908 
0.2991578861116022 
0.04275497358675565 
-0.6936562584189089 
-0.09024593415657979 
-0.2887413082197353 
0.375434875167096 
0.6870962646407649 
0.03490591994451769 
-0.08302020919281385 
0.3403099942667421 
-0.4929406932347653 
0.08937639610667569 
-0.9379370214261077 
0.2433489901316717 
-0.1306675243052476 
1.271034886561551 
-0.7511963520835749 
-0.3677190098200225 
0.5140179630072857 
0.01394085815657258 
0.0157950795543518 
-0.7064452362813796 
0.3179215175428579 
-0.08925371491388547 
0.8274166248846482 
-0.1109715593940863 
-0.8585275549028453 
-0.02237218713879139 
0.4829495984166514 
0.6315319791966149 
-0.6213322285341232 
-0.3878920237947979 
0.04709951173058472 
0.2600189583492514 
0.2421374344272031 
1.165414927977592 
-0.7953746746976008 
0.1542573638341038 
2.03711137940416 
-0.9830941668379335 
2.40931577985388 
0.1779945901275693 
-1.625627727046571 
0.6022109002206258 
-0.466700720610968 
0.378619580724542 
0.2318692166385306 
-0.4473248941543178 
-0.2728372014580743 
-0.1690767491899393 
0.2455983912836332 
1.563809553468733 
-0.1982793691473924 
0.1955366463696988 
-0.2198313569873634 
0.3835406845696945 
0.859560505595254 
0.2016584801750386 
0.2858022019082325 
-0.8377541545006976 
-1.445351211632296 
0.738382864516383 
-0.992085799009037 
1.103918800335257 
0.8488878745912771 
-0.3345394385267204 
0.3820170844940083 
-0.05783570221495155 
0.196645686979445 
0.232829189571209 
-0.3828787574831764 
0.5276884407083485 
-0.1245733755941775 
0.1586954794773559 
-0.4164508425926681 
0.2054524713167239 
1.096629322547908 
0.03267884572232481 
-1.288122217377446 
-0.1250707455274946 
0.7388402026262924 
0.1968330839413931 
-0.5590831538678245 
0.04478374299794406 
-0.6642742599063353 
0.9991647842262203 
0.7043490170727214 
-2.623793048018803 
0.4383126590005929 
-0.1664059613138395 
0.2214229759931838 
0.332400735360487 
0.2041769217453157 
0.004465113223592723 
0.2053344071136999 
0.07575908024825903 
0.5304125836832569 
-0.1315808152860732 
-0.307315923532794 
2.430539585366033 
0.3325781048427975 
-0.8064055888784109 
-0.8912546140657183 
-0.1607188714461169 
0.04205440066797666 
-0.9909001042180284 
0.2100174158036722 
0.2952913771259733 
0.1487245384632526 
0.0133220453059735 
0.6099847834038511 
-0.5368414569132375 
-0.3963569569359166 
0.9010231643125834 
-0.01679764084458667 
-0.04608004755817893 
-0.6419282762856102 
0.06861963209022746 
0.5152622155613762 
-1.297962074171985 
-0.3773694000214983 
0.5052399140781489 
0.2330113704614979 
0.6719269990463703 
-0.05432135952494031 
0.05569167959040915 
0.3477240503057545 
0.1397446648237985 
-0.4940255254536726 
0.01848738357028884 
0.170847926311208 
0.6425972931452132 
-0.4881848703616487 
0.5749607706909536 
-0.3047537942810564 
0.7511243385781624 
0.1590850735973448 
0.01343985774760368 
0.336484811203432 
0.9369857063829806 
0.004022564872741322 
-0.08671445603794453 
0.06038902542884815 
-0.07002526030939529 
-0.7988975201290248 
-0.5417464972504389 
0.4148975050141147 
0.1566642160275967 
2.291191805235803 
0.05383376279186954 
-0.009461296594985085 
0.03999043008650131 
-0.6660692590576597 
0.1925978332653003 
-0.3894009975038616 
-0.6783865733146529 
-0.146834626756936 
0.3206446493207757 
0.004801685647306148 
0.3516381644214746 
0.3699431694292931 
-0.9700424135383851 
0.5797571337106989 
1.299691919910762 
0.2086991568584614 
0.268992167845406 
-0.2240930030489527 
0.1988661181288172 
-0.4144772528885261 
0.4671419303067928 
-0.004109070271293857 
0.1249064125667964 
-0.2165727061283588 
0.3046482467229922 
0.02534333461856243 
0.2059417109312029 
-1.670278515561067 
0.02290414405451317 
-1.717558467777307 
0.3098578995725805 
1.486814547602257 
0.07690679011620169 
-0.2692727851808889 
0.1775900121790712 
0.2831738538328271 
1.607810019890256 
-0.06860049951239196 
1.161297361099447 
0.1229717317721559 
0.3866670631313531 
0.3156303682554433 
0.5181983070246162 
-2.747798543042601 
-0.6546293534150406 
-0.4658092717310353 
0.05411769924714745 
0.1736019403028505 
0.06195427289837952 
1.464867039607868 
-0.03605318066570959 
1.384471345635025 
-0.02699167706242704 
0.4179298177739685 
0.8934010231440151 
-0.2544086180014135 
0.3111609739098454 
0.2806546925751165 
0.07241632992382308 
-0.05964203742440878 
-0.3659211949254028 
0.541090501274387 
-0.2392487677896195 
1.095865406291733 
0.1717177301377543 
0.3821330678352586 
-0.09526384751729863 
-0.1737830624170949 
-0.4511141914135631 
-0.009807323360683325 
0.603042864724666 
0.151321212074582 
0.4394001076863617 
1.455576180265168 
0.2485558861373521 
-0.2346436231401756 
0.1256476395681659 
0.01831644390536888 
-0.07558119889834028 
0.01165378827374521 
0.5110119227817862 
-1.326241636575319 
0.08215170344556377 
-0.06096688857389479 
-0.376149880079906 
0.1416109043873872 
0.00605151097783285 
-0.5730613011623902 
-0.07564943655363716 
-0.3717487646695017 
0.2490810089956111 
0.06496107946673273 
0.1445416408430547 
0.3834382177004758 
-0.3608060395842641 
-0.5766633691924815 
-0.09883611717031135 
-0.3699646663610495 
1.04426701977741 
0.09131137649772908 
0.1031006728510152 
0.1502796117422466 
0.361045458599536 
-0.2476851273680432 
0.4380870541611135 
-0.0211336853506818 
-0.06355427450882456 
0.8824105499105261 
1.023458562067868 
-0.2589675674373533 
0.0644331783448843 
1.310955426185741 
0.004411352804187587 
-0.02818483028436295 
-0.09569422069947778 
0.8189433594027734 
0.3299424028356568 
-0.1575273544774006 
0.01696099293345565 
0.04535725800121027 
0.3449359237871615 
0.4653578781615168 
-0.2092144028082799 
0.3628584869201665 
0.05123608264373918 
2.467085810226542 
-0.2278445010425743 
1.222141425785609 
0.1450699736058002 
0.1345808410672936 
0.4074032293961563 
0.04240952669821171 
0.7935330441025944 
1.307565367395006 
0.4617911364652201 
0.03863450487241962 
0.148215672288446 
-0.06846408071800865 
-0.7825561819049612 
-0.06461888231228816 
0.345130009667798 
-0.7619534704320488 
0.07589503566391909 
-0.077692131364319 
0.2898189843830251 
-0.4512950147762286 
-0.0566651366910139 
0.04007018410031807 
0.1029216826155008 
0.729611883770569 
0.01500536411612025 
-0.2618653364581277 
0.2078165778521853 
0.7922881252735343 
0.01208902840477056 
0.08754797354608845 
0.1862580677368467 
0.07106567643215383 
0.0006387789915775405 
0.6456518322234932 
0.1041084517122322 
0.1568282881672278 
0.6178791196739325 
-0.1264132886381854 
1.954761102559874 
-0.09746832915070121 
-0.0008294536889498271 
0.125418780261657 
0.1404827669164524 
0.1779295144627507 
0.275549610096593 
-0.4985506143846038 
2.313247245842905 
0.589602598592822 
-0.1478617130576982 
-0.2842378436155806 
-0.5198425951050614 
0.02249543546550466 
0.03044736383804739 
0.7224176324462837 
0.8125091924469288 
0.4571934276368751 
3.014874118260381 
0.4544414651202338 
0.5910204478316174 
-0.08888195975267833 
-0.8566649683930319 
-0.00317195992562051 
0.1370091344581619 
0.1467884177004627 
0.1051763388297948 
-0.02744871443178798 
0.5658785222356038 
0.2136552520022487 
0.9851598582660674 
0.5602584863356778 
-0.1821223380153583 
-0.3056316647915992 
-2.180468997888747 
-0.05379203285921905 
-1.450224728243133 
0.5374569391618179 
-0.08967741681220238 
0.07577512382430664 
-0.2087477432829327 
0.1117230128994271 
0.6167448739979697 
0.6714849840958729 
0.9426778347935888 
0.249287976101269 
-0.02912967531471889 
0.4875757208146395 
0.264344447768036 
-0.01935627366798987 
0.03989413662449048 
-0.02653922538068077 
1.04495466400213 
0.2931796817272496 
0.03316647131448425 
0.4001804219617279 
0.3722638778373623 
0.1078509248534557 
-0.2243315565267674 
0.03255021372815017 
-0.4601560596873393 
1.091173808017282 
0.2185205287594881 
0.1463277430437956 
-0.2205487041725259 
1.074462148692652 
-0.09920311154139436 
-0.009075037811468576 
-0.9460862419898645 
-0.1787988009795057 
-0.5423981771964582 
-1.00448411935251 
0.03118503480010849 
-0.4296033952172166 
0.0774848701173001 
0.07860257035407486 
-2.538546376780484 
-0.06244713500286881 
-0.1898139513356705 
0.04247552919216558 
-0.1564499640766119 
-0.05220271321973918 
-0.1732662765763723 
0.1196974080373502 
0.4125167294355289 
0.02224563745562376 
0.3126826955977885 
0.3601030193410131 
-0.2525640552433991 
-0.2143402177193073 
-0.09661460898933659 
0.007314736081995549 
-0.1187106500888712 
-1.202296901573823 
0.07889946709020225 
-0.05073382663437925 
0.1939378748320703 
1.189616178543488 
-0.1946712466756201 
-0.007263692768700625 
-0.1552715473253061 
-0.1359684752673381 
0.9431888035744309 
0.6539882767363733 
0.9364269967157465 
2.296323530316555 
-0.2239030596453402 
-0.01767626965672777 
0.2590370692446711 
0.182715775333063 
0.8273180967736158 
1.967103715952549 
-0.2216232083645313 
0.03736057680548894 
-0.1127152659094909 
-0.05986430094329076 
0.4271187832712272 
0.04429604784314883 
0.2614982785945243 
-0.1394332571233943 
0.02849889746783377 
0.2397620346904372 
1.025925385298487 
0.368155375563917 
-0.02541478049951479 
0.0574765412077385 
0.6228850635450732 
-0.2274341124758385 
0.1956654582641066 
0 
0.5622224416700954 
-0.5181205787098766 
-0.175306951849793 
0.2652761199043847 
-0.1378614543054506 
0.01761587143360504 
0.4491687073927573 
0.3657914741851407 
-0.06785281631931009 
-0.08346471674676326 
0.1246128260187175 
-0.0297538842191057 
0.01241884087995957 
0.1748152765457976 
1.103339255075587 
0.004543238647164194 
0.7743728846551751 
-0.2241588970544965 
0.2872720962183558 
0.3600298478285535 
0.2312479153776061 
-0.07479935693132411 
0.03449420029936304 
0.1182106903136612 
-0.04697760655975938 
0.3179372509432842 
-0.7929862095344751 
-0.982182255573768 
-0.3954927760676015 
-0.1078144766034339 
0.4105649595657709 
-0.176174377950371 
0.5104044687099987 
0.2309462457211474 
-0.3051563155804474 
0.8179607408792592 
0.01711877558683494 
-0.1955632291128724 
0.01137859490135189 
-0.1538209635071138 
0.5329030729529802 
1.650503674818791 
0.140591070772434 
-0.08079385130984276 
-0.1753916140988834 
0.6420446534729635 
-0.2468119498622713 
0.7136770147745179 
0.4225474080436596 
0.5245211881460889 
0.7709579151792786 
0.2518699694661349 
-0.3145128259058874 
-0.1212712695621103 
0.01612982043383366 
2.587523193133963 
0 
-1.898762919514348 
-0.1470779585651843 
-0.02622111199719063 
0.8338040158465754 
-1.342152712320395 
-0.4831152896673731 
-0.09959624642132665 
-0.5352954146461438 
1.922093850713607 
-0.4001221161737873 
0.3609330045996418 
0.7940351862120772 
-0.1522688158459851 
-0.5301234398710534 
-0.1400503204347255 
0.3168084163448098 
0.09906622282350704 
-0.2043213212428158 
0.02293806209749029 
-0.06941289440792257 
-0.3962947852890262 
0.1565475884930719 
-0.4262527343044313 
-0.3387661754889239 
0.08007277472416124 
-0.02020519825455542 
1.299625033219774 
0.01134011187086777 
0.3517901249301003 
0.2476647719710872 
-1.535506712192658 
0.2051138696561678 
-0.863484509553644 
0.211349516915866 
-0.3227447224411479 
0.5083145604547173 
-0.4913205332543006 
0.03217304750908723 
0.4017016355556991 
0.4541429943314686 
0 
3.853850325167069 
0.3285282398349253 
0.03150682528260101 
-0.0604067450069049 
-1.967179640520461 
0.7157742854776857 
0.2654329783250615 
-0.3275735678564164 
-0.2983171158093109 
-0.00309901174664041 
0.02370839931414368 
-0.9634321356899938 
-0.6326110583116455 
-0.1003884377849378 
-0.007472564308661028 
0.01243883609032718 
-0.2762198186969939 
0.1069635781728878 
-0.02530716113315875 
0.494850834122906 
-1.353941409055757 
0.1293029334519066 
0.2455988602355856 
0.09648509951184524 
-0.24918083603778 
0.003332397804258595 
-0.04835675413034296 
1.744810530099072 
-0.1327933330560524 
-0.1349559611550123 
0.02488141793384118 
-0.1995812999157672 
0.9691271409291914 
-0.06399984809056798 
0.2255051251719901 
-0.1639192877520207 
0.3954269864017249 
-0.3110985128299228 
0.7801079880384871 
0.03199289165617405 
0.40954444312074 
0.1812091593354754 
-0.6161884711857817 
-0.1672605076351621 
-1.148114108868817 
0.01706574299529157 
0.2593584820367193 
-0.03153485390390236 
-0.008805457536917746 
-0.1758687340506518 
0.4315989159140835 
-0.4313305159889749 
0.5688485052568915 
0.05745996157359253 
0.04068519756954522 
0.4330325564077182 
0.001799417499559074 
0.1852749542164107 
0.2967263493278655 
0.8149877538043302 
-0.4901140860262626 
0.1832775420771191 
-0.108916978286013 
-0.2040481053886439 
0.01601076556142356 
-0.6768910357173074 
-1.0203195589097 
0.03900852060260993 
-0.533046607997647 
0.03981362172641585 
-0.2581918750346884 
0.1063313372860785 
-0.2186396311417864 
0.003586469831225541 
-0.129929749401287 
0.578437176557112 
0.1798624790074008 
-0.4298316755692473 
0.3200639923842734 
-0.3362277932047975 
-0.05751134788737989 
0 
-0.0969644008032509 
-0.1578245469163404 
-0.03251808773654057 
0.1179591196592215 
0.5938950407922492 
0.004480509031216287 
0.1853469872113622 
1.459123992085593 
1.191573943821134 
0.8912161950430474 
0.05615232933511023 
0.4516307237781255 
0.8315241408282121 
2.802532948321027 
-0.01561279916014562 
0.3582416342861268 
0.06011785621208167 
0.0963651119339017 
0.1534021643694162 
0.1122321805071706 
0.004295550716182516 
-0.2037549243693627 
-0.3911008960223194 
0.3440038939640211 
0.4163711841602322 
-0.1288027336256513 
0.1090602760831465 
0.07240612089674357 
0.1638071336457562 
0.3583116970072326 
-0.221845728809337 
0.04017743027727714 
-0.2549179091781624 
-0.2449948848304442 
-0.07676094647225531 
-0.2323501554700743 
-0.01860794237311173 
0.08144256504264862 
4.758943761538071 
-0.1442823426591071 
-0.03462172947227164 
-0.07455688739575668 
0.6625562669948935 
0.1177887830862194 
0.03738115644144159 
-0.278042011452978 
-0.5567045202650107 
1.450523684863365 
0.3640524075314165 
0.8565390389605969 
-0.08528642546158823 
1.729815826974738 
-1.226860502783863 
-0.1024141367589773 
-0.0123733132623303 
0.01815668056535485 
-0.1212490681522763 
0.2303116022807791 
-0.08068735006417756 
-0.1014976052252793 
-0.7853341972967619 
-0.8523960258536337 
-1.295366330436656 
0.730400749134957 
0.1123659609043444 
0 
-0.9935870004643973 
-0.3955663152243041 
0.2819976292762484 
0.2452809725298408 
-0.1763504268471857 
0.01789363039762747 
-0.1519507314604401 
0.389376033383064 
0.1979539614662857 
0.2375257677532304 
-0.001109033092429324 
0.4537502015959977 
0.4058371787385115 
-0.437195043205365 
-0.1118830781322978 
-1.441754130636077 
0.4626151697749013 
-0.193728433059706 
0.1764477322411608 
-0.2845191101622064 
-0.2749456656185648 
0.2231977886452101 
0.732298198487955 
0.03296569609153346 
0.03425101785382501 
-0.02451067210147446 
-0.08332751450995467 
-0.03615668832320452 
-0.3735339843527078 
0.1568931516820025 
0 
-1.012788972721891 
0.1105419545471941 
0.01653128610662222 
0.3042712154731777 
-0.7956074189925618 
0.04601352403339849 
-0.003199908256713955 
0.3360784350663749 
0.08870140902367808 
-0.0164997744924842 
0.4456290646357321 
0.7568696816581093 
2.033680045400768 
0.3568362516644076 
0.1255034565659633 
-0.9013840413522648 
-0.03529041532765955 
-0.003074218983584468 
1.139968861819229 
0.03435576487744348 
0.1099370245736454 
0.3818287941766788 
-0.08022612756216975 
1.111574927754035 
0.02177257144231836 
0.53331257940361 
-0.04680075639940917 
-0.2097068178593666 
-0.229459513929134 
0.50147964753095 
-0.07617957591323485 
-0.7366282174183737 
-0.0002416843455125022 
0.3563387643858428 
0.3338552813191151 
0 
0.3616233519932198 
0.1298409862404399 
-0.4560163613603919 
0.7473649209755016 
0.5633744663799248 
-0.2477961798147912 
0.129724932701762 
0 
0.6253796971615604 
0.5152574599089267 
0.103657883845181 
0.08430439276588708 
0.307584045903995 
0.4545701965066702 
-0.4592553144012613 
-0.6898573467888147 
-0.580572403426414 
-0.2346565704395713 
-0.1933603479455469 
0.04420076790884174 
-0.666669503542584 
0.0227474317867833 
0.3984109865268551 
0.08539563798323818 
0.2556539099633241 
-0.6759721864877911 
0.1330408681671812 
-0.3186366052240875 
-0.5490211405050731 
0.1320293469700905 
0.04612431169681982 
0 
0.1366760787194836 
0.2091518001523655 
0.3498777340340797 
0.1293842817050087 
-0.07910879051273673 
0.1605603443903672 
0.04579065599933555 
-0.02455686747946722 
0.3980618758986531 
0.1735579829103695 
-0.6716095935574486 
0.7668642615615784 
0.001792862581112314 
-0.0378732326211834 
0.001773244682987307 
0.2322782660940199 
0.006284042458366751 
0.1354723833029252 
-0.5845595963221146 
0.1161702013281502 
0.2588734076789483 
0.3985959928142398 
-0.6507764134657235 
0.441294140963561 
-0.08241527076675592 
0.9568461314600932 
0.6651037779480087 
0.236475527710629 
-0.1722307266458287 
-0.6341074027295317 
0.2553752703222853 
0.5964768084431532 
0.7964720594924743 
0.067604965178792 
-1.254960793256121 
0.9904618518912899 
-0.03448270036694016 
0.7703474260371942 
0.02042749149482552 
0.0617718778417423 
-0.09709795972545034 
-0.3046991492673272 
-0.04380898756960214 
-0.5158543554667205 
0.3246993916028271 
-1.880772185866236 
-0.00695239176520296 
0.2934643637174602 
-0.1703451630258546 
0.03384946272787026 
0.05364402522685992 
0.624039239337996 
-1.223135321033741 
0.04548008572432917 
-0.1608767434384898 
-0.1533743145083203 
0 
-3.644331081298455 
-0.8086243907398107 
0.09147234655393144 
-0.006108217573021088 
-0.1268822478455323 
-0.2520076482197594 
1.166470662862229 
-0.866307432319009 
0.07187836697585787 
-0.4915781313882433 
0.30527052460677 
-0.3312033649418029 
0.06199023104824341 
-0.1264027677501412 
-0.5238861820027452 
-0.6426077542363945 
-0.01013338683460978 
-0.1731284307547093 
0.6253646501248343 
0.2330529501372156 
0.4988412157708753 
0.8593480212523272 
0.1628188473886017 
-0.2950417270884995 
0.1470150336485967 
0.6819711554801565 
0.2248333953141929 
-0.433741035544472 
-0.1405074774342403 
-0.004749928038398079 
0.2042397351319264 
0.9506439519584683 
0.2573850673925142 
0.3945210037559256 
-0.642968570790532 
0.5243262053166302 
0.1863445440061026 
0.1964811976909112 
0.6207410520556637 
-0.1553408664823583 
-0.1505540238712338 
-0.6308374209758257 
0.06267514108799313 
-0.004380481312422389 
-0.6595548921944009 
0.8178221503724922 
0.4126420164974869 
-0.05228531573454879 
-0.08685313773347259 
-0.4631630037107392 
-0.03619913062429684 
0.3659765085871365 
0.2478441995525728 
-0.08419637744185655 
-0.8415766298891987 
0.2470668851685656 
-0.0476495206250727 
0.7591104730411176 
0 
-0.3536410070360313 
-0.2513899001445015 
-0.2087358993936624 
0.36963543387677 
-0.523783445451975 
0.6502151612566343 
-0.01574565695358097 
0 
0.4040553528575094 
1.079431253780979 
0.09101052905326043 
0.2609731931495415 
0.587342017757277 
0.009871877882927156 
0.1369610364227531 
0.1587630412774668 
-0.05672930095706563 
-0.06307564978851823 
0.3061659677807894 
-0.1147329610001121 
0.02673261179406467 
0.1581463658134264 
0.3869200803949067 
0.09083363966249507 
-0.09395494400738549 
-0.8973894135992685 
-0.1037960158675011 
0.2143953066257261 
0.5891515513386855 
0.4100114900755878 
-0.1283040861534261 
-0.01921056370247201 
-0.6948006239794499 
0.2437781603560369 
-0.3501549310599173 
-0.1195128154816268 
0.326861091516214 
-0.05888163908553039 
-0.4049429409205973 
0.06993285553342489 
-0.1280100488174876 
0.1672195175663253 
0.1059512078209604 
0.1750771660696809 
-0.1998813929655763 
0.4878348018909211 
-0.2573863248389348 
-0.2626033120282049 
-0.04033612345763572 
-0.05958337444669551 
-0.0316814203197912 
0.06507820645073793 
0.1535641741690628 
-0.1118994600700223 
-0.9120470446466425 
0.2297449560620726 
-0.03269056747656301 
-2.996042114613212e-06 
0.3135345404579666 
0.5796367451621866 
-0.008455944302491953 
0.2819459575102373 
0.3043514727279726 
-0.1598002053532118 
-1.100797581848643 
-0.2078312772679612 
0.03786291681645341 
0.3791860157929574 
0.1721571413853952 
-0.6212978236963705 
-0.503572065141644 
0.3286793232415028 
0.5063370277057663 
0.01955082127300218 
-1.038236946440726 
0.4893378737237599 
-0.9633554894734828 
-0.4029227456448426 
-1.302395048605427 
-0.5756680071080197 
0.3724573254635611 
-0.2506030129124817 
0.2208058596468839 
0.0741847952165372 
-0.1773867612334539 
0.2130794486459223 
0.5913593156482666 
-0.6925845250633318 
2.168404344971009e-19 
-0.9034461116511664 
-0.06961526991999321 
-0.03221887807305675 
0.1079667520855991 
-0.7016237653966012 
0.2188538293616021 
0.0004504221916996363 
-0.253818766786194 
-0.3475472929309837 
-0.01733853112226987 
0.8325304958206273 
0.8021869171491611 
-0.5835938248809438 
-0.06533679162974033 
0.1603285060066333 
0.1842297365708576 
4.336808689942018e-19 
0.5330853362111811 
0.3427735736641175 
-0.2152749767449957 
-0.0001069066266191839 
0.4358167317375466 
-0.09437330772785137 
-0.1596748593809902 
-0.4069237037149637 
0.3850871365295438 
0.1440551404490213 
0.0307891876040804 
-0.3826968656451588 
1.033382196595612 
-0.01923412587849245 
-0.4701152819208498 
0.0301247599968827 
-0.2941822457311392 
-0.09497431151409633 
0.01804388938328028 
0.262005860674267 
0.3342339612735627 
0.00137608815206551 
0.3267771884016704 
-0.4910583061909649 
0 
0.8683224113566287 
0.29942138575462 
-0.2303099008551233 
0.1730806773641143 
-1.031581392602038 
0.5993280627409631 
0.1501009761356683 
-0.6887755838978106 
-0.8211807472314899 
-0.6197327578778847 
-0.4395808329051953 
-0.6221504722817336 
-0.2444419744764547 
0.09210429209392434 
0.006248591429409649 
0.3296531888822314 
-0.01875758463119816 
2.059984127722458e-18 
0.2581194373091737 
1.42529170233315 
0.4711295557918068 
0.01584466691312849 
-0.004239478004998899 
-0.09969891816696987 
-0.2233402987703089 
-0.4804984192189717 
-0.3616800300593588 
0 
1.030551842074811 
0.2030391667043798 
-0.05097738516808816 
-0.2326269274772302 
-0.3225236461048383 
0.6471437620058325 
0.7111216687766987 
0.2164385758227506 
0.6340529610326527 
0.02835442558721566 
0.01862356242707125 
-0.1651291706282926 
-0.5716011603393431 
1.239548630064882 
-0.7113757700417307 
0.01298158866779564 
0.1810764250477922 
0.8716187587386017 
-0.3153295741316163 
-0.4385728869803942 
-0.7343712860298789 
0.5464226697520244 
0.1986419913982045 
0.1755384536377781 
-0.2894641897358861 
0.1711647172558289 
0.09472957081705415 
-0.05644951171549888 
0.007876282964845237 
0.8071269654556036 
0.3078105094807462 
-0.07315982223967099 
-0.1795983983143331 
1.166841230214935 
0.2288452470925882 
0.2477102487295448 
0.06327893614288059 
0.1476077403393702 
0.004464896660821979 
0.2792946690810538 
-0.4665038202446834 
-0.03771230938732098 
-1.16673452891794 
0.3374489102363443 
0 
0.04766351677586072 
-0.2349451826837669 
-0.05515014895370815 
-0.2418392958428308 
-0.9995572040485444 
-0.05684425439800124 
0.0006613667808167872 
-0.2530173291924007 
0.0882738753833839 
0.1918204778643451 
-0.854635835210948 
-0.7318479318990728 
0.5700351116617859 
-0.0467557045944134 
-0.005060184440816987 
-0.006252929643840617 
0.5751692203588459 
0.2489290257633115 
-0.3452031900398667 
-0.1593717602342437 
0.2513133092296773 
0 
-0.1130974477203757 
0.12336872568867 
-0.0001502792679394349 
0.1649453480966292 
0.7498249234810318 
0.4208688399576931 
-0.3517337153890449 
0.3539491450368226 
-0.3757123212764805 
0.02806414912651212 
-0.3850010423479908 
0.5174712512386157 
0.9822113538894915 
0.1129452201631457 
-0.5188149902642862 
0.1330395819311544 
-0.01454755974470225 
-0.003607203257419834 
0.6053985975206997 
0.4562134118878581 
0.4430926174633967 
-0.2249869529016731 
0.5535288306233405 
0.4349411020344265 
0.862269752231312 
0.5371613874579522 
-0.273645470737149 
0.604626872780767 
-1.115997333424925 
-0.2358112641201664 
0.3582464628207361 
-0.08193962112105177 
-0.3349735498603534 
0.1804112966980131 
-0.0808893089352416 
0.1178766701067109 
-0.1830000057071097 
-0.4472404825789218 
0.2348102607563972 
-0.2667356565080419 
-0.1372376104259935 
-0.01867314706270052 
0.2483978786928032 
0.3190998369354533 
-0.03322704905482793 
0.4679422174416658 
0.04877310209537553 
0.3014971579732588 
0.1554192084154749 
0.3721816703496491 
0.04611834133568821 
0.2275902453165912 
0.1603146341782457 
0.3679332250091035 
-0.07045596298985961 
0.8111992139338023 
0.2217920582059903 
-0.3919575689994117 
0.7566734828435926 
-0.1622809199947059 
-0.3127671642846986 
0 
-0.05881719429508129 
-0.00553852624457521 
0.06500999746441409 
0.6514028250349316 
0.6953701157004147 
0.02653414107402566 
-0.4715124757860952 
0.01075269122501848 
0.002269711422714856 
0.442941717093232 
-1.394586552466023 
0.2146672126523491 
-0.837464736546655 
0.5783112772359388 
0.1702920071899129 
-0.2104205076297249 
-0.7011910247895202 
-0.4020160845708008 
0.5968725472539007 
0.01932203709439793 
0.4530264748231521 
-0.6804066525769997 
0.3813913778161837 
0.07309156052783543 
0.06565391613143727 
-0.4545053097653909 
-0.09586272291838305 
-0.3782538535786819 
0.153095465070326 
0.05344660831349241 
-0.214553609923902 
0.07884357688584825 
0.6438553965481301 
0.814775058379082 
1.054214792519261 
0.5909070563799075 
-0.310816481182217 
-0.03947165029093024 
0.6279805430454232 
0.3137060194489382 
-0.01736308845188122 
0.3990381649668177 
-0.06290366100588414 
-0.5004008076680635 
0.02299688341478787 
-0.03083597239127077 
-0.02253434891604573 
0.2890014766388816 
0.00773159892921072 
-1.067645925706767 
-0.04840950243499067 
0.9585906057518236 
0.1204785257077366 
0.5480547505569616 
0.6381770915660373 
-0.293513276587462 
-0.2501004514610177 
0.4141680019148019 
0 
0.06279020805491027 
1.189438679186656 
0.1605926679159611 
-0.2854136048679353 
0.5102075526705151 
-0.02520929349479183 
0.1353574767934797 
0.3509060116308704 
0.09752048079431659 
0.05707476222715369 
0.2209221212950483 
0.2020989634878861 
0.6259290222221489 
0.5021613200465583 
0.5736315308232869 
-1.711604789326225 
0.2750152768959837 
0.03531834256615359 
-0.007068758950457553 
0.2546512049029826 
-0.04398873578183567 
-0.3877422144079701 
0.08333715759092196 
-0.2147784568197861 
-0.04441067324695053 
-0.766231608368556 
1.761832372274188 
0.05048598924296337 
-0.2023354355794909 
0.6629439328582584 
-0.4853345597168285 
1.081429836593945 
-0.05083228235258435 
-0.01618161782286585 
-8.673617379884035e-19 
0.1781407578922573 
0.06013580144737222 
0.4222987610445753 
0.3497151256765828 
-0.06771832803574013 
-0.02718647755177614 
0.03158834656258878 
0.1864735574514367 
-0.3878746660818968 
0.1980917508183824 
-0.004810054946531457 
0 
0.4914327030393284 
0.08310318336349991 
-0.05776890573922404 
-0.5770702768592149 
-0.8320281435076127 
-0.0636547350516229 
0.04554871176974877 
0.497624843774937 
0.005147034799275018 
0.1715340504207834 
0.4164163149980896 
0.07973235721777576 
-0.9578299761385519 
0.0708698538706287 
-0.2163756387606262 
-0.4825599743918532 
0.07745691883910384 
-0.4543819043459227 
0.09748413787462762 
0.08225452018451716 
0.009049502516895272 
-0.07371626489860029 
0.3804502461495565 
0.002772506570292818 
0.6470155422478616 
-0.1597473582312012 
0.2713341260363576 
0.7531085878918345 
0.09365026004162898 
0.08717431974418299 
0.01009873043035055 
1.187986172674522 
0.2620522489634755 
-0.01282833085487704 
-0.3318979482772214 
0.04170559523600649 
0.3744143370661059 
-0.0687445061446018 
0.4295098923289353 
-0.004621595189225856 
-0.4942098722182 
1.125656683425291 
-0.6610049419749819 
-0.4510646923528279 
-0.1230489444452122 
1.882375525183236 
0 
-0.1089887240886853 
-0.1887368556274216 
-0.4639771291656529 
-0.2004401488317389 
0.1122160833741721 
0.07498853145837607 
0.006028668405722321 
-0.5239160883538587 
0.009045276841156814 
-0.2961697436464385 
0 
0.1199967785850298 
0.1424437740435837 
0.2500659956462493 
0.2525172233914004 
0.2849671232791594 
0.7245719703240802 
-0.05991200027278302 
-0.2696625388724078 
1.030475894840976 
-0.02776980819007865 
1.055754701230438 
0.3588326097953113 
0.4907147809643291 
-0.1088224874797745 
-0.7844172663127812 
-0.7208889729751993 
0.1748679154944169 
0.8180141866932765 
0.1235266141002729 
0.2335888917109995 
0.1252391621528038 
0.0681443144824356 
0.002696077269913831 
-0.7284574919434548 
-0.09314416466646992 
-0.250077399848328 
0.2759342247619198 
-0.320551077250487 
6.505213034913027e-19 
0.9623479907407394 
0.02883962212994388 
0.3285406125319934 
0.6745239181884689 
-0.04500041469930036 
-0.4924904072012197 
0.1611859413757503 
0.2112561295737524 
-0.02797648165848556 
-0.09496582594716456 
0.5005943016922001 
-0.869001695026392 
0.1094008808138699 
-0.5661907124031144 
0.5352951048269579 
-0.3719323186476249 
-0.3178982618358167 
-0.3067755503100969 
-0.000542046725942303 
0.384830578493621 
0.543239049443378 
-0.1996499466969119 
0.9946224602031294 
-0.6468812288791029 
-0.001703897659517927 
-0.1992516438108693 
-0.3789718668991205 
0.06974230348623116 
0.103831802097131 
-0.1040051378283208 
-0.2186952528790459 
0.1895145024624685 
-0.2020151464697468 
-0.3562360069258886 
1.332394959845143 
-0.1671629614657539 
0.6833184355526383 
-0.3061218081531599 
0.01588302538464551 
0.3500567562176652 
-0.6564117012006987 
-0.00622262282833867 
0.648817222292135 
0.9676421920684628 
0 
0.02396913235274526 
-0.1754226237426727 
0.5853693160418926 
0.1800650422873594 
0.4610425126097997 
0.01715253597843584 
0.03292680562723043 
0.1273793903387974 
-0.08614397029978402 
0.5212980549296834 
-0.04279192141992737 
-0.4321661835596087 
0 
-0.507115750131986 
0.2499239059089079 
0.2934985709488611 
0 
0 
0.3144028293690819 
0.499227165713055 
-0.3046789717684952 
-0.009256269393957668 
0.5194035907271261 
-0.3992586719852713 
-0.4874771622587344 
0.5163228058288909 
-0.3264231296513538 
0.006377430725090924 
0.2459791308615245 
0.2647257802861461 
-0.2010714989473238 
0.06258450973474564 
0.5636012525067843 
0.02535772856934156 
0.03914617630470928 
0.3695510261564246 
0.0004530639215938139 
-0.1424644281213695 
-0.08531176909888875 
0.2149660540781373 
0.03201524790733424 
0.3635388784318934 
0.3723371771022804 
0.6464003393095125 
0.003395329902088075 
0.08696234192753993 
-0.000873596758490764 
-0.0004433445049408458 
0.2852266806040663 
-0.07258636515160952 
0.4394508122318168 
0.1736534870838036 
0.075183504653106 
0.208268361337683 
0.1301131283858444 
0.06813501194720689 
2.247172079976077 
0.2550119522724478 
0.01975450089546257 
0.4282250376016281 
-0.1628415657329851 
0.2601578399682661 
0.1738958088333806 
-0.1307543310731665 
-0.08281112821697259 
0.04496239868340979 
-0.007566543252945443 
0.1909851119549782 
0.3751099869891107 
0 
0.8639528411504568 
1.323946450851962 
0.09628288836262053 
0.09502901683178162 
-0.05136940396962459 
0.06754824458191287 
0.04153917774126015 
0.04998309336694241 
0 
0.1012684924346797 
-0.2604529125622425 
0.5994846794972499 
0.008267946912940518 
0.368539570609351 
0.2113647894133424 
0.5564440234854444 
-0.1707352778570241 
-0.01672483592572631 
0 
0.08425914121617795 
0.5796300245015056 
0.05625165473859021 
-0.06484480260316955 
-0.09361013421899347 
0 
0 
-0.0158819328620041 
0.7835487352256693 
0.1859773169244855 
-0.2434406281062513 
0.5240830620644868 
1.53986777760798 
0.06852577952523081 
0.05544567090734379 
-0.02475145725929477 
0.1359777098219272 
0.3025938014849124 
-0.218008201551402 
-1.294301124979234 
-0.2796010516755491 
0 
0.3997964735662198 
0.2649659810108979 
-0.008087844574855245 
0.8552113480129019 
-0.05611494767124909 
0.06078807760176265 
-0.1448616793286091 
0.004923645657688697 
0 
0.003398587803856033 
0.06167046513934243 
0.1808162051010113 
0 
0.3298399501065795 
0.4442484634800876 
-0.3417077913174682 
0.01785120715750503 
-0.01963275378989287 
0.3891809501480631 
0.3382751739699652 
0.2999207936694714 
0.2870117570583732 
-0.4521817528064594 
-0.5172710216272745 
0 
-0.6883916719277196 
-0.02593409501228064 
0.6800089265672148 
-0.191238374965725 
0.07384935076434936 
0.08673256020667681 
-0.3022393200712044 
0.1769057144267686 
-0.3080938999316466 
0.1126937433957842 
0.3615678641365528 
0 
-0.6025830378331548 
0.02105390504843755 
-0.4225809898144 
0.03462382016718989 
0.4518558360131329 
0.5295939595509547 
-0.3621832740946387 
-0.8923357085026864 
0.1595786252447157 
-0.03258427549802306 
0.1060683035744516 
0.05722920868470481 
-0.1088817930492354 
0.598362446061227 
0.2446598602411347 
-0.1341053906004998 
0.1822104381829401 
-0.03894130297687734 
0.5804011607739767 
0.5725374416223957 
-0.5165861446475235 
0.03181953868982118 
-0.816228065188588 
-0.308017237406576 
-0.3226565460494433 
0.08633728008615274 
-0.246132316739412 
0.3985998174204368 
0 
-0.1021580052433501 
0.5674496320014546 
-0.8994261635071726 
0.5838448018891331 
0.9420490661441581 
-0.3785508047901247 
0.1817681849937104 
0.3327855426899693 
0.2642913581053681 
0.3116146873519889 
0.2311256476014475 
0.07695892475667764 
-0.1812696509760431 
-0.04213316325437393 
0.3705445368846838 
0.03489740274247475 
-0.08099237379921698 
-0.03621885644684072 
-0.5892245666461807 
1.505188330499054 
0.4620696250534094 
0.5152280791099063 
0.4216169724104092 
0.2150167524485417 
-0.3012672430779742 
-0.07540640392857931 
0.04780147161480263 
-0.07652196048645667 
0.6351708623315617 
0.218212325140263 
0.2531215680498907 
-0.3509375780035798 
0.007831089236292731 
-0.009893372304965585 
0 
0.001084511572237905 
-0.4038328071041872 
-0.07826561270864647 
0 
-0.5459021477889244 
-3.144186300207963e-18 
0.3159278159810023 
0 
0.5618498715552857 
0 
0.1920056150274569 
-0.6983808890739536 
-0.8070066332066645 
-0.4810000514623783 
0.02844017540706692 
0.03553571517875616 
0.09602187104357143 
0.1381134254315298 
0.3682002661169971 
-0.01295785045694051 
0.002980907213529732 
-0.01213968950475276 
-0.009585144264320528 
0.0008001809276880274 
0.7253712351313065 
0.8130918350471324 
0.6160200438163126 
0.2914514757118487 
0.02188529133562493 
0.4912626652254578 
0.3934165051630445 
-0.2017067223614247 
-0.02867577991481081 
0.04612220631367631 
0 
-0.5034114404482275 
-0.2518688713091077 
-0.04388640550874077 
0.1971855848574639 
-1.06945750066481 
-0.3285808136536816 
0.4105806513342929 
-0.3625374025416241 
0.05705669242962291 
-0.3422956846349822 
0.3741242935694869 
0.2719850613172866 
0.4698518578897145 
0.3071732240698444 
-0.2053130424475292 
-0.3578947033123359 
-0.01086739867256 
0.8123611896027659 
0.4335073320736397 
0.2124663110242877 
0.4416340585509901 
0.1494552216944487 
-0.06847558187546615 
-0.09248848463938392 
0.7807624824584684 
0.002188462828480387 
-0.3990119610726641 
-0.4335852309176887 
0.1925190896479509 
-0.8642603331504458 
-0.2086827987875373 
0.6886196237661596 
-0.002211842341697721 
0.04181030813899864 
0.07651370231669596 
0.030359859904247 
-0.1506043768671549 
0.3955535914023092 
-0.2057878505980823 
0.1192295033746917 
0.09941336417814434 
0.04572840216391347 
0.1192689663110114 
-0.01477425562982074 
0.3700600882373258 
2.05217687601372 
-1.109530548463973 
0.6966660176495655 
0.0007571882346824055 
1.270659547946911 
0.3129310611658204 
0.03254020064264451 
0.3142499103872525 
0.2944742751487763 
2.263198660264139 
0 
0.001286980302349106 
-0.1160791204492421 
1.166971157256144 
0 
-0.005652620893586304 
-0.5440370949898992 
-0.1884172960802975 
-0.02887448649689239 
0.3117664515437756 
-1.085694219147969 
0.8652703859136399 
0 
-0.7398459725898554 
0.1026774571902432 
-0.1344047939359589 
0 
0.009667251993593702 
0.3764214598411092 
0.0811426436722055 
-1.258452145101514 
0.4348868968835338 
0.3325400949327929 
0.2470004541572607 
-0.3118072528634634 
0.06460758761753251 
-0.3084806838047049 
0.3803679050230971 
-0.161617477272323 
0.1044541768407905 
0.4275976778233287 
-0.01985880835554064 
0.8905997000032706 
-0.01691837037531987 
0.09111865363718784 
0.06039191298139775 
1.023488767479211 
0.1728845239026705 
-0.0458664175218821 
1.585876499175167 
-0.2662817498518544 
-0.003312734943046867 
-0.137146745611632 
0 
0.3325797070512155 
-0.02517374287134095 
0.01331286904696937 
0.8012836843041568 
-0.4223564666624972 
0.04915229054200332 
0.01203865108493305 
0.3587548054770347 
1.252190937957485 
-0.477563712853545 
0.05224432631156488 
0.6278459810895195 
0.7037563557333428 
0.05878098476884667 
-0.1620931602079872 
0.1152739395483874 
0.3051724941839082 
0.09092805910810801 
0.1860271963454669 
0.06994043439357139 
-0.2664218381000541 
-0.10426493740682 
-0.04513610382012175 
-0.02436802217615454 
0.06678638829743266 
0.2480772520466667 
0 
-0.2644237080748631 
-0.08042993890439469 
0.1674195159038607 
-0.001374145055536822 
-0.104589661146884 
0.9041200919985204 
0.2667050677328679 
-0.03193483327381377 
-0.8345363525652175 
0.05638638446549382 
-0.03865828730136451 
0.6971382337984238 
0.298422842315863 
-0.3203672286421107 
0.09741686407842844 
-0.2731742517220608 
0.2998343939851109 
1.112932833990994 
0.1823426804704799 
-0.6013874639992152 
2.961942911784193 
-0.0427138694634803 
-0.1165108356336632 
0.6812909343408637 
-0.9457035486584395 
0.125961001731347 
0.05584549169814917 
0.1814531452232581 
-0.06560891425455095 
0.4183034982878431 
0.004154429070560932 
0.6982447377186668 
-0.4350348765567393 
0.4788225907606363 
0.05477252290500989 
0.02970810986824142 
0.324998397514114 
0.1282570085371883 
-0.009875541745400281 
0 
0.1187770319641919 
0.4037966638915171 
0.1428639241814983 
0.129531807956764 
0.04630924381543317 
-0.05342299469753257 
-0.05115826073655518 
0.09807549691574706 
0.05595134548478829 
0.198663444437648 
0.2427246884969437 
0.4553516278142886 
0.03455416694907115 
-0.01610782080813592 
-0.1608145451172782 
0.0291277447107046 
0.2908185709611433 
0.002537229115420899 
-0.01627607924855356 
-0.08656190097518102 
0.4901440094305823 
-0.09060714395829782 
0.1950972911307996 
0.9001063491535166 
0 
0.09510985549445514 
0.5604549375934266 
-0.1298093464747547 
-0.03974547611259829 
0.5734990001814686 
0.1765673683028681 
0.3702273483723465 
-0.05339541920424037 
-0.03761928250493436 
-0.268740461200941 
0.4161028618315299 
-0.07058932634755283 
-0.3666936777184006 
0.4103661454557196 
-0.1641742662386097 
0.07949203732010797 
0.6840482172764399 
0.1928420192998506 
0.3413363584325501 
0.6269385653843903 
-0.3036589948836476 
-0.4883358356672442 
0.2210649421087442 
0.6909124712844853 
-0.2430602893661366 
0.5546911269153729 
-0.01811267368747279 
-0.1922308920014038 
-0.03298585984934999 
0.150082114630145 
0.2449281743716675 
0.3192605502275655 
0.2260442150011392 
0 
-3.542828307207023e-05 
-1.091867277400622 
0 
-0.09848333627282102 
-0.1719012371516258 
-0.1134346340129282 
-0.4148722492823127 
1.054982380723434 
-0.1624153355672645 
-0.5777241554283894 
0.1588896674788553 
-0.1383114658961578 
0.05960309441803688 
-0.3427724519493458 
-0.1797504018349785 
0.1612603991871365 
0.06002402519212249 
0.1114163078274087 
0.06991777219510933 
-0.3246625146007284 
0.06219060539740826 
-0.235242400414696 
-0.1410272724800373 
1.226939406727872 
0.08268664616622055 
0.4854753279535083 
-0.01438601509398761 
-0.05565908706969851 
-0.4278077202690246 
0.5507588229751627 
0.5799814936801333 
-0.1917272466295083 
0.1788388174348348 
-0.1125079671477682 
3.308877112737755 
1.256385062704317 
-1.556603249391205 
0.4579283596031698 
0.2236793468263931 
-0.1168204566825616 
0.00333952415569185 
-0.03741546600720183 
0.2230495699775799 
-0.07659129982050321 
0.2684039580549102 
-0.8132995585106453 
0.4780512508775732 
0.2624217939373969 
-0.0150283379235075 
0.1252930829023756 
-0.5775286127506351 
0.2138600668557885 
-0.01837997273849347 
0 
-0.2467233682284514 
-0.2734924269969033 
-0.5738711741557732 
-0.06959530997731081 
0.004708074963246775 
0.003536267844450659 
0.3635258326917397 
0.3293732469202102 
0.4177405455164061 
0.1460472655692511 
0 
-0.5671350018888701 
0.1622444575825138 
0.1909993677364454 
-0.02094189744397016 
-0.1087241493229439 
0.4618046782387706 
0.03629815864130106 
-0.03083721960100527 
0.8031626462495167 
0.1427123354265396 
-0.3687879636030776 
-0.02564534644068598 
0.01215126478359315 
-0.1471795617156888 
-0.4692084890091082 
0.006143845814164123 
0.3304069774667654 
-0.2216548710535891 
0.257221536824118 
-0.03785555996214538 
-0.5187026283395654 
-0.6291519282826976 
0.0209989604135462 
-0.4870728007551442 
0.02497955413130877 
-0.1703323318769121 
0.01724608945589243 
-0.1595418746737853 
-0.4386657282398629 
0 
0.2730083361139887 
0.5279321719673472 
0.01846316166222686 
-0.2610841414200388 
-0.465050507197538 
-0.09936837419964634 
0.3280619789286962 
0.417182152177361 
-0.0928055602815703 
0.1905314317468296 
-0.16873384382644 
-0.06953913772454147 
-1.626303258728257e-19 
-0.04963265079361089 
0.06755622604547246 
1.370325976139035 
0 
0.07251099670035127 
0.11769063268208 
0.05851954927146163 
-0.01280747492982895 
-0.2700067373976435 
-0.05967195720771128 
0 
-0.0557095938580202 
-0.1233548124382549 
-0.02763791168078024 
-0.7547068181087622 
-4.336808689942018e-19 
0 
0.03677405409121941 
-0.001284752795224631 
-0.2189380208092996 
0.04194054184237737 
-0.162411445252659 
0.07285251956173767 
-0.1496932813559319 
0.7838118214964881 
0.1039867919472284 
0.6920246302531391 
0.0557968945503997 
0 
0.3678370519168907 
0.7752902835233987 
-0.02029839907218733 
0.4376784997957315 
0 
0.1838941634190484 
0.2922978604363852 
-0.3150577980620543 
-0.2326117965466845 
0.101512684224589 
-0.4689271772486473 
0.1923531470784083 
0.5025860686068861 
-0.06589246936047528 
0.02617063153834793 
0.2130360063772738 
0.06166176724382989 
-0.4838088176566252 
0 
0.01537056821505691 
-0.4229175235471193 
-0.4687794079149766 
0.4513771509605484 
-0.05962592119824428 
-0.0004231432852452384 
0.522333586384829 
-0.07239096755025728 
0.2513903102242583 
0.08792860887886497 
0.5656348597342915 
0.06965047448679151 
0.04986629640876847 
0.2849786957819208 
0 
0.00777723035600679 
-0.008108672963757254 
-0.0125766411781301 
0.7106604963622982 
0.5634971920211349 
-0.00982917134711412 
0.6719221157718607 
0.2302437621478533 
-1.055805235646786 
-0.6488125641824103 
0.08946487172908062 
-0.03829376689191048 
-0.6644886974651535 
-0.0453153466517727 
-0.07641375895715882 
0.1322639381857133 
0.08714875159386366 
-0.03500675562835281 
0.2120966129141962 
1.031769178232203 
-0.4568221083258301 
-0.02611260139421067 
0.4860234396213012 
0.1251771343239541 
-0.3697628538461288 
-0.0308977191793765 
0.1848210020545222 
0.3766261226817648 
-0.4982055719718203 
-0.007469604553747808 
-0.9827164808030627 
0.1250854350813188 
0.5188184461029274 
0.4069475718164553 
-0.01734817862214737 
0.4700728407426009 
0.4141996018850715 
0 
-0.08492901893226316 
-0.837221947930016 
-0.01128655293607054 
0.7958094764352954 
-0.9330070256495325 
0.00323047187135511 
0.4225455922165938 
0 
0.9178756247648326 
-0.4178049512598769 
0.09968595456513148 
0.7026267524537236 
-0.5913992375790195 
-0.3118440874922714 
0.3304798710396081 
-0.2718239413201822 
0 
0.7769370487517927 
0.1969940224523625 
0.299387966898336 
0.07565799314824603 
0.2160168425122894 
-0.1077950186666924 
0.01791093331215258 
3.407825396548184 
-0.5006453915615325 
-3.252606517456513e-19 
0.2379177071349793 
0.03042474684443778 
0.4570120401930569 
0.1180528333079364 
1.088056063996767 
-0.1440940943354272 
-0.01637672906441566 
0.08688638168959824 
0.931539611468869 
0.09284993757683832 
-0.2730381838618574 
0.006356217953536598 
0.09677082116200592 
0.04210607302661337 
0.7832180641000136 
0.09967544310637083 
-0.1270684531247515 
-0.2661184666248483 
0.1052799591909606 
0.03002950259342724 
-0.3191824763666717 
0.5617731985623914 
-0.3037316309515765 
0.252816218444232 
-0.03573057776046824 
0.02367334241420426 
-0.9200922295983452 
-0.02641319237495196 
0.08289158904689337 
0.1986455286030952 
0.9089565147966399 
0.3710699439352664 
0.4589278265869955 
0.05989075262512023 
0.2937993520824447 
0.6306895307850219 
-0.2246942199341668 
0.01417119469022438 
0.3749162871533598 
0.08359026947604599 
0.7428464948014992 
-0.3926485368103856 
0.2936484061124429 
0.02680845175130828 
0.5488885124787377 
0 
-0.2991680568490977 
-0.06250941915912521 
0.3065030344063506 
0.1148127825599556 
-0.7088514490630494 
0 
0.7560423493938268 
0.715678031478034 
0.7934747116731737 
0.1704439606036918 
0.2226098436664471 
0 
0.5454280723211488 
-0.01082380260078644 
0.02315168754421375 
0 
-6.098637220230962e-20 
0.01813914201074678 
-0.6347943356948937 
0.03774231250049906 
-0.0004237173676987551 
-0.1264541809326719 
-0.1719145151957428 
-0.7809440773788647 
1.171464063935099 
0.02288169258555486 
0.122163878269798 
0.2832223068164878 
0.02035326733957557 
-0.05041900717590262 
0.00298621762766559 
0 
0.5961247272597346 
-0.02469663001676408 
0.08440688110248182 
0.07004141021233863 
-0.5713342149282044 
0.01890294879273017 
0.172141888558815 
-0.1819402700754412 
0.3732705282540595 
-0.1081641059744401 
0.528585637806245 
-0.104826631658877 
0.1569355035824291 
0 
-0.4085750751548701 
0.06231191248968097 
-0.1881551468438819 
-0.133130250955159 
-0.5305630486582805 
-0.1513497371999749 
-0.8744893135398525 
0.1969498803029335 
0.03880341415945827 
0.003311835594247713 
0.462622307849806 
0.6358744817135837 
0 
0.1727320038451838 
0.3622836171762496 
0.1756637799986938 
-0.01652172765685996 
0.3128829956037789 
0 
0.02329106028941486 
0 
0 
1.162549592369132 
0.02256871241702444 
-0.1415454482054216 
-0.3833344007126351 
0.4273367233510962 
0.02423565100528188 
-0.4777597356304451 
-0.04665690763984152 
-0.7076103911214523 
0 
-0.01111791850379674 
0.1134900829399094 
-0.08813901871938873 
0.0566195481448197 
0.2060783965203381 
0.6928810602158371 
0.08988140465637012 
0.6477828129005327 
-0.1393968040773893 
0 
0.2779484244539881 
-0.3312389355183203 
-0.03359131692155312 
0.08094021649133983 
0.1319407363362509 
-0.7977294099585535 
0.1029815988818247 
0.03463177332256851 
0.6686319278748494 
0.4002819448271694 
-0.1494462969715615 
-0.9120391746080535 
0.009813515871890284 
0.04633912103228705 
-1.143441415262393 
0.1801638368563883 
0.4381145204458524 
-0.56955397155897 
-0.06898312152761606 
-0.1005324577826655 
0.05427842580698366 
0.7484944549776502 
-0.9776880991448371 
0.005106729339793795 
0.1279713154011375 
0 
0.9017114274589062 
0.1520898781538821 
-0.1029952968936646 
-1.400075463305821 
0.1417784971019575 
-0.03956786480821913 
-0.04774820207834291 
0.005443943433404726 
-0.1704072635403835 
-0.3128643440842168 
-0.07013782025707953 
0.05142268946953848 
0.3633289370880801 
0.1155833534784124 
0.1933027977037661 
0.6470063938687738 
0.04086256792909709 
0.05121016519441102 
0.2061191530808759 
0.6547438814077537 
0.07613958250415583 
-0.6845126035112904 
-0.3199787883123588 
0.2269298950650979 
0.4758583053030515 
-0.06521745447424206 
0.06159788653536515 
0.05596523918593667 
0 
0.01300311431710045 
0.2976133254771248 
0.3153074433915104 
0.3085123148374889 
-0.1127438633759939 
0.4757585377208761 
-0.7977825972703416 
0.4893289964945067 
-1.084202172485504e-19 
0.2823925579374373 
0.1092353074958482 
-0.02951372145907067 
-0.3611347126840319 
-0.03105049726568107 
0.2369151320596384 
-0.1293479335495882 
0.4413715090679413 
0.3103288805063545 
-0.5549620940121524 
0.07641435164347243 
0.6240424146439066 
-0.3321171882477848 
0.5443343039533531 
-0.2958262177513315 
-0.03695842520831945 
0.01912051861531461 
-0.2415929101587369 
-0.001258387661555067 
0 
0.4307017136375698 
0.08898896858312579 
-0.03080198844736348 
-0.06811905938132294 
0.1711614645224557 
-0.07163915219932485 
0.03234884168451782 
-0.4878893775345486 
0 
0.8733018054885706 
0.3569727024461892 
0.04475162315052308 
0.1276751714071635 
-0.505918254647212 
0.6896228616215261 
-0.1133495279794982 
-0.3029788675963245 
-0.03630417087782036 
0.0274597971071662 
-1.107508848554904 
-0.06717705101795016 
-0.2373851420196449 
-8.673617379884035e-18 
1.377589222748774 
0.003508332088340733 
0.583847213897949 
0.1437686412591329 
0.1385740443846926 
0.2404816277713205 
-0.1860736249320633 
-0.03944908254024106 
-0.09089871279297024 
0.03173521206084578 
0.5483829939897078 
-0.02261817510766637 
0.2402647389968251 
1.48951674176452 
0 
0.9228723715311734 
0.155002908928818 
0.8376000610591642 
0.209577522667871 
0 
0.7752866573042481 
0.3839504900875683 
-0.03732513786051801 
0.01051789379512504 
0.01061128506992572 
0.2545374489054636 
-0.0005377397686098424 
0.6899679210551788 
0.1003856099311946 
0.3326703327153956 
0.500295422688017 
0.603944984159675 
-0.8264922195630142 
0.1566492639090128 
0.0924168009934123 
0 
-0.09146133883320054 
-0.6383467056315077 
0.05797179210917076 
-0.7233733072071423 
-0.08701390385114928 
-0.1229485385317006 
-1.706871923455348 
-1.012500529451582 
-0.2919920740833885 
-0.2866049025204324 
0.2375328712171769 
0.02432094067776619 
-0.02593254105681337 
0.133009439962612 
-0.2329414338662104 
0 
0.03618866538388346 
-0.8392097160750212 
0.6578116283039469 
0 
0.8047016620899173 
0.1672058460204645 
0.3155716185005304 
0.09616307702698677 
-0.5495140464431804 
-0.2041708995325694 
-1.059362056197453 
1.273889956015709 
0.6579341890274054 
0.3509385648936209 
-2.168404344971009e-19 
-0.7713444947964967 
0.001369735885940323 
0.01430344158710669 
0.05279646932468959 
-0.4306904827123262 
-0.07453871948317521 
-0.06782419568251279 
1.084202172485504e-19 
0.02859757749921129 
-0.2804991991896291 
-0.9636080818071849 
0.3951114003198539 
0 
0.2955648664448249 
0.9763526220731368 
-0.308995564879267 
0.08277401876434987 
-0.7269300165051712 
0.03640730179312763 
0.5273548703280492 
0.2227357101720773 
0.3460803635965369 
0.3391063367057357 
0.1796108003797734 
-0.09182170248583919 
0.3061444622589934 
0 
0.07047348495166558 
0.8410592321553169 
0.0834707827273323 
0.1185577590587292 
-0.004469287346206566 
-0.1038142181720064 
0.07938991611499889 
-0.00097214891803574 
-0.1702992194350826 
0.5177336208526857 
0.1178389831479866 
-0.004489327179006478 
-0.5359948731276759 
-0.09581232411373787 
-0.06322670262068183 
0 
-0.08132592893787252 
-0.0185615835290266 
0.03434667802323755 
0 
0 
0.1049108324259361 
-0.2915007601675155 
0.02517711763200177 
0.296874680569275 
1.000772218142826 
0.07255663080311074 
0.7679619596130656 
1.291094690904788 
-0.07410802760330391 
0.05788238928227493 
-0.4591258822256727 
1.003151662106703 
1.072764460979904 
0.1652783161661427 
-0.1614168060919423 
-0.247427790048672 
-0.09133213529980073 
0.02791895161162715 
0.1078064267328866 
0.1985863021898237 
-0.2601746155264004 
0.02714559039847406 
-0.04295833358883908 
0.1501136908415703 
-0.07966816082767512 
0 
-0.1311818470920546 
0.1020064093213635 
-0.0931333130626866 
0.264498870653248 
0.3043581831667529 
0.007048978653952792 
-0.4228751250904721 
0.03323307000523705 
0.8267300311682584 
-0.4004843840462325 
0 
0.1392720252698604 
0 
0.4926437705490483 
0.195835638039648 
-0.2504747848361968 
-0.002070298999623489 
0 
0 
0.07198996057269542 
0.007534456839828524 
0.6191971891704692 
0.07176434331015599 
0.07161179971699173 
-1.387796031938238 
0.2902857341881463 
-0.002253827255399142 
0.2078873780103468 
-0.07576640673102636 
0.04125891292205328 
0.8658697110834479 
0.06373640011487262 
-0.1875735583734458 
0.2473958014492138 
0.1659446239414693 
0.01818236421049097 
0 
0.4888725165767076 
-0.546767197732033 
-0.1059161375438451 
-0.7657342013564573 
0.5322770718736818 
-0.006152781468561382 
-0.2820550195705976 
0.02034032772788175 
0 
0.4315420080626326 
0 
-0.0469803396454765 
0.2551736550810502 
0.3305703806464014 
-0.03760653599329485 
0.3191306988813686 
0.260838251068894 
0.02194909581397989 
-0.1398546652316684 
0 
0.1794112967453 
0.315635042562471 
0.01590565070600457 
-0.001095525511127159 
-0.02871257079280846 
0.1259807202721077 
-0.2444743812093271 
0 
0.3699339351925708 
0.1760153428237673 
0.1369806442416535 
-0.1933695183458928 
0 
-0.02237211420325387 
0.6724711088427431 
0 
0.7580053490415414 
-0.1754934650074175 
-0.1068277433612484 
-0.03570628416257848 
0 
0 
0 
0.259122062949579 
0.0758090824887484 
-0.08613505279014129 
-1.580082726949642 
-0.04453583354371182 
0.1973165124861115 
0 
-0.3397142565196341 
-0.02897134062338863 
-0.4325436797983793 
-0.4033944431462214 
0.8788056802485497 
-0.1275596320905613 
0.09094406428071843 
0.012841636481316 
0.1539747018591567 
0 
0 
0.2275470291702021 
-0.3579774751680039 
-0.6037665609266951 
-0.01579038367104211 
-0.6462693913411457 
0.1310035648247549 
0.6000811758567959 
-0.06242968245242156 
0.2949753817551303 
0.007124727138407421 
0.2826770421045515 
-2.168404344971009e-19 
-0.08009032087459272 
0.4601563520663177 
-0.5128537959620094 
0.3924777166066322 
-0.009098330000869433 
0.2373015263858544 
0.03108000501410776 
0.07028157874030605 
-0.1771068469962883 
0.09691679455456283 
0.5434658523357069 
0.4827448096792229 
0.2965304132316008 
-1.040834085586084e-17 
0 
0 
-0.158345919289803 
-0.1810126565384085 
0.3140816595318812 
0.003914968833731212 
0.0117309776477678 
0.1073650370784919 
0.2025222873254384 
-0.1108400192867691 
0.2191966388580519 
-0.2252157223378758 
-0.2417686352450306 
-0.1644641763833384 
-0.585482852063584 
0.1667302399541049 
0.7688023722002624 
0.6545115144578164 
0.01110751441605738 
0.09481236185791797 
0.5332791137825845 
0.3365026550080553 
-0.4784382127312052 
0.03980352697744415 
0.4828751210309813 
-1.14181402252263 
0.4983889099479084 
-0.2127903453197834 
-0.1325039792420389 
0.1790554270649732 
0 
-0.4355964471370347 
0.04108153796242418 
0.2115656640745985 
-0.1003924078994217 
0.4403494971224226 
-0.4511989025026212 
0.002584554652914869 
0.1323310453581368 
0.1109579314811098 
-0.2961245226709704 
0.03576796644763248 
0.3287785472831405 
0.1711055594913549 
-0.09573631403832662 
-0.4534242646341828 
-0.724151924066689 
-0.3900339050086063 
0.3734520169723007 
-0.3114291920248884 
0.8686871800563987 
-0.3950036110879162 
0.0363395943921906 
0.03040238092232932 
-0.02240617823007306 
-0.1445750230483223 
0.09036580195146185 
1.37777411639794 
0.01143145671536391 
0.1671233515806178 
-5.06484614314816e-05 
0.6339105983281507 
-0.1010720852875772 
0.003198232886517354 
0.2066882677485159 
-0.1186213170717624 
0.1207342212149166 
-0.1437248806476273 
0.1311569119960112 
0 
0.7030006428997263 
0.1357413448981991 
0 
-1.008304248624307 
0.0195155812982564 
0.08069390221660794 
-0.8794882054525849 
-0.02548910067961863 
0.4005890630041197 
0.6072158075456173 
0.01234355313047525 
-1.536160207669649 
0.02103036728608821 
0.1820746424066877 
-0.03189839961984268 
0.0436808257570857 
0.4242568910696258 
0.2970040103796887 
-0.7070390030085656 
-6.938893903907228e-18 
0.4735231144179392 
0.03339944245071481 
-0.6672954884758038 
0.2634877472925551 
0.05126945806283614 
0.6418867124039684 
-0.4324860466415703 
0 
-0.114031710918056 
0.06066409684279426 
0.4795042175509619 
-0.4483860290362289 
0 
-0.6503184065901096 
0.4339364948884613 
-0.02007433608307439 
-0.004778655925145553 
0.8186024956907541 
0.3248982921452302 
0.7058855035272291 
-0.08378733153366995 
-0.04076222850211603 
0.1307985294470407 
-0.09040763141829479 
0.06538993381255798 
0.01760863653081195 
-0.02774568809533172 
0.6109504929408928 
-0.4823710388813321 
0 
-0.1166067287186628 
-0.3420632156843535 
-0.3059480020570823 
0.04837881710253153 
-0.03812618713662503 
0 
0.153025181284658 
0.1154432309788333 
-0.732638683581849 
-0.3078402096293121 
0.06902402655716547 
0.09129623220204008 
0.2340354097912259 
0.1074141360519921 
-0.6359886776558191 
0.02774064914673813 
-0.414330463012315 
0.1161573937654609 
-0.003485659724870773 
0.01905661200891189 
0 
-0.1949593945337566 
0.3217759470543249 
-0.0004771873102635562 
0.837634213469865 
0.008271847026534272 
0.1098439595541408 
0.01181295033969365 
0.01884648595471324 
0.8128536316366262 
0.0241394758116326 
-0.001444714289300661 
0.01248765244357644 
-0.03974964098219314 
0.2146908841768062 
0.5392559660355001 
0.5063039666064163 
0 
0.03348713421413094 
0.07305549750312253 
0 
0.1280590607620342 
0.08146424276577025 
-0.02185888821210018 
-0.005061312378931373 
0.7789007321149946 
-0.3087839299769644 
0.3273290316761379 
0.3699067281533848 
0.07674115220170293 
-0.06806522058900785 
-0.3907013746290817 
0.5547571195733499 
-0.1426079467898921 
0 
-0.6807364501662213 
0.04082941992491679 
1.865200872412462 
0.1115442001401276 
0.3809633895010144 
0 
0.07981319934822166 
0.1190226891683559 
-0.4428068904860261 
0 
-6.505213034913027e-19 
0.02851225388652515 
-0.5433527770591334 
-0.3550071785108854 
0.2815116703794763 
0.03043694655105927 
0 
-0.1030971047106764 
0.4734674894176306 
0 
0 
0.02207559437599191 
0.04340069712682926 
0.1432539660441794 
0.01302152714239103 
0.4357262768332388 
-0.009005074020287275 
0.1817766448027412 
-0.1241476192487639 
-0.08237773276573133 
-0.5703826311258976 
0.003946429458301088 
-0.4620431406369187 
0.08440278205870634 
-0.01209785887398767 
0.2112899252422171 
-0.05015540682145109 
-0.2921134985293072 
0.01159212118309023 
-0.5499080532929419 
0.09791107868019813 
0.09699335307428532 
0.3673248760341526 
0.2833180240973808 
0.6510030366991355 
0.01121779237686429 
0.04321966186041609 
0.5415648321948719 
0.1565344329256582 
-0.5365141397014491 
0.1679214878660513 
-0.02501635660024026 
0.01112800049858903 
0.2522318683047443 
0.01037911790066608 
0.05556214156494756 
-0.3888111771294652 
0.4694622348279102 
-0.121101448775718 
-0.9131692261595583 
0.007337372778838884 
0.1864427792187165 
-0.6165109588871784 
-0.05325221499412472 
0.4165874235804374 
5.421010862427522e-20 
-0.04028489655305439 
-0.8498729497455997 
0.3347122550441365 
-0.05308594763080438 
0 
0.03641554798925919 
-0.01395915005103945 
0 
-0.2603226544515869 
-0.0265650489332786 
-0.02820209712647508 
0.002054647650470242 
0.496379482389974 
0.00648068217288428 
0.1240089247276836 
0.06423327626937929 
0.01968453191419466 
0.04745963677920113 
0 
-0.7057757958003829 
0.1562188014553067 
-0.005596653735792151 
-0.4539831048040869 
-0.4118854707049877 
-0.86830431885232 
0.06915560554428062 
0.1269921186035074 
0.2905009059927853 
0 
0 
0.1109358061740069 
0.09668141724337793 
-0.02476659571577925 
0.7914694950366691 
0.2445874614563386 
-0.1268115051235649 
0.1465618327100992 
0.5398659993801458 
-0.02460330158679219 
0.6354629706265901 
-0.1909778180420023 
0 
0.5807955941564502 
-0.09392076000432599 
0.1354378584140506 
-0.009935000519118872 
0.0598975792808305 
0.3564588643909635 
-0.02162980258694194 
0.1051953024481234 
0.111306448039086 
-0.1749386931795626 
-0.04413078964993011 
0 
-0.5230452275811317 
0.02621298256441534 
-0.006608766964726925 
-0.2163702841269274 
-0.4386601104813271 
0.3274411974971392 
0.5258143737195538 
0 
-0.04621976282795226 
-0.3624254572927882 
0.0389187821180415 
-0.3267564825593223 
0.3530537483641978 
-0.1873749150175093 
-0.2123249233511726 
0.568378940809187 
0.04982245549757392 
-0.005087257744489855 
-0.03130277379562019 
-0.1019784366925217 
-0.121569459130884 
-0.003943808826650862 
0.4332566682628985 
-0.00145294723355003 
1.032991054518733 
0 
0.1221999429771128 
0.6581552943510212 
0.8804022245760996 
-0.05496317044286107 
0.3438247515255349 
0.2003204821513865 
0.3931706980599593 
0.3976507147387694 
-1.019859740259589 
0.1695221347964281 
5.421010862427522e-20 
-0.5223973374771674 
0.01536642271837294 
-0.1900831141132695 
0.1287566379294683 
-0.7796776364973033 
0.01089829871896268 
0.4909783503111623 
-0.0923274426887483 
0.3591506710492969 
0.01314600653115677 
0.2640799831995825 
0.1125242457512597 
1.254882782892288 
0.08890273545801122 
0.03404331248825677 
0.007452557589371688 
0.05461354075778962 
0.2344763204569346 
0.01679272785402126 
-0.3687076253680899 
0.1403015548793619 
-0.204486023381119 
-0.08147895581777499 
1.21508273498286 
0.0546568216999803 
0.8106407021560633 
-0.5724521830534252 
0.2047710966754356 
-0.6075292741420306 
0.292199515762537 
0.3859222846852323 
3.794707603699266e-18 
0.1913895007861379 
0 
0.1471750291821389 
0.5652777771393633 
-0.1557007210064959 
-0.005486552290200854 
0.04378931400369525 
0.05353303249425544 
0.004703183579457581 
-0.113810489674469 
-0.1088592701680154 
1.250694208599522 
0.3886666019975444 
0.09976752998089698 
0.04197242683405874 
0 
0.005659182169020119 
-0.02132318338280484 
0.2981198816665411 
-0.02234523660068663 
-0.2344347843586368 
-0.2090588606582577 
0.003297971821824316 
0.03097019229559373 
0 
0.03361790995718002 
0.4884284025414289 
-0.03394619390199075 
0.06649134723575484 
-0.2479869013265313 
-0.2476698070312183 
0.003185692371074048 
-0.07990469747350683 
0.2149751347674822 
0 
0.01161146755651598 
0.02719946160260427 
0.1411577352867678 
0.02702124851678171 
-0.1060590736050977 
-0.00158271837145888 
-0.03082687011256831 
-0.4539988301837818 
0.81002689511698 
-0.05211633209237694 
-0.02425238401291171 
-0.06427026312995342 
0 
0.05415368162110853 
0.05783316249416332 
0.00682646749708119 
0.002501899400831131 
-0.2026969547255227 
-0.06652521657353772 
0.192338036552406 
-0.5749638469658961 
-0.005862681171522777 
-0.2868316095207791 
0.02215095853108937 
-0.03855960916211203 
-0.1922413655758295 
-0.02676052875466326 
0.3402811580618957 
0.005773537641976315 
0.2742144671190899 
0.1463550843884958 
0.1415150817221168 
0.1930696127300656 
0.2377184609701541 
0.1151799047610263 
0 
0.3066088099277557 
-0.5851948549792201 
-2.168404344971009e-19 
0.06330774173408735 
0.006581017442914687 
0.4265924399642123 
0.5110219338839377 
0.3454746126467371 
-0.04382565552882029 
-1.042687424449123 
-0.05905637997759489 
0.08326266181914195 
-0.007751448922540661 
0.06295602315134041 
0 
-0.6007912442866326 
0.3064739156875309 
-0.3697913997356491 
-0.01038905867396913 
0.0741160106137132 
-1.10600500364534 
0.2767372110478774 
-4.336808689942018e-19 
0.1220787942115441 
-1.072215578676748 
0.06971701412008852 
0.4264436519857136 
0.08461678797573405 
0.006633033888747082 
0.4299133922250767 
-0.09791905450699585 
0.3452062396552119 
-0.1611613256280614 
0.05581848606346078 
-0.9007616242897771 
0.822889407087066 
0.2959897135005466 
-0.03006698641258422 
-0.01489343925788865 
0.04813475211841396 
0 
0.8159166936021567 
0 
0.4448770044977038 
0.6834876570950489 
-0.3438741805736861 
-0.1417285183123598 
-0.1463976580667848 
0.2361783875932607 
-0.2873553243953859 
-0.4538984305155693 
-0.7196591264696899 
0.6197647599474196 
0.7632579310213895 
0.1290746084135568 
-0.2106278755787908 
-0.5811856412398698 
1.392175623874653 
0.1489181109114469 
-0.08463122194194099 
0.001027571919510825 
0.1699115426663909 
0.01611396785793236 
0.1264799064009917 
0.140731495781943 
-0.4527606040263589 
0.6656277850765069 
0.2181330955246914 
0.07911095030168738 
-0.412810430825284 
0.01662234697224446 
0.01557874284563761 
0.2701658301050408 
0.06754150296504231 
-0.02706315087034809 
0.08755256526074257 
-0.3554729479914579 
0.2968952698149618 
0.01889828951910226 
0.4761409966288104 
0.4640640312963876 
0.2087498313693603 
-0.4274894219537073 
0.1948398280298191 
0.1195406539686348 
0.6209819272283822 
0.06097954024880598 
-0.08652122213551361 
0 
0.1770064033049887 
0 
0.05362713879831906 
0.02101333511137099 
0.1077548041939806 
-0.3574512537574496 
1.274299469006737 
-0.1201641781555625 
-0.6369807102069637 
0.1069791291170976 
0.0007543900706395278 
0.1275081776222477 
-0.201362853732974 
-0.2043389430222941 
0.0005040650649983143 
-1.245815030395513 
0.3954297859060529 
0 
0.01275120066349985 
0.03333827213019731 
-0.1630470033065467 
-0.2248514020608412 
-0.2626314087149625 
0.6983770316201346 
-0.4007248097540729 
0.2299428994766018 
-0.5270853772552035 
-0.003362497221493779 
-0.109104768434179 
0.1342053621667085 
0.05694514969265564 
0.2418607629859286 
0.1931124712371939 
0.000955935099530666 
0.4894907379370423 
-0.1533956557634739 
-0.17161756432664 
0 
0.002739786677050244 
-0.03213755936973122 
-0.5200546732861984 
0.03324974916379147 
-0.3464576090604887 
-0.1484858008809131 
0.1126530260421744 
0.3442653032518285 
0.2534743759662159 
0.7493046537583847 
-0.0884006471290022 
-0.4445817645020245 
0.2371572130169902 
0.2212547401336724 
-0.02451764619567047 
0 
0.2003370930618669 
1.009842476913768 
0.2404524675172559 
0.322820520401992 
0.0609312855684617 
-0.4352977901039849 
0.0004085724408162589 
0.577795133713694 
0.1019588594499404 
-0.07567375578297517 
0.3552750288519075 
0.164770841077101 
0.1796579291162587 
0 
0 
0.05424891508200155 
0.04845183922395441 
0 
0.4331666743428279 
-0.2503248992734285 
0.06777996316745416 
0.0914887581190577 
0.04811244628311479 
0.04116444528525296 
0 
-0.166161863489742 
-0.3482041933631947 
0.3440174780846796 
-0.1126566104405993 
-0.5162121730019146 
-0.7768352938340073 
0.08637097146221559 
-0.02124569801123516 
-0.3122443857589994 
0.2750150876221291 
0.1926342699343498 
0.03232689027510869 
0 
0 
0 
0 
0.2106968306049344 
-0.5933873427558017 
0.7527877751703338 
0.04681132667315541 
0.01745315244613687 
0 
-0.3091877255571401 
-0.2392302174335953 
-0.1326016888473622 
-0.1283490100040383 
0.2008440578846342 
-0.01429309147560846 
-0.004025953780592522 
0.2298429921141228 
0 
0.2394908259134868 
0.2529668054550133 
-0.03965361188694509 
0.1805505061792596 
-0.2369277529121237 
6.505213034913027e-19 
0.3342279711325385 
-0.03837438336863849 
0.8464939892421891 
0.1568365127789041 
0.2762309238914735 
1.217910675206962 
0.1195238125898488 
-0.7547551628904774 
0.2832038303434248 
-0.05236420453919934 
0.9281097240602145 
0.3779321854991816 
-0.05178123378074018 
0.2519874543448506 
0.06353110343226231 
0 
-0.1517249318369716 
-0.4718542591220823 
-0.02538900532020063 
-0.03743724928518736 
-0.03718817023501525 
0.1860260834611539 
-0.1105907373080064 
0.09802794288376769 
0.007827337320197266 
0.3849189725116481 
0.01749819311787594 
-0.9931622208499089 
0.04853896215199038 
0.167962727418824 
0.001056517431041604 
0.02517795479498134 
-0.2424204058064929 
0 
0.5074673601306793 
-0.001716735276182303 
-0.1135629799858215 
0.006330285540024836 
-0.4834580997492891 
0.0983348508771608 
-0.5661210255524236 
0.04002687864998319 
0.002663860105744998 
-0.4807194287297797 
0.5059754983800363 
0 
0.002716925410609865 
0.2900723446677133 
0.241513345097068 
0.4073008658102581 
-0.6533972139005728 
0.1471133160186195 
0.3709816768429663 
-0.02095442573039233 
0.4594181670542399 
-0.8381328041291863 
-0.2409719520870269 
-0.8340231921101432 
0.8207201853335748 
0.2370554410530964 
0.3147852570933064 
0.0747367542329149 
0.08556701445303792 
0.1768145483855995 
0.0251690381421553 
-8.673617379884035e-19 
0.4056113882847584 
0.0661156864950745 
-0.002504205182274567 
-0.07008928521662182 
0.2359768839478607 
-0.04379664565212977 
-0.8020716511928632 
0 
0.0653882836993907 
0.1256977929599548 
0.7207145196937614 
0.005165258077406402 
0.002565361948562967 
-0.55709616252655 
0.001191089265846631 
0 
-0.08796796754386632 
-1.023850690839219 
-0.4807761541323394 
-0.0340792559825159 
0.1037665670235 
0.04320522699384081 
0.5019885916889608 
0 
-0.1249181672841998 
0.03684188942339939 
-0.005381962560673667 
0 
0.09064578608572429 
0.6627132336753361 
-0.1532103320102096 
0.7618840448016364 
0.1269297889973981 
-0.04663934091898426 
0 
0.0001858199605116319 
0.1161426781732149 
-0.1361860091399058 
0.04371060604318306 
-0.182400674483745 
0.1183307623663767 
-0.007947557735554897 
0 
0 
0 
1.084202172485504e-19 
0 
0.101644456881345 
0 
-0.6499250328178876 
-0.5289254494218997 
0.6088631208967391 
-8.673617379884035e-19 
-0.4228537978361348 
-0.5312714974849273 
0 
0.00809436017473625 
-0.9290421487680822 
0.03366919726023586 
-0.1378432178916234 
0.06081880440128072 
0.1036385851593342 
-0.05785107568461455 
0.4929301250304952 
-0.1583797516576459 
0.2230794346493025 
0.001165594907305286 
-0.2768439804040705 
-0.00213509742597184 
0.5864024938603503 
-0.0455351198835127 
-0.02297097115967581 
0.2731762304457102 
0.579421279150981 
-0.636436622857032 
0.0006144287668992886 
-0.009005642114820521 
0.08941975580533808 
0.07003479871427601 
0.1106966284551781 
-0.348364985551856 
0 
0.2290590595935639 
0.466936210803361 
0.1196740370387574 
0.5250299778849843 
-1.148089637149163 
-8.673617379884035e-19 
0.3327969977902017 
-0.3660973806139848 
0.06998590039501992 
0 
0.02105407850143982 
1.734723475976807e-18 
0.005211380223927039 
-0.4840198051805855 
0.6645650260786103 
-0.3430499257577949 
-0.03616360584020629 
1.393925654720019 
0.07347905533571666 
-0.0181747360669998 
0.04021457887774698 
0.4997744839674544 
0.3275024012241435 
0.03749774658703092 
-0.03319747360995801 
0.5108162928140312 
-1.787945351979175 
0.02944865581260648 
0 
0 
3.469446951953614e-18 
0.0928914951709259 
-0.04069261379873849 
0.7507419302670512 
0.3310382309323823 
-0.1828086691603492 
0.5176387968126122 
0.3316177226368488 
0.0382608169248411 
0.2323667648647151 
0.08574107089574587 
-0.8248945941131988 
-0.107931990045633 
0.01404088892461012 
0.2677500299907638 
0 
0.4476753042628969 
0.03617137391487373 
0.0203052093747614 
0.6056205949032111 
0.001636579927700941 
0.2258699715175777 
0 
0.2950260474488384 
0.3739095973745675 
-0.1084176318392439 
0 
-1.096101420313574 
-0.05547507078035251 
0.07503814329900178 
-0.1980305408877435 
0.3761846188036789 
0.03094813794522523 
-0.2721162327355806 
0.01019054322238744 
0 
-0.5964282201756199 
0.10827372695927 
-0.05665235227798351 
0.35847873047249 
0.09286974338723891 
-0.1193432403882929 
0 
-0.04081755050243455 
-0.06689306010519594 
0.0163260642015101 
0.01277261163126507 
0.3304636130592331 
0 
0.1328765340371487 
-0.1287304537274923 
0.5828635167301083 
0.5597959934533904 
0.2552366972040955 
0.25208185754746 
0.008092069911807885 
0.02882974315209884 
0.0868279840035328 
-0.04374305027488413 
2.775557561562891e-17 
0.4024292389520814 
-0.07594507847007965 
0.1173797823366924 
0.07913924977898069 
0.009829850362964871 
-0.03982008087481097 
0.2102161756526818 
0.4445395834761686 
0.1734308506001124 
-0.08856338319897936 
0.03306162052815189 
-0.7187439551845681 
-0.1324990869531966 
-0.05827702623075252 
-0.07184656570418185 
0.7682709630970223 
0.2395148828271118 
0.3717801316790943 
0.003717732646377151 
0.1259663244137299 
-0.1036522055921993 
0.2177599141543527 
0.07522794534063157 
0.3647884081955116 
-0.1952979674965684 
-0.1461308054299313 
-0.01237653144630772 
0.03130907430835684 
-0.07518368040331407 
-0.004836624972382225 
0.06584077369986602 
0.07396755401258136 
-0.09561913583648762 
-0.05476652792342393 
0 
-0.06803852027140617 
-0.2646611166149495 
0.02062899238595604 
-0.003463351671581971 
0.003275877770710936 
0.1600772038294503 
-0.01774538941570936 
0 
0 
-4.336808689942018e-19 
0.03093856263694595 
-0.2355672872047597 
0.1608091798737147 
0.208218069203516 
0 
0.3710124098656669 
-0.1957209621343303 
0.1654761635532755 
-0.5168378363776353 
0 
-0.1414486641594368 
0.05332381714474643 
-0.6669341767921141 
-0.03243229084504852 
0.1619726030538795 
-0.2266770297642146 
-0.1449016703521462 
0.2003534721978939 
0.3689412677256081 
0.08956568755925508 
0.1970845619345777 
0.8060240898352682 
0 
0.2577587037936849 
1.041345681069067 
-0.007930042680534455 
0.07003736202550764 
0.2403518840533722 
-0.3825328577740152 
-0.6128185764222123 
-0.06520841614664126 
5.551115123125783e-17 
0.07752119280862223 
0.003842458576085766 
0.2362453076468181 
0 
-0.1264166029287786 
0 
0.02670310605708484 
0.03727344906538421 
0.5947987200910287 
-0.001163955951736648 
0.08750891037721605 
0.03787889375455527 
0 
-0.02883299390180144 
-0.2814331615864255 
-0.06478780058030566 
-0.1800686600254851 
0.3249311072474619 
0.04131002697795883 
-0.08657097096138783 
0.04356266846735986 
0 
-0.006018665909243175 
-0.06630282929884898 
0.1011799420055654 
-0.03932648444082314 
0.6494997001632605 
0.04084100511015109 
0.8617006720699858 
-0.03345214966247072 
-0.2906516947805109 
-0.03511606533863527 
-0.0270375429724331 
0.2852994106143257 
0.6017649440597648 
-0.08268278628242592 
0.1046245362402951 
0.2322393195053273 
0 
0.0006689322610605282 
0.1136029109758484 
0.6954879827810725 
-0.9642064200081186 
0.4508855004710279 
0.07932668671378276 
0.05239780997388309 
0.05682445255344824 
-0.4233409723886942 
-0.08084586294994819 
0.03524147456399433 
-0.03997059889380512 
-0.1158847241283281 
0.2562679733506956 
-0.01936972542993391 
0.02385735205585874 
0.0506857686700328 
-1.044690622071734 
0 
-0.004373799720255926 
-0.5707255564109731 
0.00107474526700352 
0.002010567521714123 
0.0005509693224571884 
-0.3137487613027796 
0.3574757501381538 
-0.1291358763595082 
0.2567947130756948 
0.04027007831043419 
0.002073474206150815 
0 
0.06756844947585325 
-0.3730168838888342 
0.1252311597958509 
0.1015307250329003 
-1.734723475976807e-18 
0.07478102687503915 
0.1187778191495492 
-0.001464665558958222 
0.1190848195045415 
5.421010862427522e-20 
0.7362704042949246 
0.01240523091241088 
0.05148036671251571 
-0.2286736975676504 
0.996158776511661 
0.5089175357826926 
-0.06201134839831107 
0.1893843216393258 
0.05690079405341055 
0.0005168408558869137 
0.07870064718242886 
0.267193787383774 
-0.03163878572307843 
-0.3273834793358181 
0.3868661468717431 
0.0639928249967221 
0.05458148861989874 
0.4200571273652897 
0.08223401634612636 
0.8094232175424649 
0.2266846210106151 
0.5201773101834904 
0.6213828883293101 
-0.2108458124780559 
0.2664190618142386 
0.2652729167429608 
-0.231817214818249 
-0.2613576334668875 
-0.03831716447967479 
-0.1131782658683489 
0.06874227237080394 
0.03463344690718089 
-0.2593268978311138 
0 
0.1271005094074726 
0.5543809371484459 
0.229579805722419 
0.1461178432883688 
0 
-0.0560386999795445 
0.002090135944838607 
0.243778974015453 
-0.3638848903199102 
0.9998188262740775 
0.0244056966401436 
-0.5480778465422 
0.03116135128678515 
-0.09266841944606405 
-0.2271587064561179 
-0.1950842726945317 
-0.2754494228807542 
-0.5483258687481085 
0.04453073861972315 
0.09623733224871799 
0.02055296280568723 
0.2296825963963493 
0.2432544397362595 
0.01323717980350827 
0 
0.03411439997966109 
0.4436591349911838 
0.04613644615778959 
0.04406459329505949 
-0.1722596473098678 
-0.07396805679595622 
0.0501018929863272 
-0.4569027592163404 
0.05571391221586016 
0.2197342960169505 
0.1099975176428362 
0.3438426402618524 
0 
-1.019498853333543 
-0.05281196923765717 
-0.01239715964187215 
-0.2169120078074657 
0.01793366531980014 
-0.08779699347926682 
0.03580307239003914 
0.08044928780466924 
0.007891443503311137 
-0.3229896164730956 
-0.02240695317439986 
-0.3667633676106501 
-0.3229896164730956 
0 
-0.2777857352909209 
0.8691274292220671 
0 
-0.3246271544450759 
0.9986561897455634 
0.1181868721746073 
0.3779150578426776 
8.673617379884035e-19 
0.4833303840194927 
0.5345938112976071 
0.02413814627279401 
0.1660617680981907 
0.287931555624107 
-0.6719212671373306 
0.4531833243831025 
0.1476059844972387 
-2.168404344971009e-19 
0 
0.01909057950466036 
0.07358961907040619 
-0.4398494978666038 
-0.09347867327017773 
0.2785606996442078 
0.3379838278053847 
0.2012809904970944 
0.03593428615799323 
-0.02739179646628147 
-0.07173018069607995 
0 
0.6131087614364429 
-0.2017400323780793 
0.0005529703722883129 
-0.4983885317795677 
0.2213755528253821 
0.01103982995707567 
-0.1022987995683748 
0.004642069325615414 
-0.02281429439517898 
-0.2308115785929752 
0.07549242055669532 
-5.421010862427522e-20 
0.1308769647241973 
-0.3967968776553725 
0.09951822406855688 
0.6500904820641111 
0.4483329178219147 
0.02722742351452761 
0.2122675388515916 
0.3062389715329983 
-0.4518758850234238 
0.0005827974536516702 
0.05474934977914689 
0.004486328154703118 
0.215308214211301 
-0.3475857029072552 
-0.2361790715657453 
0.1769070863303341 
0.06205708020188046 
0.6990323214295315 
0.02735654662393615 
-0.08712847027085903 
-0.1553199441800414 
0.1019313480648833 
0.6946753932156152 
0.2362098176323963 
0.02832876765089749 
0.3870234472461817 
0 
-0.09678119286209282 
0.02736766171886199 
-0.03116237632234676 
0.02912895308038026 
5.963111948670274e-18 
-0.00751662457685775 
-0.1162857560012074 
0.01418601350619948 
-0.1145867888706094 
0.7681164733937962 
0 
0 
0.01217099402401967 
-0.7840618500964985 
-0.03322710722159836 
-0.7303332544142868 
0.03290953401149945 
-0.01931116955883907 
0.08760363164452648 
-0.09673240231313393 
0.2002990335975925 
-0.04759926998071893 
-0.03606558808405982 
0 
0.05548958114399886 
-0.04319172135535675 
0.1105908382983943 
0.4643525159247048 
-0.3061627646703516 
0.0982942545339746 
0 
0.02771500806447983 
0.03242893825457133 
0 
0.002097512391764161 
0.02906529668650558 
0.1686322142485634 
0.3610960598096003 
0.01578290070284876 
-0.2440161593760722 
0.1625362908747578 
0.3089217759646071 
0.1038617668850212 
0.0398781858696639 
-0.2587456212871966 
-0.03493924916383334 
-0.3102546973990958 
0.03725581620967448 
0.15970973310719 
0.0192680022284567 
0.4732469876406845 
0.03308225744665876 
0.05823852688216306 
0 
-0.1607634283021492 
-0.02122286060648887 
0.301594916309204 
-0.1657739773995525 
0.0876645981845625 
-0.01917617268024888 
0 
0 
0.05613264743529388 
-0.4261608513974461 
-0.04374570838045962 
0.2401053155432303 
0 
0.09004522562013034 
0.2764903128032237 
0.04960739158249349 
-0.004505907770027342 
-0.04603965648915428 
0 
5.187522992152596e-05 
-0.2852879400100499 
-0.009063860701686976 
0 
0.03931705536567774 
0.1785355245505564 
0.9101920069615609 
-0.2060529239207513 
0.8506589082753905 
-0.1656088021273221 
-0.01662055024477462 
0.719266525054116 
0.0501726084289657 
-0.09572485904717119 
-0.1281005861392487 
0.0948982319248836 
0.1308506342960157 
-0.2153394613104079 
0.5242576219645534 
0.04381761558784254 
0 
-0.3873838511213996 
0.2233137609060487 
0.613005239912079 
0.0294012138193494 
0.05024653318404695 
-0.8227956839599053 
0.3738718793236446 
0.5679310252381692 
0.05183700033167085 
0 
-0.1271471905233949 
-0.02210088725202694 
-0.1429498307628198 
0.05665546090181533 
0 
0.3377539497172016 
0.1226154905916241 
-0.4840117429050518 
0.07892334224447681 
0 
0.06314301666301082 
-0.4479653858410407 
-0.2499090199559098 
-0.186211322667361 
-0.5528057342359468 
0 
0.5468199616104891 
0 
-0.1155754934371511 
0.900446590295198 
0.09254151240379324 
0 
0.1582386109518523 
0.160648993290137 
0.4536363992827354 
-0.2611871024241733 
-0.3322808260332016 
-0.2392251820323872 
0.3288728687586648 
-0.2972514936325404 
0 
-0.02314448164661003 
-0.01338989447709887 
0.4697986597869968 
-0.01726990423939031 
-0.01070731817256208 
-0.03287874133731993 
0 
-0.01807454605224166 
0.4410893404771848 
-0.05320510691326854 
0.0830776648939858 
-0.02505166674724922 
-0.04191898046698084 
-0.03821533151041681 
-0.1870813015374153 
0.1681160364439254 
0.03692511311137354 
0.04888052438046041 
-0.005545160550743915 
0.2219395115467142 
-0.3462089679558507 
0.01903687787572113 
0 
0.1114584447062149 
0.1980980431134889 
0.4223052220368581 
-0.1544124471275927 
-0.06471753658894228 
0.02387330529724137 
0 
-0.3246961553963564 
-0.2287410849840613 
-0.3835073751698264 
0.1537251252698382 
0.02993703263461952 
0.04528834176536578 
0.2400648222360522 
-0.4505638236307013 
0.2170251878811218 
0.4777706635158754 
0.1056643334853461 
0.1493378944350743 
0 
0 
0.0756682896449775 
-0.1095451891585642 
0.02096169046391176 
0.01173214740065593 
-0.05035386447203439 
-0.1123136469782044 
0.3185359742662746 
0.2102947135604908 
-0.5822048514324172 
-0.4098281696377475 
-0.07302507600301218 
0.09673261338550702 
0.09340069603776184 
-0.05806874237145635 
0 
0.09427138050286779 
-0.1866270864786945 
-0.02931758153113275 
0.03663373172387466 
0.1910314872361595 
0.3319272637787301 
0 
0.4063975716007874 
0.9417737038349149 
0.2740957948234174 
0.03942113634856999 
0.05963076113600943 
0.1998013089203979 
0.3504471772550681 
0.1683643952835175 
-0.1030337531761473 
0.01862494737288893 
0 
-0.1564986718034069 
0 
0.4799456967342566 
0 
-1.077853496876707 
0 
0.06423080324751354 
0.001489865482662827 
0 
-0.4929044850092691 
-0.1857250690828364 
-1.26405635803151 
0.1262312879680114 
0.0463538501196378 
-0.3620375283131474 
0.2576080064454283 
0.03016098297368646 
0 
0 
-0.4352987562306299 
0 
-0.1440575632733884 
0.641072631666463 
0.05661137316711946 
1.211086002110007 
-0.1383242178211468 
0.0088284446791144 
0.0195688009895033 
0.4565211848973285 
0.06763542672256102 
-0.122495268553559 
0.01326327110356728 
0.4273723213515787 
-0.05186058877549664 
-0.001313973323442657 
0.05538349325175029 
0 
0.08419347973931124 
0 
0 
0.1264617970044087 
0.1127829133429721 
0.9089034149374362 
-0.07356834363249336 
-0.58366702265078 
0.02239023264111221 
0 
-0.8498229166898624 
-0.263425480989844 
0.1702065547273718 
0.02337790180992229 
-0.6063655310124152 
0.2380541259168736 
-0.006721291757052341 
0.4363010454750489 
0.01415423530440421 
-0.0261695725711545 
0.1137552560774575 
0.08398791159654875 
-0.3132005232488865 
-0.0004745760965318916 
0.223054209490974 
0 
0.04578168647399813 
0 
0.09502271518037307 
0.2682829323711714 
-0.9151672121346878 
0.03900530689127319 
0.3841374266574467 
0 
0.0008552873202337492 
0.1180725202172911 
-0.3070227931979277 
0.2639295092234342 
0.001765112075352477 
0.07950276796662975 
0.2737288036749471 
0.1650293428641887 
0.07046547766769062 
-0.09906408261439779 
0.1695550752377958 
0.4072664663699964 
0.04967883720500132 
0.22225358204889 
0.03888133256668182 
0.5585979828181681 
0.1726948810164741 
0.1944391407685561 
0.3091348011019193 
0.08897735636035772 
-0.8325896457674863 
0 
0.0157064035594924 
0.1424502899353103 
-0.02091967656780025 
0.009216453922651151 
0.4984849247150196 
-0.4701000692440184 
-0.03473323801567901 
0.1837492579877782 
0.02999101056112204 
-0.02221477691325552 
0.0831914615705262 
0.3447840332790379 
0.1522554180413363 
-0.012209719681609 
-0.84419726708277 
0 
-0.1229826285556357 
0.09242833045735165 
1.362552806759413 
0.04846309615215728 
0 
0.1699293409312782 
0 
0.01671998504079473 
-0.2442399251211635 
0.5645156324689301 
-0.008356197004270394 
0.07080231337376383 
0 
0 
0.3373190980610833 
-0.3126345415467121 
0.3846764747930293 
0.09548488986658887 
-0.4180781407980432 
0.09431526817340888 
-0.2600988862859016 
0.03918214298985573 
2.168404344971009e-19 
0.01776286279709871 
0.01575459961396932 
0.3661882291287435 
0.6888628866306199 
0.4540969459872348 
0.01001680261735456 
0.23632966357175 
0.7108656969617491 
0.04112463819787628 
-0.2079077918343481 
0.3339607582194425 
0 
0.2232360079094055 
-0.5434210574857241 
0.003682010347374891 
0.02272225992168223 
0.1238635851004345 
-0.1021013633120722 
0.3302921460943086 
0.2029863812246747 
-0.005602178849782411 
0.3692716510351339 
1.101362672419852 
-0.02029884602819386 
0.01329776881599523 
0 
0.3161390726039428 
0.01574192431404702 
0 
0 
0 
1.206698308479289 
-0.007620386505065239 
0.004561017355514366 
0.1005514065718359 
0 
0.03974375349188837 
0.120401246816849 
0.04849863133555428 
0.1349752238719832 
0.6202792044617467 
-0.1797631579739083 
0.005388252190145119 
0.04116236211351455 
0.3000759697992546 
-0.0007749742102086225 
0.2659390844443447 
0 
0.1730849729845672 
-0.1959279439531613 
-0.2292925755102344 
0.1205681483668747 
-0.347921785545771 
0.033338107953178 
0.1616710434659141 
0.002686620259161563 
0 
-0.4007705661257763 
0.4212209675443233 
0.004502484514750862 
-0.09366862812264255 
0.1422446621313776 
-0.1000328262092953 
-0.1793598388492657 
-0.1086891138241437 
0.2330799688723706 
0.02181681103759206 
0.0724940097293561 
-0.4184418057667944 
0.03892907071785168 
0.7436834470662235 
0.1762521518453689 
-0.4386658677981484 
0.2835503639718035 
-0.005459008476664856 
0.1578113454080472 
0.5469003917469291 
0.4043342290729496 
0.1557609014046001 
0 
-0.1214903829917216 
0.02515016727265739 
0.0583343395371006 
0.4206378404698796 
-0.0219407268182373 
0.6750425855129549 
0.6795488560154269 
0.07969380724716771 
0.1342568150000454 
0.235822481707591 
0.1609955785437355 
-0.0572524623090314 
-0.2946950771663864 
0.001119992432436474 
0.2231094787889057 
-0.2683885147756093 
0 
-0.0305127307880383 
-0.1823248277659026 
0.4570718875002953 
-0.2253040987362447 
0.0919794678437563 
0.3097691685993895 
0.687032041119421 
-0.1292946434610623 
-0.06883214715191313 
-0.08003709175584894 
-0.1574084274754317 
-0.0008246806638464813 
0.05950502800130905 
0.003231967193573168 
0 
-0.8387272493883954 
1.154675313697062e-17 
-0.03008902339325546 
0.003090141712272656 
-0.2336647731345247 
0.09262115134129925 
0.6530702645791592 
0 
0 
0.7968827815891473 
-0.1753210095090189 
0.0384635277476256 
-0.4456803303820354 
0.9135206194947784 
-0.0598628675863927 
0.1817056508763193 
0.02283198470312581 
-0.4290836241164064 
-0.3022329304019367 
0.4341898988257081 
0.1243175189877167 
-0.1818737021444466 
0.1831199201928606 
0.07006808514739454 
0 
0.05480370873356727 
0.1933984988100731 
-0.0003434968352132159 
-0.1181563979520303 
-0.1163469819966031 
0.1771024074064199 
-0.2560987427518316 
0.05962420330120744 
-0.1413613294732639 
0.3071744099541797 
1.348517513592408 
-0.3054411300385702 
0 
-0.03229935939402705 
-0.1247565745389035 
0.03051864010040391 
0.002212638217645233 
0.1462359660962035 
0 
-0.2079487610520412 
0.007355527480902915 
0.1360711489427941 
0.03485742934503713 
0.06803009882038057 
-0.04919541714037123 
-0.3212520089128568 
-0.02036556625074993 
-0.05013733652528658 
0.1832609991458543 
-0.5750231971890172 
0.6126469233569163 
0 
0.01219905621490916 
0 
0.1799469260597557 
-0.5810211383232985 
-0.02662379034612324 
-0.4827808072341744 
0.06037243496747281 
0.2518271135745384 
0 
0.4011681396067145 
0.1609544608434897 
0.02868114655497515 
0.09058865607537099 
0.2490873061797894 
-0.8012633363893594 
0 
0.01964434900990384 
0 
-0.02657905251864435 
0.1652133225676691 
0.1244774141607506 
0.6602593142399944 
0 
-3.469446951953614e-18 
-0.001398967713919391 
-0.05927251647685353 
0 
0.1777336746292588 
-0.5783015161438433 
-1.472102287863793 
-0.123613664534454 
0.02787029507241338 
-0.1029162225716261 
0.0009941694061699985 
0.4845171483446233 
-0.008472938152647309 
-0.09250725746515867 
0 
-0.7483994977461279 
0.5174017900970083 
-0.1118216582256344 
-0.02912016158767293 
0.1998232630578614 
0.01626644150163222 
0.08489694382961895 
0.3149961159559138 
0.05107638430379656 
0.05226365342550199 
0.2116519145449963 
0.1717763592227888 
0 
0 
-0.3234988858425131 
0.3229084154208758 
-0.1908571050801119 
-0.01093997355284409 
-0.5586404541570389 
0 
-0.4435485969425002 
0.0271532788204582 
-0.5349474420207732 
-0.6551316128468829 
0 
0.2318653975256986 
-0.4354132624390942 
0 
0.4840776073101738 
0.3034829595882351 
0 
0.05118820732639648 
-1.085889947978387 
0.2773775278721435 
0.09001087464137962 
0 
0 
0.0960584447826779 
0.1819504907044424 
0 
0.2014339172764057 
0.03581825345485509 
0.2936704042457156 
-0.1939297451259612 
0.0366530447128725 
0.3665439270871099 
-0.08228373094864752 
-0.1028036427404432 
0.03281902989343827 
0.2092626982551257 
0.1405676451886083 
-0.037117080324296 
0.1058788347855466 
0.3937083933370729 
8.673617379884035e-19 
0 
0.4817097618421862 
0.2393293542371623 
-1.183749267229456 
0.3885468267437411 
0.715185146534223 
0.02603163039408863 
-0.3483467963469182 
0 
1.003961716342534 
0.7111803255912191 
0 
0 
0.1791548571563085 
0.2685508470874918 
0.2949012804591751 
0 
-0.122104299055382 
0 
0.03902921147904925 
-0.253539121749306 
0 
0.0008094038655562807 
0.01207320642874413 
0.0002065171747067645 
0 
-0.02719655184301737 
0.2031901550654652 
0.2336210363944654 
-0.0693806316362203 
-0.05042362075859966 
-0.2286632403284098 
-0.05231869673411509 
-0.01425030108348907 
0.1681247895423814 
-0.02277405079612276 
0.02719030600818688 
0 
1.054176866213209 
0.91187615654191 
0 
1.150420394547859 
0 
0.224097220864153 
-0.9612869184710922 
-0.2669240920693425 
0.1951816228646847 
-0.03568119382623415 
0.2327914805388787 
0.007387231386688863 
-0.03075758902092131 
0.3086461843632049 
-0.07109043705852848 
0.8512798299234903 
0.05442014503876502 
0.08247417804816294 
0.03096940875432397 
0.06372166738969165 
-0.04851263395046122 
0.003839396106591288 
0.3240018211622371 
0.03518778147575286 
4.336808689942018e-19 
0.09318280089231436 
0.04453785961838499 
0.2336710683527564 
0 
0.1177005496343083 
-0.6079215714808056 
0 
-0.04570083418441098 
0 
0.6321291764256572 
0.06747452717899516 
-0.4862744562513922 
0.008935186664034891 
0.1791704110405248 
0 
-0.1174425620714406 
-0.1682612980349405 
-0.1053162658562009 
-4.065758146820642e-18 
0.8515631518693219 
0.04699317772398338 
0.4507659500290348 
0.493642464353011 
-0.06139898647371716 
0.05091925504999569 
-0.04174673018288549 
-0.02053700453505737 
0 
0.01735713699716724 
-0.0852593601585018 
0.004697110456097158 
-0.7444778244239819 
-0.1527844100905388 
0.1667815367468211 
-0.07171907742075791 
0 
0.04042630566243767 
-0.3370379963634034 
-0.008891298382699437 
0.3461449869142586 
0.091358215164257 
0.05019462622001206 
-0.2076444959537219 
-1.013877752544585 
0.3532718061021219 
0.2815751899205779 
0.05146193604450927 
0 
0 
0.2265685246312395 
0.01682878268241838 
0.1098278676002407 
0.06095209638904373 
-0.07904478975571277 
-0.3499155839448605 
0 
0 
-0.4428521013884734 
-0.04268580862329191 
-0.1798455833625448 
-0.2243768560222303 
0.1757080311198344 
0 
-0.009537749107316416 
0.06645558702837354 
0.07842771700247059 
-0.4156790612972148 
0.02327477513072231 
0 
0 
-0.04601304451661101 
0 
0.3080738787474858 
-0.7313772501973829 
-0.07215116592704646 
0.02614279027449317 
0.4265811234066826 
0.002263192771575784 
0.2139251929903845 
0.04327980267419882 
-0.0723930679801415 
-0.9474094532695536 
-0.2902303654508251 
-0.327865215357244 
-0.135226925994605 
0 
0.03778149776415173 
0 
-0.08755974766426888 
0.009620722494660406 
0 
-0.2029217049000036 
-0.01327221234386263 
0.1724370368291691 
0.2109926129658509 
0.178664890797446 
0.03811362616353001 
0.1709677711708443 
-0.5301924631895966 
0.2544019936234135 
-0.2131206192834163 
0 
6.938893903907228e-18 
0.1704966946209809 
0 
0.334994477608577 
0.06463026660673282 
-0.3257546401294919 
0.005136679900316805 
-0.4691333123812255 
-0.1291890486555927 
0.01961963963200127 
0 
0.1324969510516606 
-0.0307626904308225 
-0.03162907356277997 
-0.05352290441251874 
0.0180101369099485 
0 
0.5131202366423403 
-0.2011016829042804 
0.1216784456277509 
0 
0 
-0.8576838382318799 
-0.008075168958103458 
