solver_type L2R_L2LOSS_SVC_DUAL
nr_class 2
label 1 -1
nr_feature 5000
bias -1
w
0.5218898394595382 
0.2787533983852012 
0.347856208436242 
0.2616302769519847 
-0.1222286161122245 
0.7293308664778543 
0.02130098009561187 
0 
0.2027620929773337 
-0.1279912360369821 
0.1471119087306409 
0.3500841792329601 
0.1388413337396864 
-0.08811195773902204 
-0.2513890887961592 
0.09520352406191442 
-0.1224657707232472 
1.711125119298762 
0 
0.9641322970008872 
0.6146458685936569 
0.6414607879019956 
0.006583554070883637 
0.1231309035347149 
0.1893999143293369 
-0.001811071615609873 
-0.3233128186944355 
-0.07237384626109404 
-0.003099539374783231 
0.03375615608146566 
0.4118180972667326 
0.05782748166461346 
0.9490954791995141 
0.5846485345922676 
0.4833163361277382 
0.1319451827853781 
0.1512438175728174 
0.4822749862819258 
0.3217743028644824 
0.3051433522898518 
0 
0.3289496560836051 
0.1306530597386661 
0.1907827463651188 
0.05401878613616969 
0.1643383462670411 
-0.001646658220472441 
-0.08877863310557711 
0.1070435258699789 
0.4065287352434948 
0.009288020897184088 
0.006488844035504437 
0.08108181693824923 
0.2230724995303519 
0.01325276586265853 
0.08813707709743027 
-0.1572328892942708 
0.4514550467656926 
0.1198852778690126 
-0.1223373897523218 
0 
0.3386371881370667 
0.3849019367638277 
0.02833237759043269 
0.04510087576609135 
-0.500238598510879 
0.369666840952849 
0.05302149453274439 
-0.008830120094578613 
0.01999433438795727 
0.8840142007924127 
0.002996550320342257 
0.3178845018664284 
0.237373466815283 
0.2122784848689538 
0.0287645389956762 
-0.7601608888168158 
-0.007823777535966385 
0.3086995945638578 
-0.009132751134094091 
0.1328097698051591 
0.1108869550580635 
0.03256785102432164 
0.1885566988567368 
0.01893652026025141 
0.01328855348997561 
-0.09642169544306174 
-0.01435084877895189 
-0.2172761307218477 
0.5825467050933084 
0.09969753329899797 
-0.02538718551505144 
0.1122112784435158 
-0.6394820465658269 
0.0518457316743192 
-0.4397397263496449 
-0.3748020293934081 
0.06844265035704984 
0 
0.06032619229578236 
0 
0.02001202757054285 
0.3422490703823604 
0.0008404191226577036 
0.07189092877523608 
0.07794671819036048 
0.07622751889348889 
0.05462603492339148 
0.001063625686305751 
0.6181916174093405 
0.1250989623076445 
-0.0001790167972735455 
0.1028847336985483 
0.06982805324292107 
0.155545141614669 
-0.05325583044713791 
0.6944193421509997 
0.04705336485202668 
0.1100497292368767 
1.050623413612188 
-0.1039946079685927 
-0.007768006732683382 
0.01372768188474766 
0.01123610190028691 
0.01252637401431157 
0.219038017942139 
0.05568735165558744 
0.1221090481238435 
-0.02620069141515 
-0.0197622236004525 
0.07189004173038503 
-0.006698938256148711 
-0.01273810317287364 
0.1029349524230756 
0.1638986560755046 
0.1875993663098492 
0.05178099474118517 
0.00291673918376873 
-0.006448655211446979 
-0.1072804285719559 
0.004787111390478382 
0.2205400369919798 
-0.185777456638663 
0.1176430368905134 
0.03559317383147605 
-0.04485712185732652 
-0.0008916568576434121 
0.01574599159559881 
-0.05294952451828343 
-0.0295131116311782 
-0.1499121158383802 
0.1064040865110744 
-0.4478255617092431 
0.02487294340696747 
0 
-0.05678225591367043 
0.01744907921564149 
0.3183571747729855 
0.1876483117783655 
0 
-0.1483250535089306 
0.02909371482381894 
0.2024130484876378 
0.02222551129858686 
0.00774599614770975 
0.001794992587186584 
0.04644348256438634 
0 
0.1486721289035488 
0.03067272861295141 
0.05365555851414251 
0.1119478269289269 
0.1781999962469329 
0.1895918341926936 
0.04958079627355997 
0.06639744629052458 
0.70681884692694 
0.4436285235161756 
1.736763226200289 
-0.8315169998242381 
0.01284931590299108 
0.01668402203059099 
0.1112616424242353 
0.01581600276525618 
-0.08297167223775413 
0.006702434716960476 
-0.3717930048958666 
0.1873927089968024 
-0.003521401906095838 
-0.07729162726573915 
0.2006530571808629 
0.05594364448715563 
-0.173312595863555 
0.0560447146065069 
0.02238929635333579 
-0.327907552175694 
0.3853030075599072 
0.2169668305314578 
-0.2680735292667842 
-0.008919720856055332 
0 
-0.00723312467320809 
0 
0.116303489147611 
0.1491547596839035 
0.06177754611483502 
0.008096741873125972 
-0.2030540465462543 
0.01366797345602229 
0.4098003500065039 
0.3800299182495751 
-0.1246904406655145 
0.03017262963373704 
0.04781902193855044 
0.3732897417338339 
-0.001885527628035064 
0.4886029986647882 
0.007738911852579308 
0.1210787996743035 
0.03105681094602157 
0.191761644426189 
0.1937150290892188 
0.401664888070376 
0 
0 
0.2878200382953866 
-0.01923973725089563 
0.3191999318410572 
0.01518494203460142 
0.2166499973090212 
-0.002149345694455902 
0.1827501861828439 
0.01879533422972447 
0.02700256463533411 
-0.9707430824815502 
-0.1540525413797637 
0.1923979624332749 
0.2010983182987274 
0.01883091267576235 
0.04098109957949354 
0.05461695250359967 
0.01053598087964069 
0.09064918465648684 
0.6032523069965652 
-0.002905797476231857 
0.09691801892356254 
0.0686790338662646 
0.3573349111344979 
0.4519803780329731 
0.1904897938446453 
0.3250911809318597 
0.09222655196455196 
0.1112992012403324 
-0.7430431736838764 
0.007121871565118899 
0.5367323776053147 
0.03378245267824843 
0.430404902195626 
0.1716231906243494 
-0.009454879528571557 
0.05864563630369646 
0.0530450519602039 
0 
0.193628262462351 
0.01954552140159219 
0.03965238855855694 
0.008068159286645804 
0.3681141709292974 
0.1250354916236451 
-0.008402301010844312 
-0.1031569153299069 
0.03622943412826045 
0.01454738384566307 
0 
0.008308680192262729 
0 
-0.03586854199056206 
0.1267158561020719 
0.2974855152581176 
-0.06851496951617239 
0.1792934030549191 
0.001520562893569425 
-0.03978816437720018 
0.6560505759504306 
-0.08162417081899676 
0.4990132710004573 
0.02199562091850857 
0.01014999948823069 
-0.02075178597542414 
-0.05079363012023987 
0.3054976773783636 
0.09904185749376088 
0.1370715114838547 
0.08857492951397908 
0.01854168401746766 
0.05298110657447266 
0.006929132964792097 
0 
0.02368824733632024 
0.121211016758379 
0 
-0.005056250255610156 
-0.05706559358836157 
0.2745257587141812 
0.05392946686783009 
0.5912047421442322 
-0.01507311538870362 
0.03941810638750322 
0.03070931896406037 
0.03949646121131782 
0 
0.004509839853448678 
0.07314082364449145 
-2.232343935846588 
0.04913942708104701 
0.351759025676843 
0.04723689744610078 
-0.01273075202184084 
1.129180288551467 
-0.06649916024481191 
-0.04661373688539312 
0.107176300829447 
0.2159725001331388 
0.169788707095911 
0.01973008922355277 
0.2439685391951205 
0.006276149430062264 
0.1668568272434478 
-1.125032074145333 
0.1358638502419629 
0.1260773158868576 
-0.2840761920923834 
0.2720887384145997 
0.1265889044037427 
-0.03297962907358816 
0.06188891727586832 
0.1771174607187665 
0.04795964991303793 
-0.3656072865706242 
1.216562023018731 
0.1038426104624222 
-0.04126181629933823 
-0.01717318496336364 
0.04073577434775887 
0.1363097094390026 
0.1046631002744813 
0.03468917191544468 
0.1491812803320767 
0.05801554635452675 
0.4797859155752969 
0.139082626284856 
0.07906599263093583 
0.02210058218130714 
0.0003420475275732198 
0.02682538653574538 
-0.007848702995358147 
-0.004347497606846489 
-0.582709536051768 
0 
0.2245385092436684 
0.004373205314615876 
0 
0.08615805086987037 
1.428577277388372 
0.08581481584391948 
0.1984805760787653 
0 
-0.02322364025802566 
0.1451781566634091 
0 
0.2550556429017248 
-0.01552250320355038 
-0.2262275898896765 
0.02190602967167358 
0.007007867232080548 
-0.06694385145840123 
0.03870145648100488 
0.05288251490070101 
-0.02304044680780001 
0.0674989552096573 
0.03741179642058234 
-0.02398055546752784 
0.1533488865126897 
-0.0004905085496783851 
0.4203202463532035 
0.09228867332258883 
0.421884294661857 
1.625002461136297 
0.1657739891925948 
-0.1274078119845966 
-0.0317622287357842 
0 
0.02924364811625521 
0.1452996357792094 
0.5922320098272654 
0.02205399352673963 
0.4753185631472576 
0.02589291298588484 
0.04760818140291603 
-0.001377655989574419 
-0.5721160707464903 
0.5580001569460051 
0.1554476311202644 
-0.1373911429579855 
-0.4068298359744903 
0.252868921789511 
-0.06457799675994026 
0.05589181723751048 
0.5974508196344154 
0.01319343882170114 
0.04833346115112081 
0.05441644503665444 
0.3621189205404167 
0.2171877038754997 
-0.05266723856228051 
0.5309543575466487 
-0.007700446068926739 
0.03124407485879716 
0.1070686178399231 
0.7462800098562565 
0.2047082441708116 
0.4280047313902941 
-0.07351032510748098 
-0.05572988231911934 
0.3557344665186072 
-0.03582382360870816 
0.05133209290703904 
0.005314389434993429 
0.1446177181415367 
0.04064413295704691 
0.1221026450702213 
-0.06008001751276733 
-0.118348060102067 
0.458204949182275 
0.1066593322824675 
0.1506739711698286 
-0.1711943575790128 
0.0168912741609188 
0.1505569641528476 
0.0107681041885306 
-0.3448571513858639 
0.09943630419284832 
-0.008793130586929163 
0.07707703251997916 
-0.03182534420403346 
0.7503024224798202 
0.08862840713944684 
0.04636687806929951 
0.1939217563207314 
0 
-0.4276226926659944 
0 
-0.005964107808091061 
0.006944201839754124 
0.3353726633330505 
0.04600924416781859 
0.514463794532784 
0.6623998144462088 
0.2273394300947965 
0.110580954505483 
0.4752856032440395 
0.01882866919284767 
0.06907312932960274 
0.486034670780733 
0.4043976012649581 
-0.7563489423714834 
0.1072296503907277 
-0.9198748943901645 
0.07545661718229449 
0.006437221333633168 
-0.008778680706726182 
0 
0.02051667700582442 
0.002030489222232432 
0.1806711419737583 
0.00907192648335153 
0.1278372485693433 
-0.01038323051647339 
0.2616384718325948 
0.02245582107445102 
0.01429560521409607 
0.2037265616621206 
0.2593181286731167 
0.06514259556078196 
0.06104240771271655 
0.2464305844375523 
1.339462461171008 
-0.01710463970417136 
0.01565178659039671 
0.01037896393441825 
0.2900277299957515 
0.1260713181637431 
0.01953039904369967 
0.03428505046468427 
0.03405966362338623 
-0.09457945412295447 
0.02198515946445092 
0.003779766761324394 
0.2749217528128942 
0.5294582003077477 
-0.03522712421947331 
0.02098020896963436 
0.03230687429382715 
0.06152725584263848 
0.009041395503951912 
-0.05066979622686051 
0.2314621983965529 
0.7543841730405846 
0.03378763373346821 
0.02484318740857827 
0.1551776761352855 
0.08426529539690097 
-0.02105510391177974 
-0.936505724461449 
0.1965204072877361 
0.1488730348295669 
0.01698850248296186 
0.1042532937715872 
0.1998739419409556 
0 
-0.6268610032718455 
-0.000948343334736324 
0 
0.5442479319000221 
-0.1225958521427154 
0.1105050955063247 
0.03497212069405791 
0.1761474031442671 
0.04313063454036952 
-0.1148663780631542 
0 
0.01521127419977098 
0.06172505779119806 
-0.1697426462086705 
0 
0.05849344807463554 
0.1113429890737581 
0.330817283473915 
-0.5239861094380663 
0.08424405585589947 
0.04374066449638808 
0.428688338359928 
0.02559319515693344 
0.05485241753565559 
0.02434257570604032 
0.05672328341264851 
0.01573088750959888 
0.01590401762650546 
0.9050347363775824 
0.01988843100712323 
0.1563151998765508 
0.4025095689393232 
0 
0.001290940977765832 
-0.005814019519886965 
-0.01053659984289541 
0.2186044223802683 
0.1087677969459751 
0.0517913028870048 
0.1902110759999047 
0 
-0.05545300416249124 
0.1290490450421714 
0.0967657043026825 
-0.6354951925471757 
0.002384903279918773 
-0.08057074925369753 
-0.05304829196743437 
0.04683851265487233 
0.0001872028922662097 
-0.2088807011751738 
1.167258943551857 
-0.3134142967944985 
-0.0742892689451476 
0 
0 
0.4511192545406355 
0.004807046440202641 
-0.03699228260422416 
0.03753617077964061 
0.3250246127817633 
0.1769523809583748 
0.1531120736605612 
0.06184130123909568 
0.009674281494123199 
0.5156272600775099 
0.05394982489281852 
-0.08074454391593767 
0.007553933211892088 
-0.01114461521578223 
-1.991880401772683e-05 
0 
0.007532381690927186 
0.0001577597645844198 
0.1850666412766332 
0.1597949056244346 
-0.2281955339379144 
0.2014387378915922 
0.07747980657367402 
0.02061149910738208 
0 
-1.191381187835047 
0.01794506053609556 
0.02073325447655628 
0.07269793761158411 
0.01082617691577087 
0.1243709028817849 
-0.009651958503407818 
0.6189138397802934 
-0.1148925682951425 
-0.06856994592240513 
0.2069837843244934 
-0.005219089745510551 
0.006910659599871492 
0.006243358738265166 
0 
-0.01136294000097216 
0.03562997552863 
0.3053124742544275 
-0.09367710060497075 
-0.001450703336786358 
0.01460951674313094 
0.1096953660417784 
-0.01515367408726678 
0.09053115750035264 
-0.2704281077337082 
-0.4851320086102593 
0.01826698567336183 
0.2449449465380214 
-0.02769695865979576 
0.01937284943370821 
0.1959380283281216 
0.6563934920114969 
0 
-0.6884488356805492 
0.1052712950817726 
0.0571868345612024 
0.3199718096491295 
0.15947746793789 
0.1808067865120931 
0.2035803169919989 
0.1464222704513047 
0 
0.09113356299037792 
-0.01074232132038805 
0.3715834679586519 
0.04084945487427745 
0.1758502433675873 
0.03357732496892134 
0 
0.1872490227450419 
0.1593380467510932 
0.02325715144692891 
0.03623304558788096 
-0.01493774715122991 
0.03232828746559203 
0.001739711683993554 
0.2522404709788424 
0.08000374474815701 
0.2082703834162058 
0.2273434879336596 
-0.07482523294580112 
-0.5296636471756818 
-0.002373910915355407 
-0.002212302037092029 
-0.04159403586624975 
0.3463668190252121 
0 
0.3845780116695297 
0 
0.05530972114561458 
0.01965884227651692 
0.1595218767277148 
0.1835684509190268 
-0.02355747308314081 
0.1365487428015958 
0.06024939128506045 
0.1623828435283556 
-0.00336185143396354 
0.08254197799146577 
0.08929998901716765 
0.1660777267390044 
0.1732519631141724 
0.04857569290905896 
-0.001771290264956007 
0.6281972028821714 
0.3036996099097732 
0.08726139945631738 
-0.03335905882102468 
0.02532441769411764 
0.1074054655342552 
0.0007797613421711078 
-0.005040346614137252 
0 
0.8682425826750876 
0 
0.1102679164198601 
0.0321675810654074 
-0.005446089502902571 
0 
0.06360261596768799 
0.06388365362397093 
0.06186212971031124 
0.1376775583165012 
0.00164339257814687 
0.5827191622236537 
0 
0.02767151197639669 
0.025868545079097 
0.006189058101197732 
0.05779293063523619 
0.0202303261543883 
0.04089828023937089 
0.882034990681239 
-0.08523492050247351 
-0.2253391040895363 
0.239234181960476 
0.334110251512498 
0.02986831765526542 
0.05135579611896346 
0.03974961260301608 
0.02174847028947546 
0.2131390468974937 
-0.004054124688741293 
0 
-0.0001994950947833093 
0.388230620329917 
0.3895903166665763 
0.03034680645736863 
0.02605321929181852 
0.03429769643177663 
0 
0.1166941382287339 
0.04368743278412272 
-0.523516130205446 
-0.02821806703358665 
-0.03818647194137649 
0 
0.1868332928439592 
0.2625389572873665 
0.1215132981436235 
0.182903526219644 
0 
0.4140205676245819 
0.01293844722692054 
0 
0 
0.04309539186632581 
0.06008075379576891 
0.01112051375439266 
0 
0.01699478625957777 
-0.2396618581221339 
-0.09718312765487569 
0.3754593024151048 
-0.003126651718812247 
0.1724982390911663 
-0.1068873528080326 
0.1121606793988358 
0.2767614637503727 
0.05346268603001129 
0.7107276483905458 
0.4384967585948151 
-0.1124615427563184 
0 
0.01468043550352681 
0.1046435488246256 
0.003442727025764088 
0.0629287433917932 
0.5604034447093839 
0.102875607757368 
0.2000825213839866 
0.1478926028411602 
0 
0.04583566505307501 
0.001048945860098822 
0.1589171419135035 
0 
0.1599285515760051 
0.2510802094828739 
0.2260920266007235 
0.2686083479313277 
0.002197544143509097 
0.06728543189545205 
0.05474111968534012 
0.3916784764675886 
0.2594237569530713 
0.05870214672274086 
0 
0.0402809437088511 
0.006222856491594188 
0.00317323638561834 
0.6504341824557683 
0.00817162096011588 
0.4762433985103351 
0.2087203857181538 
0 
-0.07928795359502706 
0 
0.3669454459218008 
0.2551048671116525 
0.05167583718021658 
0 
0.1039060418649649 
0.6093228337772285 
0.05431363989211793 
0.0270285892444732 
0.1785347923572706 
0.00773216991358768 
0.008399359019640177 
0.04743561389104326 
-1.118365824691786 
0.4979759859354695 
0 
0.003518834906558628 
0.5004807290691505 
0.09375888764836056 
0.1051072051589782 
0.04914728713752644 
0.09064140316081487 
1.024674143266238 
0.6344892614284274 
0.01936688464829974 
0 
-0.682271142991538 
0.02507182466102688 
0 
-1.216601775949988 
0.001701841231461213 
0 
0.0004708328788343744 
0.04130469206591703 
0.003443596161399587 
0.001901026456768182 
0.2102222537351649 
0.2292161800372634 
0 
-1.041930362456256 
0.1713199584835136 
1.025694195447661 
0.7605793837710851 
0.0223862513805855 
-0.07682235554048446 
0.1052764664993842 
0.1082967526437382 
0.05600198550217483 
0.02858389321147182 
0.05140509736586557 
0.1083544434793277 
0.321745866630427 
0.07574519367064166 
0.00396594998441293 
-0.03349385008518484 
0.5289119554504506 
-0.01652230689827934 
0.03625427199512948 
-0.01682220435306401 
0.0497026613049364 
0 
0.0191112482996031 
0.2835422079644244 
0.04559940303742646 
0.1180091208560094 
0.03484453855655188 
0.1390588038314327 
-0.009247223597448961 
0.04653312254350578 
0.08416090368958135 
-0.003323640953133375 
-0.01799495000110799 
0.01538245428833894 
0.3729381915433048 
-0.2410772513533155 
0.4235266846275747 
0 
0.000183345968463059 
-0.03573244676159699 
-0.1511648488521583 
0.02496101418270268 
0.4039201428004148 
-0.01702501508548844 
0.1956348550940223 
0.0372689142755827 
0 
0.3930149849213129 
0.3515998623774301 
0.5044614576965641 
0.4196387751696511 
-0.1393222643273562 
-0.1112427607049623 
0.05759608758115264 
0 
0.02713225309113849 
0.009543072356401727 
0.2606121327980447 
0.2226418682603115 
0.01674756089251489 
0.01636767251340834 
0.04225657518050305 
0 
0.02765590110626106 
0.1044842166355139 
0.5589560914220489 
0.02688339141512588 
-0.0556468815922296 
0.04923306617766332 
-0.8779330004893717 
0.07365141563447186 
0.108272231842168 
0 
0 
0.2308902275212741 
0 
0.09774346495726274 
0.4471001547509246 
0.004640686158919258 
0.1188361685892666 
0.05283038696822064 
0.2257312649521344 
0.01749840339159876 
-0.06850326019758289 
0.00256556803883791 
0.04033901880116555 
0.06226226056739674 
-0.02598032842069314 
0.2273201888601993 
0.1484913421965749 
-0.01291662326560717 
0 
-0.4437766396422286 
0.1824961740290968 
0.0009437842011709161 
0.2194986138466916 
0.001775488843464353 
0 
0.02816690093155992 
0.08295737952827771 
0.3227674628527285 
0.86134357785129 
0.04330024843638545 
0 
0.01917322365368902 
0.08688006820295271 
0.02907993442708577 
0.04373271482402521 
0.04404120152576239 
0.1617626950544449 
0.2524198767276595 
0.1590981019183441 
0.3363183667945453 
0.1869544720668903 
0.2394055561369349 
0 
0.04156449214026162 
0 
0.06706962718197342 
0 
0.02121885416045869 
0 
0.1080999799648601 
-0.08658929465926066 
0.07357429712307872 
0.6749865942140522 
0.1564411657128383 
0 
0.05135565940668108 
0 
0.03773912718629974 
0.001626883157585718 
-0.0002203100197572856 
-0.1228163611153403 
0.007140861638231063 
0.009006811921850887 
0.003575489420808071 
0.09612357249256603 
0.03223532166211703 
0.1348440393816634 
0 
0.1149748515174207 
0.02372659868147142 
-0.01682353441955009 
0.06894222545573234 
0.008240447801752589 
0.09611371204444513 
0.02669299125768945 
0.1586222091059905 
0.05329171976345187 
-0.005279750072986008 
0.07159842753855045 
0.5977673870585767 
0.02378033548064341 
0.06490760895125397 
0.04144506813991869 
-0.008279242628582081 
0.7242071692659175 
0.03112414877563957 
0 
0.00160448797644785 
0.005618826301731705 
0.007291214322263819 
0.01633314961518866 
0.3149039944133972 
-0.0902520779613884 
0.4049897125019716 
0 
-0.04287939610808305 
0.002072568969067435 
0.3083534720756047 
0.02735212765773395 
0.3197897595786754 
0.3282492609317029 
0.08759817642008638 
0.04470524121468943 
0.01789222877032831 
0.09619756935733142 
0 
0.01974648200829316 
0.1372950752330129 
0 
0.2033548227114694 
0.1760905523651956 
0.2048838357162857 
0.07891523073660968 
0.00174782883098613 
0.05307434707416878 
0.3312028522176733 
0.1494513253136943 
-0.06423700306924798 
-0.008768382435309637 
0 
0.008330024782643716 
0 
0 
0 
-0.004531753455990015 
0 
0.3239462779889241 
0.9749273473678852 
0 
0.08112045691171557 
-0.03761110421428791 
0.07900043377837579 
0.03676613773201363 
-0.01480577948618792 
0.03856440107177509 
0.0006434679061461384 
0.2193620645897353 
0 
0.3179960612853592 
-0.03054146842565045 
0.009574082249886744 
0.01354023791988116 
0.1270089675718383 
-0.0341407360243987 
0.1119109236975595 
-0.1844621553280088 
0.303248666852236 
-0.4318278817225328 
0.01649010463326149 
0.0229722606417134 
0.003675458330224305 
-0.06237150309086313 
0.164181992244311 
0 
0.03466886802588316 
0.09017795238451665 
-0.263171011521164 
0.01003287324367502 
-0.07982135592429404 
0.01352533515793323 
0.006690696989264783 
0 
-0.1103232556571478 
0.246919599892228 
0.162730215492069 
0.07495801387945512 
0.08061540901156186 
-0.02476403846617796 
0.5654508860639338 
-0.01182304252712597 
0.001178465009313339 
0.1371965173309384 
0.1502399091863464 
-0.0183839387145893 
0.001844938100338752 
-0.0168015310489063 
0.003212945875118501 
0.9657687250832104 
0 
0 
0.1980880710345425 
1.041957375103207 
0.2972499530376254 
0 
0.1474001229404967 
0.3301306938894873 
0.07611225631136112 
0.01015481663251474 
0.01861436095078498 
0.02618231668180317 
0.05024555885838609 
0.02004454001865013 
0.005217594108546791 
0 
0 
0.1430155604100375 
0.02374368876762128 
-0.9689130227100153 
0 
0.009604873804143689 
0.1708926624122246 
-0.006390340667095872 
0.09586511414125139 
0.005253952929293256 
0.2495828010320189 
0.01851328311696605 
-0.001444731647418913 
-0.002975868263802164 
0.1115926636149766 
0.02872885955762328 
0.009840003055739899 
0.0362330877667608 
0.1253078951440852 
0.1208944544749521 
0 
0.1764204001187858 
0 
0 
-0.1544741942075086 
0 
0 
0.006162039394089195 
0 
0.008234902751479548 
-0.0009133087745192787 
0 
0.02099232209087456 
0.03489248290931137 
0.03843017269188732 
0 
-0.04605017078675178 
0.01496047285953123 
-0.03066694543176657 
-0.03750858930607318 
-0.005207830728074089 
0 
0.3785909034408886 
0.02850904356474358 
0.006066124312195212 
0.001968168967424937 
0.008862104656499264 
0.05465487947990859 
0.2032689229754722 
0.5225942263180844 
0.005711424757757033 
0.09677824064044713 
-0.05752970640176009 
0 
0.01858437963857926 
0 
0.03481338917894669 
0.0920011327133748 
0.03928118497382015 
0.5448507572126151 
-0.0003732172795732473 
-0.005126080997676196 
0.002102024486763678 
0.08805566084480108 
0 
0.009468386456521479 
0.2655584143743306 
0.3078058968668433 
0 
0.5877177853537592 
0 
0.463902252146653 
0 
0.03597405369823455 
0.2046578733734474 
0.001280828521438914 
0.03326476889316652 
0.04352659201587853 
-0.2172816848364767 
0.1434732247917382 
-0.021158240117979 
0.2364704172975359 
0.01199831707831933 
-0.01076656505111184 
0.008285179071477014 
-0.05709375508500124 
0 
0.2418479629432697 
0.2535463103454058 
0.4225493650565695 
0.04486625758367043 
0.08417374871246443 
-0.05009662338644642 
0.0327322398583531 
0.05438652240957541 
0 
0 
0.2435349351383466 
0.003036079473531444 
-0.05929721789254665 
0.09526320727770375 
0.4165026079936094 
0 
0.03826286951045059 
-0.2628657796994127 
0.08544319538455758 
0.2314134367349347 
0.006451330766844301 
0.1125555881673124 
0.006174910685008053 
0.2150290609049749 
0.2786252474777914 
0 
-0.09979953931057849 
0.02283769683861055 
0 
0.009473617142651117 
-0.0005946198890886735 
0.02404182387356694 
0 
0.01010708576868714 
0.309799349689042 
-0.02991515316522202 
0.006837274997805888 
0.01956760893994626 
0.02159471897981028 
0.3767920571650373 
0.04396352805184379 
0.108639568182657 
0 
0.0009835755222462688 
0.3811056252179628 
0.03391153264787529 
0.5383419274332895 
0.6268229191290571 
0.1261073765910923 
-0.04551103271663064 
0 
0.1144145204768219 
0.02177364828706522 
0.1295641691983245 
0 
0 
0.002838236246351788 
0.1612005950738821 
0 
0 
0.1239594197498326 
0.196817031843162 
0.004320207151620546 
0 
0 
0.08634181039535112 
-0.01425329672486447 
0 
0.2171859246982706 
0.1099860526979099 
0.03611491124891439 
0.4536868623380066 
0.4520968680651029 
0.009457462233153928 
0 
0 
0 
0.120064958645902 
-0.1985455346259101 
0.3630313412586705 
0.03673171185409224 
0.6908224219952216 
0.009324964540473225 
0.1079970722410412 
0 
0.002808570681629177 
0.08784336457029941 
0 
0.08636066210167639 
0.05034590699887496 
0.001321979368460364 
0 
0.3080125849145489 
0.06369002239701201 
0.5345853007365041 
0.02533803081227422 
-0.005876230076072704 
0.1043290571230991 
0 
0.03608605275092988 
0.003521321384825359 
0.3045968481613447 
0.000213895500779518 
0.114761136213356 
0.009355340220548061 
-0.01508734625280239 
0.006554829365268388 
0.06575844093796274 
0.00975665317534307 
0 
0.1088680200703773 
0.2013242558003859 
0.5647279765586247 
0.1339502416677949 
0 
0 
0.06667033237936117 
0.01021864123414887 
0.1666475098330552 
-0.01041734538187964 
0 
0.1102631793172343 
0 
0.008766996886038044 
0.03175832348941213 
-0.044636893866437 
0.005693393463898647 
0.07814200018486525 
0.2461741186284906 
0 
0.994104589005246 
0.01106359952582815 
0 
0.057382541956885 
0 
0 
0.1179273671467705 
0 
0.2222692411131422 
0.1013021560350467 
0.3908803561155543 
-0.001907081882370719 
0.7232436335438767 
-0.1674938907257089 
0.2500827172642706 
0 
0.001294414248755663 
0.02784906292136862 
0.3282338457992779 
0.2604897645314141 
0 
-0.004070286147304611 
0 
0.09263273102795835 
0.03888676701557026 
0.00093276960614433 
0.08097450924707569 
0.06169284630002984 
0 
0.04156214088654386 
0.0696897309135336 
0.01969945198211309 
0.02419004545345067 
0.1385534393810456 
0.3402205734417277 
0.604411385842377 
0.08869418860808273 
0.2105657834693065 
0.02049437468370343 
0.2775351527717365 
0.05250699708671876 
0.6329294303921636 
0.2950763389227248 
0 
-0.02369442659822973 
0.0003073385714050475 
0 
-0.008157012533317222 
0 
0.1096295684075654 
0 
0 
0.04224238990843587 
-0.01457254909275478 
0.05494561254985497 
0 
0.1290983293749025 
0.009421460832691079 
0.009442549049355453 
-0.06055180092808923 
0 
-0.001339186119544463 
-0.04183121630955679 
0.08344286672611492 
-0.003125926153023052 
0.03189486311980594 
-0.03627273619262247 
0.09756072878548355 
0.206179184980873 
0.3104391668491414 
0.0003187244854588746 
0.6242368916880721 
0.02029468880560741 
0.04345941046252529 
0 
0.0205265328159993 
0.04356597760664111 
0.09347718620403196 
0.09892952345409971 
0 
0 
0.1934704741220032 
0.009283911623291815 
0.01319138568848352 
0.04413516060742598 
0.005165973754395954 
0.1183724779856203 
0.1173941777156321 
-0.3552351216497607 
0.07527878075723707 
0.1022902092709892 
0.0325444301148058 
-0.04341974445962433 
0.2278655485556033 
0.03065129041888534 
-0.0927094080355003 
0.006607899406684254 
0.002577808050980902 
0.01753195941413167 
0 
0 
-0.009544263750456973 
0.0667212164488384 
0.01167469468768841 
-0.03689131087145583 
0.04454199526653068 
-0.1110787408188328 
0.02308889902658287 
0.003727782415027525 
0.1729724697198021 
0.1039906213505215 
-0.3263860805122654 
0.007960809855927046 
0 
0 
0.003808231616133498 
0 
0.1121594196973342 
-0.01016938749915549 
7.597786800405269e-05 
0.01532990467591926 
0.08371300934164373 
0.06700598770361872 
0.288887023668201 
0 
0.1390144270665178 
0.1266741378349249 
0.3807365086849603 
-0.06893692751658437 
0.1279757029700943 
0.4180567045731653 
0.3351901007919301 
-0.2776310549713896 
0 
0.01833402010130605 
0.07483662559907107 
0.0009511964398319508 
0.2436745100912149 
0.1578206254483193 
0.15594466387113 
0 
-0.003442048152016431 
0.08860873075632669 
0.0210013978815431 
0.08147421727774148 
0.0122706562389581 
0.1815341496091168 
0.2191452614320334 
0.07538379851955962 
0.04873110888043312 
0.06738262856970675 
0 
0 
-0.09949199974049545 
0.05643027014976296 
0 
-0.06209204394987101 
0.09756820000156402 
0 
0.03640419604926389 
0.03311503978624195 
-0.2836550498467225 
0.008929047157237795 
0.04028142807345429 
1.028781236922126 
0.007836128060627914 
0.06577159603588004 
0 
0.04490638197946124 
0.07908455514908093 
-0.1756142424657037 
0.09021077361227026 
0.06172477396277743 
0 
0 
0.007140599657006199 
0 
0.01312880602962722 
0.04370880300519446 
0.000746243909912183 
0.897634267883294 
0.03759517472534206 
0.003670670627958327 
0.07802375416463767 
0.08475141340190219 
0 
0.3571891749919694 
0.2145692069558071 
0.3072526595609575 
0.05791243705635214 
-0.03316705379014828 
0.1949967437477094 
0.0008009533811875156 
0.07690858572813028 
0.00652071868160908 
0 
3.761528825412195e-05 
0 
0.1512057948481171 
0.09596715700491969 
0 
0.0498791409347534 
-0.2759273355677517 
0.1563757920585904 
0.009458335242655574 
0 
-0.194912384785152 
0.007236877480688227 
0.02155276613655404 
0 
-0.02368712311109708 
0.4337979903144491 
0.7176309639035997 
0.01832041765243438 
-0.1146416063194814 
0 
0 
0.000967249522396542 
0.008227532743719724 
0.4178025015314373 
0.03760924118887872 
0 
0.1498024390016812 
0.006321194687765102 
0.6869808799735271 
0.04962942623713729 
0.006123310730027503 
-0.008635081076901467 
0.0197250753345641 
0 
0.007147931570119328 
0.0840599246266624 
0 
0.006740420336140666 
0.01194516713461017 
0.07450718818348095 
-0.1357590774437833 
0 
0.01125746439164416 
-0.005374566845321422 
-0.009433408411400668 
0.08762031186992533 
0.003347234791457372 
0 
-0.3203055544499035 
0.02926405896073307 
0.6090908846744895 
0 
0.02333746898121832 
0.01760514301760168 
0.01648851353926743 
0.5160541179192407 
0.2733688350536974 
0.01721452912718692 
0.003490760371207666 
-0.2074640285165375 
0 
-0.008294154635676097 
-0.07222637072525312 
-0.2765994926010927 
0.008581024672672143 
-4.981918039466751e-05 
0.009180337207062924 
0.1043281262025497 
0.1730684285777284 
0 
0.6770171461981616 
0.03967656885654035 
0.02577954606960989 
0 
0.0100341551037624 
0.09545560141165491 
0.3688854448338258 
-1.404841645806374 
-0.2453701868540167 
0.2072748021313401 
0.001442618208715163 
0.4785828874301332 
1.066592860134418 
0.4180423988637983 
-0.01284853733492759 
0.1159956640111388 
0.04701827291305245 
0.005641602425133663 
-0.02515226359785603 
0.1119556869215929 
0.145429972964729 
-0.1221558710307881 
0.008343899357387708 
0 
0 
0 
-0.01516439956756594 
0.06122430371290502 
0.01802700589433746 
0.06594052803398483 
0.0334629265917842 
0.3437521386765327 
0 
0 
0.04904206700569777 
0.01471664354785133 
0.06087214729764707 
0 
0.02488844214232837 
-0.0866668820225749 
0.06514620011153294 
-0.004874330112870229 
0.307872215971591 
-0.01452341114580202 
0.006361590939445063 
0 
0 
0.454866225722527 
0 
0.03215471535754273 
0.1245300265522631 
0.01319612303020088 
0.03421019559427957 
0.04990561966290027 
0.01153082808184982 
0.09130387196703302 
0 
-0.2061858182406057 
0.08638687577661175 
0.05051250354530668 
0.03522755231383827 
-0.3839636819126746 
-0.08157083104826657 
-0.001520551461148191 
0 
0.07585865656631957 
-0.4574574950422826 
0.08025124965246611 
0.02152132768003371 
0.0040489209664002 
0.006057785811912428 
0.008889196953898571 
-0.06185895405438648 
0.01497388781000823 
0.1205060875201497 
0.296181217430202 
0.06623301838227602 
0 
0 
0.3641251164720473 
0.9997476077450091 
0 
0 
0 
0.06678902466458751 
0.009804161557506364 
-0.01388781481856272 
0.1749205604719639 
0.1202145636225748 
0.04539930850533653 
0.001481976750274117 
0.03226073268866964 
0.4195842570912462 
0.2191064392554682 
0.02539315834593786 
-0.176531749709306 
0.6224964224509255 
0.01605464363140327 
0.2720200473552079 
0.01094273956268101 
0.1248831010060031 
0.1040994433180736 
0.1444646468901263 
0 
0.1376201794474093 
0 
0.002754546674282866 
0.02033479702090807 
0 
0.08083876243504604 
0.2799883504752177 
-0.02652122703153259 
0.02467999429857208 
0 
0 
0.02848594760451056 
0 
0.02204608642563408 
0.002297270516267168 
-0.08993240903983672 
0.00411255129870473 
0 
0.02174345712125258 
0 
0 
0.08578733382182543 
-0.006684373244303059 
-0.005552811822402701 
0.00354719078179032 
0 
-0.02065293292011456 
-0.02507361390256715 
0 
0.1572944592498876 
0.1563161417629595 
0 
0 
0.3704170444953525 
0.1323522837545932 
0.1522387232698774 
0.75823014350013 
0.07586885689999194 
0 
0.008726586818260208 
0.0522636938032509 
0 
0.120343609217548 
0.09329210295584969 
0.01404777431502528 
0 
0.01931589391278657 
0.3385651212913607 
0.02562495049221994 
0.004749103191598891 
0 
-0.0235903063355309 
0.04367459364234273 
0.1327699308210425 
-0.9361082108416954 
0.009407670770185308 
0 
0.0126954264874628 
0.001572356544792141 
0.07643013902515616 
0.04137697945377598 
0.06065494746236654 
0.05186961268547909 
-0.3929984389351491 
0.003633002741448549 
0 
0.02934811700450873 
0.04540691988807697 
0.03457101002062378 
0.06795819964535925 
0.3984380206025878 
0.2211574049792723 
0.02806787835204378 
0.05857720269907876 
0 
0 
0.003078166844778897 
0.007046519925917575 
0 
0.258113258267095 
0.997097988238219 
0.2115667195251116 
0.1856210268720649 
0.1232109267155793 
-0.01396863057920642 
0.06194191484468078 
0 
0.2321217922338333 
0.2486607240787742 
0 
0 
-0.8177864764001158 
0.1186324247040227 
0.02774469857210133 
0.1233491648325982 
0 
0.126138383658761 
0.03623307091323305 
-0.4118203462918785 
0 
0 
0.4120293033296338 
0.1226661772642047 
0 
0.02048015496151849 
0.04157478172067035 
0.02026839829658623 
0 
0.1236067562140244 
0.06924405868434412 
0 
0.001820009119110434 
0.05333280224540727 
0 
-0.01843571614554422 
0.003444707921540246 
0 
-0.05995345311214022 
-0.207804275042625 
0.0567167464934482 
0.2853304333281279 
0.1255718178723326 
0.002114462658976522 
0 
0.1422603928971967 
0.004921845891694237 
0.4275338577566034 
0 
0 
-0.01642560202944868 
0.05285918208002437 
0.128588465039022 
0.2225779723667164 
0.07343422345801036 
0.8173946798646204 
0.04497060691283776 
0.1413917920434605 
0.08985876045179973 
0.01913602832769835 
0.03261637556148266 
0.3283239642989082 
0 
0.1226291828910313 
-0.001856549967718004 
0 
-0.02765601459482479 
0 
0 
0.1504557780221106 
0.002673710743759208 
0.3435547304792431 
0.1029963253652991 
0.04329104242590314 
0.6592305599773628 
0 
0.01088413504639639 
0.04075171826462576 
0 
0 
0 
-0.3840853459360248 
0.0741196312406911 
0.1437974906403897 
0.4765052134180215 
0.1152422406837827 
-0.05418922343405182 
0.004624351422518935 
-0.03781762561907517 
0.2249698197018019 
0 
0.9080265127332486 
-0.02037800628726619 
0.08547644356016934 
0.2025257829460619 
-0.1167969242050445 
-0.01426718851524788 
0.01567028775879073 
0 
0.2513683063951569 
-0.08261984762819423 
0 
0.006365514082153217 
0.01804128547485098 
0.8492647095088257 
0.01482874379674353 
0.007082383422165807 
0.03403103978022213 
0.00431276633462494 
0 
0 
-0.02211384360953789 
-0.05321054960365257 
0.3172415286984867 
0 
0.008291073713800494 
0.5021289537423831 
0 
0.01764672159355435 
0.2704688726170195 
-0.01181309768949981 
0.09878484755443548 
0.006697512028661395 
0 
0.0003917491700633979 
-0.007915146640480432 
0 
-0.0007125222690311738 
0 
0.05134873328612263 
0.2417809561816817 
-0.1952758301554431 
-0.7349511182978813 
0 
0.1198160134933755 
0 
-0.0009473059718683959 
0.01796324392307512 
0.1048741563947962 
0.1805857118205677 
-0.2684540405115244 
0.322547128032438 
0 
0.2244434211049582 
-0.002390562324012654 
0.002057700402403906 
0.1475693692793438 
0.01262360305564655 
0.07074313406274688 
0.006063510001979158 
0 
0 
0.1864976579938309 
0.0118265768473553 
0.002885134074195145 
0 
0 
0 
0.4743419916805809 
0 
0.01451600028172188 
0.02545559722961137 
0 
0.1999591699465492 
0.2390907700813789 
0.5664859239218505 
0.009605888973842302 
0 
0.06334269855022916 
-0.03478950796905222 
0.2756786698157263 
0.02866724689010685 
0.1281229863777776 
0.07565555017117703 
-0.014452394460537 
-0.001153809059914402 
0 
0 
0.0633450363810725 
0 
0.01856889845633105 
0.7369395654380336 
0.5179980619086492 
0.1195769764885873 
0.5826294844293457 
0.04281158804846174 
0.2456936403274846 
0.02590115773590081 
0.05368816587501064 
0.4022488197907216 
-0.01341196899419954 
0 
0.09359791422982899 
0 
0.2863358075869031 
0.02144501610278013 
0.09071921572990996 
0 
0.03652620318133624 
0.03311491626999524 
0.007870941870469847 
0.252049683696527 
0.002825670054309424 
0.00883922586480433 
0.1042757423179801 
0 
0.247344010024824 
0.009714070561171503 
0 
0.1134249907766808 
0.02448505721548193 
0.1835671368353877 
0.2205783780988105 
0.005578666330815129 
0.006376322332733724 
0.01198557512983507 
0.0216946908532571 
0 
0.2028094179687545 
0 
0.007101522732146027 
0.009411373150817956 
0.004067586724379939 
-0.05795958224850681 
0.003314151726519978 
0 
0.1006015898627342 
0.1339486764613421 
0.0602099458813405 
0.2218772037772923 
0.2144852249569168 
-0.01819261177205525 
-0.04902480526248372 
0.09167128517438697 
0.005479557187679706 
0 
-0.5804476697193404 
0.02199623105729646 
-0.08692142769492295 
0.3486451906607794 
0.01066151841826688 
0.003224299448614539 
0 
0.3542495548385293 
0.1574306283876496 
0.05848619167071993 
0.01287028045480315 
0 
-0.4100655679275669 
0 
0 
0 
0 
0.004049530885201458 
0 
0 
0.005294069610199728 
-0.3114413908068221 
0 
0.106467669601774 
0.3060585046259286 
0 
0 
0.1851769746867926 
0.6851814370700567 
0 
0 
0.9056313524764121 
0.0350271855054658 
0.006157059258398893 
0.4499235276069015 
0 
0.1547102439954216 
0.06946983284745728 
0.02459470146012304 
0 
0.005164183064700837 
0.5881962117307545 
0 
-0.08475538460887008 
0 
-0.1150547087425327 
0 
0.07745307344067473 
-0.1505273477556044 
0.08323132908920935 
0.1100154258620265 
0.1362322825034039 
0 
0 
0.001289920561750461 
0.03996334266956816 
0.04580189426070587 
0.4261028018350791 
0.05382380368123095 
0.006700852593372273 
0 
0.7179701718002671 
-0.03359659828176 
0 
0.2122972267128997 
0.01815923970976747 
0.2884020431064057 
0 
0 
0 
-0.06956668621458725 
0.04906752764710188 
0.056699478505741 
0.004954605752582995 
0.009374799971717007 
0.1421994967702665 
0.02670405180350513 
0 
0.01066682730895312 
-0.001422227359215269 
0.001108423862725632 
0.1081034799241764 
0.1690476511133733 
0.5821528009234717 
-0.00995451469676318 
0.1483545813211373 
0 
0.101947487409426 
0.03069762992237967 
0.021553711480999 
0.1018934764487032 
0.02732552041838983 
0.002624688756642876 
0.04119906256629717 
0 
0 
0.03942340691467438 
0 
0 
0.0126437295590853 
0.2893427047891965 
0 
0 
0.004655844981037622 
0.005683116559278632 
-0.09950121167203585 
0 
0.05590359567535767 
0.1013780855858207 
0.07088260226526361 
0 
0.1907425671196834 
0 
0 
0 
0.01282601606209632 
0.1312514012514542 
0.05740326437369665 
0 
0.15459988698728 
0.1435773547116088 
0.001955398156742725 
-0.04911759692977193 
0.009958195697998742 
0.1854235071394912 
0.2060071554847938 
0.009157955743191089 
0.5560997716444873 
0 
-0.03091036290855496 
0.1102905662063412 
0 
0.03110690368750188 
0.1018283382835002 
0 
0.01001685046772317 
0.1830688100804744 
0 
0.04812125164594516 
0 
0.004646602964102325 
0.4751099648996936 
0.01821823556839222 
0.0005383989833681618 
0.4609658675250434 
0.1447169551549809 
0.008101446592561776 
0 
0 
0.05740715408332051 
0.03272867685233485 
0.04431587028247837 
0.5196480899060327 
0 
0.005856779215627259 
0.04631816425174188 
0.02948244301755888 
0.01820935718392267 
0 
0 
-0.1095688649581466 
0.06978213711029167 
-0.003530102906181598 
0.0506903228370009 
-0.00946590756065563 
0 
0.005265553564513777 
-0.002100916327660941 
0 
0 
0.0005152151611344923 
0.01569871567979329 
0 
0 
0.2195357876244815 
-0.008701772924236892 
0.1566508332285204 
-0.2046449546086613 
0 
0 
0 
0.01157674106908973 
0.05038613920212398 
0.009910286926760152 
-0.03101102208888826 
0 
0.06251444464069666 
0.3572550350777013 
-0.1573909048239439 
0 
0.09326886434650561 
0 
0.2086833010857904 
-0.1057808153503281 
0.1963667336036524 
0.002969093456733338 
0.005076472299840647 
0.02770609397081765 
0.00325993960262047 
-0.01704549070983871 
0 
-0.3004650838943395 
0.07738345737750597 
-0.0072658495164847 
0.4309823110335872 
0 
0.2981346219004201 
0 
0 
0.02351011353326514 
0.04211984947370544 
-0.004452618414302152 
0 
0 
0 
0 
0.0219971482824719 
0.01933241637704958 
0.001099107998838622 
0.03535085766200954 
0.005822290800084612 
-0.3470922831912486 
0 
0.007567789138302902 
0.02869067896502168 
0.1360503561516136 
0.01105409577884827 
0 
0 
0.03784532168667873 
0 
0.008684804514371699 
0 
0.8143783330287169 
0.1594392964521736 
0 
-0.1124594216409177 
0.06196414066791648 
0.001037814734772963 
0.6554862610821585 
0.0344259747979182 
-0.02319444180162415 
0 
-0.0138611049216884 
-0.03120318296667357 
0 
0.5832879109569279 
0.0786146462687294 
0.3128533939644784 
-0.03188008762745119 
0.02904439585500428 
-0.2369276468234964 
0.1112608785164682 
0.006291382096502974 
0.2771961903291944 
0.06675954220993233 
0 
-0.02152391686753687 
0 
0.04290759144050611 
0 
0.01750311214312925 
0 
0.1444211567597994 
0.4776930179592513 
-0.2710505828479324 
0.1903218483224001 
0 
0.3730090597062676 
0.1136378784945136 
0 
-0.4649783518695611 
0.2550920180497579 
-0.0002669556703099485 
0.1819273221415136 
0.08896022182043517 
0.07688148418889623 
0 
0 
0.1916959929751839 
0.3362742680993532 
0.04980054336982268 
0.228569171023562 
0 
0.0911680946278913 
-0.07997534494387193 
0 
0 
0.08246851922890239 
0.0444229851144719 
0.2111651263239751 
0.03143035258459822 
0.03007093771536633 
0.0647643159622643 
0 
0 
0.0138796328385734 
0.2149111478868629 
0 
-0.09103795529868244 
0.009905356069575752 
0.004176272871568997 
0.01947504565644898 
0.1102286157782552 
0.03682998809127652 
0 
0.1805149161268822 
0.06082172520018569 
0.09699459520265152 
0 
0.005333436532449318 
0.1980459546251424 
0.02516438234522992 
-0.09036339044443127 
0 
0.05775356851082677 
0.001586236949479191 
0.01760332134729093 
0.3176547657542215 
0 
0.002087772687781151 
0.02491532508847473 
0.07732127061354718 
0.02172172101642071 
0.1248227815323694 
-0.02342643251604816 
-0.003334509647501225 
0.01803303975586794 
0.2825774100942788 
0.01908096496643022 
0.07767764009505269 
0.02961717325391387 
0 
0.01562343545344404 
0.004012299853131019 
0.05466408243505835 
0.0158503277788523 
0.01353806433468261 
0.009027678203926293 
0 
0.002455700042848898 
-0.04101132389979943 
-0.008770722436862995 
0.04459039378547097 
0 
0.01108448703573452 
-0.02843201465529883 
0.001246208523568935 
0.2339369616912481 
0.07228721569967114 
0.00210261075093415 
-0.02663226361957411 
0.005348260536183042 
0.01551688196268178 
0 
0.009105851912191293 
0.1642821814207435 
0 
0.06018912637720536 
0 
0.04561858872984803 
0.02596433052879859 
0.02126744235024128 
0 
0.004428552255778675 
0 
0.00423291024675608 
-0.05691543816798367 
0.007280199049713222 
0 
0.01947551680701765 
-0.01135081423272447 
0.01482235359306761 
0.05709074206484422 
0.02113403186522369 
0 
0 
0.01670584042548142 
0.06207447036976765 
0.2111104165805983 
0.01591293679402036 
0.0330057202242496 
0.1275989137902925 
0 
0.08295149572555199 
0.1046098008041185 
0 
0.0379853064575533 
0.07496479533529035 
0.02837236553547007 
-0.052514046733903 
0.166757246154346 
0.1679983362571687 
-0.002156934778057249 
0.00172291765795995 
0.119345669917463 
0 
0.0739684268944449 
0 
0.1786949345498394 
-0.008375218092076109 
0 
0.01588916817781207 
0.07236722061220127 
0.004007967631073685 
0.0069479337790182 
0.05982921876334955 
0 
0.001262887117543359 
0 
0.7351274653773177 
0 
0.1309084356910369 
0.09207979689142562 
-0.05624177668301697 
0.03163610434770068 
0.2687285331095735 
0.02641831924129117 
-0.01002189983361691 
0.006033982714604173 
0.02588527705290078 
-0.3723306951595886 
0.0541074668949058 
0.1183638049428961 
0 
0.2247557769130085 
-0.04946056942969795 
0.6887283591719527 
0.001218851469180876 
0.0004888118605998473 
0.01006627003030679 
0.01034931105854791 
0 
0 
0.07242202638700564 
0.008161046188329871 
-0.01204655669377582 
0.03271793975306931 
0 
0.009460007667984075 
0 
0 
0.03428660043047894 
0.04724495115614398 
0 
0 
0.002355808700274241 
0.2018990606631668 
0.1362905367273501 
0.1944523976811231 
0.03969284698996916 
-0.01955170821758185 
0 
0 
0.2205916822941072 
0.01217137851024699 
0.006679684691359389 
0 
0.06665599679189733 
0.6426588950902179 
0 
0.1240958523461346 
1.095178602412283 
-0.003835596910204134 
0.009532767882478449 
0.008171571551211589 
-0.001821248388505958 
0.002528013289010079 
-0.001016143846648425 
-0.4269717642842903 
0.001988996227218378 
0.7399344549391523 
0.1058010825096977 
0 
0.09781243304783313 
0.1872152974109212 
0 
0.07088075162453561 
-0.05739958384864811 
0 
-0.05626635478060073 
0.002748539769966394 
0.01609466066416469 
0.03203035132722346 
0 
0.01461395351455777 
0.5825421341440549 
0.1903254516134951 
0 
0.03093945807453306 
0.04471746471728463 
0 
0.0399016547470793 
0.06675997733204815 
0.07851013075690294 
0 
0.1575515367293674 
0.00104821080405513 
0.01076749512490192 
0.1637554664748737 
0.0276596255592846 
0.1741721959669247 
0.1025568670065753 
0 
0.02642262865279413 
0.007980594558800238 
0.001419402715295163 
0 
0.3565390724306547 
0.04698983913284936 
-0.1141725581198451 
0.03792272641967381 
-0.5946664033625999 
0 
0.1734142989471994 
0.004212814589647281 
0 
0.01848420278896016 
0.4628855109136064 
0.01020169944891135 
0.003815731056578318 
0.02234171573638812 
-0.01590456163390333 
0 
0.1109099071066197 
-0.009449286133647219 
0.003910532867943045 
0.02698866391736968 
0.01077841569066798 
-0.06268370247271875 
-0.2554150925208415 
0 
-0.01260169982777198 
0.1692498421420921 
0.003468592879526476 
0.2687823949562285 
0.02711514451139154 
0.4318691967022613 
0.007876113720174013 
0.1408546745733248 
0.002293658093852365 
0 
0 
0.7484094445666321 
-0.1493826135658956 
0.1469132226456587 
0.01336926740144639 
0.003560759378930721 
0.04754154104018693 
0.7206256717949125 
0.1372597367082904 
0 
0.002783356274739088 
0.008102660789768318 
0.4601436135957325 
0 
0.08455836215589682 
-0.01801699881549835 
0.03475102895638812 
0.5966789578116528 
0.2171166056679569 
0 
0.07847074641185633 
0.3042317453938794 
-0.01216302709200564 
0 
0 
-0.02101793888008004 
0.0258005085509213 
0.007100626217411156 
0.6371016920137688 
0.01393135130645241 
0.0558925530832896 
0.06109256040966642 
-0.08104863289405921 
0.1366156061811857 
0 
0.06572884475423335 
-0.0411003633021674 
0 
0.001386970068862354 
0 
0 
0.1439783748875003 
0.04297507491135667 
0 
0.2822277945926887 
0 
0.04460182017134673 
0.1260923544627209 
0 
0.0004995011233991978 
0.0007737070872713146 
0 
0.2310563503139893 
0 
0.08965413513287947 
0 
0.04919019493696489 
0.01888621810931232 
0.2187899570313579 
0.5051566200254589 
0.04693043114753815 
0.02241537936791437 
0.1581724950687277 
0 
0 
0.1646845656099898 
0 
0.005612966934389761 
0.04893384169674981 
-0.03734749894863833 
0.002306343187723964 
0.004253304542621956 
0 
0.1387382538843097 
0.0002530584712579034 
0 
0 
0.08944616148860049 
0.001154048815826628 
0.4267706175272903 
0.1275004901514439 
0.009523150101801813 
-0.01670688672083909 
0 
0.100615750980832 
0 
0.1523743879779595 
0.03105336674494293 
0 
0.1231326727700759 
0.002505110921160368 
0 
0.004459420330501973 
-0.1928248539748789 
0.1111257974973685 
0 
0.120067100174754 
0.03725307846596251 
0.01234042179172901 
0.01638960279981821 
0.006039061939419383 
0.1931279723379918 
0.04536036250231798 
0.02424584277284144 
0.05544747443331325 
0.07426173438625354 
0.01267084752785501 
-0.08787874194943553 
0.6681627338018411 
0.08431570654801486 
0.1361686738466399 
-0.02467270772086727 
-0.02879746547127293 
0 
0 
0.1201548388685479 
0.01505559514679877 
-0.005648188016959389 
-0.08322365745948052 
0 
0.02632781550975048 
0 
0 
0.05959058664194251 
0.05503132079569848 
-0.01319185358930524 
0.0147984847265671 
0.007969477784778864 
0 
0 
0.06171415184202604 
0.3371524457282893 
-0.01121953044808011 
0 
0.1074668701543703 
0 
0.03987616760052463 
0.04323587809242525 
0 
0 
0.006511065955081704 
0.01142284615417414 
-0.002500676243824935 
0.004820217394819332 
0.08073062711522913 
0.008027348490601742 
0.4971291170330825 
0.001691098671263671 
0.01726610526881946 
0 
0 
0.01757326416718165 
0 
0 
0.04826878943398771 
-0.09456655576174569 
0.1698718474571272 
0.07524903654702673 
0.02125477693498156 
0.002624649581033881 
-0.1176547547963283 
0.03557253130760728 
0 
0.001811683687725237 
0 
0 
-0.118924170697071 
0.3488066156557736 
0.02263730340144677 
0.01069253092398421 
0 
0.01012095374680609 
0.1123219100662198 
0.2002309922298862 
0 
0.2313714813389736 
0.0259105181377112 
0.02132650450327039 
0 
0 
0.08828121401328985 
0 
0.2869314125021377 
0 
0.01587632149921381 
0.02330429383906681 
0 
0.03412725635313674 
0 
0.1245833743120308 
0 
0 
0.2180557544124603 
-0.02569557244920061 
-0.0176149674978618 
0.008968694407533786 
-0.0243231869954876 
0.03998021148794474 
0.0972102892063797 
0.02934046371159269 
0.01224709127573521 
-0.03224874246096107 
0.006246905791351324 
0.03829311350296905 
0.008336837638491371 
0.2591041884484045 
0.07259598740650977 
0 
0.02087687164238701 
0 
0 
0.1709383739015058 
0.007371740002205318 
0.4013834014800556 
0 
-0.005279021671714888 
-0.4925103883378655 
0 
0.3623776180251223 
0.687365776395744 
-0.01992574496545294 
-0.06342821018842772 
0 
0.1478282225361849 
0.1108317637838469 
0 
0 
0 
1.03891110071568 
0.007477431363122594 
0.08604902065539438 
0.0813340586186746 
0.006843301729678676 
0.01708854167167266 
0 
0.353491486709395 
0.000329192548318555 
-0.01709099086828647 
0 
0.05503485070450274 
-0.01305947551407996 
0 
0.06845350345835505 
0 
0.06907651740346064 
0.05049254801769533 
0.4350867723327405 
-0.01472845234088202 
0.04842100477315345 
-0.06805080859624547 
0.06490845160769204 
0.09825413142611986 
0.02223163580064716 
0.1046062587903 
0 
0 
0.1526581686597253 
0.0569666860778254 
0.3865508021211169 
0.3816455448796611 
0.05232801157941056 
0.02167168117320759 
0 
-0.0051642791086394 
0 
0.2444334401788702 
0 
0.3193897070151572 
0.02542838266536538 
0.01028023823383285 
0.1296924403187558 
0 
0 
0.008911314859985559 
0.07053699850423659 
0.007494297096336398 
0.008007007550176616 
0 
0.3523743911105859 
-0.1287231717406 
0.386967762504335 
0 
0 
0.005097277544067503 
0.01259228170777858 
0.05567431008994806 
0.09538516284192766 
0.2379128442067682 
0.8409636130682239 
0.0241429851245696 
0 
0.0008263285764190789 
0.09785448432538291 
0.6089920917936826 
0.02773462792287899 
0.03922099042789882 
0 
0 
0.1149768964499648 
0 
0.03039148695034112 
0.01647704469289319 
-0.003384952853341513 
0.01303368800236766 
0.1570337596306555 
0.05491762733638042 
0.1419696476526307 
0.07398028397085724 
0.006565913797421941 
0.08569302532212225 
0 
0 
0 
0.05746548872631806 
0.1959595040539661 
-0.1747827243119754 
0 
0 
0 
0.1869969428996378 
0.02145643739723671 
0.001446108775920923 
-0.1074989560259323 
0 
0.00369719070756614 
-0.001655566059703496 
0.005030481796320204 
0.033227098048657 
0.03578794259513045 
0 
0 
0.0107988165473555 
0.01746303290374906 
0.165942240334613 
0.02682232117499072 
0 
-0.1038592906454578 
0 
0.1250269147418805 
0 
0.02008103755588695 
0.07351150706232323 
0.01984855555763991 
0 
0.01633516418088042 
0.08792766738402465 
2.011515696539363e-06 
0.01096910528178082 
-0.2016080299160374 
0.009624676086816936 
0.2502214207422429 
0 
0 
0.0509422361943668 
0.008834650253144147 
0.3250126144371136 
0.2441039020202683 
0.1650840617691723 
0.008241383558711353 
0.01870850879422793 
0.0221183302350025 
0.4977227521432376 
0 
0.02859364730693862 
0.03887046764143724 
0.4057107542571852 
0.02073063107839507 
0 
0 
0.0671609152491275 
-0.06650296062209031 
0.07329742500250351 
0 
0 
0.5501463843684367 
0.566638654413488 
-0.06906046942457611 
-0.02798822293895248 
0.2480080574087106 
0.002606034348723388 
0.04320343563743348 
0.05883151935924589 
0.3055274960392538 
0 
0.05922181018970464 
-0.2649568582777291 
0 
0.04499446323875677 
0 
0.1613092896382185 
0 
0 
0.02447533150027855 
-0.03337560152867808 
0.001259510245512981 
0.02237248454188946 
0.1021784598261676 
-0.08250831684246322 
0 
0.000167303602249559 
0 
0.05627533522298223 
0 
0 
0.0002488977053941701 
0 
0.008517297453815936 
0.1759861109271592 
0 
0.01548003044725197 
0.01079167588184087 
0.05483823277837264 
0.1255307993584985 
0 
-0.01480403722949129 
0.2227799851378794 
0 
0.002120344587255964 
0 
0.01709864317356299 
0.01408393764265645 
0.836443278401155 
0.0110917027693346 
0 
0.1528870280723872 
0.1717569635042875 
0.007892246225545262 
-0.02769952608291487 
0 
0 
-0.0573137869900468 
-0.4168572291606261 
0 
0.1895427240472411 
0.06767990117617151 
0.005914522935514353 
0.02508850377345218 
0 
0.0001103084278530167 
0.2354878851556838 
0 
0 
0.1232446906975362 
0.1520660453557776 
-0.1749392442127742 
0 
0.07714574713456535 
-0.02078745899840359 
0.07615601579249662 
0 
0.18327804042356 
0.06107903852570349 
0.03031709254446141 
0 
0 
0.0680739411109207 
0 
0.03913937090876312 
0.01794071438562826 
0.03021214618355592 
0 
0 
0 
0 
0 
-0.01820220459177245 
0.07449366973514837 
0 
0 
0 
0.002563269855263386 
0 
0.1104714901439161 
0 
0 
0 
-0.003773390699067371 
0.04198354212211512 
0.009047385612267934 
0.1813193891385874 
0.5813734014935867 
0.01078036934906654 
0.02636498780720793 
0 
0.01759483888103084 
0 
0 
0.03491599214603079 
0 
0 
0.04659779144035855 
0 
0.06115989665451462 
-0.00171240732125405 
0 
0.06658523759881926 
-0.009165353602824521 
0 
0 
0.06099134905507056 
0 
-0.01796368964302045 
0 
-0.5107014468800884 
0 
0 
0.1220457110163117 
0.1649499085659218 
0.07121342140652982 
0.07142423363480076 
0.007130929945845492 
0 
0 
-0.1378487606307579 
0.0007158345512401003 
0.5214810705496353 
-0.177192611614345 
0.0924327033374296 
0.6879912875923965 
0.001195052184718693 
0 
0.7657673745297737 
0 
0.1007620182566646 
0.00274923269965903 
0.08659079998931453 
-0.01604363999377021 
0.1022263699332471 
0.05399489029890975 
0.08668329453533066 
0.1105075381644422 
-0.009589574669557795 
0 
0 
0.0001023682169574457 
0.03838034580647219 
0 
0.5036654288101444 
0.01899369282582274 
0 
0 
0 
0.167024567409885 
-0.02502442893062937 
0 
0.01341652456613076 
0.02450860907593608 
0.01947905290495129 
0.1226892261516664 
0.01053952431758943 
0 
0.0042414376095107 
0.06585494259697323 
0.08784289195510905 
0.07974733475141625 
0.003747468457387428 
0.02938049086291124 
0 
0.6988847132616159 
0.1262770626106658 
0.5054501922173025 
0.1172585597326414 
0 
0 
0.0281633235057763 
0.2991708753283683 
0.001745594154407553 
0 
0.4206466485942185 
0.02344499770231066 
0 
0 
0.05330751268533312 
0.01087834594003106 
0 
0.002134793297144337 
0.4599107204286252 
0 
0.1278104487353835 
0 
0.00629656088721247 
0.3930207505229962 
0.01099916273926069 
0.004205594308061743 
0 
0.06988695871978878 
0.00968839769679394 
0 
0 
0.05262703418693639 
-0.06709332253408584 
-0.007824341598821772 
0 
0 
0 
0 
0 
0 
0.0336166457935591 
0 
0.1092285150402194 
0.03833869911352379 
0 
0 
0.05900678672253102 
0.03826841517770464 
0.08325048317560038 
0 
0 
0.663855100702306 
0.1103527101234819 
0 
-0.008952337433466399 
0 
0.0135582657928851 
0.002620110618728532 
-0.08428126611196379 
0.02940322427707304 
0 
0.1735454378863551 
0 
0 
0.006807908525920566 
0.3281413229211693 
0.07990147399030546 
0 
0.002379309436881662 
0.00293111943997492 
0 
0.0005168331464892904 
0 
0 
0 
0 
0.1036115552107034 
0.09590417761556493 
0.1105639977953396 
0.1469414665060436 
0.06890381943239035 
0 
0 
-0.004208624615559578 
0 
0 
0 
0 
0 
-0.5078454566353365 
0 
0 
0.0143793110856433 
0.06626522967769675 
0.6989540255860622 
0.007380517604963234 
0.4174376959903355 
-0.1435503038250961 
0.001804668773388718 
0 
0.04613097369802725 
0 
0.06636002169596972 
0.08440564543890954 
0 
0 
0.06745155291753743 
0 
0 
0 
0 
0 
0 
0.0415460294743228 
0 
0.5342047759211618 
0 
0.04753382893600806 
0 
0.007013949642116989 
0.008147516336941614 
0 
0.00822703103397702 
0.1759438594699619 
-0.008261032813387836 
0.03525213113704463 
0 
0 
0.01688581132661998 
0.1731331476230798 
0 
0.02084205285454693 
-0.01060260723187724 
0 
0 
0 
0.08563662354983992 
0.005298154745111122 
0.02061831058834112 
0 
0.2017915630934642 
0 
0 
0.3327387046789493 
0.2615162213712238 
0.001544749420841149 
-0.003559503741542948 
0.02364326814801221 
0.03739511287821595 
0.01101651737470456 
0.4172301353978421 
0.01428489491051868 
-1.505494963345771 
0.2474835066791665 
0 
0 
0.0002195757996692598 
0.01134679445468169 
0 
0.0259702102755516 
0 
0.09383834858050968 
0 
0.3621849161045693 
0 
0.1973595026276855 
0.0002350162830879727 
-0.02160949294826695 
0 
0 
0.06163548915002554 
0.04196159038509791 
0.07913835298221979 
0.2171046334081993 
0.01077457207874087 
0.1019906209935096 
0.01788694430021472 
-0.0113382593262576 
0.02799113609851301 
0.07196328553939463 
0 
0.01802431290879138 
0.1669992451032881 
0 
0.009752985105206318 
0.2267189186734266 
0.005083791117889228 
0 
0 
0.003946479051124208 
0.2875877443016268 
0.002467195460345865 
0 
0.0412846292273171 
0 
0.06344599460589515 
0 
0 
0.05419438615515914 
0.0251675498846727 
0.3706573543036411 
0.04364652053902576 
0.03196870303804487 
0.004498308535580523 
0 
0.05752928509659015 
0.2238050133533804 
-0.0223711082956266 
0.005864085166559363 
0.4395837816084845 
0.1016975872861146 
-0.009316998994694384 
0 
-0.1346959716519909 
0.1136527626373824 
0.02728058599493458 
-0.1481281097247497 
0.06395532617591385 
0.02799945321406885 
0.05904683067651859 
0.006459018674376486 
0.06283961795962774 
0.001154105662948439 
0 
0.003981643170256039 
0.01559545573001864 
0 
-0.04889004767179232 
0 
0.05468590579177932 
0.4311952469819871 
0 
0.02148850632631968 
0.03010289893650107 
0 
0 
0.000642278700150475 
0 
0 
0.07123217634656202 
0.0257884519028193 
0 
0.005967656633260615 
0 
-0.02922072926692696 
0.008639636212957545 
0 
0.01394506963076592 
0.002986881193799019 
0.03236013569429669 
0.0374699712222294 
0 
0.03426817403897677 
0 
-0.5143186963303741 
0.07678959618180804 
0 
0 
0.01688420320772792 
-0.004672117374753727 
0 
-0.004594982431243903 
0.04610048833831798 
0.1361636365903635 
0.001100523347796519 
0.3417635043146759 
0 
0.07323691276888318 
0.02591377751481044 
0 
0.01242919870548948 
0.0584264793705187 
0 
0.03180896540849409 
0 
0 
-0.02512867361300948 
0.04190548688049381 
0.03427599084364382 
0 
0.04136807837995977 
0.008335664039677183 
0 
-0.5887204380337083 
-0.02302017952099959 
0.2358555781615902 
0.001012491277053934 
0.02730287552828851 
0.09242249895980517 
0.009820550265068066 
0 
0.2263495780116439 
0.001218237719638287 
0.0678706162094856 
-0.01393083637730692 
0 
0 
0.003912460755037366 
0 
0.0104907548198605 
0.1153775035217641 
-0.0320758013781467 
0.0102004195501321 
0.6373371461124964 
0.08007585993394019 
0.1140048615890341 
0.0270939336553703 
0 
0 
0.01110312344313846 
0.005497596689164217 
0.1908500366786964 
0 
0 
0.01947320165518097 
0 
-0.06373170200670338 
0.01089385916423138 
0 
0 
0.0562698082644091 
0 
0.016024153521247 
0 
0.1499981736502373 
0.03064688165876089 
-0.1553468244798971 
0 
0.08180998966401797 
-0.06123326681649843 
0.03107073019857885 
0 
0.01181636743382087 
0 
0 
0.0007906328116700526 
-0.05601849755953702 
0.04879584650379175 
0.001702022049003744 
-0.03081388524421662 
-0.01908607735865957 
-0.1657867581937127 
0.00314605632664702 
-0.0003130967639925208 
0 
0.04811229311931527 
0.4364766807917614 
0.05326046942273809 
0.1027773747113746 
0.001310109853376973 
0 
0 
0.05647590450633513 
0.03349467489354616 
0.003292219998715178 
0.1799254177020396 
0.1512617756392236 
0 
0 
0 
0.07593871485345668 
0.0456954479472076 
0.00108767004205229 
0.1418882045707485 
0 
0.05524750056120403 
-0.0967236650145786 
0 
0.007641236184038848 
0.03617398938361812 
0 
0.01275295294413624 
-0.03149607906533527 
0.3142094013744639 
0.1236873780354618 
0 
0.04128249390128848 
0 
0 
-0.005043248944046844 
0 
0 
0 
0.03234318930597457 
0 
0.01996360193422875 
0 
0 
0.04427062711986284 
0.02285455262238856 
0.007235416665715941 
0.01159673825603669 
0.4258699536657801 
0.04903249198848202 
0 
0 
0 
0.04202515034454152 
0.5487069507509557 
0 
0.03181842433599246 
-0.004748145069817318 
0.1870898157735429 
0 
0.03454142302881239 
0 
0 
0.0563258578000487 
0.4741800157368115 
0.03803395769709005 
0.004918732288402432 
0 
0.01547393786987659 
0.006622921982017552 
0.001890352575166776 
0 
0.5428151893802945 
0.2090580397001515 
0 
0.1354160470388754 
0.5286103815582616 
-0.03965805291555452 
0.06714352033261024 
0 
0 
-0.0005541470444081677 
0.02175791070345825 
-0.02891076924800611 
0 
-0.009018390907956435 
-0.04892731923938961 
0.07260746664117308 
-0.061476634592063 
0 
0.2833310892745957 
0 
0.005943442675853906 
0 
0.3314148198661216 
0.0191922603163163 
0 
0 
0.01074908535175498 
0.05623842280431269 
0.002826483497029816 
-0.01297216528210285 
0.1075760002156239 
0.07017521462554038 
0.003545164651918994 
-0.008980691124204018 
0.2607619789947614 
0 
0.01278179205521631 
0 
-0.1233942574828068 
0.0288931783610643 
0 
0.1669623029399286 
0.02388012303149207 
0.03270999036709858 
0.1657342189756884 
0 
-0.01434319194834656 
0.9075066054157027 
0.080185495831053 
0.354053281205095 
0.1989497172717276 
0.1485789767951367 
0.04291432733907497 
0.2910073634998337 
0.2094757554372441 
0 
0 
0.007005527769560756 
0.123487546561602 
0.02431962435607085 
-0.004265801461935133 
-0.01464371024292422 
0.03477068967881966 
0 
0 
0 
0.08493496722396814 
-0.01830643482817672 
-0.03773975241144403 
0.06243185377803238 
-0.02457405112555219 
0 
0 
0.01610533703136775 
-0.02914995863486549 
0.02020731401099926 
0.009615876274190728 
-0.02857312223722169 
0 
0.01626290137905217 
0.00742389458724132 
0.06051672526739266 
0.01424759430959066 
0.01992167465599457 
0.05792181375366095 
0 
0 
0.04169193071921776 
0.05911748334512213 
0 
-0.03257150234042114 
-0.02147568693415712 
0.03469855486191661 
0 
0.03228841329120461 
0 
0 
0.0952003751978401 
0 
0.02308611888115485 
0.004259732692405599 
0.05048728543311515 
0 
-0.01713357485037364 
0 
0.02940598491646193 
0.01645270361067045 
-0.003548509592854925 
0.0196564242126251 
0 
0 
0 
0.09583036200496556 
0.03344292599130699 
0.2482211023295789 
0 
0.005146379564664819 
0 
0 
0.07082016213677741 
0.1986359645686677 
0.01623527732222093 
0 
0.007794869247585785 
0 
0.03658660071080499 
-0.08938296228527655 
0.02192827038300216 
0.04520107255393125 
0 
0 
0.3222270531970504 
0.1915965000227813 
0.002688356042828441 
0 
0 
0.1467062355373167 
0.006395527988540172 
0.0009947816939227371 
0.4546867068337587 
0 
0 
-0.1333462620134124 
0.07004471648096688 
0.3817683285083904 
0 
0 
0.1053345673418656 
0 
0 
0.2723047870007304 
-0.4600893727784836 
0 
0.1435005421715537 
0 
0.216187398112142 
0.00825611993582441 
0 
0 
0 
0.04625033882396957 
-0.007750046628722509 
0.1246852197222646 
0.01284728885618593 
0.03767124269161209 
0.05305819386031857 
0.05923484378868068 
0.002584680770781798 
0.278032720744992 
0.003360752495362494 
0.0064263827824591 
0 
0.04166546921474126 
0.0009590508269766728 
0.03681386477810034 
0 
0 
0.1270489909970601 
0.02727904289005904 
0 
0 
0.08138209278107381 
0.07656242657784469 
0 
-0.06306392481391844 
-0.01262387301188038 
0.02266336987233908 
-0.02436248438318105 
-0.1525641887042094 
0.06197930499237022 
0.02393106279065195 
0.1676191947665655 
0.02038257016402874 
0.00486025003115258 
0.00687620783445925 
0.009712089679551689 
0 
0.004796963356534023 
0.07212229518667065 
0 
0.173189872494368 
-0.07921306914323113 
0.00153231006385393 
0.002409950584226544 
0.4870631554281041 
0.01607027318924805 
0.04727689645469592 
0 
0.02555197185703363 
0 
0.006534017359042568 
0 
0.02198420070939694 
0.12192339859548 
0.009211112794741108 
0.707876786665937 
-0.08943339499582592 
0.0112157313589642 
0.03172026576593438 
-0.0084141710285281 
0.07396162507043971 
0.06379220300034759 
0 
0.1227484845533513 
0.03713436550607035 
0.01367120722015219 
0 
0 
0.02469430544157518 
0 
-0.01084783981087954 
0.01599019183059553 
0.1666210319912926 
0.0187172249928215 
0.002209275192125865 
0 
0.0007491281430126197 
0.002789523285637857 
0 
0.1009801215845298 
0 
0 
0 
0 
0 
0 
0.1023342108430935 
0.05682797864888571 
0.02403316747927899 
0.04346305197622757 
-0.1022999877567369 
0.1143837729703767 
0 
-0.04605683815125128 
-0.08631342816077914 
0 
0.009777202447920887 
0.2125567003195572 
0.009879214897356992 
0.002530992708201984 
0.033301843836793 
0 
0.02152804631925211 
0.03083374067067189 
0.01050057792506601 
0 
0 
-0.01380939159517254 
0 
0.004239326194079377 
0.6048122888322526 
0.0530671120800369 
0.01848746940135912 
0 
0.008432828535246798 
0 
0.008544270835836329 
0.1097329386093908 
-9.271430929909029e-05 
0.006960613441608924 
-0.03017543277772888 
0 
0 
0.1078885612727013 
0 
0.007774888980603443 
0.290374191916615 
0 
0.03033869424544153 
0.01458458937058549 
0 
0.00609425955524194 
0 
0 
0.01777324109715922 
-0.008951587876904976 
0.0735633535170138 
0.08797783047671068 
0 
0.02476160666825508 
0.00230189702278197 
0 
0 
0 
-0.15609221977996 
0.02274024873938645 
0.1591257321942393 
0.1988908194516272 
0.4383283335882057 
0.01314037440274094 
0.002112987710251709 
0.007468659342731801 
0 
0.004059778386529595 
0.1890106569718746 
0 
0.6127129426992473 
0 
0.0435095465986185 
0.01664748431086076 
0.0169926260221682 
-0.01520155909226218 
0.06798483068516296 
0.1251915409588 
0.2528346109895492 
0.01487375316447137 
0.1451782379041765 
0.587885574277221 
0.1360125980859385 
0.05561034264150509 
0 
0.09975134040922909 
0 
0.04924263033349611 
0 
-0.06738969037800342 
0.2816477354573311 
0.0002090120550081946 
0.4658096731298533 
0 
0 
0.05280524636067108 
0.03478799133201742 
-0.006797571792253079 
0.2218981948025379 
0.002618235205787338 
0 
0.5986001577237177 
0.156312322760631 
0 
0 
0.0003158364479855824 
-0.03535443730518942 
0.01477568397750185 
0 
0.000300858097206609 
-0.06497529885786785 
0.006797588031600207 
0 
0 
0 
0.0790743219316048 
0.10812354431601 
0.1315927850413315 
0.0328619368036262 
0.03012559265796913 
0.00279556307321693 
0.002058990156955457 
-0.006667052975752053 
0 
0 
0.2918829711858374 
-0.05271718220832218 
0.01981391021484083 
0.02956655106331301 
0 
0.004397873724746156 
0.1554082948860277 
0.05929238968385505 
0.002138723598303362 
0.1217437488753114 
0 
0 
0.07246652848468897 
0.6830192329509992 
0.01779622801293155 
0.007331115289398256 
0.03200019117589533 
0.1602177743450813 
0 
0 
0.09825956350479217 
0 
0.2614273372562096 
0.03292856161748298 
-0.117209043798409 
-0.07598577178655422 
0.002588844095046044 
0 
0 
0 
0 
0 
0 
0 
0.2452359884623024 
0.000528994350612202 
0.09096470225143387 
0 
0.02125074757791313 
0.07261620743715522 
0 
0.04726222444360512 
-0.001304696867117221 
0 
0 
0 
-0.01124335714999074 
-0.2343861265898661 
0 
0 
0 
0.1253748692544598 
0.6613233572881451 
0 
0 
0 
0.1381641937229528 
0.01462037092562614 
0 
0 
0.05750727410662145 
0.002670163056160308 
0.1701769501780885 
0.001229375762312761 
0.02877542997344943 
0 
0.02133579189633265 
0.03037086277482478 
0 
0 
0.4366302234646861 
0 
0 
0.1774047947259553 
0.001320746663890909 
0 
0 
0 
0 
0.009942043439737714 
0 
0 
-0.01074764571063097 
0 
0 
0 
0.02152338862269594 
0 
0.0004055208205996681 
0 
0.008835607641147753 
-0.03565238882113675 
0.1315835972176595 
0.021689310187001 
0 
0.04360318939985113 
0 
0.05858251390967015 
0 
0 
0.004446296617954325 
0 
0.05185855371953159 
0 
0.009450712682222868 
0.1422169942833447 
0.1587563652324693 
0.05537326213206346 
-0.05978420009490628 
0.06245528154652012 
0 
-0.09077182255869705 
0.1398452959656774 
0 
0.3330996979567391 
0 
0.2623821157580861 
0.02227520912112061 
0 
0.0004281553070265186 
-0.08437165821784454 
0.05653812729195158 
0.05422781558223283 
0.07894551338897364 
0.03295597479868979 
0.2178424482352794 
0.0066854701659089 
0 
0 
-0.03474513006947522 
0.05084869313560674 
0.008894348670442359 
-0.02748774517948302 
0 
0.08848143559007222 
0 
0 
0.002832026008286397 
0 
-0.01505067394189106 
0.006646509445454247 
0.05444200847935388 
0.7872298228718368 
0.001434083659161449 
0 
0.005452096008575231 
0 
0 
0 
0.08218372959459838 
0.1786506452971516 
0.08536905194946186 
0.004179712967170077 
0 
0.04166174268716995 
0.005843196376063084 
0 
0 
0.1029748506045925 
0.005580710849368281 
0 
0.137678703942167 
0.1714139004578188 
0.01108881223665083 
0 
0 
0.009270713641701331 
0.01329699360379068 
-0.04767406124286008 
0.02432603509377165 
0 
-0.3361097553692403 
-6.365555992793185e-05 
0 
0.2975179309975873 
0 
0.02434963788192315 
0.4082424356622713 
0.00168226059007779 
0.02185230761992476 
0 
0.07482289342990837 
0.0242772842313408 
0 
0.0795888071536919 
0.1271432473145227 
0.02792770692033109 
0.2080645251835801 
0.1154006509898939 
0.1907715683986055 
0 
0 
0 
0.04639411978633174 
0.02497597286935145 
0.2019178496706475 
0.02707334118761945 
0.06037627256452135 
0.01964897890061484 
0 
-0.0005047945130658331 
0.03579487215361955 
0 
-0.02881379571713511 
0 
0 
-0.009694042616432832 
0.03045404432958947 
0.03993577760130041 
0.0002281761522326669 
0.02786760732988156 
0.05626068931601887 
0 
0.04010952181164309 
0.2105936649424106 
0.01781652193229546 
0 
0.002888117024895608 
0.05081828747865347 
0 
0.01171502123149979 
-0.009261665156985826 
-0.1165702036770546 
-0.001954826260482977 
0.04161217911490449 
0.06978559855651181 
-0.722069293431349 
0.07855235600951035 
0 
0 
-0.2073691684284265 
0.0153968408243974 
0.001895720116584116 
0 
0.00689218571920043 
0.004446663930077395 
0.01334706251774159 
0.03870280729149542 
0.009766801437747632 
0.1208149182857449 
0.02865796536544975 
0.01500244793802506 
0.1208149182857449 
0.03586412303366507 
0.02904352740482024 
0.03259901425414119 
0.5809728322922817 
0 
0.001227664264072234 
0.03157975096216872 
0.007990928097874651 
0 
0.06867119918186154 
0 
0.03160945003996201 
0.02951226862563668 
0.04235526319043507 
-0.3482355492305025 
0 
0 
0 
0.05491242897265858 
0 
0 
0.01739438259966186 
0.02542537257255781 
0.09760409066286806 
0.02859892232796655 
0.01088747341273654 
-0.02344653443591927 
0.01110111520104876 
0.02849217411014541 
0 
0.006453316018773615 
0.2364596544291938 
0 
-0.08790713967871627 
-0.03327146288518851 
0 
0 
0.002428578352964537 
0 
-0.04508238353343254 
0.005043101998480225 
0 
0 
-0.032085776582956 
0.002692834510352741 
0.008448216403844395 
0.01226408458897613 
-0.06617809094126749 
0.03719414297975489 
0.009465268954440739 
0.054137080642602 
0 
0.007030254510524651 
0 
0.007780515928023923 
0.0177664979570135 
0.005149826247241716 
0.006085556342676057 
0.002165353015647571 
0.2413389198496952 
0.02548047188364877 
0.8819979943292251 
0.009802843762484026 
0 
0.04836926350167055 
-0.008855773021416114 
0.2119096102780803 
9.585696098584133e-07 
0.08969268394438364 
-0.002153959705401389 
0 
0.1366597587014159 
0.008992185547954654 
0 
-0.0208857495649595 
0.01250321459199686 
0 
0.08986734525070629 
0.03651421743833258 
0 
0 
0 
-2.406352190824979 
0 
0.02811133359609899 
0.02560953179256483 
0 
0 
-0.7139637998825821 
0.05646053870575049 
0.2588249329047769 
-0.005106476244251853 
0.6220230130853645 
0 
0 
-0.1303633860959522 
0.06845021590874326 
-0.168218904907375 
0.01078831066924189 
0.4773311154435315 
0 
0 
0 
0 
0.05785314149102536 
0.02336481661699373 
0.09757460770806439 
0.01375177403747139 
0.08040504257320448 
-0.09152887320944067 
-0.02655101473543783 
0.006242729641267248 
0.0724759656711771 
-1.281564825394809 
-0.01808346384049687 
0.07243285340405874 
0 
0.03915820398007423 
0 
0.0538568452766001 
0 
0.07251377973272935 
0.06346305585557931 
0 
0.05960153912426557 
0.2123572785991253 
-0.007859141122718872 
0 
0 
0 
0 
0.5515984787507948 
0 
0.06944236924061073 
0.09434503120214857 
0 
0.03949322328657356 
0 
0 
0 
-0.009336128230904659 
0.001130535625095286 
-0.009218625312792213 
0 
0 
0.002942671102762343 
0.0182499297890673 
0.01004659389143941 
0.2639775120082888 
0.02848074801096752 
0 
0.06800235715623346 
0.01928661709143757 
0.4580008452333057 
0 
0.05003901426735557 
0 
0.003765108999645752 
0.05083806079087817 
-0.2357594532109039 
0.01350622299618823 
0.5257634303161534 
0.02313064820294793 
0.153898267927404 
0 
-0.006220029499546492 
0 
0 
0 
0.2069412828192937 
0.1712689971406545 
0.03878387818586933 
0 
0.2793564344079325 
0.01381376214875288 
0.3856410901925429 
0.008912432954913431 
0.0008606996931114552 
0.08070695036120011 
0 
0 
-0.01437193358621454 
0 
0 
0.0874806517335816 
0.03572594958032996 
0.2134999389908338 
0.02195732634832917 
0.02071421341383324 
0.02618923416150194 
0.1987424646167366 
0 
-0.01037729586742125 
0 
0 
0 
0 
-0.1649618320579991 
0.1550857707980375 
-0.2819443952708554 
0.01452018537112246 
0.01433266929743876 
0.0345538186951174 
0 
0.08739095594650426 
0 
-0.07739304586038456 
0 
0 
0.08951376636449997 
0 
0 
0.1167940132020574 
-0.005017127222789366 
0 
0.05517339194457571 
0.09673137179867107 
0 
0 
0 
0.001585073655903609 
0.1499401664145734 
0 
0.0276202605862572 
0.2380093181937772 
0.01496461870583723 
0 
0.04761650880630971 
0.00499497646808253 
0.4248040133190933 
-0.01335454349243402 
0.003064432212721813 
0 
0 
0.05625321588048903 
0.06455397878032204 
0.01604379357809015 
0.01311505220331612 
0.03108441986754623 
0.002135663774124638 
0 
0.00411124329005005 
-0.004640885215534985 
0 
0.0009384152538957299 
0.07047844873693714 
-0.05026216135680572 
0 
0.001576694617783148 
0.007457288403837995 
0.0212816342229711 
0 
0 
-0.001941190504597784 
0 
0 
-0.06387658282810166 
0 
0.02033282187458994 
-0.1624467239778878 
0 
0.0390168998472344 
0 
0.1367348509303063 
0 
0 
0 
0 
-0.07996110153200871 
0 
0.00280475966024729 
0.01762946228273904 
-0.03349297047085421 
0 
0.278443536402923 
0.007360824945295568 
0.1114726662242404 
0.02313659135406087 
0.04997723044209379 
0 
0.2240249534843875 
0.0222504179963956 
0.007013494445171462 
-0.019911121120061 
0 
0 
0 
0 
0 
0.1443241842613305 
0.03160787663559042 
0 
0.2635476770179821 
-0.01803696887255358 
0.04127122227978813 
0.001579871979273385 
0 
0.1794805735279057 
0 
0 
-0.2281075727130527 
0 
-0.0002810346696333753 
0.187308578751607 
0 
-0.05440583059595698 
0.002872438486686733 
0.05924452818525399 
0.0005861197906718916 
0.07538258354044038 
0.02619554785696841 
-0.03178760585417396 
0 
0 
-0.03669624568238446 
0 
0.003943767395341156 
0.03697026108777198 
0 
0.002403476590061712 
0 
0.02903240433608701 
0 
0.4501242835609969 
0 
0.06098723805274115 
0.005488665832740709 
0.003312832687244848 
0.8281440104564616 
0.1132770098378944 
0 
0.01463269008002657 
-0.0568240541395093 
0.007837859678898555 
0 
0 
0.01312409171658925 
0 
-0.01269493894728411 
0 
0.04776721236005656 
-0.1856777686710214 
0 
0 
0 
0 
0.0197293291401904 
0.05854135667449843 
0.03475920819506071 
0 
0.01202907600616927 
0 
0 
0 
0 
-0.02871057685212664 
0.02417594046785694 
0 
0.003787389731930161 
0.002125413147352879 
0.002075672648056308 
-0.1760740637377065 
-0.0049734207302163 
0.1352237650893776 
0.3285492147959632 
0.09879039230785915 
0 
0.008432708912350704 
-0.01314956486990796 
0.0392172722486597 
0 
0 
0.4244159239938456 
0 
0.4294387795270387 
0 
0.6420218083043383 
0.0759036605693471 
0.03764695739810583 
0.03222659231161915 
0.08954557113515733 
0.02433371768544728 
0 
0.006760513047292009 
0 
0.2676131055829742 
0 
0.001390931692332268 
0.041471716357409 
0 
0.001412404418789874 
0 
0.2268892676865601 
0.0272904200086787 
0 
0.1540071356478706 
0.07282043126435626 
0 
0.0194972147962387 
0.001883418005805269 
0 
0.01188949639437211 
0 
0.03954474232953893 
0.07576860940398361 
0.04647373020605481 
0.1108120488653221 
0 
0.01319230388790505 
0.002659146341571871 
0.4313967613687879 
0.1142822842455007 
0 
0.001219123838267395 
0 
0.000512431400598371 
0.005176104885922552 
0.07852712399216853 
0 
0.05700909105455609 
0.1481120658639753 
0 
0 
0.01125396595167751 
0 
0.02248549856751244 
0 
0 
0 
0.005533231531701792 
0.0001630348016896035 
-0.001428976418140836 
0 
0.01557795668665248 
0.2668271766019028 
0.1091128779472204 
0.07647452858884715 
0 
0.009816931808027262 
0 
0.4477958949665887 
0 
0 
0 
0.0121681016933666 
0.2050595399338467 
0 
0 
0 
-0.05095789830968639 
0.1275534195244652 
0.07732081768532466 
0 
0 
-0.002273198426562593 
0 
-0.01170946434283227 
0 
0 
0.008478704609153608 
0 
0.009830320503450413 
0 
0 
0.133251816176388 
0.05494954277412028 
0 
0 
0 
0.0373259416431321 
0 
0 
0 
0.03452446250301058 
0.13084915536255 
0.09483255097416331 
0.006938733269900285 
0.0216345343806917 
0 
0.001360404436050888 
0 
0.09153550700522733 
0 
0.08245274475969476 
-0.004742889669910877 
0.07604857007679831 
0 
0 
0.024176015875576 
0 
0 
0 
0 
0.07669672735251512 
0.1343180203754521 
0 
-0.05883639174535978 
0 
0 
0.0610656541473192 
-0.03230891777492011 
0 
0 
-0.01322676919270323 
0.5032198462401528 
0.04027489051958219 
0 
0 
0.02840110307177829 
0 
0.01784509611183462 
0 
0.09401009989681453 
0 
0.3336328905947192 
0.005745961244030704 
0.04623121983294902 
0 
0.01018112478371067 
0 
0.07326147307120776 
0.0287125538313687 
0 
0 
0 
0.01680640131055357 
0 
-0.01837353817561503 
0 
-0.005708363351033518 
0 
0.03978419455453588 
0.008218907713735398 
0.001143249265581819 
0 
-0.0005302893523001645 
0.01303353445806425 
0.0168370894732874 
0 
0.07583437967870042 
0.1269041845018013 
0 
-0.1044271286318227 
0 
0.0006152862053574511 
0 
0.01035559911404421 
-0.1508494302012973 
0.02887798322923488 
0 
0 
0.002015626097697337 
0 
0 
0.2569486405070093 
0.060935623358376 
0 
0.05228374028857517 
0.03706925253535257 
0.0009994689672553365 
0 
-0.01995845474010453 
0 
0 
0 
0 
0 
0 
0 
-0.01976637856090727 
0 
0.6500944427956985 
0 
0.07556544273110023 
0 
0.006408917548380466 
0 
0 
0.02500994274583443 
0.01161603971800839 
0 
0.5743906756242212 
0 
0 
0.04117232337041896 
0.03697843073794226 
-0.1732783868319542 
0.05346452278045914 
0 
-0.0221794749543703 
0 
0.03748193197982791 
0.01282138840135524 
0.01932029941710971 
-0.009166616805769186 
0.006496599934959843 
-0.00994200457050499 
0 
0.0395425779336399 
0.03692504387647198 
0.01111139789044196 
0.04801430190712151 
0.0129682867592203 
-0.02648068044864016 
0.5369052525471784 
0.0138019701152914 
0 
0.0001838155425259487 
0 
0.007356070215202265 
-0.1579340035638244 
-0.00679637948593725 
0.0197669247730765 
0 
0.2158987075289507 
0 
0.04165573098784407 
0 
3.273063371722934e-06 
0 
0.05365189478685344 
0.3773560167688564 
0 
-0.009274946063844427 
0.08621569114678065 
0 
0 
-0.01407623427807041 
0 
0 
0.08228251745965935 
0.05725397329200576 
0 
0 
0.02797653727268971 
0.001766156600520145 
0.05657482475465175 
0 
0 
0 
0.08548885270703958 
-0.00279977332708905 
0.007863942402120728 
0 
0 
-0.5162834151214026 
0.0419772223579967 
-0.002587304622365933 
0 
0 
0.004026490803582928 
-0.02879214405469751 
0 
0 
0.1358880981807609 
0 
0 
0.09405524302488869 
0.09579463316908753 
0 
0 
0.04895497914816632 
0 
0 
0 
-0.9964595077910076 
0 
0.01994244563982429 
0.006777423934249001 
0.00382274226254826 
0 
0 
0 
0.04457758765517394 
0 
0 
0.03228052925973875 
0 
0 
0.001322383782107638 
0 
0.002935104081910905 
0.03240055497447864 
0 
0.07731896749300568 
0.1525629810272099 
0.006921052185170222 
0 
0.005942139755505294 
0.001807618095418236 
0 
0 
0 
0 
0 
0.2628274861023148 
0 
0 
-0.008050385107080421 
0.03338696744631118 
0 
0 
0.01410371700884285 
0.02776374304843252 
0.01640707562308062 
0 
0.1042237172172347 
0 
0 
0.04284127941630832 
0 
0 
0 
0 
0.01383828459562662 
0.3285979558483049 
0 
0 
0.002265303813594806 
0.003643592166574183 
0 
0.09202324059349783 
0.009183158271578373 
0 
0 
0.08606770202051167 
0.1209060506885077 
0.3744188690324933 
0.005426579346583358 
0.02363274204554741 
0 
0.02018393750992747 
0.5676588581666457 
0.01809776798636967 
-0.4956768241766065 
0.01666874664799433 
0 
0 
0 
0.02748676032329157 
-0.02540914702029944 
0 
0 
0.3830788227168911 
0 
0 
0 
0.05286900902260894 
0.1104964529668131 
0.463410010834661 
0 
0.1682778564500385 
0 
0.4909789335306307 
0.1977198714645274 
0.01377164422944947 
0 
-0.07658432278399661 
0 
0.01662834728282667 
0.209384813396384 
0.01205501973719191 
-0.001818684020871314 
0.04651143797230958 
0 
0 
0 
0.0005431430048931465 
0 
0.02995579532152351 
0.04831207764025924 
-0.01402835138474634 
0.00169553053289043 
0 
0.0003231845004928613 
0.01149160634788074 
-0.01005243227136115 
0.08429267063199629 
0.135004740585012 
0.003279884535738811 
0.07595946195068734 
0.01614644688656013 
0 
0.007309606867044454 
0.3846809539576286 
0 
0 
0.01185091905874442 
0 
-0.03009661215191831 
0.0189411916560888 
-0.00469643618462629 
-0.01008816130668563 
0 
0 
0.06011039846038056 
0.003178287853268011 
0.02489716516616907 
0.1195644959528535 
0.05793825293293634 
0 
0 
0 
0.09812669054867293 
0.04673432942931789 
0 
0.009404124807106428 
0 
0.01585699961910328 
0 
0.1591904882556169 
0.09911033478821842 
-0.01699187911207126 
0 
0.01102080855835403 
0 
-0.0161673044807075 
0 
0 
0 
-0.13690152034051 
0.01719017591241806 
0 
0 
0.01409160754655343 
0.5173457802050253 
0.05598440570461562 
0 
0.021166893096841 
0.01107269321857448 
-0.05683292415126442 
0.08847853202640334 
0.03983432610968172 
0.0222976662160531 
-0.07421481832418016 
-0.02772347631121338 
-0.004838054687560295 
0.1124689513374339 
-0.1475052220685549 
0 
0.007244496579803354 
0 
0 
0.02272948966333492 
0 
0.00404809984008694 
0.01178498005087771 
0.007892144959086772 
0.04849893010817086 
0 
0 
0 
0.2190636353767609 
0 
0.0519051820163928 
0.06892569235394058 
0 
0.00024117108169503 
0.06210637270243102 
0.008922862551731778 
0 
0 
0.1255463568568526 
-0.004340738204210271 
