solver_type L2R_L2LOSS_SVC_DUAL
nr_class 2
label 1 -1
nr_feature 5000
bias -1
w
0.07546091665039369 
0.1281325437524414 
0.4599045948506668 
-0.06149627549855191 
-0.3274590067344282 
0.1903541917909763 
-0.2323861071638723 
0 
0.04802626968032496 
-0.06504126673620508 
-0.1383748460064448 
-0.7718599881719357 
0.04804623031366662 
0.5308780520236095 
-0.05148223961751038 
-0.6533107629992247 
-0.4763536293437216 
0.7979977769235389 
0 
-1.06322461427648 
0.3506929426630416 
0.7589208563339184 
0.09686735486268495 
-0.009924737865261478 
0.05798046689188055 
-0.1000516588715135 
-2.16515223697172 
-0.04661997391877447 
-0.1070470197286651 
-0.1063687615229938 
-0.7008489655190863 
0.06636180627775631 
-0.2740385695401534 
-0.0846824141779263 
-0.4186308523984257 
0.299568854209852 
0.4858068961455427 
-0.1825794260309529 
0.03523040471771786 
0.1337648484974325 
0 
0.2628809096521201 
0.3564912205628088 
-0.06281389765521507 
-0.9518543825299771 
0.313207513009387 
-0.1503170973045052 
-0.9158891090933617 
-0.2067712361766771 
-0.3194076711941834 
-0.2579807050306817 
-0.001748645392860141 
-0.2352405418445707 
0.2578307650333314 
-0.1890013791954935 
0.1164263106065448 
0.0006695358680146338 
-0.3817089010274718 
0.2593208123122975 
0.05755501306529234 
-0.0008480015189493331 
0.2890867254947231 
0.6823203370378612 
-0.02282003931529367 
-0.349574474270939 
-0.315192210410093 
-0.152174084814742 
0.07211692467725725 
-0.3378292135542514 
-0.009271777032277183 
-0.1005536783142266 
0.4253480658929656 
0.09136660552839235 
0.2674174758427809 
0.1171412881143566 
0.06825504480998562 
-0.396083185147406 
0.08098305419712086 
-0.3529091867203303 
0.02291345290988946 
-0.4653706544936677 
-0.08613685436534431 
-0.4196696910497194 
0.2053433594179281 
-0.177527332517763 
-0.1237958847625472 
-0.437145686836673 
-0.03677101804230743 
-0.7877888192070612 
0.3899707712611753 
0.2813514513826041 
-1.91851507087813 
-0.07830797060997187 
-1.454199848402813 
-0.5252524013674839 
-0.9792825241389899 
-0.8469680164997728 
-0.626601626790578 
-0.5260782166988542 
-0.4557230205176648 
-0.04362138224048427 
-0.3281859940867844 
0.4153520832861086 
-0.08817745145755831 
-0.004308185646411574 
-0.0146184450103685 
0.3362264122106179 
0.1426715838831966 
-0.04345840823208803 
-0.1565708819920332 
-0.0299894743403528 
-0.3206146195844176 
0.2020763469524373 
-0.047013973401207 
0.07070863132486579 
-0.4229206403506233 
0.484668211414507 
-0.3802235977928873 
0.1027555653229798 
0.5164559776660725 
-0.3687936112247367 
-0.294854457233889 
-0.1957364822985298 
-0.1837882343024834 
-0.6594020343691238 
-0.06172200493405475 
0.09175928952436849 
-0.3192177885416083 
-0.01279869060508922 
-0.08954010842910561 
0.152777100341293 
-0.07723465309209303 
-0.5890893117104441 
0.04484230778910745 
-0.6261296110532153 
-1.361350128423885 
0.06174052842844869 
-0.2980585656769902 
-0.3026475660294277 
-0.2966076343358724 
0.01788571413452993 
0.4442055693147015 
-0.08737776841054022 
-0.1732645340873071 
-0.2538527410839831 
-0.1786483425577035 
-0.06937329314215171 
-0.2188295631422674 
-0.5591870715508428 
-0.01305887194895962 
0.00903902914605033 
0.04438428324097958 
-1.657207406990603 
-0.007343085642599512 
-0.003320869571917446 
-0.4556054649260241 
-0.01003463092087338 
0.9111041336132446 
0.5840468914176996 
0 
-0.1113136910026099 
-0.7458625302408681 
-0.3758665434168961 
-0.5312649202527403 
-0.2923694542165745 
-0.2778435170555515 
0.2408458830452066 
0 
0.03529867095100806 
-0.2122323503798683 
0.1628541010527801 
-0.1681352055231523 
-0.3889689367482466 
0.8841171715004307 
-0.1669993179131719 
0.06301892987807828 
1.843603828485304 
0.2239795182966668 
2.302203538470605 
-0.4799780979059725 
-0.0220649786020068 
0.2254480570274593 
0.2037231097627687 
0.07379975631701149 
0.670347450536937 
-0.04055310707391236 
-0.8485693274176772 
-0.5547585290529961 
-0.7596384941876342 
-0.2019490239018403 
-0.6526443258853751 
0.01826528278787756 
0.041532259208353 
0.0913283300592562 
-0.2206761534886583 
-0.8472213951553862 
-0.1800837428890171 
0.2579391065419993 
-0.8450982914281372 
-0.0108860300094664 
-0.000591526486231985 
-0.3399539183655226 
-0.06306186569950607 
0.08848897296288324 
0.2531206925696536 
0.03553027230693427 
-0.1025781834880267 
-0.4115461984476488 
-0.04944669561525548 
-0.8450086781057077 
0.3333526848098626 
-0.04618708889711012 
-0.132425735033738 
-0.09902547391046257 
0.228739616999507 
0.0002202892350763519 
0.2293723197253508 
0.05862930917426325 
0.3995996886725718 
-0.3321325992324722 
0.2804456838875045 
-0.7520668930660767 
0.009505838562597695 
0.01767101897006592 
0 
0.4299577674581927 
0.4342111749371912 
0.1299675292053711 
-0.2023226085755653 
0.06014324306503187 
-0.07814038676513785 
0.3564187741972463 
-0.3424570776330969 
-0.3509181388602611 
-0.06567348962378634 
-0.8812176522017108 
0.5529687975874115 
0.244059643311376 
0.1277088889316316 
-0.1186836243203362 
-0.06851670801018417 
0.1218673219578353 
-0.2481652328781586 
0.2114564634064476 
0.17048672275542 
0.2102255465643223 
-0.2627422927543849 
0.5879894185087515 
0.4732922340650402 
-0.8039480256860041 
0.4900749862917832 
-0.009670225792465582 
0.1412308459728012 
-0.6676052390388575 
-0.3186636894241204 
1.389509693583196 
-0.05593062509543283 
-0.09871803946950312 
-0.01100448933516991 
0.4511680988523804 
0.03521130836450702 
0.2062797079908611 
-0.1137920787156452 
0.372138247493848 
-0.01849313073662652 
-0.2182229835955986 
0.11992133167102 
0.1236600382847508 
0.3464806231794333 
-0.01097894071455406 
-0.05266800168527749 
-0.01256334109006126 
0.008075700829525228 
0.007564147518463167 
0.05000139334199426 
-0.05609322942307584 
0.0593721846295399 
-1.14328039053862 
-0.1148716245674451 
-0.2867980635852341 
-0.539215030391872 
-0.3305260019159078 
-0.02522848621249306 
0.2446070785624922 
-0.04681202152523978 
0.3832194621121018 
-0.2875122629516126 
0.01623592763212142 
-0.1137274674284844 
-0.006505281947819719 
-0.7933224743672143 
0.08137756539983251 
0.7738820026699953 
0.1020398248353515 
0.1061350703904766 
0.1949831801759541 
0.07415267862478792 
-0.2950558232451246 
0.03811872395308202 
0.6138537507643865 
0 
-0.3952817383053503 
-0.2171247430419166 
0.4027988797925742 
0.1392404665344819 
0.7224678115005853 
-0.0353010200937568 
0.2523619514549776 
-0.1180533490030015 
-0.3876877183589002 
0 
0.1661711651231693 
0.1134491058621987 
-0.9466276117866816 
0.002652119957336338 
0.1680723988212951 
-0.02830481666457486 
-0.4084335556177215 
0.449537322264084 
-0.1555866070478177 
-0.6442856870217194 
-0.04163058428186048 
0.07464973112911411 
0.04482205802589088 
-0.02219088899914816 
0.07652184311903484 
-0.1106261066648072 
0.2942095951936288 
-0.0611580583504515 
0.2776694375973492 
-0.1355199371377475 
-0.005507000408033389 
0.0927948583758612 
0.2625718605806085 
-0.08118466491494758 
0.05293535102397311 
0.2388211778827763 
0.021621816116985 
-0.4115598399153269 
1.261380607780339 
0.00807559821319527 
-0.3609416542779938 
-0.2403468344078483 
-0.1251764664647014 
-0.2750208348796022 
-0.3816159590029944 
-0.8769858501642525 
-0.1010029209186837 
-0.03052834138439202 
0.4507278852311919 
-0.3554080600746352 
0.1521190335558491 
-0.04679717610053248 
0.06151935384201793 
-0.3478196242550482 
0.01906226531741793 
-0.3830645577841199 
-0.4566983709671463 
0.05885355173473399 
0.9795038295563019 
0 
-1.845009257223195 
-0.5163779837354913 
1.891000958267337 
0.1365761050128595 
-0.6242348519069227 
-0.01137068872972774 
-0.93590229415722 
0.1871941157828411 
0.115512508304982 
-0.9067502388273581 
-0.4001881510920791 
-0.0156696525584998 
0.05224176058322653 
-0.664773128889126 
0.07678028065098132 
-0.1449009909634162 
0.3413621703347612 
-0.008917055660455564 
0.0403661739557491 
0.0898331401816591 
0.04275081010524806 
0.1364768571785683 
-0.006002861256938606 
0.4025031726887585 
-0.04215920047383087 
-0.4963638949031214 
2.791248316052941 
-0.2727047157414457 
-1.261783675019462 
0.0625275755394885 
0 
-0.05125078203719683 
-0.06673563471917376 
0.9630560591510509 
-0.4478310288923095 
0.4917355682587499 
-0.1786013502387166 
-0.3983007222190728 
-0.009300584084365895 
-0.005317402891306962 
0.3399886273661669 
-0.1601194890768687 
0.0828049389302306 
-0.9931927243043372 
0.3100612887386121 
-0.01495922009854573 
0.2230177372848532 
0.7500247705720418 
-0.05167178414328991 
0.2527488218688969 
-0.3692875095982459 
0.2878786873313059 
0.1113139201664647 
-1.250499235028768 
0.8101053971184933 
-0.2122385649140743 
0.1297292419828218 
0.1342986756917479 
0.3960773284048855 
-0.2140643456068981 
0.4008857722418288 
-0.03155307098955554 
0.01622801655256981 
0.1332120757131032 
-0.1217380436854484 
-0.3529667331477641 
-0.03071874602687114 
-0.3238452801090506 
-0.2228742574073009 
0.01611723325546278 
-1.002902031091208 
-1.163841859740227 
0.5875655444057898 
-0.4056451195338354 
0.5157462629469053 
-0.05582235596582617 
-0.01542695155291591 
0.113102628375684 
0.05386936539197585 
-1.128393955804762 
0.0472401140965412 
-0.01743666356242862 
-0.2091619713061605 
-0.04382838342289104 
0.2868265838152825 
-0.2175125412163086 
0.2138246699156753 
0.4334939063874059 
-0.0583929891245739 
-1.119930761260209 
-0.08979909406604539 
-0.02950158820829728 
-0.1060327926703749 
-0.0595784175238926 
0.1151823275368029 
0.1048421334841619 
1.519442917493707 
0.4315363149704328 
-1.388091952666147 
0.3479087888235427 
-0.009540931831682078 
0.2180358186861877 
0.5900860595456171 
0.6397050241593043 
-0.3024215022431511 
0.008315706733562746 
0.1807472650875788 
0.5480930308827543 
0.06669729764243111 
-0.1527745175122825 
0 
0.01749782550957514 
-0.88178147244685 
-0.001145556798609193 
-0.1819389543768284 
-0.4876755851589066 
-0.4913648858930842 
0.5572050021058822 
-0.3064092098296749 
-0.1338865953431571 
0.2847530325823238 
0.1973019489016192 
-0.6002678413623169 
-0.1387240213054145 
0.1613910049367671 
2.331897180275674 
0.06614868156930809 
-0.3526353576344656 
0.2619060907039694 
0.05909644101842404 
-1.006016399770156 
-0.114701522360945 
0.07776689392121677 
0.1520627528522555 
-0.1309972769282485 
-0.2869499478230577 
0.01833450503174297 
0.4137896949332834 
0.3814024251011914 
-0.6200249845891225 
0.03867665992313975 
0.03867942910903814 
0.167246214452356 
-0.467906298455781 
-0.07182156127115483 
-0.2149592253906584 
0.6822320490758235 
0.07382104207258858 
-0.1482830963352188 
0.5728310735546168 
0.1676414397985535 
0 
-0.2448643001076623 
-0.04536946944117471 
-0.5174967959651104 
-0.185395348546342 
-0.9204428686023572 
0.1029810615492392 
0.08697319744169131 
0.07393937674538677 
-0.01800512941074172 
-0.01016046868194564 
0.6395809239827684 
-0.209620030836889 
0.2894491463970584 
-0.4320278524100084 
-0.8002926351709773 
-0.04961207489127285 
0.09729326690154945 
0.005299907207316311 
0.1350644146913311 
0.03962534028287849 
-0.3124556452442042 
0.0002283217699495947 
0.04724229979588745 
0.1244688946350619 
-0.08943511861619186 
-0.2293552141179065 
0.07795828571898092 
0.02990544024774615 
0.5507986214001265 
0.1309057419476732 
-0.003495983860108499 
-0.4012672355296742 
0.07867100060336153 
0.02164546531793729 
0.03058079629851842 
-0.6093250036654444 
-0.2509444542397966 
-1.889703437292289 
0.2426898054579887 
-0.2479877192789135 
-0.01976161588886424 
-0.1833231544255333 
0.001695494640425655 
-0.08521807826104104 
0.131831953979637 
0.1116453190609053 
-0.1771747154183633 
-0.04401870403907999 
0.04012925684819821 
0.1146828798972601 
-0.557380946659031 
-2.610748383569769 
-0.1521562560790367 
-0.2053675695218648 
-0.6190695169494267 
0.03522047194598701 
0.05719188933886279 
0 
1.74558414428564 
0.08472337034570493 
0.04618017904137578 
-0.00424546978751012 
0 
0.4436473637489619 
0.02165516622410047 
0.3221019871822977 
0.008376805566209563 
0.4847353208238089 
0.0006388464565105433 
0.01712471137680873 
-0.140086085650982 
0.01000550914020684 
0.02692892710295176 
-0.04875790648311129 
0.1246971021974167 
-0.1096214366501571 
-0.6390961382326552 
-0.02559373526447685 
0 
0.02183718042753799 
-0.36327374159485 
0.3889474188496056 
-0.2306797038659427 
-0.01240948973754716 
0.1603690406752184 
-0.526655223928383 
0.07414068324208832 
3.794707603699266e-19 
-0.137325595944158 
-0.660578332654144 
0.006641497167375784 
-0.0804180983986347 
0.05008032120686037 
-0.1510166391980985 
-0.009261376199724383 
-0.2865314556418402 
-0.3160218785938309 
-0.7393979878102638 
-0.1674325511815817 
0.03114240639816421 
0.1655019965050683 
-0.1249120886524976 
-0.3885766371238953 
-0.3211085045241994 
0.03644563527915527 
-0.3091608317912435 
0.0009452388071038928 
-0.165366519095716 
-0.03470831274189511 
0.1374542299150196 
-0.04190265462528994 
0.1106103999051464 
0.005405253520416703 
-0.1374761149424265 
-0.03182271480358403 
-0.2191704574668185 
0.1303463399269639 
0.8733201786634301 
0.4019609900718663 
1.315158846066398 
0 
0.01502853757643878 
-0.05298354712131174 
0.8227657770653208 
0.4726261158959186 
-0.05822827385097355 
-0.3664911091313503 
0.04602953882456443 
0.3787894168305174 
0 
-0.06425559912606223 
-0.02514435835741763 
-0.5660685180124571 
0 
-0.1336568047414484 
-0.5903478232011431 
-0.0194635747947155 
0.123228692697326 
0.3293583213061335 
0.03944424374124155 
0.09272039991278448 
-0.0726413627540823 
-0.2735231515839084 
-0.01305532573416636 
0.7742409191422601 
0.2231041626971068 
-0.2582561254828806 
0.6783972703049868 
-0.02802930305688737 
-0.4777717227309456 
-0.06353934936216048 
0.006566193360899289 
-0.06015844969470821 
-0.06365190222164441 
-0.02669045158624735 
0.1583916622885808 
-0.02646067818191112 
0.05995944541679975 
-0.05781694763410276 
0.3478257574427341 
0.2894419415653789 
-0.4276392284020255 
-0.2838007252303505 
-0.05275696897655517 
-0.002752206390926327 
0.09980455023704336 
-0.3421237229406421 
-0.005158973610147598 
-0.06169589751032476 
0.221809347837423 
0.3697292886396417 
-0.0461453622064034 
1.077730524963912 
0.167865110603118 
0.0407596981205197 
-0.003907299641654141 
0.02688066671899303 
0.06114058799473381 
0.004534281409194641 
-0.1118115974510984 
-0.05288105132857109 
2.424128725573112 
-0.01145082260944768 
-0.1550933681119014 
-0.1160722122836301 
0 
-0.03278466192391558 
0.08047873346530025 
0.05324350154520184 
-0.1766401357399669 
0.3276094867016119 
0.02156640326310057 
0.7379559876037969 
-0.09495171869709526 
-0.7068061778077684 
0.004183780127320279 
0.1967711390319629 
-0.1043135612216593 
0.116298678137698 
-0.06583871086121919 
1.016177304275826 
0.09590505228004577 
0.2566266180773676 
0.1028551236044113 
-0.1089163014315987 
0.07534489160040654 
-2.368225491628807 
-0.1004956209013458 
-0.7676619802097292 
-0.2921919020659859 
-0.0220071586256851 
-0.0080776310283404 
-0.261756480620838 
0.0237952555534269 
-0.6301144817846169 
0.04737804407405801 
0.09083636903210528 
0.1779316160967589 
-0.01829051361917619 
-0.1559655159689663 
0.02910153133703757 
0.1622617025846856 
-0.04015681202010851 
-0.06339414530109112 
0 
-0.1484770125112711 
0.07690453757537585 
-0.1927341873112765 
0.2381095101536984 
-0.02259766723391048 
0.2350083449207959 
0.02272132680715073 
-0.3637700938418539 
0 
-0.1857142551912216 
0.1101582580162224 
-0.2248684015467811 
0 
0.03890811952403697 
-0.07787751492643137 
-0.6035248044881557 
-0.2320538839151525 
-1.418384353425896 
-0.2336477116452857 
0.03516161901768899 
-0.1407641176501604 
0.8295462378077777 
-0.3250010706397551 
-0.69239858583338 
0.8425885453508811 
-0.8486353531020521 
0 
-0.1895412139724174 
0.1153719629894802 
-0.03431943096677768 
-0.2129456516880397 
0.3332219748997682 
0.1791293049248255 
0.646312743165694 
-0.1758048233028223 
-0.0653724356157956 
-0.4111434422220199 
-0.02843707071822945 
-0.1028258016612731 
-0.0019369227410022 
-0.6172713866131242 
0.453002300747748 
-0.1949221302104462 
0.6662887203093263 
0 
-0.046994332098834 
-0.05742990615219959 
-0.1241820256432509 
0.2320340405627988 
0.1847638061347441 
0 
0.1274396638416863 
0.02472579177166979 
-0.0128873032056578 
1.94623307065264 
0.1159216828498058 
-0.1412188501327665 
-0.144011128234993 
0 
-0.05158955915160222 
-0.01741001311558188 
0.4571486512779475 
-0.3492231444104861 
-0.06566836413710603 
-0.002232778496668068 
0.08233857509529122 
1.448546340187434 
0.01400865153016234 
-0.3660258669320365 
0.5638138699194165 
-0.2886000010045249 
0.1024191034230093 
0.1015487040493832 
-0.5225102713042394 
0.3438122022547031 
-0.01270691554126195 
0.1263022185806178 
0.941360443782202 
-0.227290509523797 
-0.4981473387006886 
0.1429572568006455 
0.1865872016080785 
1.276080977109315 
1.405802552859185 
0.005334456551728293 
0.02254399655163885 
-0.0838574543040044 
-0.5721858303598961 
-0.002354804883337511 
-0.3486625693807361 
0.004305151190424925 
-0.02169374760606387 
0.01356849579984953 
-0.2660265761552576 
0.1240329455131422 
0.1824770813042742 
0.04241455140461744 
-0.1716449024453597 
-0.006349687222770555 
-0.5376015786703774 
-0.04308123888289263 
2.542003906929637 
1.612410558041906 
-0.1496026304478448 
-0.3711458917115454 
-0.3136263892783524 
0.3426590803382212 
0.1556814350659971 
0.001996316587296216 
0.02476021375178207 
-0.08236645843343915 
0.5399507458473217 
0.4273093682264863 
-1.301042606982605e-18 
-0.0853572038013807 
0.9862978833142114 
-0.03169856297834252 
-0.2953334244164981 
0 
-0.3286769426397981 
0 
-0.1331153784464591 
-0.004772838752980881 
0.08698230061202528 
-0.04858545472581931 
0.7089238762059291 
-0.3585572184854836 
0 
0.020550134817341 
-0.4318604642935249 
-0.1539560117080583 
-0.0003047129076522807 
0.08378498406650324 
1.158616909033067 
-0.3657261012855796 
-0.08406994732511683 
-0.02208429828657006 
-0.2870031849473245 
-1.495749584234674 
-0.2126922683693111 
-0.8550133511283338 
0.2353385710296838 
0 
0.0025849714437659 
-0.03936228744925924 
-0.06967455417420933 
-0.2195268100738747 
-0.3758027065227454 
0.06321368471917176 
1.015830295140455 
-0.3412991077768306 
-0.09563528121402026 
0.2756551985257504 
-0.06791601488213325 
-0.06977355835494975 
0.04145634169719753 
0.01188157551057453 
-0.5128206567556449 
0.04990451488858499 
0.05761567179671211 
0.4133959560979083 
0 
0.1591251266904864 
0.4761366832904178 
-1.003999326833277 
0.2285955693736296 
-0.6733366099747577 
0.1042082733605504 
-0.2648208427795147 
0.2138840297115603 
0.1294095458063001 
-0.02811197727237427 
0.00254308497391807 
0.2633474875473253 
-5.421010862427522e-20 
0.3337491035673675 
0.1844434592547754 
-0.3868715284464616 
0.0608416124442825 
-1.664629454605501 
0.9946924499840202 
0.03812274822169492 
-0.0500876984053884 
-0.03937040554052714 
0.1264833043043905 
0.2002867619976526 
-0.09152997550437808 
-0.06738664892158808 
-0.01693507355403826 
-0.01426689414119289 
0.00040695770832451 
-0.09089544250661043 
0.01438603873240309 
0.0813688915435839 
0.1114352899974222 
-1.174308082970127 
0 
0.1225813764118614 
0.2203603105417 
-0.3272602993722393 
2.085783831020785 
0.1149240176022355 
-0.114288103550101 
-0.06415300444707937 
0.3654260281517567 
-0.1687826693029807 
-0.001572040899665756 
0.08455079962537429 
0.5773019097407912 
0.193521832352805 
0.184859299993745 
0.9542849312509918 
-0.0167349387038471 
0.04810255441675715 
-0.006349422981374742 
0.3582301477341312 
0.009052311449969019 
-0.8486192847875246 
-0.06763328129871544 
-0.6098995377150558 
0 
-0.4308780860118047 
-0.04392701742829918 
-0.01852841682556597 
0.1315129563628835 
0.3919551252978319 
-0.2577847201993606 
0.1788026751961572 
0 
0.01003970971566625 
0.02342365482171257 
-0.01021200477155638 
0 
0.1720394789375309 
-0.02406287053018211 
-0.6543137534460683 
-0.03791771792630034 
0.06411305140937736 
0.3363953022509277 
0 
-0.6212345041853816 
-0.7128277154347065 
-0.2212258273584214 
-0.3366271925153523 
-0.009384028536356611 
-0.1042831559334633 
-0.03721276631350643 
0.001310399628109148 
0.212094150985164 
-3.415236843329339e-18 
-0.05062959510380394 
1.339957440432515 
-0.1518756990981015 
0.1769780088972037 
-0.1136522652298562 
-0.005607882619376822 
1.914286468291548 
-0.3706422377852295 
-0.2699617448063435 
-0.6077187026484614 
-0.04161919007928448 
-0.003818686810833199 
0.02802150251829913 
0.2811746823302386 
-0.0399195120352302 
-0.1900743261212727 
0.005168250346993717 
-0.04013452456398062 
0 
0.4391982550679199 
0.05471444905147726 
0.07472501044351515 
0.2128806826055367 
-0.4044478292645532 
-0.005245078836497473 
0.02322721403751293 
0.02713933504364267 
0.007042160557692739 
-0.08993720256876155 
-0.7323985689803422 
0 
0.1481953519967971 
-0.2416587457484262 
0.09836714040699869 
-0.1204201171705233 
-0.02927854637524794 
0.03683556468157118 
0.2668809355748809 
0.07742594522851355 
-0.3397801739691585 
-0.08876048869086056 
0 
-0.1010914828763413 
0.006010089555761655 
-0.002544009410194876 
-0.005429562970364904 
0.01208759100604688 
0 
0.6029071440027987 
1.188301517325765 
-0.09163726050517843 
0.1737402403409091 
-0.7074977253411364 
-0.5983887005516196 
0.06197394927757854 
-0.1925780934117674 
0.0447188265560474 
-0.01677903134243465 
0.3992254254438966 
-0.8239835637514398 
0.7182450325143227 
-0.008254522677856098 
0.009963327818636175 
-0.126934485694442 
0.1355590280788269 
-0.4372412883821212 
-0.3551187902332999 
-0.6096292244456158 
0.1445462115385916 
-1.050365283099099 
-2.710505431213761e-20 
0.2192181542034611 
0.01993695889519983 
-0.9495491721053626 
-0.4984457586270566 
-0.04261534707654587 
0.1045821375040214 
0.04632819877647434 
-0.3767327883673152 
-0.01063221950476683 
-0.0003721066428424564 
0.07137678224738539 
-0.1007018704873777 
-0.04339806853147641 
-0.2738623863526522 
-0.0248965297333024 
-0.2080576543791762 
-0.2879886825802374 
-0.4792072360493365 
-0.2738079198288257 
-0.2935063850975489 
-0.4661148155849547 
-0.2896264929280193 
-0.658391895794266 
0.3313927867477632 
-0.06035105529380224 
0.2229889867258166 
-0.005470243813688097 
-0.03956083612451353 
1.433766576001154 
-0.02210861893348116 
-0.2473204222260073 
0.02199894848838903 
2.011043712915213 
-0.06838718225215341 
-0.01842147586332657 
-1.078784567641569 
0.2812892137777457 
-1.112695242892742 
0.1155289975951562 
0.03368817092644262 
0.1372552008211705 
0.3234825067516647 
-0.003827404242000176 
0.01167620409359419 
-0.003676975736114697 
0 
0.2644033777935155 
0.02625886192387334 
-0.4339110037470249 
0.002342845523203987 
-0.009725488524232863 
-0.7983456831166001 
-0.1057262187254968 
0.4365308988739931 
0.005576821522826723 
-0.4314428238911464 
0.1405812246406531 
-0.002774244598640113 
-0.005971752396784939 
-0.5197606036051937 
-0.005897261378419095 
-0.3726283493086492 
0.1134364838251007 
-0.1388129178757851 
-0.8243602601918451 
0 
-0.06367340419621181 
0 
0 
-0.3318389933449568 
-0.004278107577310969 
-0.4710994028397613 
0.03584500082590407 
-0.09478345766116361 
-0.298752396750279 
0.002070846784542116 
0 
0.0200056356816691 
-0.108949993606615 
0.09953333220560799 
-0.01571925237393952 
-0.2648894109645368 
-0.6258739203202649 
-0.02814532573994492 
-0.4068106292646622 
-0.3946581016826398 
-0.03378952711945294 
0.1525127365280665 
0.16230813417703 
-0.2084414700840139 
0 
-0.3192969234769511 
-0.002467646228893183 
0.6023843971624108 
-0.7006110490863535 
-0.1392251204847356 
0.1357144189778693 
-0.7142016683291609 
-0.03758225081623382 
0.003233075859478159 
0 
-0.05504837236361051 
0.5230924016861654 
0.6646343224214304 
0.0900161972321028 
-0.07494525248061193 
0.02307534042300548 
0.02271336852477616 
-0.2393885959736501 
0.007324570553044556 
-0.00314393828810883 
-0.1153981437097307 
0.5857535181594231 
0 
0.3833023057169724 
0 
0.3146183977127649 
-0.002391669811851612 
-0.01064161017344618 
-0.4012329251670418 
0 
-0.05405323207291867 
0.07375592618942114 
-0.9284775270421641 
0.1411571219240677 
-0.6425470211235133 
1.021528268174377 
0.1788214689258399 
0.1365718667356264 
-0.07817067483896689 
-0.4197362415614369 
0.03455787877350817 
0.0986232783857116 
0.6678834121743944 
0.4246734948455125 
-0.3876583288311581 
-0.0994538665470065 
-0.08040060508658498 
0.02570615115077126 
0.2712659554657675 
-0.01540219782509302 
-0.04587573731959289 
-0.4859003453820095 
0.00259820783182423 
-0.5243631069912605 
-0.04308551820173096 
0.08723171505388046 
-0.1418902216008407 
0.01380147439856569 
-0.0443173562990278 
-0.1013847388182131 
0.4851892807894513 
0.03047166943394952 
-0.4151051312953422 
0.05010148362561729 
-0.3446924392978734 
-0.4541580883710097 
0 
-2.186022958309393 
-0.5942909681617921 
-0.0976739153192915 
-0.01705136485427218 
0.02758088519496785 
-0.1301121151421846 
-0.0003630266580404884 
-0.6356809866329737 
0.2614709716467006 
-0.2589240389505119 
0.475523782745903 
-0.1204630231806516 
0.03810153677578344 
0.1721309972614707 
-0.03880092931206068 
-0.4741698713630472 
-0.01010699008719465 
-0.1554972286313982 
0.4237516176234245 
0.2167769244095301 
0.5244624413547665 
1.070594170165177 
0.2644539545124398 
-0.4378215445135178 
0.05767374109698387 
-0.2503432832026226 
0.07687347687847493 
-0.5576464669413203 
-0.09887950589177186 
-0.009837373999416048 
1.734723475976807e-18 
0.003844079058317052 
0.02384864211055372 
-0.1027524614220055 
-0.2824427845880665 
-0.08518940861443902 
-0.03453737717379035 
-0.09518407027894578 
0 
-0.07690330451649326 
-0.01395026237296667 
-0.2956017780047357 
-0.2083698247690293 
0.3813242792867459 
-0.4429349665313276 
1.061049369069 
0.7160556562465912 
0.01228346293127354 
-0.2532100541437999 
-0.6921659846178274 
-0.07422388167188965 
0.2012003939585919 
-1.009945239163781 
0.4091733558121641 
-0.1313002708241693 
2.237047138707636 
-0.1175946844478473 
0.1618418123485064 
0 
-0.6019040599907062 
-0.2485838202053279 
-0.08204438806702335 
0.3613425378120323 
0.1617377593242759 
0.1312680292872659 
-0.006396885943305242 
0.9195343483245871 
0.3312753470019176 
0.8402309858198048 
0.1662132734433294 
0.01209701135973051 
0.1459038300134832 
0 
-0.09453621653206998 
-0.00592168238999378 
-0.07615760202266995 
-0.2908760595088702 
0.06067200978190557 
0.03112005028174669 
-0.5817292341676389 
-0.02504871044784103 
-0.007742642736519606 
0.00834524233091649 
0 
-0.8900742464922307 
-0.3670180160065549 
1.057359287751961 
0.1918539007842741 
0 
-0.09503162206727417 
0.07680161321805737 
0.3689825669816866 
0.1012802777880969 
-0.06374343635940903 
-0.1322138296464581 
0.3794816907584808 
-0.02325332014240761 
-0.02321743100563588 
0.007565454830810303 
-0.007180292270888263 
0.006043266781162808 
-0.3023049237010599 
0.6437839665073604 
-0.2376407984258437 
1.1104998014628 
-0.1513356359535688 
-0.2107125483432534 
0.1274077014036603 
-0.03968712765520283 
-0.00061190821843123 
0.1500630948908673 
0 
0.3327801214234364 
-0.0947586785544602 
0.3767622124019406 
-0.02776393936674836 
1.868978080026924 
-0.2619729032238521 
0.6930002189906957 
-0.002510368270103779 
0 
-0.05789452671000902 
0.5459343985283595 
-0.6734949705447797 
-0.004264511728863515 
-0.01691829380225558 
0.05961572660723501 
-0.005000047213450869 
-0.09420324272724218 
-0.1177420972648785 
-0.00992661750477977 
0.1550076106961046 
-0.06364829949176411 
-0.5777329639976959 
-0.1943763805787981 
-1.189650016637726 
-0.2814413896933305 
-0.7452023613137828 
0.2653474948519238 
1.285050608721742 
-0.8009484417645639 
0.2899592488434932 
-0.01654853048347615 
-0.1749194080299612 
0.02984261451402848 
0.8800896486914027 
-0.8204898184214324 
0 
-0.3080327579529355 
-0.004666375820897366 
-0.0002018280401943764 
-0.00691497881914963 
-0.005420841569906169 
-0.2559413697283147 
-1.653408313040394e-18 
-0.2782582071677681 
-0.03358991930004011 
-0.02369294939101191 
0.1884226287949205 
-0.003083412659389061 
-0.5205182638245182 
-0.07674124519370054 
0.0088589537207092 
-0.05731067066855574 
0 
-0.1470156559646717 
-0.2360341214202521 
-0.670856724865376 
-0.02583568821823008 
0.4480909060741882 
-0.09734573198518223 
-0.3848372670988819 
-0.6358026753759136 
0.09653958703101251 
-0.1141038284753367 
1.783324970020458 
-0.04611243185510859 
0.144922297178066 
-0.03735820034127092 
-0.2049426374874539 
0.1505124336722319 
-0.255035259874917 
0.06501491981284335 
-6.505213034913027e-19 
-0.2307748905132473 
0.3542897570141593 
0.03952761175896658 
0.001242990560262807 
-0.3985623704870978 
0 
0.06650698784504729 
0.2244110334728952 
-0.1148256283949571 
-0.249942139831625 
-0.6426223611075499 
-0.01797587726014451 
0.004371163527267636 
-0.4083970942506823 
-0.5773949883945402 
-0.5593560226584874 
-0.1187882011884581 
-0.4887265564895164 
-0.271224489010512 
0 
0 
0.07884295561806638 
0.01295152002741093 
0 
-0.002376317525111822 
0.1140781477777171 
-0.8859342871242407 
-0.7172063190407484 
0.02490330966122259 
-0.05080513716261533 
-0.1575855874371827 
-0.3758339771198109 
-0.4674899582403547 
-0.1276005158059362 
-0.002122281925150612 
-0.04826469000543833 
-0.1056080040745006 
-0.4315659571402528 
-0.2958982104554882 
0.0903605554824552 
-0.001241986369054373 
-0.1232235996068426 
-0.08646657434633348 
0.1891504985844507 
0 
-0.997656585946608 
-0.9032534829848953 
0.6592071532115326 
-0.5477424467424348 
-0.3052673439566243 
0.6187134577329749 
0.186857617073754 
0.1121432555222785 
-0.4047808937356417 
-0.4509390737416983 
-0.4852301036010744 
-0.01072959874632187 
0.4910051520844234 
-0.4605448158718345 
0.3073847641558515 
-0.01229781516078789 
0.01224294844664948 
-0.2290341743758657 
-0.002119194918080147 
0.05793432427862225 
-0.03703750099100996 
0.6165919488141312 
-0.3822135703093806 
0.06541500485869037 
0.1317344058753586 
0.1859596062271729 
0 
0 
-0.001125420109263283 
-0.2652462752708762 
0 
-0.7935617938276359 
0.2195943400997919 
0 
0.05127341930820258 
-0.1579317143758172 
-0.2509202894745021 
-0.1775474623599455 
-0.3362638409752939 
1.679345484837526 
4.336808689942018e-19 
0.007265454441557229 
-0.1181413950737676 
0.03804952690060382 
-0.5521127790772229 
-0.3267045908698109 
-0.1567085737620732 
-0.02676455858351932 
0.05459330064009937 
-0.0293272819504852 
-0.01152863003612046 
0 
-0.04478597171084463 
-0.2578352390577846 
0.04912620351529827 
1.02344031375878 
-0.05536753848360694 
0.01639951126635602 
0.4413134872191267 
-0.003609885231573172 
-0.004505018999285028 
0.3199512251963611 
0.1734656477993173 
0.4099811310359862 
-0.6814007188937861 
-0.07601489655017653 
0.388591888191569 
-0.001659113482959234 
-0.350900724785897 
0 
-0.2256375601930407 
0.6565062295930164 
-0.02035762263804846 
0.7740277501636861 
-0.02850447214786401 
0.1010687073266891 
0.0324025413856535 
-0.2522742981299095 
-0.02819675367066549 
0.04375647614233963 
-0.8496997349343135 
-0.2577176386518676 
-0.3214703334818519 
-0.03713118299159637 
-0.9942617274233724 
0.01357680461489618 
0.6749182057383896 
1.375998766700736 
-0.1044846507750733 
0.006871713791272802 
-0.08482900020498246 
0 
-0.5678056037772926 
-0.6127571601241331 
0.4051259583322873 
-0.0712478410996108 
-0.04815328805460072 
0.2452401974305853 
-0.06608278238322922 
1.085034033726273 
0.06006322159336764 
-0.1776314331256773 
-0.002810442596819058 
0.03067859832370913 
-0.02386789000738485 
-0.02324580290107863 
0.07931431570557294 
0 
0.05273102316226331 
0.1097801686485209 
0.06151875127456117 
0.1611696995336073 
0 
-0.6804074912686454 
-0.05533193913566344 
-0.6878665418398198 
-0.35911030535275 
0 
0.02385741376882668 
-0.001265602776350209 
0.006419317815106449 
0.7810100159971601 
0 
-0.2241435354510262 
-0.7631952697678828 
0.05006302260584539 
0.719829482331984 
0.8817441674687477 
-1.100635955805326 
0.02194234414725131 
-0.6859314974494665 
0 
-0.2735030356640922 
-0.2773867650304622 
-0.04039526746584823 
-0.2660179005040522 
-0.008778825129390957 
0.01216082796295053 
0.3292017902980275 
0.6135145873684634 
0 
0.1517019197667085 
-0.4249914056134792 
-0.7448317634247097 
0 
-0.1716622924291801 
-0.05563669874959494 
0.3459044914323325 
-0.5600181564676158 
-0.03005743705934473 
0.3069051511788622 
-0.04631808902405838 
0.8997462616641906 
1.587120208703821 
-0.3119503908717802 
0.06824549072734459 
-0.2954578646490146 
0.3944804830555885 
0 
-0.06332084737570495 
0.1768615294443557 
-0.1144340509770996 
0.01893200802605434 
-0.1645448574295682 
-0.008682130156514572 
0 
0 
-0.5696633088057222 
0.1074818627602587 
0.1324455879591939 
-0.71880655605886 
0.05581850388530645 
0.437275270440259 
-0.1335326347089261 
-0.05170216939820269 
-0.1911236877466963 
0.0008390707563659183 
0.06164943682659404 
0 
-0.4666337200777526 
-0.2630587216103091 
-0.1584360647584834 
-0.008596017254568968 
0.3000424168032822 
-0.004554617195203389 
-0.006128011150594376 
0 
0 
1.39871453285164 
0.111872465570864 
0.5803833838590138 
0.1348985280898723 
-0.8738207427565962 
0.2779725653130302 
0.04798343456210914 
0.0009206404071474129 
-0.01780893994471002 
-0.007296455296850384 
-0.1429904981120425 
0.07391788484981138 
-0.6490418363369914 
0.275087928680032 
-0.2582381409843609 
-0.0262950324585479 
0.008457185724567443 
-0.2455398575441287 
0.202010040722111 
-0.5181743647481066 
0.01707093375288342 
-0.2145178189458956 
-0.1450502817115226 
0.02906699178765989 
-0.0305168329535062 
0 
0.08459965790578966 
0.7829459738068755 
0.1318791460664216 
-0.1360321490599496 
0.1085301624741214 
-0.01577570673783518 
-0.1337877303238927 
1.34922257618212 
0.007492126421367042 
0 
0 
0.03131160947326865 
-0.08337367169711005 
-0.3594590484760702 
-0.3500657902822739 
-0.3015578767160842 
0.1540522596551794 
0 
0.108221081389121 
-0.1874724715164977 
0.1868204733142574 
0.09805561777048726 
-0.1564130000225226 
0.9252295107250952 
-0.4296517094394918 
-0.4594183471158128 
0.01500095858819183 
-0.008883240300835387 
0.2528188709117414 
0.8363141142207698 
-0.06500290645258029 
0.3628265951672324 
-0.008929346274110437 
0.03615633849034816 
-0.03340509228923512 
-0.1173907525226683 
-0.1744585845722436 
0.6344943108431543 
0.01613961416312101 
0.2057299459296768 
0 
-0.2946786034809273 
-0.01027272423946585 
-0.004815793607009549 
0.1094700747396498 
-0.02278673288218498 
-0.09879501468593654 
-0.002651349848761943 
-0.6758072514476208 
-0.000125089692029447 
-0.1230559902327979 
-0.03965464057152998 
-0.3593643717852048 
-0.1259696232245529 
-0.0739130521955018 
-0.08684618842336636 
0.0007757606737692788 
-0.4480770571518039 
-0.02449409178499573 
-0.5385188676433321 
-0.1615693668413428 
0.1547724269619728 
0 
0 
-0.3846719818206712 
0.4397163336280536 
0.1066422004984596 
1.538570067461144 
-0.119866320670558 
0.02978812088752382 
0.1316910823881783 
0.06613840804139288 
-0.1691240813044391 
-0.3801189721070936 
0.5050050162116922 
-0.2590706884491786 
0 
0.02467340507901138 
0.8087821519670375 
-0.1801626882771089 
0.03025007972068578 
0.02218702284237869 
-0.5431329363491649 
-0.9396358302791799 
0.06743197316122725 
-0.1983514573005309 
-0.4161064804514402 
0 
-0.04582117206075534 
0.04699254387967302 
0.2699778994669318 
0.2971031635129238 
-0.2705063241101578 
0.1537663351168922 
-0.2299990194515602 
-0.07510645826220382 
0 
0.01949557879114225 
-0.4693153200929625 
0.2275002225457128 
0.08301467034739815 
0.6448657420967634 
0.03808111381549713 
0.00406303100243233 
0.003339784483785495 
-0.01834613190696179 
-0.08144650870667511 
2.710505431213761e-20 
-0.3398161465570921 
-0.02921919548371683 
-1.073202057723774 
1.533270723197927 
-0.01311217976663254 
-0.2802312845749707 
0.4408349991246178 
-0.007092373180428926 
0.0007531439761645934 
-0.009635359281835638 
0.2682947068451937 
0.6555435775193378 
-0.4575054739480162 
0 
-0.4169045181572113 
-0.417092488120664 
0.03148998038452613 
0.03064082769193847 
-0.04219465739399512 
-0.8195878223918609 
0.1128574841023806 
-0.511953685924455 
-0.2346269884521761 
-2.710505431213761e-20 
-0.2162784797771613 
0.2500873280803976 
-0.09426753033471368 
-0.2124520387079107 
-0.1577887314328235 
-0.2283786498927319 
0 
0.01676000722917271 
0.161460657038245 
0 
-0.0005289836827528497 
-0.1208692493732378 
0 
-0.05506367478085622 
0.008126309874349712 
0 
0.03787863764567063 
0.0576888026072725 
-0.1271767918200395 
-0.005039126401538753 
0.2104459745891748 
-0.221497703425942 
0 
-0.8275041994982261 
0.06647824876569457 
1.298068281056094 
0 
0 
-0.1653392827350729 
-0.1328682698337122 
-0.06278982217052775 
0.3275923422540429 
0.9580366683456872 
1.601619849172994 
-0.2322673875100716 
-0.2114887299389607 
0.03260551516485556 
-0.04009630629365607 
0.0002603167992907373 
-0.6593880197467666 
-0.04612725842204125 
-0.05417062042422548 
0.08496592058908818 
-0.04226142045714534 
0.01140025681844779 
-0.275115145249789 
0.09598377849907574 
0.02397988580039883 
-0.07218227209191871 
0.7546903268786425 
0.2881285267190207 
0.01070682724844348 
0.9552941146612655 
-0.06668602809654318 
0.01953892540049047 
0.208185497681506 
-1.253508097208951e-05 
0 
-0.0002194881679471 
-0.0130446545047219 
0.00865522281931074 
0.2140662787576773 
0.466438917483141 
0.206240928859172 
0.05509932631366364 
0.08814554086832413 
0.0285482375087493 
-0.2146207211833245 
0 
0.6457236302347965 
0.4500214017350104 
-0.5411338066901736 
0.1047815801173305 
-0.01199643922626863 
-0.2823213583427366 
0.0164162899983974 
0 
0.02223581213841332 
0.3987570993810065 
0 
0.0003269556715639157 
0.04106125851120137 
1.591110630234372 
0.04250105823139434 
-0.009358150311260621 
0.01366679290564082 
0.002829666158840233 
-0.0116221843066259 
0 
0.2252122115563466 
-0.1815253179942975 
-0.2084710873962823 
-0.07914808925741103 
0.007701507605286756 
-0.115247664857533 
0 
-0.01934294717802915 
-0.3714497125968563 
0 
0.07917961561670528 
-0.3564333564084664 
-0.01405486368680409 
-0.05573609946244205 
6.505213034913027e-19 
0 
0 
0.03370100225855027 
8.673617379884035e-19 
0.0567124220325393 
-0.1047616177417189 
0.1301126905594819 
0 
0.1062591961195133 
-0.006438960798437798 
-0.03941924564520947 
-0.1959519588971831 
-0.3496779932488311 
0.1712878901366107 
-0.5581407963976228 
0.00241371698896306 
-0.02171075994748587 
0.1813546189494233 
-0.00358246878241826 
-0.01544160981609516 
0.2839847647133242 
-0.0262295384098552 
0.1695051057569337 
-0.03251162510672511 
0 
2.168404344971009e-19 
0.145824241342113 
0.02635496983658638 
-0.02025364325273194 
0 
0 
0 
0.3491700731734314 
0 
0.07432627249413748 
-0.1392935726929775 
0 
0.04220537316062807 
0.1199387857858024 
-0.2374035090754634 
-0.9210949443603862 
0 
-0.3722785009006082 
-0.008690151142019575 
-0.5806148219909832 
-0.1910522029375567 
-0.2366761020892997 
0.1830357258436705 
-0.05014925442024028 
-0.004391902260905683 
-0.05766064537234596 
-0.03091337793822307 
-0.5517749823949141 
-0.008490997403935564 
-0.1491343694058476 
1.592887688689732 
0.08878162004318126 
0.009674810559163293 
0.9853761199060653 
0.06663810764846706 
0.3012993743495321 
-1.436798493791234 
-0.2224371487101597 
0.04060526786314293 
-0.1185560359008527 
-0.009064747717248453 
0.2434400853294918 
-0.3078063749296462 
0.1367453774239443 
-0.4495513385761684 
0.09966157977397824 
0 
0.01378632182040471 
0.08308754814096864 
-0.4112015840995592 
0.4998206340366503 
-0.2659897600635622 
0.09193512425786111 
0.2696967254846002 
0 
0.268287379349633 
-0.02159841818163012 
0 
0.2436819634812603 
-0.05944609415652367 
-0.2946114995781064 
0.6254669097818057 
0.1010068068096482 
-0.3962931936174561 
0.1107145107937559 
0.06619233973949507 
0 
0.4232437284078225 
-0.01950100775905057 
-0.002938686746903583 
-0.3376222179950737 
-0.1773780402242892 
-0.04440352238498615 
0.01051022212557026 
-0.01432714525061575 
-0.2875575107149446 
-0.223168190039536 
0.08023126288845318 
-0.1995159011317742 
0.1412071080844051 
-8.673617379884035e-19 
0.01266658965409615 
0.3200245227890416 
-0.08386630542361397 
-0.0288792724454403 
-0.2447780259316333 
0.1682450783472739 
0.05125433117658169 
-0.1820483950612408 
-0.3261506942709316 
0.0166712225988277 
-0.002218769306034909 
1.493506870815873 
0.4021214711596314 
0.1450205032513332 
-0.02674208893033538 
0 
-1.036423934036785 
0 
0 
0 
0 
0.0108971538721284 
-0.02711060938374086 
-0.6355957655136721 
-0.8898398165752247 
0.2902772397040273 
0 
0.08995908594242903 
0.8030838426119898 
-0.04417516913220482 
0 
-0.1956298952117842 
1.150577269973504 
-0.0160069078329598 
-0.08546353685926272 
1.300082892245443 
0.156364108066678 
-0.01784529297322746 
0.179691938969978 
0 
-0.174134129431391 
-0.005444593895592945 
0.05203391885949623 
-0.07784756364858478 
-0.02064661380933389 
-0.2137001248497517 
0.003766651622590685 
-0.8016979878450612 
-0.003742696530425804 
-0.2297061233351935 
0 
-0.3303860402617882 
-0.2453012874450504 
0.403363816468223 
-0.6948414162974604 
-0.2430944676297834 
-0.297593100436759 
0 
0 
0.04241919037400411 
0.06904547316747776 
1.052197747507111 
0.4034167335832392 
-0.0007151390068393874 
0 
0.2525301081922484 
-0.2210175166227405 
0 
0.676252979793165 
-0.05638098832281024 
0.8310857326668193 
-0.07046002366376181 
0 
-0.3472649155604182 
0.1029497750287935 
-0.008594856095852558 
-0.4755034358030371 
-0.2144084090203191 
-0.236322845298531 
-0.03320713204368589 
-0.03439138051203666 
-0.08342739276491086 
-0.3100681386433325 
-0.007400245303865203 
0.09402951246138459 
-0.6244803496918999 
-0.1888156212653568 
0.06597196457472272 
-0.0006718697353484902 
0.08188057125286004 
-0.0095028251265861 
0.004587470988014645 
0.05205868379126138 
-0.8196498374451708 
-0.2783344680566747 
0.1066345426041421 
-0.09420400223980242 
-0.05949019138847881 
0 
-0.01501573951999213 
0.1749443785648523 
-0.05947702298047255 
0 
0.09956505564604043 
-0.3262821911066401 
0 
0 
0.05580120284845769 
-0.1314673343758171 
-0.6985234674071013 
-0.03399560131366134 
0.03516842995697713 
-0.1171341886217784 
0.0007893769794285333 
0.004298848043115297 
-0.507205449666252 
-0.006214960063177434 
-0.134054679067671 
0 
0 
0.2915088027820815 
0.1812957021519137 
-1.142634844251569 
0.6125346018480577 
-0.385769764431428 
-0.1601051105507454 
-0.1264591749013851 
0 
-0.2719928500681193 
0.6628668497293806 
-0.3858878479437139 
0.8375005545948484 
-0.1077472962454327 
-1.077862611942218 
0.1230743328651634 
0 
0.007663847173912906 
0.2985154562172513 
0 
-0.1325728979584511 
0.155215346970131 
0 
-0.02549285519249714 
-0.0007171834468779034 
0.3891137845648153 
1.863672502448306 
-0.1258710269430773 
0.02950787722875751 
0.681851465714619 
-0.1909304915083384 
-0.1301457963225333 
0 
0 
-0.1574760196847841 
-0.06132529218566449 
-0.1739395317361376 
1.068691572210472 
0 
0.06356215619611565 
-0.09280147515176559 
-0.06149816795134642 
0.01525326883238543 
0.005234424913286265 
0 
-0.2703575153006244 
-0.03201491806557805 
-0.01514119155727953 
0.1478011678672241 
0 
0 
0.02101292193473954 
-0.3777018694425009 
0 
-0.2073529488021829 
-0.02273970262928655 
0.02546518234574888 
-0.003838308380258938 
-0.08273907007083166 
0.02787124222084665 
-0.5203232890724171 
-0.1420754879782992 
-0.5329035713134375 
-0.08852226463432047 
-0.01306632370784004 
0 
-0.1055531135136659 
-0.07389276096473997 
-3.252606517456513e-19 
-0.4273225851639713 
-4.336808689942018e-19 
0.0371231568756142 
-0.01934679026182316 
-0.3011346683038554 
-0.03525289441748828 
-0.3771004578364852 
-0.05258472974671655 
0.2056265898272216 
-0.9024255670983276 
0.1724564382373044 
0.007989732434685006 
-0.2571756972198532 
-0.09923195632305697 
-0.6837578414605096 
-0.2712537432672599 
-0.009126739259221268 
-0.1113885197702561 
-0.3187286150770008 
-0.5782543040084737 
0.6807399003817445 
-0.06333210799252167 
0.558469898587418 
-0.01478980393733477 
0 
-0.1236173018070969 
0.1756455368638297 
0 
0 
0 
-0.0228683151959509 
-0.03652702436020356 
0.09790596806554983 
-0.01753143062305665 
0.02000376627115011 
-0.03896748128690498 
0.006180085182155527 
-0.5945601997748962 
0 
-0.2388200738831679 
0.04490784507061843 
-0.2278144838726154 
0.007927687383605685 
-0.007405993356160975 
-0.01922713525406209 
0.0970704085942127 
-0.04755888927974674 
0.1142971455753023 
0 
1.586717250393181 
-0.05600858400441663 
-0.4195377073209766 
0 
0.39154096132309 
-0.01334449445376368 
1.52313790317319 
-0.003986127891717083 
-0.1190679032204082 
-0.03564261723762541 
-0.3112169629160069 
-1.18987628993301 
0 
1.502833484155667 
-0.1615453569899928 
-0.1894316602368049 
-5.149960319306146e-19 
-0.1186868885805204 
0.1862858618024824 
0.001481272492658937 
0.06015925717138227 
0.1828456305651027 
-0.002875511517404011 
0 
0.1641872068062247 
-0.535170212272744 
-0.1970741393167394 
-0.003189137804424924 
-0.3245886488055664 
-0.000833210198309425 
-0.3352389087439464 
0.1227614518203381 
-0.5471092608836718 
-0.4913867789929942 
0.0009848954625190846 
0.9012972877865552 
-1.424166755118319 
0 
0.02053813107812034 
0.1797265631257167 
-0.08793058933975197 
-0.4727054029863495 
-0.1306859926048258 
-0.02866001375632728 
-0.238709294287531 
0.02669937468844736 
-0.02049664150763455 
0.7458391794130564 
-0.3805110700032222 
0.5531914981511438 
-0.08292866068069508 
0.07236757868577537 
-0.007130841990972287 
0 
-0.017470454280745 
-0.05460830515412112 
-0.09177868678481983 
0.1711222036201492 
0.03865191358489642 
0.01224427698696162 
0.008527035796255612 
0 
0 
0.05347746516036256 
0.4661589270518173 
0.216691778363911 
-0.02602107508276492 
0.0370263112828027 
-0.008607329343632383 
0.06435538719481836 
-3.469446951953614e-18 
-0.9879040668205644 
0 
0.6300697935510966 
-0.08235580745250662 
0.2659004585990841 
-0.01690704601705613 
0 
-0.05237334208630764 
0.0772253998815797 
-1.284544695799468 
0 
0.162293453794811 
0.006523370492114386 
-0.01644656743529174 
0.6256746111099701 
0 
-0.01386992599536522 
0 
-0.3309178677916657 
-0.4308416860906338 
-0.3907619846512824 
-0.08081391727975475 
-0.02799739761137272 
0.004833983074319799 
-0.1156207305938114 
0.01303821109381201 
-0.1460729423558757 
0.03665855171242626 
0 
0.03024403277044571 
-0.0929897824206314 
0.04926800882309457 
0.07395013744624597 
-0.2548848187535936 
6.776263578034403e-20 
0 
0.01223239437839069 
-0.2571844243109321 
0.0009998882992289099 
0.3200715763722764 
0.007410086744741229 
8.673617379884035e-19 
-0.1490590681985071 
-0.7461567141800199 
0.5502512104881774 
0.1730702721700804 
-0.1591108395127749 
-0.01331162139498208 
0.004397147620253903 
-0.1223561432940885 
-0.3051170142711487 
-0.01698125535426137 
-0.5085948307859532 
0.0109248524496325 
0.01910368411204669 
-0.005770470836929546 
-0.04407412424253238 
-0.6814221397082389 
0.07174230636224535 
-0.06710794933955118 
0 
-0.00132580329386331 
-0.003265325787073715 
-0.3160316352253436 
-0.2587627143193277 
0 
0.1802801580247458 
-0.04934585094651297 
0.00395647376144133 
-0.01975520524053615 
-0.1589712270663358 
0 
-0.01109884081755057 
0.01030049014510549 
0.1352380186890583 
0.1325699681132975 
0.01020184861013995 
-0.04302854208019529 
0.3875493021657738 
0 
0.04655608703466001 
0.02359293515954192 
0 
0.1216144147623488 
-0.3389950838114634 
-0.1991510875684353 
-1.247971103272174 
-0.006018100884390467 
1.020551527712487 
-0.008033056519474254 
0.4146797059033138 
-0.5042194192278089 
-0.03222791292577709 
0.4626849403009546 
2.710505431213761e-20 
0.6920360535901934 
-0.3632101729682191 
0 
0.3562629396490979 
0.08782456636134368 
0.01271053154796657 
0 
0.2590844568128586 
0 
-0.01941642017031402 
0 
1.247429762171244 
0 
-0.04278461303230782 
-0.2858934465689962 
-0.1157454446036616 
0.1028187903576516 
0.36059746195515 
0.3515074026402987 
0.09837409537294024 
0.03720827790035402 
-0.2648775468993674 
-0.5349379571643343 
-0.1145779747152097 
0.6727946237394993 
0 
-0.1006005379010723 
-0.3925842146791743 
1.604630759659314 
0 
2.710505431213761e-20 
0.02356655164762659 
-0.3499429762264894 
-0.09733069537128324 
0 
0.1409725933756459 
-0.01228833658994546 
0.03054635176895136 
0.1638423861469338 
0 
-0.03146913229800982 
-0.01038054417509825 
-8.2599455350426e-06 
-0.02416910338768243 
0.01462776002720839 
-0.007082383196903333 
0.08865560404002204 
0.07452590511610922 
-0.7952310812948349 
0.06947954389624196 
0.4102220352439065 
-0.1764872919415248 
-0.6371452673225456 
-0.04746127149078471 
-0.03710343405520518 
1.208782586874041 
0.02194372916105106 
-0.3635318969258766 
0.01043100749614926 
0.4569206851782359 
-0.03077928175091544 
0 
0.06622493798460584 
2.100729980659011 
-0.2170743863898154 
-0.01657666474996219 
0.09419934042263295 
-0.04431088650966603 
-0.2275976120604112 
0 
-0.4742904560527006 
-0.09732299395291616 
1.046685857374002 
0.5055985529769556 
0 
0.1904678731721538 
-0.9734025385292913 
0 
-0.1031368122021123 
-0.6715734033179523 
-0.01125715227349804 
-0.01788313674929036 
-0.3605686682675777 
0.005443028557316569 
0.1547146786828321 
0 
-0.08186982173243715 
0.9920428080249428 
0.9555961241778628 
0 
-0.2296531674079007 
0.6405414371457244 
0 
-0.4650514091842235 
0.117605756428605 
-0.3908651821467133 
0 
0.1301503825385187 
-0.072595578966098 
0.002304016205875608 
-0.09393897350778591 
0.1262503054079463 
0.4794701006860172 
0.1278137050052459 
0.0006990412781371357 
0.04086499082570445 
0.07547833330226726 
0.05292625343119259 
0 
2.01378289383754 
-0.006997095163218304 
0.5645704433537337 
-0.01602760754501241 
-0.1527913842604979 
-0.04354742173968196 
-0.18370800387584 
0.03521277357896926 
-0.0127115725294633 
0.06188594323074974 
1.200155523741887 
-0.02581312021521767 
-0.291874611183173 
-0.2852679863670579 
0.02776341312314464 
-0.01841312266091144 
0.1373406578253049 
-0.1537295201343421 
-0.197011441442963 
-0.2233620664617591 
0.1318107573354132 
0 
-0.3420207448996389 
0 
-0.2000447034186361 
0.03769317558807671 
-0.1146041497070435 
-0.002482755177594431 
-0.1641292884792998 
1.090882139823046 
0.04005990908066074 
0.1181450338971211 
-0.1692397351241646 
0 
0.0007478660270059913 
1.243382683220404 
1.017479190857245 
-0.2347266710392495 
0.1086640405424039 
0.0008193790651242174 
0.08281896310049074 
1.487483379801398 
0.08202116769795241 
-0.03236540431477499 
0.1264789539530169 
-0.02419486457811624 
-0.09583225646907631 
0 
0.5699216276644801 
0.02383156075191559 
0.3256339484652654 
0.7966743153418853 
-0.07868207978504063 
-0.03231215636048361 
0.1242621357354559 
0.3953324573173811 
0 
0 
0 
-0.0214731004652478 
-0.7515044135819514 
0.009923337149016307 
1.032598432775004 
-0.3309795401811061 
-0.1053682401342849 
-0.4981314594020541 
-0.4848542336363615 
0.5081901338692578 
-0.01171407288790824 
-0.04237607978456134 
0 
-0.1257891968320031 
0 
0 
0 
-0.07552393331626743 
0.1758579989457192 
-0.005888545155626934 
-0.3773687415335357 
0 
0 
-0.1924914633340791 
0 
-0.04575483071345146 
0.02636812796154148 
0 
0.5454274922236931 
0 
-0.4285148188266747 
0 
-0.03236746165369968 
0.1139213589325814 
-0.05915018693550655 
0.9500893497601806 
-0.4229002494521052 
0.3244204361801921 
0.167892591861713 
0.005838151683839424 
-0.01009781892342605 
0.3292741618103551 
0 
0.02047453524961745 
0.09038582207439151 
0 
-0.01614121906017979 
0.0531231455476942 
0 
0.2632079821938261 
0 
0 
0 
0.126331558466493 
-0.04714322837249486 
0.393683402333426 
0.2594179430999607 
0 
-0.503944633547516 
-0.06583395764436538 
-0.1004095207291909 
0 
0.03538671941963493 
0.07875741655677269 
-0.006427722339292804 
0.2268256837754868 
0.0803120083460083 
0 
0.01350780256456206 
-0.3855482757028092 
0.2215481183451991 
0 
0.4795130515550706 
-0.1094121868490209 
-0.2908604359915348 
0.08070196104814846 
-0.008244857069427933 
0.006844956841830994 
-0.0002238701303782787 
0.1809525551526012 
0.6645572984450251 
1.843143693225358e-18 
-0.5334485049975386 
-0.2810720921672262 
1.564808809490791 
0.1050074641950823 
-0.6916454750960352 
0 
0.001948416520750986 
-0.1754187724678198 
-0.02197369471010381 
-0.3020128628258452 
-0.05053474357353014 
0.02601380041431967 
-0.7364773187356191 
0 
0.06032542609499732 
0 
0.06632590729771856 
-0.05763733903328531 
0.1079364113087628 
-0.4662535594925062 
0.001454750470178096 
-0.0432243080048493 
-0.005341366098550856 
-0.02234972663240322 
-0.08819578636743197 
0.5123095790918212 
-0.01593092527844023 
0 
0.2323006633750775 
-0.0388890415255458 
0.1139056218101331 
0.3780151254940269 
0.05289727049450782 
0 
0.009837212641537703 
-2.602085213965211e-18 
0 
-0.9307808730246255 
0.05394862480634931 
-0.1614464058990298 
0.4139901620054632 
-0.00820367495813973 
0.0106320817243881 
0 
0 
-0.0052850839615797 
0 
0 
0 
-0.1138923839761619 
0.003807121695306696 
-0.5516376159559825 
0.05181546695680437 
1.084202172485504e-19 
-0.01796465110785639 
-0.2142531927523467 
-0.01086515876305908 
-0.1425885356833761 
-0.02729430192811015 
0.05699235568397373 
0 
0.5163440352441968 
-0.07300369383058206 
-0.2466249616684307 
0 
0 
0.2563163262501251 
0.8129445822330044 
-0.1094199824350707 
0.7276022992415661 
-0.4017985975444237 
0.6426122007088167 
0 
0 
0.7432766329410452 
0 
0.3157560615141131 
-0.0725822919334828 
0.1611937866197654 
-0.2665531698487116 
0 
-0.1286126624296074 
0 
0.9344650293308566 
0.02965078484807471 
0 
-0.3136868691443757 
-0.05162472699118002 
-0.0330451968061931 
-0.2388581090712414 
-0.03565774500917984 
0.4850904496638986 
0.1412770074292351 
-0.333842569655719 
0.0871471285026144 
-0.655566083357895 
0.05816747571537303 
0.01696439220593153 
-0.305229881947099 
0.07848036742352879 
0.5570962462354347 
0 
0.0673658921724383 
-0.04009941731319196 
-0.03531655190076854 
-0.104437529248001 
0 
0.3446769275545684 
-0.006927137408937844 
-0.05819633119531548 
0.1251089597568748 
0.07533505237936633 
0.9528260600799261 
1.370205846382393 
0 
0.06754119038109457 
0.04448909445980849 
-0.05602859340862104 
0.200456290023996 
0.0177672327666777 
0 
0 
2.000943018480262 
0.006433331512813448 
0.2866910913303983 
-0.01273946662832856 
-0.03106396114665707 
0 
0.1479653337616483 
-0.3498930811286255 
0.0887626193962926 
-0.008495538481955866 
0.003536371168468684 
0.04605931570151051 
-0.6325869734777846 
0 
-0.2273790188208849 
0.05350615246070842 
-0.08760455620932912 
-0.6173953768125916 
-0.06957454533682393 
0.4689999966779683 
-0.7417265744753209 
0.1396522325741904 
0.1039374647732123 
0.06271862753557413 
0 
-0.5904727950205416 
0 
-0.02646745341446367 
0.1326345720261881 
-0.06078685903889458 
0.5595264847282511 
0.5864262633072229 
-0.07865954013709378 
0.08772879155642783 
0.005408651655441341 
-0.2526171357423929 
0 
-1.034916829434016 
0.005471630524496097 
0.3372091839467792 
-0.01287668200870076 
0 
-0.2423854844710624 
0 
0 
0.002327520228322846 
-0.06056523426721496 
-0.3310363131618664 
-0.03493117236474209 
0.02141417374095942 
0.4418318347705389 
0.1592693055045236 
-0.9022031307601674 
-0.1029146759271667 
0 
-2.168404344971009e-19 
0 
-0.6181879775765511 
0.07757781937520077 
-0.8431348557531383 
1.107672971328788 
0.08858837626254518 
6.493882449706736e-05 
0.06789868821301487 
0.2132152711797752 
1.215971719416067 
-0.18206818921014 
0.05291138658707572 
0 
0 
0.6593919856489968 
-2.11506572655725e-05 
-0.2091598882301346 
0.1394140794994748 
-0.006673363530201762 
0.002442070937850707 
0.460714373915452 
-0.2025727431065343 
0.06025250441341677 
-0.3511962307303621 
0.008348956300545704 
-0.5558075120693734 
-0.03405061506221614 
-0.005357028155234746 
0 
-0.1265453048850949 
-0.3464754836722905 
-0.2198171234679639 
0 
0 
-0.03074838880424486 
0.2324160484115126 
0 
0.02331300462730209 
-0.316272482029484 
0 
0.1002856167980152 
-0.02402526719797907 
-0.001369673891030448 
0 
-0.4786388958084961 
-0.01345621738285828 
0 
0.02352675013337276 
-0.1445016571853564 
0.8065929332598368 
0.1697596402444364 
0 
-0.1786161746376223 
0 
-0.7432125824238462 
-0.0132829214817341 
-0.1345993272718852 
-0.6916635419370984 
0.07068607859925184 
0 
-0.07508034785662621 
0.1508333599091753 
-0.03363472400237921 
0.3748779906262095 
-0.1703445308938315 
0.07222101990668921 
0.02700227959854802 
0 
0 
-0.1940028863264656 
0 
-0.02586181562055998 
0.1750096371122145 
0.1366855952714996 
-0.2568972969495809 
0.04852434117113876 
0.04671770085852599 
1.76279357968433 
0 
0.1137681267404766 
0.4472224218849654 
0.8342848142580719 
0.2217691015264535 
0 
-0.9335764158328574 
0.01905252137948107 
0.2406935538649897 
-0.07217782659470096 
-0.05850708757022813 
-0.02186957308357208 
0.7104707693715105 
0.828896645955397 
-0.03411053605560727 
0.04827946162300825 
-0.1259681817728422 
0 
0.03968347724057181 
0.4137929643901916 
0.2841168868434662 
-0.02851086457829043 
-0.5937931988386457 
-0.2981257588732208 
-0.002842975607614547 
0.06420122316117824 
0.0007378513764498821 
0.5407827693476419 
-0.05943678286525514 
0 
-0.01386045207826399 
-0.05928133903882314 
-0.08338089759220901 
-0.4024830785299556 
0.3200091147687046 
0.08226554367052533 
0 
0.08807194019190065 
0 
0.01925004320057738 
0 
0 
0.001659551570860359 
1.084202172485504e-18 
0 
0.2904131570088295 
0 
-0.2734975965983129 
0.04387674259222187 
0.1750719144441847 
0.4629471918835708 
0 
0 
-0.003519544397682131 
-0.002256277800765947 
0.1500376685378164 
-0.1387028019225393 
-0.4373563418710804 
-0.0263850717546318 
1.780993284951464 
0.05353311496200637 
-0.02815625922432638 
0.3157242817912752 
-0.1929242279975686 
-0.5222972347253789 
-0.9388881795052334 
-0.05128430434307053 
1.301042606982605e-18 
0 
-0.7249637601553877 
-0.002816958854684019 
-0.0169947258158258 
-0.4285783624438527 
0.1209708388715509 
-0.5361163330676584 
0 
0.05723631613979734 
0.09594206855805772 
0 
0 
-0.0893781679660437 
-0.2082275078612396 
-0.2166174654811229 
-0.003809389858796861 
-0.5376117298064454 
0 
0.1770443033640519 
-0.05422502725708824 
0.1731391043125133 
0.3196174200669564 
0.16285825224871 
0 
0 
0.01307645942350396 
-0.104118619076711 
-0.2843823440356966 
0.03789386083627846 
0.1474507518325668 
0 
0 
-0.06994455645342879 
-0.08141343328736755 
-0.1162928133550641 
0.133810141855349 
0.253695331307373 
0 
0 
0 
-0.07728926301222511 
-0.0145971902737078 
-0.04052880265268961 
4.336808689942018e-19 
0 
-0.01575766007046748 
0.0004045096791835758 
0.07832085911906658 
0.254654613787348 
0.07076420262480437 
1.03912416012575 
-0.02150717734840595 
-0.1639482728365286 
0 
0.01087858330841218 
0 
0 
0.1390555534572303 
0 
0 
-0.0847143419965924 
-0.05094795983119542 
0.0842743345812484 
-0.405400777439486 
0 
0.03707082234443203 
-0.00460622708421575 
0 
0 
0.0941976780293767 
0 
0 
0 
0.008660420785152882 
-0.17549845506461 
0.002763967821143735 
-0.4992391313002253 
0.7957654388434177 
0.1545545393197541 
-0.5163683378892118 
0.01615375223444925 
0.03134145819014543 
-0.1027393807698346 
0.1399153414325344 
-0.06249560690316883 
-0.4938024357865558 
-0.2678423942653896 
-0.2784567128094679 
0.4423593958576925 
-0.7593777859420817 
0 
1.141782468511629 
-0.05051949621609945 
0.3243021506399309 
0.005653809703715368 
0.159796473808319 
0.04796850169189937 
0.05541391277034079 
-0.551675406611058 
0.1249221086424763 
-0.3004571707790523 
-0.005962031296554149 
0 
-0.04800175733265597 
-0.01136834988485827 
0.1832888364043503 
0 
0.9655170439101485 
0.1143378332176926 
0 
0 
-0.1708564239063434 
-0.02113401784347594 
-0.3108229938492968 
-0.4829195652901261 
0.2701383598244094 
-0.2207722739831905 
0.06381186222390027 
0.47278181885791 
-1.578376954729297 
0 
0.04312358073134728 
-0.4775876134327582 
-0.01373822094148731 
-0.1046480333086108 
0.1174041642854143 
-0.1149880050566541 
-0.01207468769306476 
0.4738873077850826 
0.1305746464171282 
-0.575790759464923 
-0.3709711988223537 
-1.01643953670516e-20 
0 
-0.4658255584879058 
0.2095498234529881 
0.7473978579987198 
0 
0.466101126203475 
-0.1663904451889232 
0 
-0.3381818884406548 
-0.08499262433543796 
0.01860077080260586 
0.01779018766789952 
2.710505431213761e-20 
0.2235332192525062 
0 
0.3707842975374426 
0.003862938559957797 
0.02388529992312105 
0.4084570021487607 
0.005929743194606862 
0.04471159037535405 
0.2838916747055588 
0.1939985545923466 
-0.194201878521944 
0 
-0.1385663148766206 
-0.001240769855208397 
0.05011936868874876 
-0.2714333781195252 
-0.01450025819626858 
0 
0 
-0.004182408669755089 
-0.108439355055081 
-0.1027823196591849 
0.1539398318684864 
0 
-0.02562322457437357 
0.1988083794671196 
-0.6698040296895232 
0 
-0.2585734154152113 
-0.6611610326678791 
0.05601701090323211 
0 
0 
1.084187856332681 
0.4690600948124098 
-0.01076792191785655 
0.03338585253089926 
0 
0.203274207608298 
0.05958360989564527 
-0.01045918636748677 
0.2651998599031792 
0 
0.5044967764659335 
0 
-0.004380978652176618 
0.008552847047832332 
0.3956097264250965 
0.4780846352394448 
0 
-1.355252715606881e-19 
0.3953359953168556 
0 
0.01177464138363327 
-0.02100576589154122 
-0.1443375513981042 
-0.001368612361430133 
0 
-0.007493702484085291 
-0.147509416499972 
0.1139069936241526 
0.3780473993749728 
-0.1266453274553195 
-0.2520080428010087 
-0.05624633191483292 
0.1016691446630847 
0 
-0.3521508906769082 
0 
0 
0 
-0.1192450916470133 
0 
-0.0004692188937882267 
-0.04185937001236428 
-0.2956614244825874 
1.090907193611642 
0.01115081947956167 
0.9090226065131219 
-0.1086361578179556 
-0.04401058842927759 
0 
0.02145100047168896 
0 
-0.5340350242000492 
-0.08422417210683072 
0 
0 
0.04324346538233854 
1.626303258728257e-19 
0 
-0.01693165557951954 
-0.04288773105820758 
-0.003708846780524384 
0.144188460601665 
0.3952094400121309 
-0.01007600674173097 
0.01795251595503063 
0 
-0.5218155792510042 
-0.002448473775241218 
-0.06674135296567606 
0.4160895689736068 
0.07105760958677733 
-0.3780518280318483 
0.1170356826489322 
-0.3696698157229883 
-0.1306637608593814 
0 
-0.05617292960352578 
0.01082556243661424 
0.04805428518574419 
0 
0.04517038897292371 
-0.154419489294914 
-0.1211911283684026 
-0.3403868440982745 
0 
0.04747562019036443 
-0.0843927880962302 
-0.1709808204013958 
0 
0.1726856961376505 
-0.2985087168138672 
0.09888400137962407 
0.0157320804160562 
-0.4163460849005072 
0 
-0.0331078968496652 
-0.5788975647127345 
-0.004233069608009475 
-0.2054890298059335 
1.398813504702983 
-0.03474399274492961 
-0.2724431806973886 
0.4340164774563182 
-0.02494677874288597 
0 
0.01855273693228524 
-0.001067933275237945 
0 
0.1774844010188275 
-0.1149995636574497 
0.3074405669192136 
0 
0.703159917250153 
0 
-0.1640569999150378 
1.111307226797642e-18 
-0.009681166195642578 
0 
0 
-0.6434815413685014 
-0.1003867075185739 
0.1382899214139569 
-0.1267038231368667 
-0.5652289717426932 
-0.4107945680973449 
0.07144782841400246 
-0.05661624569029992 
0.08489550993469869 
0.2546332455864914 
0 
0.07301666558657022 
-0.1823740775431958 
0 
-0.03707321339623068 
-0.2381076813675287 
-0.2900377444225928 
0.1428546383621245 
0.01507200283545626 
0.04577073817177494 
0.3014766379883431 
-0.1635965818057012 
0 
0.3762247817209822 
-0.02576681924536548 
0.1787473919877506 
0 
0 
0.06623082716632718 
0.1567690889811437 
0.4720947671626425 
-0.04505469808884349 
-0.1590837086697239 
-0.2506585802987428 
0.01765203861554152 
-0.2624033135602418 
0.3780301610897682 
-0.6807624091947165 
-0.1170428868392303 
0.06069901222907682 
-0.07982467047763726 
0.119485848447154 
0 
-0.02187924704748352 
0.1746743796330711 
0.07864072485560451 
-0.07779508095917176 
0.4420785027234409 
-0.04576823407989302 
0.0859641199557276 
0.07788171718845195 
0.03046377761845243 
-0.009497639841620368 
2.168404344971009e-19 
0.03829195495624806 
0.05424479636731714 
-0.01291963045804942 
-1.084202172485504e-18 
0 
-0.102306616467302 
0.9577865252856407 
0 
0.1124495123208721 
0.05514628073969749 
0 
-0.05954163928197919 
-0.1066308709197238 
-0.08526837405492807 
0 
-0.8224307564689828 
-0.02073945265659883 
0 
-0.1132415508882707 
0 
-0.100631636333242 
0 
-0.1968412298394003 
0.0325323299996573 
0.1850034456426878 
-0.08520657431433493 
0.002952047738200252 
-0.03701688196584988 
-0.01655310280343868 
0 
-0.116362923779188 
0.05967997465833502 
-0.09192560928950744 
0 
0.006040634235895725 
-0.09450667197116928 
0 
-0.5714484190790362 
-0.06319770972994826 
-0.2963344967920108 
0.04406708159793694 
0.4642279402282543 
0 
0.1322100325731859 
-0.5236658303110293 
-0.05290188772059028 
-0.1667014965288088 
-0.2866395449509545 
0 
0.07566143724401923 
0 
0 
-0.1428660761651278 
0.1395602891231809 
-0.2162196209347468 
-0.01156634080677692 
0.05197028522395743 
-0.004820077501347719 
-0.01949911357056714 
-0.5132892960195811 
-0.01760676865372781 
0.6552749607954621 
-0.02319460802912232 
0.1453306160145727 
0.2587654000446663 
0.01111504407790474 
0 
-0.3720292989385935 
-0.02787388273984684 
0.2458034747622742 
-0.05902900930121389 
-0.0001039340501811589 
-0.003039647215409482 
0.009226439016409878 
0 
0.01898611198382067 
0.2481900615028421 
-0.1066637407538069 
0.02605502438068573 
0.6328188530343597 
-0.06686721021599884 
0.5861113469391495 
-0.1320467241597983 
0 
0 
0.08304902829818453 
-0.03759681647926923 
0.1400296428479054 
0 
1.897353801849633e-18 
0.05351256582019093 
0 
0.07840870727654914 
0.06517046355012161 
-0.03292156610684303 
0.01313303746303199 
0.3264047378442784 
0 
0.01710187951451984 
0 
0.2836634635983902 
0.02969832355486936 
-0.45314354274486 
-0.04470013466334827 
0.9527115105390015 
-0.06327254580935684 
0.157143032187092 
0.2725716537753383 
-0.01168749496163308 
0 
-0.257250609750013 
-0.002293651004528547 
-0.01685969725367881 
0.1526726298611793 
-0.1791391220395418 
0.2867456829055178 
-0.001330602277129603 
-0.07432338951534712 
0 
-0.02562089152029445 
0 
0.2015497219888318 
-0.2853841077388691 
-0.002144349251445981 
0.6789340652879008 
0.055749113722176 
-0.02134255727093822 
0 
0.07482886900322445 
0.13290631728415 
-0.468744966352105 
0.3351203497248392 
-0.1624888421431553 
0 
0 
0 
-0.6093056088865875 
-0.2938527366311729 
-0.2325453085733907 
-0.2825859091201805 
-0.1056324761947762 
-0.6095704771452893 
0 
0 
-0.0009672222693553115 
-0.7410216538357839 
0.01869340490062891 
0.1175752514782509 
-0.1225766529855557 
-0.4565354099305831 
0 
-0.007491216600259436 
-0.4899500358193012 
-0.1250769332294573 
0 
-0.4749948663910675 
0 
0 
-0.009032275278680618 
0.03829816832598416 
0.005597914283834977 
0.109267907717269 
0 
0 
-0.01036293323495078 
0.1375581538943537 
-0.3424584982740675 
-0.2625706268424729 
0.8820591837321765 
0.04528078329336281 
-0.04512862776081444 
-0.3817449296935814 
-0.5342047313943803 
0.2758302514061832 
0.8537991340458976 
-0.08575382069512424 
-0.147200555620104 
-0.06682482239940798 
0.3197098632150224 
0.01027185973278863 
0.05087440757791253 
0 
0 
0.003541382888727715 
0.5941454918683504 
0.1220516917666454 
-0.3195987469189456 
-0.005321949565866678 
0.1708049716558053 
0.007029917159590169 
-0.04282173872476712 
0 
0.7033845677529039 
0.1149599219655842 
0 
-0.345288738310711 
1.662512503283318 
-0.222927070561375 
-0.5887681578417149 
0.02834177227531181 
0 
-0.1379494886995642 
0 
0.1992529482485172 
0 
-0.2703887578423171 
-0.02572681318177344 
-0.7029938119105156 
0.007524443103135065 
0 
-0.05688694703717526 
0 
-0.06085129040631668 
0 
0.09220470301357803 
0.236180203471449 
0 
-0.009481788298388165 
-0.2977433206203254 
0.1279964457216261 
0.035902578681608 
0 
-0.3083070841752329 
-0.02906304978048354 
0.005578857009671101 
-0.7297437738241422 
0.7552301893086543 
0 
0.08332997934452364 
0 
-0.3927226059380291 
0.03351376623915666 
-0.05445375994175417 
0.3338357786300096 
-0.5620013540178178 
-0.1339759782013881 
-0.4109021297263138 
0 
-0.0529168752567311 
1.575334375000576 
-0.05766878686426922 
-0.3767530357747246 
-0.1019275492086136 
0.2413399913802768 
-0.03025333238515937 
-0.04335579394029938 
-0.1046050488916424 
0 
0 
0.07665674041436876 
-0.5215163460438589 
-0.03146676750952268 
-0.1828916581694693 
-0.1602577617139562 
0.003836209570005088 
0.02689988736796731 
0.0007335780410376257 
0 
-0.7164901743833476 
-0.2076055180594958 
0 
-0.1544438059456055 
-0.1513449391597529 
0 
0 
2.602085213965211e-18 
0.06378184863117704 
-0.02878367489583635 
-0.02962584547796998 
-0.002887591138125037 
0.02278946929782986 
0.03907412314031634 
0.06784193973439484 
0.737901411397604 
-0.03963548248092676 
0.02956102741163826 
0.4772127095292542 
0 
0 
0.1518671907324769 
-0.2445942818387679 
0 
0.02479445176860479 
-0.4218914686414314 
0.2406978482850337 
0.002522525686656252 
0.0036134041279922 
-0.008667538499772977 
0 
-0.009766239617153328 
0 
-0.03711341607188717 
-0.2986098642335797 
-0.3184194918956778 
-0.7148829408784628 
-0.03460956496335412 
-0.04184909680005655 
0.685732359691852 
0.1125586452445492 
-0.01393489356273003 
0.0861206277202485 
0 
0 
0 
0.06429406135716716 
0.2490199437341182 
-0.1162622572811917 
0 
0.04256422102079199 
-0.001390282837071798 
0.01104468465654226 
0.4234868418277925 
-0.3668203613830779 
-0.04035671423602678 
-0.0470116250250068 
0.2440637394589267 
-0.02707832161870281 
-0.07530656304248368 
-0.01880264022698144 
0 
0.2779019118806623 
-0.0002989680890719064 
0 
0.1256569869090572 
-0.1198553240879023 
0.02119891233316287 
0 
-0.01030484159968916 
0.1755760463989556 
-0.07946661871710273 
0.04791279828514679 
0.3790783411447557 
0 
-0.6786569310187081 
-0.01943775614440111 
0.1492118170063544 
0.1952281738120696 
0 
-0.02632555119044304 
0.1732462064509417 
0.1392206436374053 
0 
-0.5624969317913148 
-0.3569113759962338 
0 
-0.1006312947925888 
-0.00575294532244896 
0.7955636562258758 
-0.1368765885427367 
-0.08893823347174754 
0 
0 
0.3176823613297592 
-0.4823143148011174 
0.3449222858397113 
-0.01182524820506001 
0.03920281134793607 
-0.5791040858192217 
0.006910618237220078 
0.02062415612722473 
0.8570378981752192 
0.04428399712725883 
-0.1098290647657927 
0 
-0.09393890616961302 
0 
0.1018812414308082 
0 
0 
-0.5487186799114002 
-0.006022888782317761 
0 
0 
-0.3204930226945064 
-0.008636881020424137 
0 
-0.135053591451408 
-0.01578349434341155 
-0.2866918591772579 
-0.6481894725564572 
-0.002259019345489032 
-0.0174728313316653 
-0.1511305276145196 
-0.5594840145585163 
-0.3388894984647529 
0.006149853443615589 
0.3364976340404169 
-0.02169235864283788 
0 
-0.08890190914631238 
0.08933382772410976 
0 
0.6107627570471378 
-0.6900400820687157 
0.0001315281029958163 
-0.4770919845500341 
0.5544371429525613 
-0.2241533885522715 
-0.1212636787004343 
0 
0.0999277866167527 
-0.02048502005341251 
-0.2912698464246526 
0 
0.05045545998025329 
0.233572666721528 
-0.0732409093330313 
1.475497241222293 
-0.07389912819909526 
-0.9420534616620911 
-0.3843129479206038 
0 
0.07850675255508098 
0.2518241099772032 
-0.02840959681787642 
0.3707399136330572 
-0.3058054450568342 
-0.013126031093778 
-0.001455318292534897 
0 
0.2462058443430799 
0 
-0.1351403647644197 
0.04502371346542372 
0.7392767152304007 
0.07619108137309956 
0.005945086578410896 
0 
0 
0.1847452293232896 
-0.06871752699117699 
0.3458433001899195 
-0.5244612317703148 
0 
0 
0 
0 
0 
0.1357846649100686 
0.2682292182196962 
0.07605890778423707 
-0.4708854408326194 
-0.2882007060171962 
-0.05728660374243764 
0 
-0.4134274057946107 
-0.7793515802404452 
0.01515420158247965 
0.005447482036227414 
-0.4435214481817314 
0.003374876225845078 
0.008019469320472462 
0.04862089414306538 
-0.009004923844955309 
0.2259996937422601 
0.1264831929473514 
0.01158709218508819 
-4.336808689942018e-19 
0 
-0.1845641466279118 
0 
-0.002342398954030491 
1.429584048645142 
-0.01561142949678467 
-0.2657050023348941 
8.673617379884035e-19 
-0.5962816768425648 
-0.003166217916480501 
-0.1315176494206192 
0.4572742269104611 
0.002717977468164092 
0.035667737788533 
-0.3336913342970761 
0 
0 
0.06901514585612425 
-0.09244986072133891 
-0.03800317107407332 
0.7335174211431346 
0 
-0.005356328435707573 
-0.1587243790534038 
0 
0.3173954867867103 
0.02924819191210916 
0 
-0.005101394375781345 
-0.307312122149959 
0.2604661475170404 
0.137898553495952 
5.421010862427522e-20 
0.3123158531831043 
0.05277456422571951 
-0.02018542815441832 
0 
0.4654852837587271 
-0.01423693810118338 
-0.04778431368118709 
-0.2537419973751465 
0.39521879206982 
-0.9009547313438228 
0.0323990535903234 
0.005696222283180285 
0.1701962037608208 
0 
0.02395467000589658 
0.7108712572482389 
0 
1.13202232726008 
0.1754540947954457 
0.1369764803320325 
-0.1137379157165233 
0.3843259152111902 
-0.04461208612935726 
0.1676883398539016 
0.03687660357701091 
0.03073557319292861 
0.3772472482636949 
0.06241998910781783 
1.229366581044553 
0.5448485046681986 
-0.04456975908631453 
0 
0.1708040979309884 
0 
0.2225658410052815 
0 
-0.0171188047194795 
-0.04969176982090882 
-0.1714888126023307 
0.1471574192922384 
-0.138513154105652 
-0.01143956661866538 
0.6380803773884792 
-0.1338091778097892 
-0.09970976435269535 
-0.07986911491681913 
-0.03257954614441174 
0 
1.009657882191358 
0.3422533237750495 
0.006839218988129819 
-0.04237836977008288 
-0.06004134370731048 
0 
0.04196979489402102 
0 
-0.3376555500467329 
-0.1243534476246293 
-0.08864738281262656 
0 
0 
0 
-0.05332712998565813 
-0.1613745744411517 
0.2809240881796379 
0.01523327983684225 
0.03930919820750082 
0.001218840878717329 
0.05401928126555842 
0 
0 
-0.003346526026165656 
0.8007874298076768 
-0.06886686827873789 
-0.1689006891235886 
0.343961846621691 
0 
0.0009010742523415805 
0.023389036324915 
-0.1585105582764883 
0.0956584515662155 
0.1029693805055262 
-0.03855989139063277 
0 
-0.4926473360532561 
0.4031784577243149 
0.299065879197558 
-0.03507597043960654 
-0.1973492291504563 
0.1669662943253461 
0 
0 
-0.1081413875008432 
-0.02535617146927814 
0.7078789637121288 
0.04166572228971577 
-0.1106784775068626 
-0.2388567873255904 
-0.05116216475648861 
-0.004432770271505739 
0 
0 
0 
0 
0 
0 
-0.1002020594402194 
0.005306808314298381 
-0.3535125918226099 
-0.1010919664400265 
0.0218461186654745 
0.6411499829353096 
0 
0.2486106552082818 
-0.02881578566052458 
0 
0 
0 
0 
-0.5041140307523454 
0 
-0.06910874629606839 
0 
0.6744756902418926 
1.311717444455978 
0 
-0.173489862888371 
0 
-0.05483618789569928 
-0.1868594848690553 
-0.1959371428978515 
-0.002610496359245481 
0.03013326575972479 
0.06822172234232771 
0.4955247493506361 
0.004522282163354376 
0.2063306336777976 
-0.009746013736716408 
0.02134982911417218 
-0.1646223328934737 
0 
0 
0.9510073040338144 
-0.007099322617115889 
2.168404344971009e-18 
0.1922525791895514 
-0.6040817966648313 
-0.7960713070559459 
-0.1899734687192957 
0 
0 
0.04798438666137005 
-0.0001234300816719686 
0 
-0.2569835307957545 
0 
0 
0 
-0.02310732365694973 
0 
-0.04358581672907625 
0 
0.0005037629648570759 
-0.007897979286734146 
0.01284651559081317 
-0.5702931116972562 
0 
0.2630726690976093 
0 
0.2702042221095634 
0 
0 
0.0140854749117268 
-0.0158022499375808 
-0.006917929440320335 
-0.02532824490650173 
-0.1943096967864858 
-0.05068369333248773 
0.1503157219677706 
0.3353433539425574 
-0.5529454969154892 
-0.5718015703955605 
0 
0.08280061242909947 
0.1786776643137696 
-0.02141462076430867 
0.594190013282541 
0 
0.08163834364763362 
0.1666138796098095 
-8.673617379884035e-19 
-0.01700828306601126 
-0.3119595121585493 
0.1167454344508573 
-0.2523766761997227 
0.1086730186742062 
-0.1241619788139691 
0.04156949758629645 
-0.0260031360835519 
0.01840569150683914 
-0.0828679243505711 
-0.1790676148673581 
-0.1790967451791843 
0.1287373750621257 
-0.06187019677470298 
0 
-0.5009977545647908 
0 
0 
-0.7793815521096362 
0 
0 
0 
0.1235868079604051 
1.558921970841838 
0.0400447652577521 
0 
0.008499566540789431 
0 
0 
0 
-0.2932121318471565 
0.3062825879527074 
-0.1884668401019805 
0 
0 
0.02894693805282667 
-0.07317014076875633 
0.01592049781967403 
0 
0.5644732960961588 
4.336808689942018e-19 
8.673617379884035e-19 
-0.5272681380615022 
0.4404934083548985 
0.02415854678367119 
0 
0 
-0.6011774326369683 
0.03578177064082465 
-0.2957866245078395 
0.1317909742372657 
-0.03316884678147109 
-0.3485596297498624 
0.07895390015691249 
0 
0.08251485327485795 
0 
0.1239121407731085 
0.4811291379634699 
-0.02278003752615379 
0.3225633805404978 
0 
-0.2773281549487018 
-0.1541910850541321 
0 
-0.401605890524225 
-0.2289491098018049 
0.1873462900179946 
0.7006514038667768 
0.440630313153442 
0.2413902946021666 
-0.2984324246425515 
0 
0 
0.1238445336390312 
-0.4944629601817702 
0.05653648286994684 
0.360594675926786 
0.1527358697343453 
0.05976774933084159 
0 
-0.067927777608456 
-0.3279281026898168 
0 
-0.853282117555859 
0 
-0.03213484547051397 
-0.239530521509694 
-0.4377803425173816 
-0.06143038940455153 
-0.3426027826167038 
-0.1846526489147728 
-0.05608279197795032 
1.084202172485504e-19 
0.002639523892797623 
0 
0.006362249697780984 
0 
0.1467548634049416 
-0.009116776018023269 
-0.1292187517338145 
-0.1232545811033014 
-0.289345642672248 
-0.3914318208920722 
-0.1699555045558221 
0.003130588085447765 
0.08033334974752154 
-1.061860345631137 
0.0980978456986229 
0 
0 
-0.852520469824691 
0.2084311516857679 
0.04229311809000023 
-0.00635202137690092 
0.0073157278292035 
0.004916852898749024 
0.1493612218283902 
0.1044935894918062 
0.04449010605012856 
0.07093028962371448 
0.05973211343278696 
-0.1755107734300046 
0.05991124914855447 
0.2122708654635945 
-0.2781811010947025 
0.1059916574963714 
0.843084523436462 
-0.06617487607709036 
0.02234349037937464 
0.117118346997926 
-0.1324066491919958 
0 
0.6305651877793979 
0 
0.2087507708781056 
0.1132854962736354 
-0.2027316253677927 
-0.395641383744828 
-0.4384001617198881 
0.02202566278221117 
0 
0.4310267564210056 
0 
0.05618018383151038 
-0.7941175653669723 
0.03888379850954678 
0.2216323684596382 
-0.1298642814491162 
-0.04560031891006419 
-0.1181021662554517 
-3.794707603699266e-18 
-0.6314228923583046 
0 
-0.5359145740799169 
0.3217953843198986 
0 
-0.177710299551354 
-0.5140303512730204 
-0.04477248329669825 
-0.007826285388187347 
-0.009632355712373638 
-0.01192961215456498 
-0.41784817702914 
0.02873050012374554 
0.02249312427468044 
0 
-0.5846444209407593 
0.2518304737029859 
0.007984683668602015 
0.1213158195585298 
-0.007688190483217736 
0.06079160887335318 
8.673617379884035e-19 
-0.1223980978665375 
0 
-0.08159524764026733 
0 
0.3483466749601962 
-0.4658767753220852 
-0.01493916127772675 
-0.06383162069431272 
0.006867018486998112 
-0.8187302099228405 
0.03994813995111057 
1.115653549395482 
-0.09108725016053064 
0 
0.3709833833244366 
-0.03607052217946852 
0.1776378119146441 
0 
0.1583991899249491 
0 
0 
-0.03869798549640668 
0.03775611846386365 
0 
-0.03482594079341666 
0.1455022965397375 
0.0773809569118741 
0.0143983603445128 
-0.07021598817549467 
0 
0 
0 
0.06687814194658273 
-0.01605356282369815 
-0.351146932825209 
0.1301831834788721 
-0.01119730227195759 
0 
-0.001624528418423263 
-0.1800988560690632 
0.1190212662994212 
-0.03832330732243269 
1.021688222787173 
0 
-0.00662387975172461 
-0.2405491096366027 
0.4312488043894399 
0.08892993776193391 
0.00462669103606748 
0.8347584750770446 
0 
0 
0 
0 
0.4612094309341953 
-0.373070079444399 
0.008997462819667084 
-0.03769072590200309 
-0.04771480242437433 
0.1250397008512496 
0.1239166569513103 
0.734471646941174 
0.4307289740529759 
-0.09811705450749753 
0.02357474408270569 
0.0479332816187648 
-0.04475362728244875 
0.09087364239837216 
-0.6807544587262286 
0.1119947983685843 
0 
-0.06752106158986634 
0.5549286198762395 
-0.2092510488346045 
0.2386647335770297 
-0.06007221909707829 
-0.03309358753060076 
0.02015033906680733 
0 
0 
0 
0.06153159801407425 
-0.01272853717895922 
-0.03839950637820112 
0.3942920286179061 
0.02939534062281957 
0.520007828923201 
0 
0 
0 
1.040834085586084e-17 
0.02754236889595577 
0.0139054726379148 
-0.21201288310484 
-0.007825449690965811 
0.00457329506272634 
0 
0.02048420355617334 
-0.2246916995077107 
-0.1135046926853148 
0 
-0.07807797413040439 
0.02781006750996867 
0.3394147563231894 
0 
-0.2167730437122921 
-0.06067599478683885 
0.09368119636125108 
-0.3785006986061665 
0 
-2.311035570444012e-05 
0.276576116696265 
0 
-0.09151967384878638 
-0.008764305822276169 
0.001353452678599567 
0 
0 
-0.2630906086268489 
0.4315367279166509 
-0.1189101066715666 
-0.001098614956487598 
0 
-0.1224181994436999 
-0.07870044333806728 
0.63497259735672 
0.03868480776631841 
0 
0.2033435066785193 
0 
-0.2464361467638611 
0 
0 
0 
0.394478289228026 
0.2383161886695106 
0.3470829884869442 
0.08983732616709315 
2.059984127722458e-18 
0.1374275543076449 
0.1201156675233668 
-0.062274805361507 
-0.01668564986242055 
0 
0 
0 
0 
0.1208882278763933 
0.5086587543481218 
-0.4787672700473844 
-0.04369847978179221 
0.1194120788785562 
-0.06818969842327614 
0 
0.0558430700765327 
-0.003771433882709793 
-0.07268712747948822 
0 
0 
0.148137861245726 
0 
-0.2198747564185413 
0.220660629865526 
0.1340355496598986 
0 
-0.1245174054345168 
0.1231319027036827 
-0.02147666095414123 
-0.003669153079683735 
-0.05761905010326607 
0 
-0.3205236798157201 
0 
-0.06094326763233415 
-0.09925149475999234 
0.04629650595532133 
0 
-0.05945646492427965 
0 
-0.07033665154671326 
0.7157580495845369 
0.05872217099884229 
0 
0 
-0.1634320181345931 
0.09800995531687776 
-0.3527693546256395 
-0.123593487072577 
-0.04645526984144507 
0.03732042547064624 
0 
-0.08192185364243049 
0 
0 
0 
0.1642506476313927 
0 
0 
-0.0002182158172929919 
-0.2043222667344547 
0.1319410738370083 
-0.003066231731985268 
0 
-0.02615118321121691 
0.009710210083739165 
-0.002129260340692769 
-0.007276979375589488 
-0.1495052099025423 
-0.2760823946566497 
-0.01581472026040954 
0 
-0.4743487948009932 
0 
0.1730156449701403 
-0.8323892722859303 
-0.01472905353155655 
0 
0 
-0.4951903183058189 
-0.01185361242173773 
-0.2819298414573945 
0.02909379267609531 
0.1639909506112182 
0 
0.1521688274221882 
0.0007858413258922583 
-0.003951861597465581 
-0.02330019342503244 
-0.06169709988788006 
0 
1.163147341120771 
0.1873943747682401 
0.00744449128083818 
0 
0 
-0.8424663636951093 
0 
0 
0 
0.1896875121109258 
-0.08911956068715189 
-0.1292476523632969 
-0.7040180164944813 
-0.2476255201168405 
0.05091657616726423 
-0.1576586582805062 
0 
0.5529647306958683 
0 
0 
0.1911094210480031 
0 
0.07255880512987868 
-0.1269450167534468 
-0.006188733528765804 
0.1075917105271403 
0.02432702084284421 
0.07267790612595044 
0.02660324284280683 
0.02154004805570643 
0 
-0.02042258513927975 
0 
0 
0.07163977257924667 
0.01017753237308026 
-2.710505431213761e-20 
0.3156305366947548 
0 
0 
0 
0.2735368324735385 
0 
0.3807390058810294 
-0.0228577544396583 
-0.5184869677757776 
0.01099035602846094 
0 
0.4538385347482731 
0.1716697133266469 
-0.008679193656860269 
0.2625212075161057 
-0.04575195726393528 
-0.08293539073929151 
0 
-0.01841469167173319 
0.007247229566979521 
-0.005915053240328884 
-0.5522447336148537 
-0.05396645967188348 
0.09048288020670717 
0 
0 
0 
0 
0 
0.04483171181732671 
-0.3030938523965475 
-0.2855104693940127 
0.004935525429742635 
0.0673834652702486 
0 
0 
-0.007412573043759958 
0.1478572368182984 
-0.4694117138156344 
0 
0 
-0.01182952701847454 
-0.004984167001633426 
-0.03309590302651551 
-0.5050023722503861 
-0.05466120324458601 
0.02178849772248898 
0.4512135839592885 
0.3944387413618781 
0 
-0.2140460906099659 
-2.49366499671666e-18 
-0.4418546831395572 
0 
0 
-0.3477787479712547 
0 
0.2489449771563274 
0 
1.445272264649826 
0.2227495639489123 
-0.1209757231006443 
0.3417042962428182 
0.3051813422693799 
-0.1016038497558783 
0 
-0.184272815145874 
0 
0.1283128980006446 
-0.007216294905069309 
-0.05938902624209225 
-0.2515749452371294 
0 
-0.07631120929154134 
-2.710505431213761e-19 
0.4793209091103428 
0.0648643276441164 
0 
0.2379777078686092 
0.4134918275067473 
0 
-0.1908458354574621 
-0.1335345564091781 
-0.01125193880863241 
0.02976998516238278 
0 
0.06142910166551217 
0.1020766301979047 
-0.07857727586289565 
-0.2402322065585775 
0 
0.1683891324133603 
0 
0.5268884544077006 
0.5996747840762247 
0 
0.02276798336923551 
0 
0 
-0.04794009413293813 
-0.05583417833194312 
1.084202172485504e-19 
0.2709838344237216 
0.2078589765248302 
-0.1018832053139837 
0 
-0.04070499787091753 
0 
-0.1328405826063474 
-0.03752887149575918 
-0.01478080188253369 
0.03156561892851173 
-0.05900868974076928 
0.009123075503559199 
-0.003015434336723307 
-0.004036413051569323 
0.1867130551501421 
0.2940354548829049 
0.2289347749900968 
0.07650636292109872 
0 
0 
0 
0.2575439603373063 
0 
0 
0 
0.03777377663301743 
0.2780305369976784 
0 
0 
0 
0.1687821206166407 
0.2106962058822967 
0.2289303330502442 
0 
0 
-0.1547483140767006 
0.02494629275373537 
0.1138797913900014 
0 
-1.734723475976807e-18 
0 
0 
0.1279983753684019 
-0.09748694384411026 
-0.07347965560395016 
0.406535161487782 
-0.1158226614922647 
0 
0 
0 
0.04115744814921186 
-0.1746403131012545 
0 
0 
0.02539943478080969 
-0.1275533659848043 
-0.1916427190391862 
-0.1209178603680818 
-0.276675412845355 
0 
0 
0.07841438184918789 
0.3148004623237323 
0 
-0.3356727915304762 
0.0588263560714603 
-0.2123997794045132 
0 
-0.004347864963079025 
0.05720921490530794 
0 
0 
0 
0 
0.0492714034682421 
-0.2949806499498506 
0 
-0.01841142958441817 
-0.03465306163712949 
0 
-0.1799310517599569 
-0.008995487806035081 
0 
0.1888041115680882 
-0.04240566778841031 
0.8905797826293868 
-0.1062408941806096 
0 
-0.03982260747289415 
-0.2413968708346782 
0 
0 
-0.1087806217111197 
0.1291908894473501 
-0.04238477387009621 
0.5254158598610986 
-0.228322419830105 
0.388980648774475 
-0.0883282314646256 
-0.006533380401529584 
4.336808689942018e-19 
0.009445370015823743 
0.1367514237573338 
-0.01984125603980643 
0 
0 
-0.2428647769748828 
0 
-0.2469834487012568 
0 
-0.1862160264892535 
0 
0.06969789773791527 
0.0124174971377901 
0.003625604594385053 
0 
0.08451210310835874 
0.0519864638388515 
-0.4061938527016699 
1.084202172485504e-19 
0.09247603767093686 
0.2551728298842688 
-0.0220539382422396 
-0.002733453432279561 
-0.1551042563267885 
-0.1521176225612538 
0 
-0.1461335270027565 
-0.04415330602240781 
-0.06670311719882173 
0 
0.006093459669777811 
-0.03777756199382285 
0 
-0.04618324606741873 
0.2260563629173309 
-0.07797314141226863 
-0.01125813899579367 
-0.003593725146082996 
-0.06221481558880029 
0.03970485373464956 
0.1135658204323731 
-0.2612727508547251 
0 
0 
-0.06456251573522764 
0 
0 
0 
0.002654255178810227 
-0.1967596399711941 
0 
0.7082743042077999 
0 
0.1162444103254598 
-0.003235722650407171 
-0.5606690136190522 
0 
-0.009514319378691957 
0.2080884304390392 
-0.1760529499311861 
0 
0.8338563814436957 
0 
0.1215191031964576 
0.006296811840714492 
-0.3464687740569209 
-0.09525246083313957 
-0.4524114611239387 
0.4096874597277239 
0.01796540090530253 
2.168404344971009e-19 
-0.1528940206736386 
0.03092174230178441 
0.2424182215315294 
0.04749785028373515 
-0.05370372934286752 
-0.58431082762687 
0 
-8.790978485167351e-06 
0.02593599326348737 
-0.1969932306193352 
-0.1893053149401288 
0.1045104479458911 
-0.09459649947268606 
0.8994661002620846 
-3.469446951953614e-18 
0 
-0.005466355518323061 
0 
0.2054462247068563 
-0.3125906180110004 
-1.140956998109764 
-0.1599220035652391 
-0.01193667475132466 
0.4285502573162613 
0 
0.2651717376617894 
0 
-0.01966590202253793 
0 
-0.6183940942806456 
0.2631082712892959 
-0.008554823844919389 
-0.02039622015886985 
-0.09881834129565177 
0 
-0.5214393676767557 
-0.1665028970735118 
0 
-0.006834431934873116 
0.06008235411102297 
0.3680763228733835 
0 
0 
-0.08430570328026721 
0.0173592009400872 
0.1311497714816611 
0 
-0.6209779179472386 
0 
-0.2946052189198257 
0.0602377997406056 
-0.206093574430973 
-0.8785064023633795 
0 
0.6921680223930132 
0.1592230554204307 
0 
0 
0 
0.01699208501895931 
-0.01114204214682769 
-0.5078625607392465 
-0.02424355964260139 
0.2294690240101312 
-0.003557518217906863 
0.00668430884736885 
0.2728416682878035 
-0.2440434903609227 
0 
-0.103748121432475 
-0.2238945729943079 
-0.06667754282074423 
-0.0362407781516648 
-0.607616429881696 
-0.028880779624905 
0.01134856775877019 
0.2646367294464912 
-0.05626414194948237 
-0.1540008747421574 
0 
-0.01641340726944522 
0 
0.08781311166724365 
0.01831080908034714 
0 
0.003977407022860615 
0 
-0.7110699951352802 
-0.3823135055717218 
0 
0 
-0.3750159416709355 
0 
0.1209975797953291 
-0.1838983877927199 
0.007346368211954316 
0 
1.219727444046192e-19 
-0.0205082481760795 
0 
0 
-0.1181642242662856 
0 
0 
-0.4424333814489742 
0 
0 
0.1721432376843132 
-0.06106262853783446 
0 
-0.5651293314261032 
0.04162415292661023 
0.03367959959295545 
-0.03120805789309406 
-0.03505136617511914 
0.06647010256256164 
-0.01126515618122706 
-0.01711267457325039 
0 
-1.626303258728257e-19 
0.03026485076777479 
0 
0 
-0.146863747679639 
0.55368542339575 
0 
0 
-0.1006520368953885 
-0.5058276758402264 
-0.1943334088514778 
0.3888616191597398 
-0.02892442216512449 
0 
0.009509579165150309 
-0.1751627126155428 
0.1303017314850961 
0.07432805364538256 
0 
0 
0 
0.05285232626388971 
0.2810515972803951 
0.0235022918464418 
0.00915132936426835 
-0.1388078382564594 
0 
0 
-0.0345922589739843 
-0.03628596894003203 
0.12987616232517 
0 
0 
-0.4078348535094508 
0 
-0.0005609773329618229 
0 
-0.1455139325453253 
-0.07053994419382886 
0.1998945042899542 
0 
0.2186036802842576 
0 
0.3147564412243017 
0.2264352048771197 
-0.01688485687093777 
-0.01011254280303341 
0.4388785579490215 
0.1292201991869761 
0.1812016607522007 
0.09705402621655489 
-0.1399193775759248 
0 
0.02042115471549056 
-0.002094953554095634 
0 
0 
-0.3771566522000155 
0 
-0.783511004824037 
-0.108242813669991 
0.01900997919249097 
-0.05637774425915976 
0 
0.0114986337006461 
0.01353665413626651 
0 
0.1156055690217563 
0.2081462638666129 
0.002235452004562929 
0.2113724440894683 
-0.5753282905021654 
0 
-0.5829688805108649 
1.371611236791614 
0 
0 
0.02581890435153129 
0 
-0.08238969141016067 
0.04180870186922329 
-0.2128538285401627 
-0.3880688131413704 
0 
0 
0.0415613436180404 
-0.03093479703253031 
-0.2581811420014862 
-0.05064738032870048 
0.2523199493234812 
0 
0 
-0.0005718264084023842 
-0.0004051797644089373 
-0.54354325899821 
0 
0.02016207113597563 
0 
0.01622671423266896 
0 
0.4356350064433631 
-0.5332268373394456 
0.03358881635891309 
0 
-0.002810130699026401 
0 
-0.06276040313645879 
-0.01382209641405823 
-0.8015067030403178 
-0.681309519531177 
-0.4093109236815283 
-0.2357005720471064 
-0.02114830351703789 
0 
0.00158016512018486 
1.018917672655837 
0.3380590275850401 
-0.008554187819138814 
0.02219209345485861 
-0.1118835163616506 
-0.004156970590141434 
0.04652379152440055 
0.006082551517284264 
0.1426744500672139 
-0.2991360124418873 
-0.0703903951531966 
-0.01993110600908629 
0.1310419593736996 
-0.296229893509451 
0 
0 
-0.09420261114437338 
0 
0.06756020500506099 
-0.07730373179709175 
-0.1387401717659199 
0.00329365084320728 
-0.3434036965556951 
-0.167793511547825 
0 
0 
-0.004619916628247854 
0.3263224370768351 
-0.02741863282433093 
0.1898668922956843 
0 
0 
0.0517109059049873 
-0.1055277758966106 
0.01088720813525487 
0 
0 
-0.7969356390393503 
-0.1482912362941183 
