solver_type L2R_L2LOSS_SVC_DUAL
nr_class 2
label 1 -1
nr_feature 5000
bias -1
w
-0.353916493417476 
-0.005350277893375471 
0.4050466064211485 
-0.5814230985739368 
-0.9752978059021674 
-0.07733570826492439 
-0.8322404431494267 
0 
-0.7667467093646949 
-0.4372364547653261 
-0.4188207645785301 
0.2485069186963429 
-0.132048746518986 
0.06724231943568235 
-0.1755466292312239 
-0.4298371894449106 
-0.3617066483956564 
1.246422260586446 
0 
0.1224695233088326 
0.5615117900642768 
0.2767738171219035 
-0.1427026803982964 
0.02176399967217996 
0.3226994218245504 
-0.05079476523605354 
-1.056154235161016 
-0.8005652356487539 
-0.009722111602346331 
0.04621573275343074 
0.3119635532647089 
-0.06536081321142252 
0.5430018170136703 
0.3074742978743405 
0.001464737243875231 
0.3022634820116035 
0.1255500955724869 
0.2788787177201001 
-0.2833112965587663 
0.3189746084260924 
0 
0.2680930776211375 
-0.1946211049619759 
-0.01744998784631104 
-1.099481533224932 
0.1980393419317041 
0.06248062625507478 
-0.1201309321701143 
-0.06906478454418002 
0.4922531996477642 
-0.5258934057376685 
-0.001187447789031446 
-0.0987276084934901 
0.2922138195610364 
-0.09939134155774887 
-0.07534707290798838 
-0.660483754614218 
0.1730515627887551 
0.3017727713548534 
0.6186239711353082 
-0.02826408173138414 
-0.007387516985187923 
0.4677738040465229 
0.01898650140613346 
-1.008895125771635 
-0.5691913181000046 
0.09353353194329687 
0.04544406544720766 
-0.009286248378606095 
-0.578769324440194 
-0.1145701718719186 
-0.9163973267068998 
0.1037311307222011 
0.1683697281518627 
0.4539689222513011 
-0.01372975799176789 
-2.041118065654468 
-0.2781517836256794 
0.1909637923586958 
-0.01616981167161049 
-0.4561748220525336 
-0.1793088084708133 
0.07616624634162408 
0.2904841954564861 
-0.2044601808730619 
-0.2379624021716218 
-0.4553771545393842 
0.06305844254951883 
-0.6378299460530246 
0.397148590325219 
0.087005670430882 
-0.4453529810016953 
0.0516321191897634 
-2.031178920750854 
-0.1556082695189295 
-0.04335246263414257 
-0.1244745267518131 
-0.2254160273082615 
-0.01125505924499113 
-0.2905293534888658 
0.01298566138854008 
-0.1216921320577882 
-0.07064270589673027 
-0.03837442801076175 
-0.3273983117136011 
-0.6477807641238629 
-0.01801350214336087 
0.07234351143687492 
-0.03826443135065843 
0.1940838096091219 
-0.447598155689076 
-0.7328793714971231 
0.2132948344128453 
-0.01297336492098952 
-0.4597626354384785 
-0.03317205658360155 
1.116903974388626 
0.01348475992260079 
0.1854458594430015 
0.5369956115241722 
-0.3711302793585673 
-0.2385412770153962 
-0.06119832417694249 
0.04327816539688748 
-0.9189595628134981 
0.04671129019130323 
-0.008507542232173513 
0.2225188707150134 
0 
-0.006882970413259516 
0.05109986711574832 
-0.02413105998361256 
-0.2255545319981073 
0.13245001214734 
-0.06266894969438856 
-0.6088506802311257 
-0.2659183167108297 
0.05812072541801527 
-0.05614844129696594 
-0.9491086602830746 
0.0474811549674384 
0.2026113704770981 
-0.5974052568311189 
-0.1183329586615937 
0.131470458180598 
-0.1931776625560759 
-0.1685068532516978 
-0.04061756357261009 
-0.8575399579691197 
-0.6263657519330961 
0.02081322483620305 
0.05713777652429774 
-0.8436094803077192 
0.0135965950733479 
-0.001512247953093828 
-0.8150701393724482 
0.0001268854371576991 
0.2140825620455117 
0.3153177509867552 
0 
-0.1690025514063276 
0.04497476917558559 
-0.3335872505847221 
-0.3468422580189666 
0.003789244377128475 
-0.03030783948788466 
0.2241128286963397 
0 
0.02431980302956202 
0.02931091546278889 
0.2415561718540085 
-0.372764730853862 
0.1763089203013385 
0.4753522880918379 
0.05965665402418967 
-1.328396976969571 
1.024024347582647 
0.6905952234546079 
2.402139430024092 
-2.069290349873207 
-0.5657473733713736 
0.1815678984157559 
-0.2001062483751461 
-0.05633436972047311 
-0.1633699745139668 
0.04719472514377676 
-0.04943832009325794 
0.4261480857421358 
-0.3843942289139161 
0.09701338063604842 
0.296715743806223 
0.18642366723067 
-0.04893173303362941 
0.07516899504755159 
-0.04202872922234472 
-0.129514246347878 
-0.4315709660374259 
0.592104482561834 
-0.6063573983492888 
-0.2181606410839236 
-0.4032090844307857 
-2.155181614217232 
0 
0.008714290815200081 
0.2090052229871902 
-0.1302509473981351 
-0.008343728774147057 
-0.6858937057142391 
-0.2529240600072682 
0.3223513062258783 
-0.1431912760859658 
-0.2145415356772414 
0.09379527147021788 
-0.1155206216972438 
0.2177153775608306 
0.005329822334364645 
0.2672248314404508 
-0.3362368878722869 
-0.007526224945986856 
0.2219208201093595 
-0.1735343795883226 
-0.1417731716816607 
-0.03240577391016043 
0 
0 
-0.2034671576341335 
0.3731030731751983 
-0.0005207155375789863 
0.02822407281275572 
0.07837164855487094 
0.03226085082491997 
-0.0135914460091024 
0.1750962350296329 
0.0567046063766565 
-0.9356723030348562 
-0.1741712187877945 
0.2513437099235074 
0.3231313540307724 
-0.05024675440869567 
-0.06020471753181658 
0.02588407943059485 
-0.0289142094313398 
0.04657052736350152 
0.7787648422619775 
0.07929811579628918 
-0.01892338713918755 
0.1956722539318935 
-0.01203936820877844 
0.4445357309160918 
-0.2439534906504589 
0.2454224425267234 
-0.02154972020578705 
0.2758933911108027 
-1.773867009734406 
0.04850759740751535 
1.220646881374357 
0.003173887458526833 
0.02732891864307577 
0.03312974912876138 
-0.1907534517187864 
0.1221278181385823 
-0.5151371202497985 
-0.3193066190900761 
0.1462471713236173 
0.05165482092215971 
-0.3382653925475173 
0.1433015862057175 
0.5545896862251388 
0.150775027920818 
-0.6251956687755056 
-0.2445640837532882 
0.0147372648185406 
0.04855658789870284 
0 
0.008047698606999037 
-0.5305301585535689 
-0.02831953813037272 
-0.09022413987879435 
-0.04563335912567773 
-0.550149012927733 
-0.07970151075396302 
0 
-0.934478861369763 
0.8102622984104887 
-0.6845638675686779 
1.244855532645067 
0.03455010484572771 
0.1139129615434454 
-0.6579109338603157 
-0.08490355571830042 
-1.266311753434193 
-0.3085434160048067 
0.2435514182220614 
-0.02933618216652561 
0.02599241156940034 
-0.1233352157358988 
0.1000054908292145 
0 
-0.04620846056938111 
0.3870054175983464 
0 
-0.2342434234764325 
-0.3845963400085259 
0.2762494886610165 
0.1801995202393391 
0.8950327944333804 
-0.6699257899760953 
-0.9591315388270288 
-0.09209766389164455 
-0.1110117518125471 
0 
0.1681375194789138 
0.05158377299108478 
-1.991653423658692 
0.01949776372184536 
-0.2468396297555764 
-0.8788474731456762 
-1.723295926041349 
1.370924131606749 
-0.4581641784841587 
0.3342066430130211 
-0.267038539572574 
0.1843805291779529 
0.2060784606571477 
0.00996906292817773 
0.6687760387421644 
0.03267236659072933 
0.2982513791230818 
0.008965456395576051 
0.07208244018235044 
-0.5453319766235365 
0.002280532727052212 
-0.2295144302053743 
0.1764727745219498 
-0.07038196187810493 
0.0373489169579953 
0.1528283798916436 
0.07227040826630923 
-0.2164144812008424 
1.400041784260821 
0.006683479186916742 
-1.122137647346537 
-0.250894592468818 
-0.01764915120454892 
0.2226002202437067 
-0.3804835746215021 
-1.03425244116052 
0.1969279948168644 
-0.1481433612320737 
0.2805073163113951 
-0.1500345036162666 
0.1179306316552098 
-0.06229042224393104 
-0.1923976197917362 
0.02189164542269117 
-0.002082573238391955 
-0.163142136285665 
-0.532190396167449 
0.1047436869263147 
0.1718641609201823 
-0.4920717431798251 
-1.61442128225903 
-0.02196944400685397 
1.884065037230622 
0.1770156462851845 
-0.0351447626954312 
-0.02169794493128016 
-0.08142364268346348 
0.02867140773759744 
-0.2466475863816731 
-0.1137702591257081 
-0.002331343957259941 
0.1214460279881905 
0.05344112735587399 
-2.461735754389008 
-0.3127690024688771 
-0.1110143605657241 
0.01641665244783017 
0.06292612104442659 
-0.09180303124007967 
-0.8632222371024624 
0.02875198886687103 
0.1648386162990341 
-0.003081896087732595 
0.8061409653766554 
0.03147101543880219 
-0.2286462809868757 
2.000163398622475 
-0.1593737646809586 
-2.065091622302452 
-0.2893455018142584 
0 
-0.01576340429803813 
0.2831362451722718 
1.027174884178218 
0.1211537527055957 
0.5961896171772585 
-0.3011183769253179 
-0.01174992916590066 
-0.008117432615404615 
-0.2768230193604192 
0.5685605777400318 
0.1558833822580395 
-0.6595105562579043 
-0.2582691593804033 
-0.8603028239143087 
-0.4973501014181649 
0.06016068973002985 
0.6356067232411009 
-0.002004096366048579 
0.1218444379684965 
-1.122626158182489 
0.4056904404573858 
0.1827271853136288 
-1.296613598526147 
0.4630113881498073 
-0.1616058877375912 
0.03331131225146666 
0.05539378649275099 
0.3039497485227191 
0.4670470606279604 
0.1478716148450205 
0.1012727914000251 
0.002604956721618472 
0.429194630594684 
-0.4455818084472513 
0.0491853007792592 
-0.0786688999592043 
-0.3544393241392128 
0.1328962329690003 
0.03544001935055782 
-1.129089821791198 
-0.7883024818189438 
0.5549879302026292 
0.1110182660698832 
0.4227903124962214 
0.03994717877984243 
0.04511810080820463 
0.07407767709152618 
0.08607645330027985 
-0.7715014686348551 
0.01154927417477193 
-1.081472713650449 
-0.1042041958819714 
0.00960471573714743 
0.6852791672519155 
0.1736315917897612 
0.1363250533860796 
0.2249415405239544 
0 
-0.6181933080140769 
0 
0.006741945365798234 
0.1428155690996441 
1.175760240600939 
-0.03689087304512789 
0.685299579532163 
0.7784716157970281 
-0.5576670045555653 
0.3620177603731232 
0.6883959725718402 
-0.02046784259768196 
-0.02216695201819398 
0.6754529600293776 
0.4192541642309083 
-1.077170177530643 
0.02730763639962161 
-0.2362283251292631 
0.6228097584139271 
-0.7594464297898352 
-0.4202007597697437 
0 
0.05888948927577353 
-0.01656702476127014 
-0.1127430038900222 
-0.008795408252389494 
-0.07325999426146354 
-0.1282506385051261 
0.4727805483749231 
0.008332348416620639 
-0.01207357457895348 
0.1921782822946854 
0.2611421035935501 
-0.07831982101396361 
-0.06667391303227449 
0.3494463674118433 
1.884294753766967 
0.04028797637918137 
0.004929654461772091 
0.1224229224277164 
0.3600965825597799 
-0.4701440023139939 
-0.04201699224770426 
0.03396426977660491 
0.02958498844612208 
-0.01900486351001179 
-0.04998641551907428 
-0.256206528672315 
0.2802032481390624 
0.3113783720968547 
-0.01525630370607282 
0.05309147262277071 
-0.3012784033185358 
0.1287380145720608 
-0.03176283606537885 
-0.5276787872281457 
0.0911754748920085 
1.079519327328308 
-0.02164225136030133 
0.0265334885650262 
0.1488165418039194 
0.05185186473849171 
0 
-0.2026003033058951 
0.1699484245366631 
0.1407215668979788 
-1.563283672309722 
0.09778040210372616 
0.2312511571181277 
0.06035303086246871 
-0.1871274078326078 
-0.05413138650661949 
-0.3614774498052179 
0.9164882086065076 
-0.270644721376529 
0.1260911838441479 
-0.09539656596905118 
-0.08146909618760276 
-0.1604412519272722 
0.09198203274908205 
0.0239911055696666 
0.007703910247222052 
0.1230838740185588 
-0.5172550373582379 
-0.1798594096561103 
0.1147590441096273 
0.1095751037773648 
-0.1783661144350117 
-0.201044149144677 
0.09042761815122172 
-0.3761092784358264 
0.7931788502465397 
-0.7692922777006704 
0.01341019501738471 
-0.3945267170944389 
0.09175375457921933 
0.01495630545385566 
0.03257623403514732 
0.5411901448232475 
0.00900272031319041 
0.09230606081161029 
0.6207588384749845 
-0.08616370563061838 
-0.0105707834637377 
-0.1158944601602019 
0.01878040046452521 
0.02922367101010169 
0.0232455157324262 
0.03645012321057416 
0.1712786800733511 
-0.009808318908611389 
0.1067971986152623 
0.2905135094986692 
0.1243316613067491 
-0.6740084802886467 
-0.09851090842909255 
-0.2768195902583264 
-0.257660298060646 
0.01752737869427308 
-0.002752773828143954 
0 
1.297916532737414 
-0.003439189611468083 
-0.6799825301721774 
0 
0 
0.438611161671799 
0.06492315808077997 
0.05304105899979018 
0.002809223591690372 
0.3803257935196664 
0.3100212576398703 
0.4639984139302262 
0.06996677545184345 
0.04947852852620188 
0.5143390044120998 
0.3696330628465631 
-0.3145018409360347 
-0.1067504232559346 
-0.05243835308686948 
-0.330440934358219 
0 
0.04287173513500826 
0.001470830484838637 
0.416975800126909 
0.441245137697954 
-0.01266058539610894 
0.1217753493770304 
-0.08938572974065837 
-0.2712261573735749 
-0.1358420039462252 
-0.3743207807808149 
-0.2669300970806289 
0.06841922867474851 
0.0348781162684297 
0.05681904468098924 
0.07908901746599231 
-0.2568303638753936 
0.6776787827940778 
0.189212046320766 
-0.002374671715452647 
0.1043941104405398 
-1.290911147384362 
0.1133052454362663 
0.00560754854775038 
-0.07266763390636531 
-0.9968342471017011 
0.09723145833362248 
0.258114577435874 
-0.0277729717789622 
-0.2571517152978741 
0 
0.091344398342005 
-0.2894055541158859 
0.1121678296358895 
0.01111593528563017 
0.01618538846262194 
-0.02365491522419323 
0.06678756853482055 
-0.05354203951365429 
0.4980592101904756 
0.1714722700066931 
0.721491436828505 
0 
0.4136583255958296 
0.02946322800279886 
0.03747525307124785 
0.03469673048757076 
0.1573306793765173 
0.2331092982183293 
0.4387116032107289 
0.7910920382409284 
0 
0.434796244213825 
0.007486395969221123 
-0.03070847813995088 
0.0881489453284881 
0.2191146064647152 
0.01284387226397101 
0 
0.3104315605588238 
0.2364940285292008 
0.08833402802747606 
0.05299563940082519 
0.003066655153644187 
-0.02024460523308097 
0 
0.3552016239064339 
-0.09806031480723199 
-0.197967180392535 
0.1948630898044701 
-1.278137850117436 
-0.4160900561521659 
-0.07943777398614764 
0.01170992512320438 
-0.00374672285657806 
-0.6139966502613947 
0 
0.5859247853605254 
0 
0.09569485150619411 
-0.07898924777889593 
0.321159850278915 
0.2309874488331603 
0.1558164323098469 
0.1264000947368074 
0.01681750271464063 
0.09864021859088219 
-0.01254708292843692 
0.2598811732564837 
0.2327115283627937 
0.2472056863174658 
-0.07280409316899737 
-0.08809577439316139 
-0.4089623746913577 
1.390965502215552 
0.1596931461684012 
0.01837597230926507 
-0.5159856302386328 
0.05321339198277621 
-0.02461932432254031 
0.01538727609414339 
-0.4325576483372281 
0 
1.747833397627893 
0 
0.129912134479853 
-0.04417115168917751 
-0.004300382061542705 
0.02589567402106446 
0.0729513779193896 
0.005848096198408981 
-0.1786127365958752 
0.1352950144219184 
0.0276180140308521 
0.6056549656250043 
0.0006710705460867541 
0.05200415951411027 
-0.004798023528227642 
0.1828732119110069 
-0.02727875756116869 
0.2055606318940345 
-0.6514799039165834 
0.945802848275947 
0.0934479695315692 
0.1371988920289959 
0.1548636728300141 
0.2230629852268198 
0.2413936353042146 
-0.7818943481981228 
0.1071149032282238 
0.03288882641013001 
-0.09415179007273101 
-0.02984975698372606 
-0.01990551039402065 
-0.02327402985507443 
0.2457746285567252 
-0.1553053980397673 
-0.395137674068678 
0.05382686852921258 
-1.303147315211188 
-0.3274428368333937 
0.02473614689641532 
0.1095154072375412 
-0.1847059782287674 
-0.142421677024282 
-1.002377171254404 
0 
0.2855635953565412 
0.2393081577704062 
0.01616066390052705 
0.2622494926008953 
-0.01886104039715705 
0.2483985115447925 
-0.1097025036482126 
-0.06370484942693894 
0 
-0.1479084563763307 
-0.01550451666108727 
-0.02342682747714137 
0 
-0.143079606779347 
-0.546274722549826 
-1.11891128963631 
0.2839565083562339 
-0.8451731668401004 
0.1714522948458814 
0.0566721747206398 
0.06198019573941296 
0.02796491180107951 
0.3388481975952235 
0.6415325000768212 
0.6545275596819004 
-0.3593998961868229 
-0.05459186422177152 
-0.3586448824520363 
0.2338974925348387 
-0.01714721315876904 
0.09019305185665305 
0.362918393558941 
0.1545731140191474 
0.2683173309994107 
-0.1080305942146902 
-0.03878313355314977 
0.0312811744715566 
0.1542281954190573 
-0.131525770685451 
0 
-0.06266490514582754 
0.6323662276254919 
-0.004046543575170522 
0.3239950791119976 
0.002729087051061677 
-0.0006453244633478628 
-0.05047934050097416 
0.3981505805081332 
0.3873946461975195 
-0.008383147983663053 
0 
0.03985118164838897 
-0.01014989233839943 
-0.05398763192938273 
1.041956501902312 
-0.04684658576583211 
0.04822442507014463 
0.4150067858436198 
0 
-0.02304347615616779 
0 
0.5601822858163116 
0.02690618273890057 
0.01429842481398188 
0 
0.1392382992226653 
0.848036629632305 
-0.009037060957446828 
0.1968824076682334 
0.2442405033056798 
-0.007526647048628286 
0.0169818458860971 
0.1265489510634856 
-1.302972031679293 
0.7861004617167092 
0 
0.04249022391764844 
0.7575739548372523 
0.1544483226665554 
0.005207508576385326 
0.2468186753552396 
0.123560618749663 
1.319465011550917 
0.9600482547218865 
0.03174020721111782 
0.000827826442982689 
-0.3246867620548864 
-0.6265564914885871 
0 
-0.05218280388554941 
-0.01278603180530065 
0 
0.01985586605671643 
-0.102901101512566 
0.02626391597205897 
0.05871134373431442 
-0.003633842174001391 
-0.05233186202688882 
0 
0.01301488188681649 
0.5078324756698379 
1.960630894412489 
0.8366105796506011 
-0.06596765790899246 
-0.1359805569984135 
0.009926156176272986 
0.09395612302047759 
0.05289482929678278 
-0.4094458099166897 
0.02045679251865668 
0.09789078869171812 
0.1640220782542302 
0.03272440438908783 
-0.005678206295270233 
-0.2161576411575766 
0.4838883998993994 
-0.3408834197799479 
0.1320014595640362 
-0.003965599091058187 
0.1209331078006091 
-0.02045154952165509 
-0.3944243860212737 
0.2942873096158364 
0.1336695292890123 
0.03537169495351118 
0.1177460092913689 
-0.03930706139515637 
0 
0.1237664903046248 
-0.0579975157480933 
-0.2035507148774363 
-0.07516060070114539 
0.01981248998432532 
0.5452964769234804 
-0.1530510134522777 
0.3571425252319489 
-0.09864025387683745 
0.1201480628503014 
-0.07741474888430969 
-0.4760073185602527 
-0.3243518398425599 
-0.2368334685191166 
-0.04316057033808652 
0.772486594337326 
0.1455200479598892 
-0.001518181403633009 
0.7291718225891877 
0.4486482055618963 
0.3503415114725507 
0.7657645457166208 
-0.5054731042520783 
-0.06101727944879818 
0.3682560618560176 
-0.08626448693697673 
-0.0767177639154826 
-0.06945833686754137 
0.4491976334718081 
-0.3057918899097923 
-0.1732347496482173 
-0.003385360877174233 
-0.09298467332731597 
0 
0.1769721175325405 
-0.1237695552959986 
0.5607863459936646 
-0.3325148431448932 
-0.1544261029884065 
0.01424602610426471 
-0.2901358339351606 
0.2721633456937724 
0.1022304830748651 
0 
0.002729639650069635 
0.1710674349107362 
-0.1558326667470291 
0.09135782426436159 
0.209161236134509 
-0.1990758615668459 
0.1625879534235 
-0.2083493071824891 
0.7803751554856428 
0.01349065351317858 
-0.01819174591808452 
-0.2859642699306542 
-0.005813371845608323 
0.5774376065744559 
-0.1319178830845629 
0.1307748654658881 
0.04508946396244236 
-0.01289767265412776 
0 
-0.2314406655854761 
0.01211540413378542 
0.009555519675209694 
0.3098305688783761 
0.06526557751695396 
0 
0.1283259013895215 
0.122316996644403 
-2.012945963223943 
0.8876061801278747 
0.1190691250230076 
0 
0.04829607755794103 
0.06730096201327074 
0.04143558219708203 
-0.1859960556143804 
0.03869033673181051 
0.2928890802294042 
0.1577794152557535 
0.1613782254151934 
0.4516729640280123 
0.2032417492327151 
0.3709933071585892 
0.06319410821831278 
0.105232531958945 
0.001486360328708162 
0.02072120243710152 
-0.06839171809880684 
0.09456085134793418 
0 
-0.2448931028696123 
-0.07910743982362005 
0.07809941868824571 
0.1421352960853169 
0.1883564510115601 
0 
0.009562758331659732 
0 
-0.08573200348365237 
0.1386138706188559 
-0.03444938809687163 
0 
0.1582819399052369 
-0.420001104346877 
0.00946425415112871 
0.06278932921645777 
0.03020699546838889 
0.2169876857755783 
-0.006201511813328193 
-0.1041219443105421 
0.1257409125398134 
-0.1601286219766475 
0.06108921749109771 
0.006579431642859358 
-0.03851205008565545 
-0.05687119050442934 
-0.2721184103814649 
0.1071250259019882 
-0.2517440689652777 
0.02580758190575204 
1.051968918874814 
-0.3223050997988005 
0.09218564190474102 
-0.3111665281670117 
-0.05766465480055902 
1.343260160086422 
-0.2518879134022831 
-0.200017636991556 
4.342542196646521e-05 
0.002560036226068461 
0.003127095717458745 
0.006797341604625922 
0.2527422242432129 
-0.04065105258095113 
0.3527857410578832 
5.7085094088251e-05 
-0.1601595338668725 
-0.7173248291833931 
0.4318226458772922 
0.03058281598394884 
-0.3346535717773447 
0.4963118803786244 
0.03181203678721725 
-0.06974502005148454 
0.04269510753297612 
0.07238965517643031 
0.002222817603192282 
-0.02856092340413314 
-0.002254976550464555 
0 
0.1241960435684987 
0.1105035355838149 
0.2186935622488312 
0.2572960133440222 
-1.480905159285928 
-0.04051946361147317 
-0.07200034458631932 
0.08861781361595321 
-0.03153477141858645 
-0.1371788355455422 
-0.002624075225459834 
-0.09714511539622619 
-0.08239337199949784 
6.648822115177351e-05 
-0.01416745355005695 
-0.03673550116149039 
-0.02243699131878767 
0.1395739298432767 
1.68396335029002 
0 
0.05185803498565345 
0.1124397585924329 
0.007915853229925579 
0.03659566671875246 
0.004328092632945994 
0.008009604126466018 
0.1505098086494834 
0.1300426144930654 
-0.004768329475521416 
0.6681417772355164 
-0.06521363376237121 
0 
-0.05205464325406583 
-0.5627071003150917 
-0.4629560552051828 
0.3001885932460372 
-0.1990651174990173 
0.271747224782564 
-0.3519157094451952 
-0.005358380259150905 
0.04847233480288327 
-0.001259735125069397 
0.07445361326396323 
0.2993724337371897 
0 
0.03478497624422179 
0.3501586142155947 
-0.8058251926410404 
-1.727501593807774 
-0.3808419232898843 
0.05239729866867941 
0.0446380602004782 
-0.08600353201732588 
-0.09043078677850314 
-0.01927206403749358 
-0.07986581892278416 
0.02819012467811041 
0.05165029789310645 
-0.2567906410994918 
0.3243220753003123 
-0.001284120002100005 
-0.1332145578287267 
0.2299217552800142 
0.4976940309453141 
-0.08809284185322815 
0.3535142806051733 
0.06769082456309464 
0 
0.9446947094473558 
-0.6236450522142357 
-0.1540496368243474 
0.4709360977510165 
1.902173113205649 
-0.1579120266651025 
-0.2980977550493675 
-0.3501536039852879 
0.3368625310333637 
0.144320942100387 
0.03674040266768403 
-0.04680598671055454 
-0.1371958567659839 
0.2396026950743715 
-0.05248402910157925 
0.07849898559852686 
-0.0339882622444669 
0 
0.1925797290578249 
0.04989370842514251 
-0.4474470144147055 
-0.07604501430432489 
0.01561149602087624 
0.2670756218786023 
-0.04672511213842398 
0.1338180584665013 
0.01103996388238685 
0.09689095935940056 
0.09910184612121149 
0 
0.003511817031544778 
-0.01753238602707375 
0.2536961045396312 
-0.0424490007667811 
-0.4498195808941368 
-0.1418690382348271 
0.1691399596141245 
-0.002675183710284786 
0.06484760320524653 
0 
0.01938961530422319 
0.01830573206638918 
-0.01854338152901452 
-0.06085950881643085 
0.01091162240553714 
-0.2114431065043376 
-0.04758057935948187 
0 
0 
0.001644160782819615 
0.04343498811056959 
0.05300995332416671 
-0.01662920621975277 
-0.2732223239326282 
0.05737242325832426 
0.1501652165363845 
-0.3244942278820444 
-0.2512153048677762 
0 
-0.115822188387085 
0.02657699095712212 
-1.374577713750358 
0.001523357812901859 
0.009053541389344263 
0.005700955972234142 
0.2901057146424819 
0.3681422193856314 
0.01146544897172603 
0.2092049190078396 
-0.4520223765505715 
0.01675781456708927 
0.01482278755243328 
-0.06055578780794033 
0.001504926367089831 
-0.08860091481993052 
0.04991657315171306 
0.1270050457659571 
0.0006769933292163268 
-0.3386263020409164 
0.001344744888127129 
0.05776497051409973 
0.01221763025706888 
-0.02588013102702672 
0.03814860729209656 
-0.0793258705041585 
0 
0.1330068073455002 
0 
0.09884251521895464 
0.002215606052213404 
-0.02580947838898959 
0.1386149823989648 
0 
0.003312028011173907 
0.2286961546351846 
-0.5628162309979707 
0.2622822061672174 
0.01181713512338102 
0.142098383721351 
0.01734798663615062 
0.3181637240250434 
-0.1202814379565464 
-0.1818829501455579 
0 
0.1791198663727304 
0.3467483158306673 
0.5009221809315058 
-1.160262136641028 
0.09676453710230312 
-0.1069498300049587 
0.009181921187477737 
0.144965102237047 
0.0007875100419147251 
-0.4397022132001097 
0.2260736462465315 
-0.01615188494423286 
-0.2703769452227304 
-0.1568522352303922 
0.2527880095452253 
-0.002462989224169309 
0.1039307609892418 
-0.0871177254336825 
0.004631048937399983 
0.2854306499620898 
0.009094669903785572 
-0.1118773816493349 
0.03360115905063971 
0.1434835594004905 
0 
0 
0.002110601213278198 
-0.5599486516755479 
-0.4693723101919139 
0.02527721498137829 
0.003884094261675939 
-0.05285097199475773 
0 
-0.5341099401167299 
-0.2439797662942065 
-0.2713358424807095 
0.3435626617316961 
0.07787737276448732 
0.02433898587294065 
0.5090012294903808 
-0.1169100779070627 
-0.3618145141354779 
-0.0006720484927943247 
0.004400569560360623 
0.3145810675843838 
-0.09371910265794166 
0.3031726284811098 
0.5005573965225728 
0.1995854733341102 
-0.03569750741648164 
0 
0.08678172050873673 
0.04493131043222457 
-0.1200675813971391 
0 
0 
0.01871540838387649 
0.3271790305450944 
0.005821013436234825 
0 
0.113221335738347 
0.3034392173108749 
0.000285095733559083 
-0.1784865531977835 
0 
-0.02407802914923273 
-0.01039137283128823 
-0.128276431176233 
0.03339502806757969 
0.2504989927273472 
0.2336044175474088 
0.5687863694828753 
0.291445840281528 
0.0001479401946728603 
0.007014584624822077 
-0.1641213687673169 
-0.04834573402935205 
0.06443290210868605 
0.2113207247396789 
0.1749723329813943 
-0.07082945707034848 
0.8367587899474078 
0.07987997118870079 
0.2802964582447066 
0 
-0.1478309865984269 
0.06791640933305802 
-0.5222968113696476 
0.1672358517967694 
-0.07611482102804659 
0.07110585265043169 
-0.000673552304670796 
0.5911018086668155 
-0.03882247769801152 
1.056292004576866 
0.005060954373369332 
-0.0352767232989909 
0.2199822503444572 
0 
0.0515389884991445 
0.006719109086313104 
0.2948908189065518 
0.01179021478860152 
0.08143672841862057 
-0.08448393752823465 
-0.3960409913762529 
0.05030395075806139 
0.1381621053186679 
0.01005011688855439 
-0.9891381228310139 
0.1469853984637048 
-0.01512906526209378 
0.5413984475744759 
0.1556064792003016 
0 
-0.5515734159862308 
0.2424518610982906 
0.2743421808796211 
0.1016970241123052 
-0.008325405716178952 
0 
0.1292601900289833 
0 
-0.1431902697669486 
-0.007614731259222871 
0 
0.01202520596615321 
-0.2138512683263728 
0.04377138393681429 
-0.02421510074122026 
0.9441012701177295 
-0.6602503221828613 
0.01152912309040684 
0.04166976688746733 
-0.02492625815362975 
0 
0.08199730568943214 
0 
0.260000879773638 
0.1117459512515021 
0.2893551372562108 
0 
1.171405002247756 
-0.181741018654855 
0.1895644880315435 
-0.005528758715218471 
0 
0.004916549940905995 
0.1998556539494176 
0.03744921174780884 
-0.2151536019527024 
-0.001632167004688296 
-0.0385218035067628 
0.01404125091630762 
0.1134995630055715 
-0.003812874766720311 
0.04039389333872558 
-0.02627636610726966 
0.004805710783273021 
0.03333392546737926 
0.254268195117042 
-0.2317630323844909 
0.1130412216475682 
0.3567202685276969 
0.6196369379887952 
1.059753062880762 
-0.0863559107505989 
-0.1235538199714262 
0.03678310252653164 
-0.0134284386204021 
0.1722457166754745 
0.6777490498727566 
0.396720996514497 
0 
-0.06832126127953046 
-0.005410386810891621 
-0.00355713273435308 
-0.1208175127642607 
-0.01169890313540231 
0.04513724606313572 
0.006146237684076579 
-0.1954510705203216 
0.0590922451660551 
-0.1594721210807 
0.06606248062908592 
0 
0.01815016271473599 
-0.02619947064190843 
0.0005822026689870811 
-0.3307675932833685 
-0.04035661534073481 
0.05982886124876199 
-0.3615330185220753 
-0.1105084994520964 
-0.05151015535141319 
-0.1392312474630007 
-0.3606431646055167 
0.01782038226813168 
0.09552401473745217 
0.7126169876581847 
0.0254515059581477 
0.9709478559048442 
0.01011077511448958 
-0.0881556553701236 
-0.03510744647722787 
0.01147680890513328 
0.05240541067147043 
0.01029189559292978 
0.06244095014703829 
-0.00258048539377043 
-0.004973575293101024 
0.2762285327007722 
0.06970901235413711 
0 
-0.03219130548476629 
0.02054001766807949 
-0.04495795746193749 
0.06869120478513259 
0.460245150452293 
0.1760010482006218 
0.0936491962786154 
0.05544509150952821 
-0.05434215797927088 
-0.05959193084295547 
-0.05934004209193317 
0.1352035718018263 
-1.77321934367026 
-0.5044937365450232 
0.01216061803300299 
0 
0 
-0.04072084351761601 
-0.05641958021047418 
0 
-0.007399057030829777 
0.09492041082549489 
-0.01461981629384411 
0.006967106098235553 
0.02403885689251567 
0.1063451046059913 
-0.1023264718261706 
-0.1625605177878221 
-0.2999432449092715 
0 
-0.04642145371444421 
0.01305482430715726 
-0.03835449792486794 
0.303174236675777 
-0.2320342324979119 
0 
0.004598626721439212 
-0.102304372368611 
-0.0893554758479615 
0.1605849102016304 
-0.3669423564047485 
-0.1483799438861858 
-0.0144893357497757 
-0.08636997811015773 
-0.1461716296934305 
0.09172451121999538 
0.752687495876883 
0.2623785931649716 
-0.1505933253953342 
-0.0405418385592806 
-0.04205031100216832 
-0.0246918530545089 
0.03510323751154179 
0.4404142661809309 
0.2247163347992607 
0.1292485371352255 
0 
-0.237571216636265 
-0.01362231740772051 
0.03820932398968347 
0.005612588757570158 
-0.04004744529933021 
0.1482361291575916 
0.1120456661886897 
0.009535426448737597 
0.1788736624268796 
-0.4298811916474501 
0 
0 
-0.01255520108469483 
0.05821185315589832 
0.01643077318617782 
-0.01803399711780952 
0.1912067912530547 
0 
0.03865740386786146 
-0.0497544177513628 
-0.002419140625699903 
0.0005505414967165187 
-0.03642678088350258 
1.224948318711828 
-0.2152807122439636 
-0.04339560682834712 
-0.01771904084357758 
0.005572954959808044 
0.3103198370164466 
-0.3240381279108291 
0.05703519494163573 
0.1173863806226873 
0 
-0.02767726580676343 
-0.001004014116337942 
0 
0.0626201575781441 
0.01052740330703732 
0.003028503431976587 
0.9096400910391341 
-0.9349200820905575 
0.01236405735924744 
0.227451788760054 
0.0004007161407106252 
0 
0.1442562340412175 
0.1091723248398011 
-0.2580291250819483 
0.1052959594446326 
-0.03780054640150068 
0.3416784545338461 
-0.03984278198892227 
0.1641320935371222 
0.03056625787299662 
0.002906777269973363 
0.2496610455762732 
0 
0.1683807223598178 
-0.1315097005453173 
0.0760077453588056 
0.09448932922701928 
-0.03165532546800279 
0.2302925081445761 
0.06742267853985524 
-0.6878582080689039 
-0.07213926504185508 
-1.727174398034956 
-0.009588206491397661 
0 
-0.1065578821074202 
0.1278181800777651 
0.8724187094164122 
0.01653276196938986 
0.03882384804320692 
-0.1492194228629774 
0 
-0.5915088206401949 
-0.919968739669549 
0.5237209749236151 
0.1055135791889218 
0 
-0.05418622748891996 
0.01381262251282585 
0.8158807880385686 
-0.3143683883196808 
-0.1354061738172045 
0 
0.151914314972516 
-0.3846179641641611 
0.4226281402814238 
0.09421637666332205 
0 
0.01785325841061229 
0.03971425059378094 
-0.02761064989316889 
0.02534115004492269 
0 
0.02592904765537515 
0 
-0.2708482637312278 
0.04083679196584969 
0 
-0.05511816570060037 
-0.030931208298391 
0.04375168675007561 
0.709382275203624 
0 
-0.488379367482475 
-0.05603078137233667 
0.01639799216384908 
0.5328133058576959 
0.3735189917960027 
-0.02455190819315986 
-0.003573684804713308 
-0.2575772269716219 
0 
-0.3629410473029163 
-0.08293141915931841 
-0.1887235331572796 
0.07897995888649265 
-0.02430377434409679 
-0.0142282817747128 
0.1768475377921903 
0.1743949885975492 
0 
0.3479306100084707 
-0.2437276277075685 
-0.04768746299741339 
-0.02303177580174407 
-0.04449193528187904 
-0.06697647487331507 
0.4216365885312315 
-0.2318580848434923 
-0.1594942551443451 
0.2032345073145699 
-0.1318381424211715 
0.8696228173248193 
0.9268082558112123 
0.2448513605313637 
-0.2142853838423837 
0.2584659664139875 
0.03280225544503096 
0 
-0.003993672246761804 
0.3469980718841302 
0.1846367570844689 
0.03496053502389202 
-0.03510552472215263 
-0.2513413033284749 
6.124632436847048e-05 
0 
-0.007281106846541103 
0.2044436130257902 
0.2105099690551075 
-0.3186836834653692 
-0.004434681747137816 
0.3314564908722056 
-0.007483224088581466 
-0.08018693520486568 
-0.0502957363794331 
0.02511828297449138 
0.01283197553019131 
0 
-0.05742316151475691 
-0.2064995937371736 
0.08208871899731518 
-0.02550256128055688 
0.3036495779879827 
0.0003305452163360422 
-0.04038012464095798 
0 
0 
0.808988208029912 
-0.002961502859589342 
0.047315411545493 
0.1598798603783167 
-1.431013567567205 
0.01298400561735201 
0.02742590535067503 
0.03377147338704465 
0.01040465635619753 
-0.01482783154364997 
-0.478086029941549 
-0.09714676311287025 
0.08845117657535796 
0.1387842887137644 
-0.4479822444660778 
0.003251025489701256 
0 
0 
0.2590611309745756 
-0.5918203930672638 
-0.0774299771577146 
0.05449606695608915 
0.01376516056834636 
0.009053333249140314 
-0.1095254451021449 
-0.004770346843031008 
0.07315693307385129 
0.2325857384647353 
0.721347371486158 
0.08332675379374561 
0.1097318331001355 
0 
0.7426549091461031 
0.9608927628846571 
0 
0 
0 
0.07569308886995552 
-0.003100365250980282 
-0.03337233321165678 
0.1857137898726585 
-0.2809680635979853 
0.1506910938397196 
0.01714738834996441 
0.09928998936245717 
-0.3857212595189499 
0.374646953745295 
0.08803238047201545 
0.09461166818529175 
0.5375443456396296 
0.03324994151145509 
-0.369595649287391 
-0.2244951453600516 
-0.5982741098628681 
0.04213952366127329 
0.3791216294279079 
-0.1100434287662641 
0.1840612962166022 
0 
0.01001737957622402 
0.02515760052863767 
0 
-0.09514632278015665 
0.3967875730618456 
-0.1290193468684093 
0.1052536721735976 
0 
0 
0.01271503697346869 
-5.59946565229715e-05 
0.2540270220267051 
0 
-0.1491749680594933 
0 
0 
-0.006243394356450428 
0 
0 
-0.4832158382909119 
-0.03895894221904452 
-0.4116659386490855 
-0.004500769318653381 
0 
-0.2646728858181674 
-0.06049058904907783 
0 
0.1588502941641643 
0.1276675033124895 
0 
0 
-0.4385817931078997 
0.1213583287674029 
0.2179040638082361 
0.7708184376103199 
0.04247939434138808 
-0.003794561086438268 
0.04433712693829762 
0.05292784946099382 
-0.03112437666971073 
0.1228044243739337 
0.227903765795147 
0.01605821182914621 
0 
0.0125071268114715 
0.2644810118681497 
0.04162214869718302 
0.0433825400255602 
-0.008945991024497583 
0.123763398460811 
-0.7056987350735126 
0.02106318816821928 
-0.2751981675562112 
-0.01347650844675824 
0.004434878795226938 
0.01947203078447723 
0.0439510993950589 
0.06118887197661981 
0.09337540331076447 
0.056110570629625 
0.1422621307527158 
-0.08745801721328204 
0.005917235921825519 
-0.02004046306320207 
-0.1483526624878801 
-0.03708090123209335 
0.2476499637318941 
0.06905401064715166 
0.2392989786273894 
0.117216314805233 
0.02587717152269914 
-0.07679275042439719 
-0.09380421951031376 
-0.3805529408788433 
-0.1495574746408028 
-0.5696622178537615 
-0.07350109992890155 
0.3865673544203717 
1.359285854200411 
0.232490399214152 
-0.3844709594137006 
0.07927909779066435 
-0.2822657689208679 
0.1331968052716477 
-0.03278740111091385 
0.3820911299684878 
0.2155005088969703 
-0.05740782744179462 
0 
-0.717710981178762 
0.3395689405918526 
-0.02934937329184403 
0.06636839298655353 
-0.1547704634197222 
-0.1777024471799101 
0.09483410305686925 
-0.3521530634257943 
0 
0 
-0.1062065166102055 
0.3821755927878406 
0 
0.01867263436489603 
0.1122739985704225 
-0.1333614414032872 
-0.09003589685473624 
0.4366545292706442 
0.05757622239943666 
0 
-0.06463084650696445 
0.05822582199680169 
0 
-0.02839749022832506 
0.0008240512922696622 
0 
0.1272953724760713 
-0.35653464045081 
0.1695233031284582 
0.3484085221363392 
-0.3383995601456997 
0.01430491443265869 
0 
-0.01807093993231953 
-0.06502330672889214 
0.8327615592996401 
0 
-0.05309569833745669 
0.1181354966777117 
-0.02994148306623725 
0.01707227000691058 
-0.02643609547383644 
0.02979973263961784 
0.9315306236668086 
0.05922726843949137 
0.1632287741956509 
0.008630220068688087 
-0.0263290862864075 
0.06202208522932576 
-0.1129095035372585 
-0.003736545238740682 
0.1035448504646054 
0 
-0.02393833667854677 
0.00502041890951906 
0 
0.01836285969240863 
0.07223840687796884 
-0.002839946837913657 
0.5046620482198471 
0.1862452774140451 
0.1317787517564795 
-0.2022049867840591 
0.034451918366082 
0.05313911615041938 
0.1044416697134375 
0 
-0.05784444458187624 
0 
-0.04889766093758555 
0.09494809963580789 
0.1694053349121107 
0.2616966066365857 
0.1078046615063926 
0.03297743892809954 
-0.05550667962704308 
0.01675941406643383 
-0.01463698642001881 
0 
0.6745033782385685 
0.1528581653468384 
-0.2684357876630376 
-0.1214511836687487 
-0.1002391528672056 
0.04108790695394494 
0.02486510398527474 
0 
0.04557331584708701 
0.07568980001235402 
0 
0.003818316832755983 
0.02327149324976153 
1.517742460862308 
0.01170586928040121 
0.04665281255645773 
-0.004105155991028359 
0.00833828963769836 
0.001439776583401854 
0 
0.03469278873467212 
-0.2618122431171898 
-0.05961553908152926 
-0.2469689782748827 
2.714838590302075e-05 
0.6251287498955808 
-0.00444702442699355 
0.01669330369825556 
0.00787289985521893 
-0.02054300322304535 
0.01428665986709749 
-0.1417370079078443 
-0.002206194870878826 
0.02083208831726658 
-0.1593526999117132 
0 
0 
0.006659441787523547 
0.05755070377137996 
0.2113442037800162 
0.2521883025082482 
0.1366168341467578 
0 
0.1953043014450179 
0 
0.01996669824379682 
-0.07322755016886298 
0.01225416124134301 
0.2625620094673587 
-0.1386709206798991 
0.1150999650804755 
0 
-0.1996368774228976 
0.01016140393718469 
0 
0.2108824979928066 
0 
0.1179543023163107 
0.0139242928385277 
0 
0 
0.03548537475950062 
-0.002662755787105568 
-0.01547329594609941 
-0.004244677406524303 
0 
0 
0.5579826696755291 
-0.002153314242309129 
-0.05768159307594736 
-0.0261849600151927 
0 
0.04628154339446917 
-0.4161922281016409 
-0.008935255648233862 
0.0575744922105027 
-0.03761252595521485 
-0.1427557301195275 
0.01241469659060631 
-0.2168568370470503 
0.1020887810489802 
0.0399171014691974 
0.02752443077356732 
-0.05618345251214837 
-0.0002817074979531054 
0 
-0.120687560916127 
-0.3295458291112894 
0 
-0.08858643668073068 
0.9378562539089204 
0.4083572736653668 
0.09312525872246652 
0.9849711142484938 
0.04847039040989727 
0.2001878900879878 
-1.086918262710447 
-0.1126415988690987 
0.3568916368745432 
-0.01975554664754274 
-0.02453177046051873 
0.01641125210344901 
-0.5321763845716369 
-0.008112432102163865 
-0.05087497116616154 
-0.009261554105399061 
-0.006457908003514636 
0.01889387792359692 
0.003719382790987748 
-0.2929875650263615 
0.1299832681461942 
-0.03828813557954935 
-0.08425688169373179 
-0.07543882716839696 
0 
-0.4126263120211301 
0.007489206712782242 
0 
0.03161996823893089 
-0.01529322762450225 
-0.8390987029545585 
0.39247177135599 
0.04801108539697967 
-0.01399199449246456 
-0.02902814001983456 
0.03479379433305822 
0 
-0.00333625199462691 
-0.0398945536440496 
0.0178057678355496 
0.01077901415087364 
-0.0725229330858479 
-0.05583578060771447 
0.09176626193745713 
0 
0.2270892114793877 
0.08779702150101595 
0.03496974611426388 
0.01371070239523974 
0.07755054711897019 
0 
-0.101008440935335 
0.1328090660932345 
0.01151401892205279 
0 
-0.100840797464546 
0.02312707387218646 
0.2530749304610217 
-0.1765057192566436 
-0.1472590794381788 
0.003493974234844073 
-0.1896205997389086 
0.6825838229738048 
0.2775764041533575 
0.2580438112173013 
0 
0 
-0.0457173838247464 
0 
0.0001597777486977883 
0 
0 
0.004027299099136902 
0 
-0.7792143574139035 
0.008492638786062927 
-0.0148659743805616 
0 
0.1119333115064358 
0.1094790117999381 
-0.01077981735384189 
0.0005378183246138453 
0.1284471372520471 
0.9849466062607927 
0 
-0.4070954411417121 
1.222134764926273 
0.09625219405147636 
0.01173591640328936 
0.4772074043584508 
-0.005594551464972081 
0.07745027301452657 
0.01169866682122975 
0.004016110061562085 
-0.005106145592645048 
0.002004124962038106 
0.2147129269563417 
0.01457601424594755 
0.02825127019632409 
0 
-0.1089536213058352 
0 
0.207164357054972 
-0.01152192557682244 
0.1946331005227814 
-0.01019885974617952 
0.1429402176067555 
-0.03050037579587309 
0 
0.06984148919681585 
0.08397369859018319 
0.05706710156278724 
0.6874146776363476 
0.4363193577409054 
-0.03197700411036392 
0 
0.7042799361019111 
0.0485951093899961 
3.381223406203287e-05 
0.4533740123765606 
-0.01974928976245201 
0.4318055490628154 
0.005204561097557564 
0 
0 
-0.06392982306081502 
0.04467648035685516 
0.02084483083116314 
-0.005289545547104187 
-0.07575780665084833 
-0.02448443246961493 
0.03635161913747784 
-0.005002499618372153 
-0.006137398573132497 
0 
0.1975616113372462 
-0.04760570506964588 
0.1303640574379635 
0.639158277334188 
-0.09456431416119704 
0.07409111259888525 
0 
0.09052169522675325 
0.002109685261076394 
0.1005007443547121 
-0.05248293463821554 
0.04038061772650469 
0.01805309125769615 
0.02269374139697723 
0 
0 
-0.06652190828201422 
0 
0 
0.004110972270407735 
0.2722185588029936 
0 
0 
-0.6334398857134992 
0.06240180660182534 
-0.001433482792040874 
0 
-0.1259480671318723 
0.2009828704883691 
0.1142118112354334 
-0.01566416277753929 
-0.003752664068597696 
0 
-0.02946805165320644 
-0.05345966070658918 
0.07027246602597174 
0.1153710904633107 
0.1324504511016271 
-0.3690246968923703 
0.198818918160011 
0.2484802859428298 
0.001186666470708397 
-0.08944950563771578 
0 
-0.02420387572692762 
0.1646073301439783 
-0.02059455713598943 
0.555329832927612 
0.06416077528236717 
0.2365694337132272 
0.1019572912324084 
0 
0.008673652329765476 
0.002847259639088936 
0 
0.04929641192209903 
0.01329192167442566 
0 
0.005538409845914925 
-0.1976644348239345 
-0.05949327190131452 
0.815380849065763 
0.2130019363750122 
0.03801056050662249 
0.7217671659871054 
0.0951983878672875 
-0.1624375164222149 
0 
0.01962274621722289 
-0.2635258432999495 
0.009622588961483998 
0.07247673044141371 
0.6403442255390508 
0 
0.05975950194366246 
0.05368396139523493 
0.06909858357930994 
-0.02702772742268985 
0 
-0.01142418306754338 
-0.5521668322533075 
0.03712250589549655 
-0.02055076460475272 
-0.02137663335673901 
-0.06436782530610406 
0 
0.01304735073929393 
0.003455160310387381 
0 
0 
0.02704168701676181 
0.01054463308587095 
0 
0 
0.2351402377819597 
-0.09592553073720839 
0.1162877101882722 
0 
-0.6219720986492293 
-0.001060073854217362 
0 
-0.07025428933154021 
0.1194521066458159 
0.00888727708286507 
0.140340537012373 
-0.01127067345928937 
0.05838522877337499 
0.5085432379737252 
-0.3162670018070745 
0 
0.205754667874519 
-0.01825564635908165 
0.184823886160331 
0.11755518231273 
0.1405135636894871 
0.00295279323519978 
0.003080743145291527 
-0.03326764350056386 
-0.1944925900914118 
-0.1229513067847981 
0 
-0.2754076987496916 
0.07268512952859751 
-0.2630476761715915 
0.6491842900014755 
-0.07533800593782683 
0.068140052812242 
0 
0 
-0.0478416365892206 
0.1034534088726865 
-0.071292930861402 
0 
0 
-0.005378548870472582 
0.01820904669236672 
-0.01547444474818864 
0.03963636467570841 
0.009459136801435853 
-0.05074168608121635 
0.01223419414119757 
0.07928865191978464 
0 
0.05391768155892112 
0.09106141871047592 
-0.7078568421083804 
0.002035386979776334 
0 
-0.004079183609930562 
0.1182031802947998 
0.006210611580748098 
0.01205341418907066 
0 
0.8556701871813157 
0.1322887134947902 
0 
0 
0.1209737080703746 
-0.02460538671157971 
0.9550024817077962 
-0.03434052719494902 
0.008195764711879125 
0 
-0.04728807478343778 
-0.02591060876707413 
0 
1.175740009468195 
0.06528767707610734 
0.4272712845826367 
-0.04354242171749445 
0.02281809791056861 
-0.2971703696938389 
-0.04590178969179179 
0.02343321557047672 
0.2440019083237981 
0.3620864419622576 
0 
0.04218327623779949 
0.05302002184670321 
-0.116612770715697 
0 
0.007286077665571243 
0.02095352071174399 
0.05981776467906724 
0.2616281667960232 
-0.189511801996062 
0.0009223750778061673 
0 
0.6385435763060655 
-0.2065755033975323 
0 
0.008280499741882589 
-0.1841664488676222 
-0.05617193146054526 
-0.09972818601387129 
0.1489182342615976 
0.07815097396190628 
0 
0.004887829788901525 
-0.06021443832700249 
0.7104433429817474 
-0.2863142943317477 
0.2830023355437674 
0.01265340795138041 
0.06923342001814523 
0 
0 
0 
0.01664819416601307 
-0.04159894075754134 
0.3381774416816695 
0.05518337381321402 
0.002811231451310231 
0.01252512819218849 
-0.8333507240267446 
0 
0.03593519033777182 
0.2038236781054644 
0.03047816024016139 
-0.1019877521894359 
0.0360375094611276 
0.04638439440676174 
0.03286595990850059 
0.2115319392986772 
0.06532399372717718 
0 
0.2501619874104244 
0.02655777739460875 
0.1473533048639342 
-0.006620010614823581 
0.0122438086410758 
0.1044850980758386 
0.01997639004229519 
-1.122949095994717 
0 
0.09160297506528922 
0.1020995500984274 
0 
0.4368584032685744 
0 
-0.06454875058425505 
-0.710960565634735 
0.1176805244818913 
-0.5495086862523856 
0.3017095745643036 
0 
-0.007964957784499205 
-0.02042396663568576 
0.4950277439257344 
-0.02405990188461022 
0.06439134381331542 
0.05509673921807159 
0 
0.06103343063942538 
-0.07125643943375863 
0.1074686200710576 
0.0596792514235031 
0.1150819901130698 
0.00275564543512054 
0 
-0.03898236440317795 
0.06872293296787196 
0.0493786231154304 
0.002509488687436334 
0.02267651948504766 
0.01332726368480459 
-0.1010321146325583 
-0.6037782836724892 
0.6311214149651706 
-0.0322682038862423 
-0.02299345651398193 
-0.0003872853082677009 
-0.005201006363741273 
0.001192820543136175 
0 
-0.09478740541988119 
-0.1956005899190784 
0.001143122390316264 
0.1290787690353476 
-0.01077010527563607 
0.04222772270083058 
0.159815239979484 
0.01461869839148204 
-0.1014452870747128 
0 
0 
0.03626074525207797 
-0.1293319850706162 
0 
0 
0.05120805558846998 
-0.0151174377111554 
0.4527266037436917 
0.08733023497447819 
-0.3016363031220266 
0 
-0.62458874158245 
0.0440582936300995 
0.04785723320189692 
0.02045367914824727 
0.02837404858985423 
0.02446389885811551 
0.1375943121026781 
-0.2725448238852028 
0.7232597693049648 
0.03508183520160712 
0 
0.1873579702928404 
0.07382960202203732 
-0.0005086396497389857 
-0.188468364760353 
0.2026109293799543 
0.4380005584269569 
0 
0.01899396052991174 
0.4127817805070189 
0 
0.1465430272794465 
0.03526514298847515 
-1.34002539336634 
-0.04941341395408336 
0 
0.03705029918654733 
0.01602744581179308 
0.02545854690616778 
0 
0.1312338944029269 
-0.02192286803795519 
-0.07317704886726921 
0 
0.736603410137107 
0 
-0.1819622894418707 
0.1155732655451486 
-0.0870634608428615 
-0.03600133508327638 
0.01990539030570662 
0.08091599661372074 
-0.08204161333033932 
-0.01240090900050041 
-0.08399861736554927 
-0.5180255466923482 
0.01126098823371263 
0.2649594567982755 
0 
0.1843833711058627 
0.04615481347339079 
0.8398374774360986 
0 
-0.2533316855659902 
0.002141181035406863 
-0.02937865820062165 
-0.4344096198303658 
0.02903283607174733 
0.1015265547408391 
0 
0.02973212480961378 
0.03582225749262258 
0 
-0.0478251519459123 
-0.001782508024498394 
0 
0.09522527044768593 
0.03493026223916891 
0 
0.06123919342372421 
-0.00282829996763448 
0.05210031610927773 
0.195460416243502 
0.1905659312323212 
-0.007520519623035166 
-0.4155559386161858 
-0.03327804688236033 
0 
0.2411478578613672 
0.02763613061874298 
-0.03197413221246651 
-0.009002457307886886 
0.1629399459709156 
0.6649148396524864 
-0.01043179410830771 
0.06637477231990996 
1.345668206982675 
0.03614073471350686 
-0.01597179537167837 
0.09694975595465793 
-0.0223117921092674 
0.0003130636675540604 
0 
-1.185958527889297 
-0.0509195621644944 
1.004243669550934 
0.2281698921111937 
0 
0.0897916081005485 
0.04354833355794657 
0 
-0.05137639017137868 
-0.1724623014982428 
0 
0.09455126243991746 
0.1054062084717209 
0.01598682838707589 
-0.06795166969371857 
0 
0.05150852941581212 
0.7958953430110969 
0.3720038905687221 
0 
-0.1611502776982007 
-0.1778584954382093 
0 
-0.04405500567952216 
0.1278274123684086 
0.008905802994018212 
0 
0.1294971004273345 
0.000369845743974638 
0.0008207922286378736 
0.01243299035301553 
0.04736625391095079 
0.04697053468808324 
-0.03556905623376383 
0 
0.0418390489344789 
0.001763137103902719 
0.03641074722749936 
3.146321231784131e-05 
0.41006626615453 
0.04982252709062356 
-0.1735782166064171 
0.09430036152683881 
-1.209198447542916 
0 
0.3727946906064851 
0.03938533428792346 
0.001690975701868334 
0.03012368452242378 
0.5226385790442887 
-0.01168747002670849 
-0.2442896109650607 
0.1142563380818189 
0.03357049884121593 
0 
-0.1654032952993263 
-0.01728933460089685 
-0.3489091135835108 
-0.243191655030829 
0.1767655406697856 
-0.01467913343611429 
0.03587162456931121 
0 
-0.2470749612399235 
0.199284721250048 
-0.3132454861798457 
-0.1117859756583123 
-0.0496859830437977 
0.5491158048977144 
0.002334538789266334 
0.2050521459364471 
0.0008987900413662702 
0 
0 
1.004533832525298 
-0.1053866695230919 
0.0756599596917731 
0.03083437360902185 
0.03251570077947367 
0.08051963543948949 
1.12075203877557 
0.1122687506687905 
0 
-0.009500990206035589 
-0.06315544199437384 
0.03090273627004456 
-0.03652723649948328 
-0.393182921691049 
-0.005503150848456551 
0.09094321192819947 
1.027591459381775 
0.3952039976631926 
0 
0.05870656133074318 
-0.07306373433016505 
-0.01142550427830778 
0 
0 
0.006423399338412334 
0.04270529198566421 
0 
0.7654949233208632 
0.1180622055679166 
0.04605232607711594 
0.05236373126271646 
0.07228410531511642 
0.05152061791667184 
0 
0.03822337129632061 
-0.01519204881739295 
0.04780110487739729 
0.007164899043524249 
0 
0 
0.01585496270519297 
-0.02597712445851478 
0 
-0.2483880861021769 
0 
0.02217499737845642 
0.2851369382533211 
0 
0 
0.0263277832422715 
0 
-0.5458277278624633 
0 
0.06862471924383186 
0 
0.02652403565230107 
0.05577640837294493 
-0.2899494861298119 
0.4995999161305399 
0.03337143673041583 
0.2310431726263629 
0.3620148178610773 
-0.009977427840888816 
0 
0.2753898004335985 
0 
-0.1712304473283556 
0.04045760372944959 
0 
-0.008493333564518131 
0.007661541032966531 
-0.1214948218437659 
0.2945750844117929 
0 
0 
0 
0.05921406234159525 
0.06248881925069021 
0.3764246681031211 
0.1311841820412611 
0 
-0.02800871434344399 
0 
0.06072043078633658 
0 
0.06702768107810018 
-0.3008973333463243 
0 
0.1958025290797796 
0.01401574986303732 
0 
0.03582834622893002 
-0.09349553035490216 
-0.01227158613149578 
0 
0.1171206277399245 
0.05464257585710001 
0.03853395321799999 
0.01552122010761086 
0.001893694722591596 
0.217048823690919 
0.02190739613411053 
0.06247439825348192 
0.1091088770754244 
0 
-0.0600467630376909 
-0.05137546659861466 
1.017547536013677 
0.09609631376199139 
-0.231749157967732 
-0.008410558431293578 
-0.009669494902883701 
-0.3743858922665996 
0 
-0.0592922483961507 
-0.009083767323259644 
-0.1092097982063889 
-0.04379434250850478 
0 
0.02157980744378407 
0 
0 
0.08998687757879346 
0.1894067905713943 
-0.09039622999179678 
0.003223526521183773 
-0.03414808796098239 
-0.02336360660326734 
0 
0.1163880798573008 
0.3733143863223172 
-0.007713670199416535 
0 
0.08431267779830691 
0 
0.04383844428976391 
0.05478133614991577 
0.04910625661983016 
0 
-0.1174287073520529 
0 
-0.001050341200315448 
-0.01571737893496867 
-0.1379303619978652 
-0.01975120057328391 
0.708324333472053 
0.01288211295308848 
0.05204639644559982 
0 
0 
-0.005385068399809297 
0 
-0.007828104599428799 
0.1283033230579006 
-0.03131971885496312 
0.3395861670116757 
0.1098918049945049 
0.01638668538567379 
0.008300208927496878 
-0.05934264173973836 
0.1782238773104668 
-0.00553933448573235 
0.0223224534207049 
0 
-0.003859236180123596 
-0.01138893699721285 
0.3882188028300642 
0.04873395036661433 
0.04539779494428287 
0 
0 
0.189300257736324 
0.4961011642124413 
-0.007931105863443061 
0.379522904496422 
-0.1279982760670593 
0.04919720042906522 
0 
0 
0.2784669800216596 
0 
0.3283068121229437 
-0.0004719263810973734 
-0.1060330579666841 
0.08207546498077258 
-0.1405895166589689 
0.05894059066260975 
-0.03415026628121881 
0.1764667356888352 
0.003578335691694386 
0.04501518921855113 
-0.1431492534688258 
-0.03273145259425281 
-0.3487210171728574 
-0.00263233103557096 
-0.03470797659575098 
0.08097991071381934 
0.08357151277867349 
-0.0711959997914552 
0.06582565912085213 
-0.1298940399945708 
0.03833192733720849 
0.02611075590984317 
-0.04156030337037572 
0.5144469591732932 
0.08978102160881343 
0 
0.0131712520678013 
0 
0 
-0.04459737114810694 
-0.1083843613552411 
0.5272247229420507 
-0.03141797828795983 
-0.008345878891497618 
-0.207830175832755 
0 
0.8876425003058274 
1.082430076422666 
-0.003424348634357284 
0.0627604665615886 
0.0243374184021225 
-0.0272566900531859 
-0.01951919201916815 
0.002852035075893971 
0 
0 
1.150119365127505 
-0.01925767703853986 
0.05794843675108098 
0.0711007548677947 
-0.002471439681649297 
0 
0.2617030286550395 
0.1631312285341635 
0.004332081218797447 
-0.107544961647261 
0.004328761673100373 
-0.01252791669095269 
0 
0 
0.1524520533850475 
0 
0.1545507379930312 
0.1426294268754554 
0.3418423849435999 
0.1187128541906296 
-0.08733062529904898 
0.04566879991497053 
0.05096543809595042 
0.1012140068096717 
0.002578583135552699 
0.04214037532702668 
0 
-0.01449296923308508 
0.1780001773858279 
0.09698776194358627 
0.5488624590030153 
0.2563089339003538 
0.01584156900144115 
0.0240174568519463 
0 
-0.2311108877347313 
-0.1266261095445551 
-0.01137621361436678 
0 
0.2490291134250466 
0.01401597637037249 
0.07956966662912508 
-0.1671275105995169 
0 
0 
0.0122313408359192 
0.03238348200370418 
-0.08624159962966643 
0.08241199421406903 
0.026306539908602 
0.2748173249438892 
-0.05877888224663942 
-0.01663199653312745 
0 
0 
0 
0 
-0.05427830465772661 
0.1701387426077379 
0.07860091647031474 
0.8724376321248978 
-0.02186081027042212 
0 
0.005663360734049023 
0.2615223990127681 
0.7909946357972524 
-0.07206017215497301 
0.262793146785857 
-0.03661676061009966 
0 
0.2560771320148894 
0 
0.000253222222115386 
0.07756034476172853 
-0.007515664333030135 
0.0005778143093229931 
0.09045891093798557 
-0.1163810244521223 
0.0570745604388931 
0.08602635630448961 
-0.00182482082296594 
-0.1170805754595252 
-0.6318365348687728 
-0.001348024221658383 
0 
0.07049181258801925 
0.3634034353338521 
0.03069857617110696 
0 
0 
0 
0.2213086268027487 
0 
0.008686168514505826 
-0.1499815924360945 
0 
0.001529705015063669 
0 
-0.01846681172658685 
0.03365758064033994 
-0.4441122672511241 
0 
0 
0.008325507712474901 
0.01868846111749983 
-0.3437380907741803 
0.02094104773379321 
0.0008277681299367404 
-0.1855882919642984 
0 
-0.2656053076775637 
0 
-0.001044557538582001 
0.1785051573287501 
-0.8336038419155837 
0 
-0.9763742122402939 
0.1308073691180071 
-0.07246337300556899 
0.1393769703386495 
-0.9860133912390358 
-0.01705231389181561 
0.2806683699705978 
0 
-0.2103604094253613 
0.06657530290078449 
0.02283659099716986 
0.07545843456328674 
-0.07159961110329652 
0.2412497418689339 
0.0003340371790260602 
0.01228022505134332 
0.04370375694036012 
0.6431558219676198 
0 
-0.01715200311326986 
0.5248800705681376 
0.588126851856781 
0.1246430035396652 
0 
-0.2140197307877828 
0.05601480895678976 
-0.03020630712183009 
0.0396312405614433 
-0.01985909159982971 
-0.01899847607568668 
0.6861133755123436 
0.5077333132978052 
-0.04234227691601224 
-0.008073292999741168 
0.1516716234871135 
0.003236383040008546 
0.01991552001366515 
0.4765845819756531 
0.4293361279301389 
0 
-0.02452336072669938 
-0.003291459094626866 
-0.04279545987002221 
0.1817675126072536 
0 
0.2612119055339288 
0 
-0.002143413176218358 
0.02957283788997421 
0.1778972593222723 
-0.06653546200045199 
0.008772303653438215 
0.2378581474206545 
-0.1732498642135581 
3.518143060009019e-05 
-0.05803440819993322 
0 
0.07459813507885503 
0 
0 
0 
0 
0.01324510948234782 
-0.3485627685565742 
0 
0.006864657525107753 
0.0451200293467586 
-0.1649454008577221 
0.1149869423041996 
-0.0254849144893943 
-0.3065909993416766 
0.1971778651575461 
0 
-0.001632719976875484 
0 
-0.008005810342010523 
-0.03766258674743286 
1.084873996774378 
0.02201520880381714 
0 
0.2230078225349819 
0.3581300907648716 
0.1071253709141528 
-0.5872959044278789 
0 
0.02025150335361661 
-0.002773414147629479 
-0.03945007646973508 
-0.2157117482718892 
0.1474783054206906 
0.0858634095701923 
0.02872566411797652 
0.0340848114496692 
0 
0.003540024281983632 
0.1656776964203738 
0 
0 
-0.2359875102746033 
0.1065295576998853 
0.07011911746545138 
-0.03943104534427166 
0.01551082555609189 
-0.06833865773931122 
0.06093474328482975 
-0.4019691881478493 
0.4184048796639147 
0.03472004902932457 
0.008299558989249629 
0 
0 
0.09554653002459422 
-0.02057405227187 
0.06027094291004776 
0.02409798355710759 
0.0563356828852156 
0 
-0.05081649464387621 
0 
0 
0 
-0.0960251892723691 
-0.07701446246527775 
0 
-0.005452467696708141 
0 
-0.02917684339201977 
0 
0.1015961342149569 
0 
0 
0.002270732330692256 
0.05509587803210923 
0.01746586770490236 
0.04718673833804269 
-0.1351893130232877 
1.004930025741283 
-0.05716576578685958 
-0.4758097038135834 
0 
0.009547501259181374 
0 
0 
-0.04193243711041852 
0 
0.003399139283052541 
0.05186628414322541 
0 
0.06966245249378453 
0.00840320979016625 
0.00388750672618302 
0.1364600104162817 
-0.1317351601124206 
0 
0 
-0.1577066590472758 
0 
-0.00345457191619492 
-0.00617474980657005 
-0.1065160182874358 
-0.09336519029580702 
0.02300653463287479 
-0.24674925387596 
0.3724360373356642 
0.2227959600845829 
0.1675102221207782 
-0.003333284892317739 
0.0115877960372776 
0 
0.1456059106081468 
-0.1810058609750573 
-0.005231668974697344 
0.2760686364280208 
0.1834854417938565 
0.9400520464324086 
-0.1412378471279948 
0 
0.7299656658636821 
-0.1011653767517696 
0.05548158608191952 
-0.08771126390960822 
0.123117277841342 
0.0391030573706822 
0.1119640643042324 
-0.03250624578838795 
0.09312872839320588 
0 
-0.04689530872020151 
0 
-0.399456658109999 
0.004432002163074761 
0.01537805898387402 
0 
0.6725614817441885 
0.00150969106766889 
0 
0 
0 
0.1204631785020034 
-0.0188127760088424 
-0.09056499351808471 
0.1088843464777342 
-0.1385925607089426 
-0.0358325106832916 
0.1817977596007198 
-0.03983754801204587 
-0.01923897098851565 
0.01742045080043425 
0.01295184395368734 
0.04630272976789741 
-0.2068053670083036 
0.05170585436015989 
0.1420595036728152 
-0.3129743019503113 
0.8713411618966177 
0.224147010370669 
0.141071639187037 
-0.1288223828076994 
0 
0 
-0.2962750883061689 
0.4883600348874105 
0.04664244980669911 
0 
0.4269170657394566 
0.2212774733931318 
0 
-0.02732469931465164 
0.2368197982334576 
0.007790852592912983 
0 
0 
0.08955544925777524 
0 
0.2741456266871695 
0 
0.0280972515446404 
0.4967439947567659 
0.0002811063533960855 
-0.03103025282659611 
0.04497064338049833 
0.05986356484873447 
-0.02831735537412446 
-0.08424547397726327 
-0.03014206803860421 
-0.1021470049625012 
-0.04744100627900404 
0.01222383054905098 
0 
-0.00950992805269155 
0 
-0.1859921450645181 
-0.0193534756719153 
-0.0807599655740525 
0.1140992000326472 
0 
0.02003111898905576 
0.08461586007065001 
-0.05257053487042368 
0 
0.3624462719559252 
-0.03289560574548325 
0.07287551038166648 
0 
0 
0.9116961644039205 
0.3047843966876794 
-0.0752479897168262 
-0.03886596889210263 
0 
0.04548051656500856 
-0.04911924118712845 
-0.004025579885995378 
0.03515605097896957 
0 
0.2174886865235726 
0 
0 
0.002870832438217669 
0.3963907612297693 
0.05867263853712928 
0 
0 
0.3785499383693477 
0 
0.005707363577451375 
0 
0.0001092583293300117 
0 
0 
0.5127932965782062 
-0.01370118058068395 
0.05727227948510728 
0.08700894879886574 
0.09376846213227158 
0 
0 
-0.02416883145841166 
0 
-0.06385694267749731 
0 
0 
-0.01213775345111057 
-0.06828242760678947 
0 
-0.1128701444818697 
0.103782632815538 
0.07034781107156146 
0.6829489298857594 
0.01136444615741507 
0.4108558850914638 
0.002115152085585456 
0.02366085760698717 
0 
0.05966092547969491 
-0.2788819580870002 
-0.02700614376055753 
0.01467639050917583 
0 
0 
0.1202715541899539 
0 
-0.0420606404645554 
0 
0.02082844204372609 
0.007167070598900059 
0.03734923932624448 
0.5392738438436924 
0 
0.4198114400985946 
0 
-0.8919326708002142 
0 
0 
0.3179494939667031 
0.09645583606053595 
-0.2319265420979372 
0.3423207351664365 
-0.03703878219033135 
0.0542464480519424 
0.03759655551403277 
0 
0.03010876227703398 
0.07166607023941525 
0 
-0.003841966031374554 
0.0458170121772122 
-0.07943046951456904 
-0.6828294154975181 
-0.06235925870132113 
0.005170026807995706 
-0.06305489907652373 
0.07936816412801638 
-0.05060247645867216 
0.1898525705152448 
0.04880711716913523 
0.01946432895842182 
-0.03124462874646292 
0.3712396263514967 
0.001646992306629944 
0.0008132407705750571 
-0.2107775106168373 
0.1566701239553018 
0.04036758110155719 
0.7203570619934624 
0.01819836819249571 
-0.2199461204849985 
0.5126138013129912 
-0.02688925199983001 
0 
0.09913460843476411 
0.02602364154563768 
0 
0.06773440570626406 
-0.007528762605822059 
0.1565863829880726 
0 
0.3084354883041896 
0 
0.01542693331066227 
0 
-0.1575512001024819 
-0.02308985992326179 
0 
-0.4382408048581 
0.06839151277753645 
-0.0407242910523701 
0.2791980409826619 
-0.01456338599333717 
0.1066710646152886 
0.01289077784506716 
-0.02281272378055105 
-0.006227345780173726 
0.03804198439807922 
0 
0.1451895262542588 
0.5129337404335139 
0 
0.004848959488855417 
-0.03286568401672375 
0.00352252738144 
0.1659485619977412 
0.0538296013025189 
0.05983665981884085 
0.0405327374948842 
0 
0 
0.05175481327971043 
0 
0.05136398964637439 
0 
0 
0.06143906286978115 
0.01456890665452605 
0.1444699886552641 
0.02108555400909508 
-0.06607628886059404 
-0.5290315118132232 
0.02050567246652578 
-0.360852952443166 
0.4091181171518833 
-0.2128769766394624 
0.03114869733033965 
0.3012542772702026 
-0.1863338936420036 
0.03092187014109781 
0 
-0.08567274058160775 
0.2042950679191654 
0.1951249256314727 
-0.1305925209546961 
0.2150254387742458 
0.05157831832677626 
0.04846970161369235 
0.1026886995368234 
0.01158679543867411 
0.03037756454714706 
-0.1375563064117582 
-0.0791386389162588 
-0.003262483594812226 
0.008931004605694541 
0 
0 
0.09423859791396887 
0.5516203156219204 
0 
0.004516562693342882 
0.002234810548543902 
0 
0 
-0.05239633727955759 
0 
0 
0.03298266187671178 
0.1942774538752132 
-0.02998204394269754 
0.02338260409965357 
0 
-0.3017055508948968 
0 
-0.4876187838989081 
0.09232571124919682 
0.009123051108276102 
-0.06842007025676176 
0.08583446674017568 
0 
0.02905714335983712 
0 
-0.1100247654543364 
0.1208580431862217 
-0.1032157024445479 
0 
0.02782738381990538 
-0.04324330209246084 
0.003845974440267443 
-0.0744666398785355 
0.02290392523650153 
0.5062151540640546 
0.004346497422742472 
0.1930790343528805 
0 
0.007637929020668192 
-0.2718784701374583 
0 
0.02902844731606349 
0.10961095571869 
0 
0.03175963459751973 
0 
0 
-0.01289838268931938 
-0.0310156560112326 
0.03460807119662331 
0 
0.06496537507696805 
-0.01714504602263426 
-0.0853320078326385 
-0.2624433528780242 
-0.01194591042716056 
0.3740701389892861 
-0.006627816741811523 
0.007154282698972393 
0.2701706686569491 
0.01068760486870896 
0 
-0.2020215373701076 
-0.2772520308813781 
0.1020860343328509 
0.04617534520757455 
-0.004839325624761802 
-0.002250809117983827 
0 
0.04212815145272981 
0.004783901766950603 
0.06677922378358976 
-0.1095077375814366 
0.001159589537703676 
0.5922660625365974 
0.3144180606560703 
0.1530543399366606 
-0.01104768737281514 
-0.008413913844086693 
0 
0.02447414195560002 
0.00468248949420945 
0.3226789282707583 
0 
-0.0130292622953671 
-0.1063908731887373 
0 
-0.1766141626166365 
-0.0049008619166361 
-0.001418891788997332 
0.01025029821911062 
0.1646703159778712 
0 
0.02694383192849878 
0 
-0.05863337487665855 
0.01044892532719556 
-0.02965071912592604 
-0.4099519208952688 
-0.02731804409762348 
-0.01059264636166486 
-0.1064879634011604 
-0.0460695297485265 
0.0003019917095919712 
0 
0 
-0.01869435875459077 
0.03292915572283445 
0.003520152285936403 
0.007422161577704526 
0.1180817241318683 
-0.02156809250042754 
-0.1156118119140006 
0.009059895430532313 
0.04044898632971487 
0 
0.07399415178891437 
-0.2161454400918135 
0.08970634779890897 
0.276714773602077 
0.03137727106692528 
0 
0 
0.1823694065744123 
0.04797419878212715 
-0.0162558641112208 
-0.2115230865620519 
0.07029037415743183 
-0.003584806153983836 
0 
0 
0.09410166564447724 
0.1487343031298866 
0.03658473686922468 
0.01905268328603232 
-0.03173953607887493 
-0.1527669217168116 
-0.11862088196133 
0 
0.03431227092462383 
-0.2048482751185942 
0.02098130567318683 
0 
-0.001725640005573087 
-0.2270540053024366 
0 
-0.165230631635828 
0.02890273656457758 
0 
0 
0.03732177211089367 
0 
0 
-0.007236767289018281 
0.001081435972585653 
0.03972720789856449 
0.1277358996129135 
0 
0 
-0.004279956315785885 
0.03978789160712483 
0.05305524577478812 
0 
0.2884389983629983 
0.01390643336406071 
-0.1980353218788459 
-0.5034911621223707 
0 
0.02986942631615608 
0.8132201723639304 
0 
-0.007430810276349427 
-0.0338685657656422 
0.1867996682563688 
-0.00220787250810162 
0.02312969229642923 
0 
0 
0.01652022388194973 
0.1642909541557195 
0.0174404404026787 
0.01114051781008488 
0 
0.01125298381776772 
0.01391653493309373 
-0.03740470139001869 
0 
0.681001697635199 
0.3072248719260932 
0 
0.1358644061974146 
0.8775577712208846 
0.002282756588798697 
0.06098989359277873 
0.04211128609367874 
0 
0.00748962319889971 
0.0095886151159181 
-0.04363683923467501 
0 
-0.1997794600656798 
-0.1562214221768122 
-0.2816241240311361 
0.004603294537849818 
0 
-0.5080601608064985 
-0.08452745681056248 
0.001608975419384606 
0 
0.2613180500551276 
0.07227655690824004 
0 
-0.8732752084294187 
-0.07058336918560956 
-0.3123268495744609 
0.02527755649363498 
0 
0.1597817278447201 
0.08768465654568428 
0.09904287859961976 
-0.09717188315298209 
0.5175443664882895 
0 
0.0349134984504153 
0 
-0.7969775653396757 
0.04466553940099989 
0.01643692139052925 
0.1541502783066822 
-0.06468554451359554 
0.04667044857851084 
0.1296566307513978 
0 
-0.09295087505146847 
0.7400546014515071 
0.07517949349470274 
0.147176494068412 
0.3771965118459892 
0.2063277856836024 
0.02133601482151069 
0.1490770847353645 
0.1589922873279842 
0 
0 
-0.008537440405910229 
-0.06307751866636667 
-0.419378399290898 
0 
0.006313873136874496 
0.007308796208894058 
0.005801550886374262 
-0.02866238829518869 
3.729031959939846e-05 
-0.1060761526444842 
-0.02080169055823322 
-0.04816437452679845 
-0.004276990088943951 
-0.03894586503229486 
0 
0 
0 
-0.1060457987084799 
0.004290086190543691 
0.06128054332074977 
-0.1616757276216891 
0.003658215471816165 
0.01646534084806513 
0.004217415127711127 
-0.01193470310855844 
0.007368421839666907 
-0.1625042828081828 
0.08494893003022275 
0 
0 
0.02255658021412543 
-0.07943997074862386 
0 
0.1329333184528134 
-0.07585283971358421 
0.01796216921454304 
0.0004493174733015136 
0.03328597691853063 
-0.09294609334614283 
-0.003187107716276143 
0.080474752354089 
0 
-0.02515660803668927 
-0.07129798821660324 
-0.07962271356355159 
0 
0.003099545820319354 
-0.0635666214162547 
0.1717627200352745 
0.02592105861997945 
-0.02147977369902945 
0.03010666010062595 
0 
0 
0 
0.06014834494798132 
0.05147832968367015 
0.4515390205855648 
0 
-0.4729827699629079 
0 
0 
0.07068762361638758 
0.153807571794309 
-0.0720276364729026 
-0.0098897377230789 
0.01562978041419364 
0.001785291586726562 
-0.0236365031770077 
0.148449956837884 
0.01019912389886229 
0.02755918195468365 
0 
-0.02910082026327937 
0.1346768869211534 
0.2069152528204529 
0.003338616740326762 
0 
-0.06157669197188075 
0.2438602770133738 
0.1311811064103457 
-0.004946022864095817 
0.2168660830338662 
0 
0 
-0.005657400201542239 
0.2372492195416213 
0.3963141690957414 
0 
0 
0.07541424552772269 
0 
0 
0.04975812564888863 
-0.07513255506388163 
0 
0.09973438969780406 
0 
0.2509579570820378 
0.02104947845123976 
0.01275555558574735 
0 
0 
-0.2252588473220159 
-0.0235963983601978 
0.1723803704535753 
-0.205628080039965 
0 
-0.5135806455534293 
0.03780674280883738 
0.002572978152674293 
0.4598094212006882 
0.1497809365422623 
-0.2302168121094649 
-0.005724590993120372 
-0.03139736604305238 
0 
-0.05216402675629581 
0 
-0.01009459494767661 
-0.1691637519113275 
0.02159442648020449 
0 
-0.03535956849722463 
0.1501404352384029 
0.09559934712489859 
0 
-0.1143636194954716 
-0.009789336307041423 
-0.03245708939678212 
0.0630710017898054 
0.002658312383076184 
-0.06230234219506574 
0.009318242260549857 
0.1702110266900346 
0.03543098799331408 
0.005538243436361201 
0.09472094360544905 
-0.03323227277425364 
0 
-0.08713837316088527 
0.1171982452608176 
-0.01296950348596437 
0.3124572183409656 
-0.1472648398781541 
0.06726180684041419 
-0.006537737418566846 
0.706518122701956 
0 
-0.05102290170226464 
0 
0.0152800678466888 
-0.03895090043286181 
0.009233306080432485 
0 
0.01694904545845834 
0 
0.01940552689793155 
0.9849673650140083 
-0.1394692191488967 
0.03227492504789051 
-0.2581644695529903 
-0.02043185933234872 
0.1554132061038715 
0.1776866872348415 
0 
0.2269646556284619 
-0.01717445469415631 
0.01148747189372503 
0 
0 
0.03895314131848916 
0 
-0.01739478162332018 
0.02831512820494599 
0.3423901262487823 
0.01465771090092131 
0.03605064525233351 
-0.03128050362112265 
0.001010240540121201 
0.1017958179891965 
0.01212327713302837 
0.1197424563781116 
-0.01655948383762786 
0 
0 
0 
0 
0 
0.0655777737261127 
0.1200519033292079 
0.008974083759245181 
-0.1025572008454043 
-0.228636753470564 
0.1031521786249822 
-0.03820578777214912 
0.01861280959381113 
-0.7232969416498176 
0.04344449758500517 
0.000358003741834299 
0.111019342173812 
-0.1430348513150569 
0.07951473289722426 
-0.03694986386901199 
0 
0.04433864050655963 
0.026223426030268 
0.02626051152775522 
-0.01587034543600854 
0 
-0.03214482464854855 
0 
-0.1926677063744609 
0.3876095883373606 
0.0164462854045782 
0.04440463062759144 
0 
0.1344724451464425 
0 
0 
0.05967044029243903 
-0.02801255406318707 
0.05300371646723647 
-0.523694642643349 
0 
0 
0.09042052720491588 
0 
0.008916125730213055 
0.3314687993390781 
0 
0.04707940036596498 
-0.04209323763294916 
0 
0.1840845782540949 
0.04209985089474969 
-0.03251428858048926 
0.01832636527751022 
-0.031273125982915 
0.1076966011094132 
0.02686228703931799 
-0.3538688726625329 
0.0742087027894103 
0.03088062109614227 
-0.01750791870645883 
0 
0.005468665662232218 
-0.06095221881431534 
0.02280834256137715 
0.0976243173792157 
0.1748504162700101 
0.5385890740286237 
0.009070865329283499 
0.01085469104137238 
0.1132400863160656 
-0.001812524178491304 
0.001862181373295499 
0.2692075141588025 
0 
0.6679915445252967 
0.02475007624918158 
0.03681827453210096 
0.1301762287904426 
0.1177190623565007 
0.03985787274759231 
0.2163578450684061 
-0.139094048654735 
0.7160957467530698 
0.01669750160729949 
0.168403977400788 
0.6452790799733495 
-0.04194758545991459 
0.04051093568571231 
0 
0.1097936014554906 
0 
0.1525845813770827 
0 
0.02831251390364485 
0.251001838990314 
-0.2958072722674129 
0.4387263780309085 
-0.1124399531247211 
0 
0.195806174621403 
0.02025795214205271 
0.01927745696986684 
0.4623916947533253 
-0.01288229686850035 
0 
0.8380620982091977 
0.5278016763829236 
-0.01950591240972574 
0 
0 
0 
-0.1099681113222536 
-0.004432796451307704 
0 
0.01482092225228226 
0.002891979144119138 
-0.0009550298980511777 
0 
0 
-0.05586983579664577 
-0.03492712550616223 
0.1991205221781244 
0.06005185716589333 
0.06624196043384481 
-0.1462317801884561 
0.02694235865247254 
0 
0 
-0.01330021936518039 
0.1239118752449337 
-0.06318019383243506 
-0.0229355372461715 
0.0490703269496982 
0 
0.03730908569165511 
0.05922866103360572 
0.08713135179881783 
0.02617486116998437 
0.1931235748438299 
-0.01561329248110439 
0 
0.06244273393713074 
0.7342118007434038 
0.05848963062943422 
0 
0.01141356890575425 
0.2033482892433191 
0 
0 
0.0639902310468394 
-0.007603099149138315 
0.2296344541052869 
0.03794478863639383 
0.146378714811688 
-0.5013478870121845 
-0.2798325994518714 
-0.004954749181795453 
-0.1370414290833485 
0 
0 
0 
0 
0 
0.3637156417295023 
0.007802554421027183 
-0.3567488724986656 
0 
-0.03399625017885961 
0.1648102005359871 
0 
0.06733032829852099 
-0.0242023439374917 
0 
0 
0 
-0.006691466666987391 
-0.1704725456070902 
0 
-0.1251916500286417 
0 
0.2244151808631669 
0.923623952151695 
0 
-0.08669337506143936 
0 
0.2943542269245836 
-0.05505433527379663 
0.009620038397061683 
-0.1193417231400645 
0.00981827930137863 
0.02390531160072318 
-0.2758289230370589 
0.007493653096473899 
0.1289084243779635 
0 
0.004167382675808613 
-0.003747834084684913 
0 
0 
0.9756547722393052 
-0.005465354159493565 
0.04097470092014644 
0.3271520717585032 
-0.01583942967537921 
-0.01854190530004962 
-0.01365685360452401 
0 
-0.006968403561584345 
0.01973332380196632 
0 
0 
-0.006922788003525578 
0 
0 
0 
0.02760064954176106 
0 
0 
0 
0.01508056454994663 
-0.0877915668557074 
0.05079789275561402 
-0.008322186739307258 
0 
0.1716783233914106 
0 
0.1221571838597931 
0 
0 
0.002133120037204668 
0 
-0.005657814961516786 
-0.01230376533296569 
0.007995426279377433 
0.1051275338710702 
0.01942597623706054 
0.1824494576922913 
-0.128431699518552 
0.01985479109942023 
-0.392261848166675 
0.002972433993472594 
0.1235088188239493 
0 
0.663831514562604 
0 
0.0674846860096979 
0.04910029442732045 
0 
0.01478344836390968 
-0.0789880516019925 
0.164211992269863 
-0.02918804616457907 
0.02979022091100524 
0.07061969722809075 
0.05475787216376479 
-0.2132104683801085 
0.004778624414246425 
0 
-0.05748532253320472 
0.06991395999447915 
0.01735993689765745 
-0.03190313533426387 
0 
-0.03534306022664017 
0 
0 
-0.01094136675535516 
0 
0 
0.002936371920595652 
0.0618951272495678 
0.9211465033686671 
0.01258816374639408 
0 
-0.3173411790355263 
0 
0 
0 
0.08725625698747387 
-0.008918726678200595 
-0.1117602818943345 
0 
0 
0.01566390381124337 
-0.007117403633730326 
0.0009276507282537668 
0 
0.08317824636210408 
-0.009534658477189713 
0 
-0.1666469624205695 
0.3223870800726687 
0.008549084188399387 
0 
0 
-0.1978455180102328 
0.01918528992271386 
0.031704157064982 
0.08337003706161623 
0 
-0.5200247447453024 
0.0007386023428639476 
0 
0.1870240248741057 
0 
0.02833123171538194 
0.3873260877354795 
0.04894079099286397 
0.0801830211555449 
0.008325951791490215 
-0.2733951778225318 
-0.05027124853724848 
0 
-0.1564989968017776 
-0.02037953111109943 
0.01537065574993891 
0.6165138609804154 
0.2260542699413285 
0.2173837518143808 
0.02557269008616853 
0 
0 
0.03038043498757686 
0.01309023188208155 
0.06181813464707162 
-0.1180627690049143 
0.15702505037557 
0.1172216717248687 
0 
-0.01179323042304583 
-0.01576035788829011 
0.007840581133074851 
-0.09118628148525698 
0 
0 
0 
0.02455689606093513 
0.1444414598957242 
0 
0.03024339360588779 
0.03447175910982911 
0 
0.1408591912839638 
0.2504060234696631 
-0.004909434507787806 
0 
0.06178722366467709 
0.06795871679272389 
-0.0348377498329441 
0.004109253998083131 
-0.2959604397624693 
-0.1890533697334538 
-0.001831764288009703 
0.04290864822010743 
0.08897074847481298 
-0.7538502353316917 
-0.02214207842874497 
0 
0 
-0.08427250688987718 
0.0635248600142487 
-0.005101617108926128 
0 
0.01448233024442237 
-0.03575463983050621 
0.004736502268763695 
0.08818404417910718 
0.02671723327853087 
-0.2575222784795012 
0.04061993717345424 
0.02687587638451456 
-0.2575222784795012 
0.1949550212122323 
-0.1301198018245749 
0.06616766088147782 
0.8614370500579802 
0 
0.01056551697591491 
-0.138172898013931 
0.0127910346065705 
0 
0.1104458792974776 
0 
0.043677770069072 
0.2095223842296156 
0.01788816788970531 
-1.24457748229969 
0 
0.02382789023854132 
0 
0.006182683802698523 
0 
0.01269395803066268 
0.05110854802580589 
0.04343498380024161 
0.08272467241154113 
-0.1058685410838863 
-2.991105390994821e-05 
0.01456423367931752 
0.008622880964533961 
-0.01104483314585352 
0 
0.08304710679702469 
0.3701024765094039 
0 
-0.200004241769607 
-0.0496764708365989 
0.003725160318975218 
-0.05206157146489206 
0.004695406183331704 
0 
-0.03487188414797592 
0.002113782493982825 
0.003610645520339315 
0 
-0.1176124268044778 
0.01690078694812727 
0.02851726761862377 
0.1370386229120953 
-0.05631440889414331 
0.08121712508130076 
0.008550258124380386 
-0.2025159769266112 
0 
0.02822649244403979 
0 
0.03070444302167323 
-0.1349346926855765 
-0.08699935387865719 
0.004710205248586512 
0.01375428805609086 
0.2729098845354523 
-0.2187562940535761 
1.06720129802666 
0.004933348486702468 
0 
0.1424749827174291 
-0.1396049029440074 
0.2433190336399253 
0 
0.3115458600375304 
-0.04940386197568985 
0.09589122230631407 
-0.05243712320590399 
0.002932561741018988 
-0.00119370075342368 
0.001093238683599318 
0.01458961553945709 
0.006599155734695142 
-0.04650305876224251 
0.02544987808910303 
0 
0 
0 
0.1390399303566036 
0 
0.01938046403232734 
-0.00542552676429298 
-0.09160356056885405 
-0.000608480232578687 
0 
0.05383157675251558 
0.21623565102265 
0.004853726956081836 
0.4253467089173857 
0.008989446316419712 
-0.003886679912394398 
-0.0831567084586083 
-0.8438155000556989 
0.1558575916756722 
0.05540166347247273 
0.4186017350058294 
0 
0 
0 
0 
0.3959396750299838 
-0.9347575773078458 
-0.05301791652692368 
-0.05456294730886558 
0.07428876890771338 
0.2487850838905271 
0.08187386645640954 
0.05298491577737108 
0.238875828047984 
-0.3240159859360817 
-0.02922908225390797 
-0.0125321804827285 
0 
0.05861710723983959 
-0.6181666790830354 
0.02179423772744332 
0.01592359466585701 
0.05333051586159647 
0.1103644043039195 
-0.08407319466028985 
0.03155217313378084 
0.3216619095751226 
-0.0362432219127299 
0.001555284375312223 
0 
-0.03987638208518375 
0 
0.3555874359486262 
0 
0.0006635834289463972 
0.08976303377327617 
0.04367671812348132 
0.01336969806309772 
0 
0 
0 
-0.00845476387653892 
0.02724961896506608 
0.02475407218945448 
0 
-0.01231838725066761 
0.01938385359691959 
0 
0.02421839010595371 
0.08519563876390202 
0.00663064017058391 
0 
-0.02278696221785443 
0 
0.4901561506557342 
0.007436572922374856 
0.08470250572096734 
-0.7300660175596656 
-0.01370428639605657 
-0.5783380668593059 
-0.06879840084997679 
0 
0.3963661497000601 
0.01572628350969377 
0.05697885866814864 
-0.02978208906038507 
0.0009328897666439546 
0 
0 
0 
0.0851736906873371 
0.05325749002323763 
0.01981246727093742 
0 
-0.4350849605844123 
0.02488482190647327 
0.3041117367613729 
0.01644921503462205 
0.001160700917408226 
0.1889768279316084 
0 
-0.006620684463401126 
0 
0 
0 
0.07059526535238818 
-0.125843035566008 
0.250896395331518 
-0.01257140472958437 
0.009399601994731719 
0.07755552368657365 
0.244364204045194 
0 
0 
0 
0 
0 
0 
-0.0283270355740645 
0.3665552447469438 
-0.4155029204437779 
-0.1486180339715583 
0.1255405092389796 
-0.0241750881362148 
0 
0.1679913623871968 
0.04534597825880071 
-0.0374767038304568 
0 
-0.001377713242487624 
0.09489490881334579 
0.03823757581427262 
-0.06870822975238818 
0.05697198552158874 
0.05110964004139822 
0 
0.02415162929753138 
-0.01637725604313699 
-0.004520060641699696 
0 
0 
0 
0.170998721918273 
0.003629700582118203 
0 
0.05296705770634852 
0.02304410261965172 
0 
-0.1474847968141271 
0 
0.1720669765231788 
-0.1713435428897526 
0.03675520322366472 
-0.008999455423793046 
0 
0.01510715283585599 
0.01570283972678175 
0.1752199782829648 
0.1582576004127433 
0 
0.03611058055942391 
0 
0.07929698971513256 
0 
0 
-0.007559668773664459 
0.05155224720126503 
-0.02474524339038387 
0 
0.009278661471046312 
0.02295689177913936 
0.01491478809354671 
0 
0 
-0.005192451700064953 
0.004455236190526109 
-0.0179709481638948 
-0.007935642257903861 
0.003531256468479157 
-0.01892283130522342 
-0.02773984454330476 
0 
0.1751853916716217 
0 
0.1558469681907608 
0.04012879374096946 
0 
0 
0 
-0.09666983323180989 
0.0003292150470472979 
0.01847540847419974 
0.01359169530828566 
0.1323395762618385 
0 
0.12887756592846 
-0.07256484350180847 
0.1105206605898193 
0 
0.04205909598298629 
0 
0.7207464463001774 
-0.2767674702449315 
0.01473723240501685 
-0.0346179695786956 
0 
-0.5136393052779212 
0 
0 
0 
0.3790531269616196 
0.04103709911291299 
-0.01088503638342585 
0.1700461349975187 
0.005901202944389975 
0.003002787918263075 
0.01962552445634536 
0 
0.2677803257046136 
-0.02508065294059975 
0 
0.01501132820838577 
0 
0.05437915090725415 
0.1436644343696976 
-0.02532230160854933 
-0.05698149049117969 
0.001519508761873214 
0.006643716241713355 
0.01828644042038868 
0.1455534428491967 
0.04918185624608338 
0.01516966441342817 
0 
0 
-0.01046409680885026 
-0.6663785964167329 
0 
0.2204109976740179 
0 
0 
0.0009073226373335866 
0.02657298024624803 
0 
0.291099618159678 
0 
0.00957206439441906 
-0.06408308717787531 
0.001982967198271404 
-0.3410796513621971 
0.1167356236177916 
0 
0.05226067527604868 
0.07046803980061403 
0.008067822901080005 
0 
-0.02203550250175655 
0.001566583188245098 
0 
-0.5055727246464203 
0 
-0.07584762589503195 
0 
0 
0 
0 
0 
0.001836465751067122 
-0.2895083075681776 
0.1063704632957738 
0.008982035630812199 
0.0446505139598076 
0 
0 
0 
-0.001160786497483731 
0.04842502467246056 
0 
0 
0 
-0.002399620853634266 
0.005043906571318756 
0.09727523536984099 
0.02800501117123741 
0.3860062328621952 
0.3555229684592616 
0.09003821217180646 
0 
-0.03800865455410115 
0.005145083519948647 
0.1505565689135513 
0 
0 
0.21622274685967 
0 
0.2614948567273958 
0 
0.7408699536160491 
0.1152414491963865 
0.02201924800520356 
0.1783638986727289 
0.1827058059679545 
0.1201414785992745 
0 
-0.01676186151184617 
0.002898490488976139 
0.09585847160062427 
-0.002729240259906274 
0.02139929333556899 
0.07735781251703573 
0 
0.01149893183578771 
0 
0.2728715783771585 
0.04184283739933934 
0 
0.03364474781440221 
0.1466265459047416 
0 
0.01753254355092179 
-0.5315381540936652 
0 
0.0003038606714316601 
0 
0.06159516536978079 
0.1712761930989483 
-0.05334955988950753 
0.02778051086384359 
0 
0.03226213190526796 
0 
0.5758510113271843 
0.1308187434156503 
0 
0.05120762306749052 
0 
0 
0.01000746583171454 
0.0761478013431694 
0 
0.0203821473238095 
0.1359248907808166 
-0.05150662697625252 
0 
-0.2345010838988 
0 
-0.03915719357948275 
-0.0128592688670832 
0 
0.06469523711174473 
-0.06648387503652506 
-0.01753710227046592 
0.001912870037116311 
0 
-0.02625064010623091 
0.2001682008439701 
0.1008931105571966 
0.01268134974666987 
0 
0.02537567986545263 
0 
0.2714720601932719 
-0.1886555298825549 
0 
0 
0.01303905903481185 
0.1584377607847355 
0 
0 
-0.03519778313683759 
0.03897184882270718 
0.2640621322799504 
0.04627484320832098 
0 
-0.06783027294167128 
-0.03589191128697872 
-0.002745793704532239 
0.013296266632388 
0 
0 
0 
0 
0.04823508981595919 
0.05679384345206207 
-0.02566155041365716 
0.2269088217115142 
-0.06987949073831581 
-0.01575218474311523 
0 
0 
0.01184531928702835 
-0.001951186320898356 
0 
0 
0.03116859187519598 
0.01958216867995521 
0.07142974285712463 
0.01693908618904846 
0.04543082384109894 
0 
0 
0 
0.02142760756087476 
0 
0.3470544934027674 
0.007895888489482465 
-0.2224106887390266 
0 
0 
0.01464971097898287 
0 
0 
0 
-0.1894944367378343 
-0.04347585681858021 
0.1269791739709595 
3.819021951633918e-05 
-0.01319521593649158 
0.02017820920609794 
0 
0.05039274552472578 
-0.0199511489795537 
0.04434732740115049 
0.03701477952061612 
0.07261854455484879 
0.4224304821486277 
0.08111420270170747 
0 
0 
-0.0268236942811943 
-0.001259785298733112 
-0.0002088349675077712 
0 
0.05833593463578401 
0 
0.7056911867917246 
-0.04893632948893929 
0.05807837452625787 
0 
0.01683485133124907 
-0.01177125554637852 
0.06288175568012724 
0.1118462335132665 
0 
0 
0 
-0.01762986788900293 
0 
-0.08385695407896603 
0 
0.0001428810483139401 
-0.0175490192220123 
0.1687814780938288 
-0.01930046269810141 
0.007261901225848875 
0.02316669041986116 
-0.0186510990274415 
0.01024901813875037 
0.0145815511320066 
0 
0.01279328870262167 
0.262328006584191 
-0.1189521724330826 
-0.0001513919503169821 
-0.1209406075867732 
0.01996837065540261 
0 
0.0240008377350059 
-0.1059973818038132 
0.09128258550323613 
0 
0 
0.007217718144616162 
0 
-0.02398568140161219 
0.1865768428856779 
0.02330514249875454 
-0.01528547926572772 
0.02939153967844535 
-0.02157176726769821 
0.007559338649530739 
0.0345704645063024 
0.005152647201201686 
0 
0 
-0.3374197703453491 
0 
0 
0 
0 
0.02502031001440337 
0 
0.4845911067811299 
0 
0.06840078010634493 
-0.01202830109539778 
0.08756243832167844 
-0.02566575729736018 
0 
0.04803799090883053 
-0.02381584651213896 
0 
1.184843495016526 
0 
0.01361015681518884 
0.00460369005770422 
-0.3135324576473458 
-0.1965511511849367 
0.01319133011474501 
0.04915612848628177 
0.02670193985630469 
0 
0.01134382264938309 
0.01850507528590083 
0.0966387279945646 
-0.01667217397940551 
0.05111746264193852 
-0.07279135453593345 
-0.003890564232803691 
0.02276410757051208 
0 
0.0877251608007361 
0.05986831965077741 
-0.006267509812547852 
-0.03645601346748412 
0.4774061355055931 
0 
0.004912379241874499 
-0.009701901876127596 
0 
0.06088268433559295 
-0.05975610013370772 
-0.004751685244136846 
0.07992831781005681 
0 
0.1805395954340263 
0 
0.08471538201200246 
-0.07616680027647978 
0 
0 
-0.3859714662571021 
0.2532446519663938 
0 
-0.02166080025347243 
-0.4665147540568685 
0 
0 
0.00679133920032804 
0 
0 
0.006646989320131882 
0.1232253658140101 
0 
0 
0.02004207107609155 
0.009464644605086794 
0.02518514405962474 
0 
-0.07074630625564174 
0 
-0.4219068597405883 
0.008672003445112281 
-0.05180452882220218 
0 
0 
0.1825216719508115 
0.07704229924008138 
0 
0 
0 
0.0113879372641078 
-0.01102016409005245 
-0.005851776231228584 
3.68599574041202e-05 
0.2240870599711737 
-0.1165544695319407 
0.0788903940990122 
0.03729555532367267 
0.3060635241391539 
0 
-0.0318440178733947 
0.08697777075844633 
0 
-0.0005128606769723732 
-0.08838579776790213 
0.03731377934329726 
0.003608269179578555 
0.01846274631700368 
-0.1756482191318901 
0.004843690840915291 
0 
0 
0 
-0.4656756291792384 
0.003099366328175176 
0 
0.007811528361336891 
0 
-0.2200632130410242 
0.001121953021272489 
0 
0.003645048299539727 
-0.001729070932082161 
0 
0.1153197775589843 
0.09661547430076775 
0.007281505991256789 
0.05100792114707219 
0 
-0.01104555966471517 
0 
-0.01402538738998607 
-0.109175976214533 
0 
0 
0.2409313257010321 
0 
0 
0.1170627827212553 
-0.03570646479532363 
0 
-0.4145205089946916 
0.06333183812675215 
0.03848089799146177 
0.01220730236524776 
-0.04632638992926992 
0.1082682693935468 
0 
-0.01721216308558891 
0 
0 
0 
0 
0 
0.07192794421108609 
0.2959669163834705 
0 
0 
0.005306043392247142 
0.01881631328763879 
-0.00912599509656096 
0.1875996393561241 
0 
0 
0 
0.08305688790465252 
0.5398196082791523 
0.01550976481916077 
0 
0 
0 
-0.00236989611197971 
0.7533640392452403 
0.03434613388589856 
0.02542603222870833 
-0.002433793760353388 
0 
0 
0 
-0.007255197895920396 
0.00672013731947676 
-0.004113048243397813 
-0.06304946874444527 
-0.1010828709589875 
0 
-0.03117886356912479 
0 
-0.06348371686266908 
0.1527234309733154 
0.1279479138189418 
0 
0.1510175719592318 
0 
0.3313525603300049 
-0.266800322085179 
-0.04007751635805677 
0 
0.1866693908945206 
0.02171473269398728 
0.04149099057565611 
0.02019879421366731 
-0.405937099048325 
0 
0.01781703283219949 
0 
0 
0 
-0.01439730970252498 
0 
0.03593570033502368 
-0.006314186066774582 
-0.04432546261453919 
-0.05990551036227619 
0 
0.002593215649465952 
0.06516899269675611 
0 
0.07509674770943146 
0 
0.01678180994919646 
-0.004487206714231418 
-0.2442812848037302 
0 
-0.1774874188369202 
0.4877979725088437 
0 
0 
0.009136641741326213 
3.917727572692271e-05 
0.04954852976281319 
0.02910949384433788 
-0.2189822933119544 
0.05284727168711473 
0 
0 
-0.1206308970468167 
-0.1291390804504483 
-0.09837426153713516 
0.1652264322693699 
0.01170645089190219 
0 
0 
0 
0.2079981417386934 
0.01744013361654267 
0 
0.006317236077482521 
0 
0 
-0.01632759909054029 
-0.2250124999868001 
-0.329166594380138 
-0.01361460664081667 
0 
0 
0 
-0.003679873642953163 
0 
0 
0 
-0.170324605559096 
0.03818481375431105 
-0.03977903397984348 
-0.025825791676182 
0.001905448639182581 
0.5363597766417612 
0.05195015054022639 
0 
0.01375481671967316 
0.01292777129477883 
-0.02390847494012045 
-0.09504060040882899 
0.08615991366252661 
-0.1240636590018149 
-0.04590873012822994 
-0.02824281351444352 
-0.0380080173133809 
0.3293077390811673 
-0.2555675742027483 
0 
0.01116870714951869 
0 
0 
0.06132199476483509 
-0.1875998777863387 
-0.2816474061184898 
0.003034372918246093 
0.02828503096236765 
0.006562269766363087 
0 
0 
0 
0.47846976945659 
-0.03807535389465024 
0.0742004125434879 
0.06981867767076287 
0 
0.0007887714571837794 
0.1452392255440748 
0.01421660673083558 
0 
0 
0.2624923099995182 
0.2288835021004558 
