solver_type L2R_L2LOSS_SVC_DUAL
nr_class 2
label 1 -1
nr_feature 5000
bias -1
w
-0.1749459555658855 
-0.1522074215641902 
-0.1427806543012053 
-0.02575927045689086 
-0.8464893437519209 
-0.3470924877877851 
-0.7863722169379641 
0 
-0.2296435305270159 
-0.2709922905276996 
0.7999248205027125 
-0.9238603288355199 
-0.08984949133579102 
-0.1594514486751057 
-0.2017000045020717 
-0.9816637878716354 
-0.3107093421336398 
-0.05069051919104346 
4.704536615114701e-05 
-2.290132090347107 
1.344078871219915 
-0.07930463027082103 
0.1782815738830225 
-0.08496727968584041 
-0.1304580158966156 
-0.4695636024656415 
-1.97647568463828 
-0.07238420100907875 
-0.4352395205170523 
-0.2633022201576268 
-0.8446688046716774 
-0.1647010171612363 
0.06468962270034173 
-0.04224271279964369 
0.8686919734266327 
1.296348181234299 
0.2849762286734063 
-0.7523870904476817 
0.2075540787309225 
-0.1212022568067276 
0 
-0.1207342217402244 
-0.4323050633082539 
-0.2004757086895492 
-1.001758307455287 
0.04721366916218662 
-0.01647288610962274 
-0.6587080552648412 
-0.448502697654549 
2.226887945980675 
-0.7933525691726758 
0.06259051838756841 
0.08784417340120212 
0.05248661659715761 
0.6440715776771821 
0.3064287216940607 
0.07634457080095941 
-1.691719508942387 
-0.04393914570133611 
-0.6575921457499594 
0.2533810604847558 
0.3266492042822624 
-0.8580900777033137 
-0.1155555654106319 
0.3826205346632033 
-0.4705998515395492 
0.4025986136910748 
0.4683113423842818 
-0.05610424199350291 
-0.2215463463946884 
-0.1709287683339957 
0.7415379065583483 
-0.3930235373739517 
0.5512775147915893 
-0.157451718324768 
0.5033260795942698 
-0.007978656525808965 
0.02145682145112026 
0.1857044985863327 
-0.07263364626435002 
-0.6029385040827484 
-0.3060556247106597 
-0.7923817830422217 
0.1919417245573608 
-0.6614597622811919 
-0.3425144457318794 
-0.2659657151114939 
0.08216697421761547 
-0.06252190023034226 
-0.2336455342477169 
-0.01372729896670316 
-3.402915187022624 
0.121791773268583 
-0.8793451112058926 
-0.235340765152936 
-1.467527412022702 
-0.9774602056266966 
0.01407783742102687 
-0.8226437682933734 
-0.05404844992104096 
-0.04136715051105583 
0.1417661121401294 
-0.7024598740162638 
0.0164533278020589 
-0.2796492940072908 
-0.3640595369004377 
-0.2939540294679535 
0.1161076584563529 
7.047314121155779e-19 
0.0726898769805315 
-0.1390096630089969 
-0.2001858824387898 
-0.017957900445291 
-0.04515412655369271 
0.6802787056184759 
-0.4590067026034076 
-0.02581430419962636 
-0.05652366750466344 
0.9869868843910373 
0.0780585082826129 
0.4340306148231542 
-0.2981670393278829 
0.1675660011557789 
-0.0368856722284094 
-0.03787759057969812 
-0.331149001856269 
-0.1000071458579437 
-0.6305070261939359 
-0.04838618503256394 
0.01736046546429335 
-0.02385435163725922 
-0.4384987715986468 
-0.6966289282859313 
-0.0834161033640589 
-0.218112584210695 
0.08863596677273633 
0.2900780954199068 
0.4764844099224235 
-0.3713188432667399 
0.1659505760078243 
-0.1462344016888364 
-0.9417471984553185 
-0.1089973181932516 
-0.4026215806884378 
0.118165172866357 
-0.160359126951996 
-0.09602541583539152 
-0.2721280980593399 
0.2064762320504159 
-0.1311247271410968 
0.2398279732579358 
0.02887234534511563 
-0.8912034833380451 
0.4799260450252271 
0.2495826918081204 
-0.9171515801317979 
-0.04683214892972889 
1.311170151067129 
0.1151719208449802 
0 
0.1782998262245634 
0.2928299200358048 
-0.5990658363755782 
-0.8108032325620057 
-0.4496719112707904 
-0.05586747314845562 
-0.09839672376014995 
0 
0.1505102258691857 
-0.2729686058267277 
0.324339040905634 
-0.01699482673723148 
0.4268487042763823 
0.2919203047953192 
-0.1661296359069901 
-0.3993302590089052 
0.9946833466705293 
0.1979739852484815 
0.5042815807474356 
-0.6618343232622653 
-0.002255724462742775 
0.4647633659429993 
-0.25223351696817 
-0.02126074561274722 
0.6333943098590844 
-0.005509499861112276 
-1.127028608789618 
-0.5396342687210899 
-1.068352746545302 
-0.140100114432361 
0.02342743463526571 
1.908475280902973 
-0.4722338772292046 
0.0179450339595434 
-0.5376961327089756 
-0.14446286222103 
0.07977244738076768 
0.6201201047426036 
-1.948926610401935 
0.009437177900429318 
-0.03211981622157293 
-0.5477417979237698 
-0.2080665834389916 
0.05436623683721788 
-0.004525317987333816 
-0.4856079854709578 
0.01320489138665527 
-0.1000151128979611 
-0.09423473879360905 
-1.459364523706387 
0.4484031731569273 
0.1562072838325639 
-0.0590915789303629 
0.2179243618675756 
0.9058549005565727 
0.08531964082598105 
2.447552223844932 
-0.08840391526928285 
-0.01986622283007617 
-0.1232197913029784 
-0.9350749433219444 
-0.3668537354629204 
-0.7154337100718161 
0.1066166180118949 
0 
0.2503170726307735 
-0.6022582751058269 
0.2464511330771983 
-0.02245170359179414 
-0.1411049712940902 
-0.06622550497782639 
-0.1217161191858177 
0.1177974054924242 
0.7229714968726597 
-0.02103880345545323 
-1.422965417844157 
0.2312302861583225 
0.7254503337570102 
0.6474238783739618 
-0.04944703556213966 
-0.5927492353821249 
0.03200234876235374 
-0.2273962610145154 
0.4664481877811738 
0.1526823166106193 
0.4136366405507986 
-0.1140129026823615 
0.1744200079729528 
0.2678098371188485 
0.02139962054778086 
1.646768621481091 
-0.3343163576022946 
0.1314680072394236 
-0.2982415752296323 
-0.3090365419683301 
0.08638726045662942 
-0.1204889253026171 
-0.5560914791694543 
-0.06492624896801548 
0.04268925775011453 
-0.02734429435923146 
-0.2138983284530902 
-0.00466669686694978 
0.1099051911443333 
0.07001989238924093 
-0.05948739544358141 
-0.6957605806505377 
0.4113083194450177 
0.2075685937585313 
0.002534114690309823 
0.06890981526652615 
0.03238637087794467 
0 
0 
-0.03317259185548792 
-0.1708846461958954 
-0.1496562380435867 
0.2296257572920458 
0.09751093817676287 
0.1737718956030078 
-0.1873263299112994 
-0.5086451032361677 
-0.07151145115116708 
-0.5006435518397617 
-0.04600195206152032 
0.4631576762451367 
0.9395872503352618 
-0.05173964250849664 
-0.3682000133012375 
-0.02771547159207199 
0.1573061045257814 
-0.055805953811995 
0.02736455664273648 
0.0749746867454299 
0 
-0.1341150377867335 
-0.01454790130066818 
-0.8626578801589835 
0.04097289898522908 
0.0008963587710073926 
-8.673617379884035e-19 
-0.640243507466086 
-0.07089019491202467 
0.4220596398453285 
-0.01300783191890763 
-0.6640117067638301 
-0.08099750680013487 
-0.2087523556656309 
0.0004156130630517807 
-0.9021467531019871 
0 
-0.08368390938150339 
0.1476437912429151 
-1.170299930262738 
0.08559889586481435 
-0.1274363945076193 
0.2280089834870704 
-0.2968511501591484 
-2.315592167803628 
-0.1160600653931197 
-0.5131313861108573 
-0.2472793754434246 
0.9863735201144765 
0.217282323490983 
0.06121045268167794 
0.02777008893021869 
-0.1902331239314444 
0.9038541209182882 
-0.40348476621289 
0.7823428003722468 
0.04006040258361475 
-0.03229166377007577 
0.5114429550080282 
0.3512195056671538 
0.215380992364151 
-0.1787182604412936 
0.3677055185340698 
0.108830001584608 
-0.4262964115341379 
-0.2767113691273796 
0 
-0.515904881220012 
0.03503460757297448 
0.261626423442224 
-0.5873336233899965 
-0.03902863992520791 
-1.485349340486214 
-0.2016425815152374 
-0.2050526997017859 
-0.4533775195600452 
-0.6641806669305241 
-0.3259230426567604 
-0.02253695859278643 
-0.006970293745403961 
-0.1725800688895777 
0.03831038050562025 
0.07294731568084481 
0.05629351258399449 
-0.01808746570890012 
-0.01438036393725394 
0 
-1.707009790361187 
-0.1208921245228638 
0.2339303408540083 
0.01546192329539162 
-0.7924187732021476 
-0.01481693387306187 
-1.294113463164655 
0.01277116283507493 
-0.0863178273342108 
-1.007805078186332 
0.2985222933189685 
-0.2862914245398718 
0 
-1.095537540123223 
-0.06688535044260133 
0.2680665817556209 
0.9291776321505663 
1.008591975820154 
0.7168032260256469 
-0.1638425219824558 
0.2219006571662244 
0.1225969151989451 
0.1132419168013579 
-0.4484624562443779 
0.4058507174499086 
-0.4313762686334638 
0.1117186185718838 
-0.8706437121724645 
-0.6408478164289088 
0.2518408566825386 
0 
-0.1390983946405143 
-0.008832232807758737 
0.9893568881076136 
-0.2549048567014657 
0.4370727641151694 
0.07543040235046945 
-0.8364335790593381 
0.07893054519089053 
0.1674405569253158 
0.5017678374320725 
-0.3624759213540649 
-0.1121532156718535 
-0.5078976413131648 
0.08737373863089917 
0.2581307217468429 
0.2239668525517221 
0.09988696386284401 
-0.1125812266319222 
0.1940736186413365 
-0.1105562906913208 
1.326242579834484 
0.02331533204983714 
-1.556172653242382 
0.9360069725386282 
-0.0114926050297995 
-0.00603078703041115 
-0.006168754305853118 
-0.2525353173443237 
-0.4721546646374708 
0.4238547168342569 
-0.02510017261803937 
2.342558661676782 
-0.130233244530725 
0.05735797418472912 
0.08520152529211308 
0.08446385959772837 
1.187049479152332 
0.728241678114843 
0.3170908877710242 
-0.9869048199612775 
-0.9876005693015278 
0.4726872681847701 
-0.3663548486301151 
-0.08080006843533707 
0.6914321089268788 
-0.309591658861242 
0.008351129906835706 
0.6508933810181093 
-0.2948317187762007 
-0.0006869256068558462 
0.2049687174875321 
0.5012166110137691 
0.6423591109570105 
0.2046121020046442 
-0.8547589074663478 
-0.4009604100161209 
0.892652627923131 
0.5750644496590482 
-0.1305326923244547 
0.434539838691987 
-0.15111797412978 
-0.02355229523647709 
-0.0489441839669464 
0.164998339630242 
-0.5782200558823357 
0.001309125980028105 
0.124589521172967 
-2.433327230970202 
-0.01627624869090792 
-0.45161831745647 
-0.04112126083579943 
0.7048495992696509 
0.5915574007554643 
-0.05781013501075917 
-0.03715379360348071 
-0.2271417339625184 
0.1886126189551506 
-0.02235020500412829 
-0.2545137264041766 
0 
7.589415207398531e-19 
-1.205635035939264 
-0.6589862040842803 
0.227913725946083 
-0.04106303185156827 
-0.02655573797632186 
0.172194074414125 
-0.1959735581167197 
0.2374194599364023 
3.150080837735675 
0.6807295789208695 
-0.5147594781299798 
-0.06974842652858426 
0.4367066217238725 
0.00437363338497532 
-0.1160356380819569 
-0.6098691894226508 
0.3035855400070561 
0.6303035162773053 
-0.1546772482400856 
-0.2736614938193231 
0.05154577457548062 
0.2964602535411671 
0.1337807490665374 
0.4599654039763962 
0.01708896641631766 
0.1238831250171072 
0.2437213297099803 
-0.5380131319356739 
0.3975591109982141 
0.1484093522230498 
0.1871249451592164 
-0.3065244112449296 
-0.1103210667225081 
0.744174549463111 
-0.161780915618968 
0.2345481257708341 
0.2383015648806129 
0.3510502246419452 
0.1252208763236171 
0 
-0.8220489641227008 
0.5179905764263666 
0.1928062600128543 
-0.4097388586695498 
-0.2875951506958895 
-0.1391880397660271 
0.8984207438057731 
0.00355133386242862 
-0.01907618268039741 
-0.03665182376066196 
0.04763750990433659 
-0.1492909739492795 
0.02879237959569721 
-0.8335836400770292 
-0.7843919506548055 
-0.08716678040245192 
-0.1085130267131337 
0 
0.08875762927422698 
0.02235054589275169 
-0.6178003797688845 
-0.06833837963727865 
0.05308858922365274 
-0.0263105409086238 
0.3343256599550706 
-0.3577426255065435 
0.05878374755335806 
-0.3049033342955503 
0.5221270315717058 
-0.1142407116046584 
-0.1498371292178479 
0.2126165677022057 
4.336808689942018e-19 
0.06285180343891632 
0.08532017958628682 
-1.006031106678689 
0.4851515476633366 
-1.91863303858298 
-0.2109180296995816 
0.6429876437721839 
-0.001216290859728333 
0.05727076655903374 
-0.02575598019113432 
0.9455185316209472 
1.861258357573791 
-0.03342839788356266 
0.6699963932007903 
0.07002010881555301 
0.546179458738605 
0.02876289670048792 
0.1215405883401598 
-2.381874291514836 
-0.03532870621336478 
-0.2176050315920928 
-0.3470262184439803 
0.1038006771679749 
6.505213034913027e-19 
0 
-0.05014867276958804 
0.9794126151918309 
-0.02894673556357507 
-0.0008145728234102279 
-0.01121208651014736 
0.0103927615264192 
0.02421251527422844 
0.3504861464272285 
0.09291556000511689 
-0.3979169176244859 
-0.1720789333801938 
0.3460401331338988 
-0.3120906788056923 
0.08458972049178576 
1.033186632747638 
-0.08150553676453742 
-0.3055039966093619 
-0.0310925401850408 
-1.174136441947902 
-0.03722551777132042 
0.1503749533709406 
-0.02457715683898599 
0.3128267742899283 
0.6089049999638887 
-0.432016355646184 
-0.8946772947022305 
-0.5351529846796158 
-0.4646610597867208 
-0.04248671055202805 
-0.02479014785491341 
0.1265482837025529 
-0.7709041082754402 
-0.04485023733409928 
-0.1551399135371354 
1.041510793644797 
-0.1829070460372386 
-0.007970627330765178 
-0.364996733254125 
-0.5570113113194205 
-0.9986091395843717 
0.09521493074809186 
-0.07109655522997031 
0.06149649350681411 
0.6826303572121434 
0.3364387228245022 
-0.6098133547479395 
0.1123348698662263 
-0.2037175706638629 
-0.01460820293697893 
-0.0007268513319601772 
0.5179825345016064 
0.1360404134639943 
-0.4191207083847452 
-0.0238656256152963 
0.0684269355753455 
-0.13662209392144 
-0.002435224824403195 
2.05029290139824 
0.7194020648617655 
-0.160461172712817 
0.2130207444999861 
1.40215177933856 
0.009812685014419826 
-0.1499759824069189 
-0.1938860035841451 
-0.02386547174953542 
0.3092519842268853 
0.2754813767010227 
-0.004667215157839544 
0.3217602957192907 
0.3907659156645241 
0.004386362734295947 
-0.1292062421727446 
-0.06049870907445366 
0.6843177775837385 
0.04878310535676801 
-0.8577527838400645 
1.351116187021457 
-0.03496818857067562 
-0.412063092610694 
0.743274553593374 
0 
0.223041562758303 
0.3026541451511543 
-0.5455083692816111 
-0.002301020369147188 
0.5278594783823214 
0.0222804538184944 
0.1316052521795319 
0.4171181549056186 
0.585163847541637 
0.01756552942160692 
-0.1229287884427636 
0.5369837901826782 
-0.1604357662640923 
-0.4150002928298148 
-0.03813483655980225 
-0.4445414631051866 
-0.1112198062740747 
0 
0.1939207082154813 
-0.3892934728216186 
0.1961306888253189 
0.180665518237658 
0.04596167800960158 
-0.372274048137893 
0.09675709380552416 
0.06737132062120896 
0.2492095374559752 
0.06654952103270076 
0.1296894427878772 
0.165315335935365 
1.144963025974969 
-0.03119273918895696 
0.3930566835920102 
-0.2045858805668206 
-0.01260430270231646 
0.375081634952905 
-0.005689667512674979 
-0.05459567317699102 
0.05528074233341294 
-0.008527656886129442 
0.3632639488274387 
-0.1099844406149946 
-0.1017522753592631 
0.05748288947346434 
-0.07633024633747562 
-0.009036216359307006 
-0.06865536621834858 
0.03454385953960909 
5.759824041329242e-20 
-0.2327194003946562 
0.3459204672386499 
0.002138619190501874 
0.06670815998847004 
-0.02999828880618539 
-0.7601194316614281 
-0.003499732789308559 
-0.08399377578543041 
-0.113555610554856 
-0.009564828309908447 
0.1993859379795273 
0.2990131531849686 
0.6903145992880065 
-0.103334342001757 
0.9509245694244457 
0.02980786902511486 
-0.2065291128942465 
-2.480145702418514 
-0.310514466389379 
-1.060540355549489 
0.07638407650367847 
-0.01720251746546578 
0.08141481460305666 
-0.07762448525862443 
0.3978898160823161 
0.7839744828754708 
-0.02323166145759679 
0.1464715704156542 
0.6163581426549209 
0.02777565779547055 
0.2796579370321461 
-0.09235332516802632 
-0.4945532131968577 
-0.1017868506628516 
-0.1935813267349082 
0.1880058705954493 
-0.1626507039237501 
-1.271954282609964 
-0.431168598238944 
0.1087596254642089 
-0.01672077286168272 
-0.2283581357418156 
-0.02470515363571998 
-0.6635415714727371 
7.486067135266671e-05 
0.344978600121046 
-0.01097192779537019 
0.803671914435228 
1.219988197651986 
-0.1234356862568772 
0.4230668961878604 
0.009503252722217186 
-1.478819960216785 
-1.580808382995881 
-0.4329685984385452 
0.1474847320351878 
-0.2789057856414123 
0.2354762023705603 
0.3468218484706082 
-1.875427252959576 
0.3495248251458654 
-0.9037182962390077 
0 
0.1103450427126466 
0.2599553344003404 
0.1513941464590016 
-0.5074002739435198 
0.686044561681139 
-0.002384212359580244 
0.7479537284239953 
-0.6874652956579034 
-0.4921090944137391 
-0.3696649881188502 
-0.1023678989469789 
-0.5212443422575476 
-0.02768759505967265 
-0.5110902708837289 
0.01270257908292086 
-0.6041551152165208 
0.04749946514784985 
0.630602447514289 
-0.0313896389989253 
0.6007133971018939 
0.6882358045582724 
0.1647941259295283 
-0.001986089332373353 
0 
0.02620287038155936 
-0.02936531310017871 
-0.1739008850323158 
-0.01050600358034236 
0.3251965135019521 
0.3575377479050564 
1.594369138845104 
0 
-0.2001131161292686 
-0.07135533905957334 
-0.2268448657136489 
-0.2009032145880839 
0.2722948650467268 
-0.002394907829072292 
-0.1328923267967494 
-0.4499659468527691 
-0.0007374990556536186 
-0.2380968447375389 
0.2368758970709547 
-0.4368980900660577 
-0.09762423948305608 
-0.01266562711183148 
0.19860643595419 
0.4821075086246654 
0.04465860931097647 
0 
0 
0.491100548288194 
-0.8409495786969086 
0 
-0.2394716575907312 
0.0005197090541233187 
-0.2169715375098159 
0 
-0.05553961435824748 
-0.6883500068888525 
-0.6707800116026766 
-0.07175122728844842 
-0.08231974017578075 
0.01928368245661103 
-0.1562812537746903 
0 
-0.03824394684510208 
-0.06142179190399321 
-0.002403717146026924 
0.0559583358583473 
-0.3455825839176668 
-8.944667923005412e-19 
-0.7162005487591018 
1.125623444178598 
-0.01973501204207722 
0.04090956019767919 
-1.319247577126395 
-0.6128068493386788 
-0.05818786879393818 
-0.107351494288417 
0.03563047576026826 
-0.2078373631185222 
0.03656555185823386 
0.3918297478770839 
0.05475680539999746 
-0.2564851141123978 
0 
0.01535445297354688 
0.3954042062298371 
0.05094624604430472 
-0.1315090398051466 
0.001693685071338219 
0.4052121738288784 
0 
-0.06011582355191379 
0.257387363667719 
0.3215244883953216 
0.02925861716297633 
3.782408631095341 
0.323769381060856 
0.0001753440621399545 
0.02579102079918225 
-0.511729862553322 
-0.1562203406860356 
-0.1095105831764471 
-0.01106283667049293 
0 
-2.265943246889399 
-0.270706685923251 
-0.001506153008719416 
-0.002897550445172177 
-1.255641557273897 
-0.3249548862762142 
0.4629697323921595 
-0.8291821431475426 
0 
-0.1466011758651493 
1.177371252211793 
1.497136851367016 
-0.08144490941473176 
-0.6963532841046511 
0.2846721680767693 
0.03098821355366442 
-0.5262811300716622 
-0.08031889861821047 
0 
-0.01469694438318054 
-0.4740973026978724 
0.08759278270323094 
-0.3419265187838327 
-0.2734863890776745 
-0.1532750078653378 
-0.01940374097943931 
1.006246296659748 
0 
0.009028140403907519 
0.03625936262635741 
-1.902865416341057 
0.444145692582769 
-0.4736773016026237 
-0.01088704552861502 
-0.3677533025093243 
0.3879577194915206 
-0.1538513957437669 
-0.1159207208209406 
-0.006612163650470023 
0.03565200567460299 
0 
-0.003251290264913781 
1.320071724355808 
-0.0579712083850062 
0.3609942756588868 
-2.088611270646284 
0.6866856190307309 
0.0003310588776346395 
-0.112676290337396 
-0.1032176665489205 
0.060899195966566 
-0.02274690614762521 
-0.6024967978180186 
-0.7094797678188568 
0.6675346489227652 
-0.02506513019736708 
0 
-0.333428174377043 
1.084202172485504e-19 
0.04820637167898378 
0.720499297639992 
-0.8046126050210566 
0 
-0.1896838741688421 
0.008641492902375971 
-1.020125622298639 
0 
0.09518405741575543 
0.3492518598259012 
-0.2281754407472385 
0.2050421059198901 
0.2810580739462699 
-0.6675020147314583 
1.784753716272306 
-0.01375967854924955 
-0.2981417719684019 
0.2005763544623323 
0.6332815073387685 
0.6990252844707188 
0.554416043770204 
-0.006948532422512566 
0.5247275291859597 
0 
-1.066725311669139 
-0.1640709411860906 
-0.5548057138609499 
0 
0.3765999835116129 
0.01293941539514997 
0.02114477127180108 
-0.2392285810495176 
-0.171104518765588 
-0.1448558079627173 
0.1810952440649562 
0 
-0.1364432909911613 
0.01576763421516796 
0.07056308120211882 
-0.06297936053835282 
0.002022686372320045 
-0.0002315027951642663 
0.2402732093860137 
-0.3618073920831895 
0.05758094706498584 
-0.3957601595184047 
0 
-0.5271743586458061 
0.08686671470699135 
-0.1594199749602226 
-0.3335900599981469 
0.3840014109577183 
-0.2636972738519671 
0.04207656317381088 
-0.4560632368495556 
0.06967842264437782 
-0.07611790084418349 
-0.4165723052626187 
0.04191428093875824 
-0.0502393527311082 
0.1417577263787461 
-0.1747989193529353 
0.01342942296230472 
0 
-0.3747625810583635 
-0.005272990423105427 
0.6241869010523292 
-0.03671788067036304 
0.3969751557206174 
0 
0.6514641917631823 
0.4444683382272824 
0.7279584830060885 
0.08642254420198051 
0.01010895048596281 
-0.01481456665996382 
0.1046130689739021 
0.5620546614859134 
-0.7182892060281003 
0 
-0.1168092983931151 
0.4116476435990147 
0.002602825881285638 
0.03556848617214699 
0 
-0.1813875837500701 
-0.7976251424525377 
0 
0.2761283022749138 
-0.2664987741243584 
0.04055015791024073 
0.7161335949307189 
0.2730389961769212 
0.3435699744900596 
-0.02125165092206917 
0.8018006464696233 
-0.180430579177905 
-0.3400133258091663 
0 
-0.3923130811540996 
-0.003762863100407396 
0.6513527356343441 
0.04829765917495944 
0.07982207862541799 
-0.02329317362330573 
-0.351475289911125 
0.6397825842371211 
0.1338993196886789 
-0.02944281850661779 
0.1499134567399764 
-0.3374913024283697 
2.534263210696808 
0.1601993231067578 
0 
0.04496364849908961 
-0.05744770331281601 
-1.401999119192534 
0.7661707861671967 
-0.005634852924368142 
0 
-0.0753533208707505 
0.2596706857496002 
-0.2632412059827489 
-0.2139502364261406 
0.4828406848216341 
-0.5860846486710662 
-1.143389911014887 
1.598108311117304 
0.101501360275555 
0 
0.528674891591451 
0.02046401544507127 
-0.0953967934112039 
0.05220235709160127 
-0.216908699992514 
-0.3249528639274969 
-0.006491514189413114 
-0.1341060884114722 
0.5164116942833071 
-0.1831684008726248 
-0.02042796479688409 
-0.1721664494286418 
-0.007051564009715994 
-0.2757676075816828 
0.7396036892964289 
-0.1789858005939765 
0.5554446766333828 
-0.4115565479064097 
-0.4274316410823734 
-0.2385022426314017 
0.2278879822463414 
1.037356244903381 
0.4528454274775114 
0.7040717415450385 
0.001951328357491617 
-0.1181241689732537 
0.02168379721237792 
-0.1222946445631109 
0.07904312568972281 
-0.404798192211037 
0 
0.5010373971404531 
0.0905862138771556 
-0.2621454246080878 
0.4712868863143675 
-0.2290349687433864 
0 
0.03988709041279449 
0.07555546394161852 
-0.4637331977017718 
0.01247192018041198 
0.1233826157155124 
-0.05682577179997891 
0 
-0.04566909296945724 
0.1072898359808183 
-0.7831125171810961 
0.06665162218012605 
0.01869313788927597 
0.1477192382646704 
-0.2049082972292 
-0.1772296427805187 
0.01110902249675651 
-0.01813356190188919 
-0.04017519605017954 
1.219727444046192e-19 
0.1964742995255536 
0.2753615796956177 
-0.7495047014750165 
-0.4030385055324438 
-0.1065467305974871 
0.04836439475984117 
-0.1298612752799619 
0 
-0.1162849217115348 
0.1793880980387446 
0 
-0.5386905568980842 
0.05541321671119404 
-0.943963009392366 
0.06910829166294918 
-0.04834045406610542 
-0.6236936369083218 
0 
0 
0.1462391919126994 
0.2906787113567054 
-0.005652344459484857 
-0.05745779933663136 
-0.07507306311307779 
-0.424565434288919 
-0.7641007050111034 
-0.5908531800051744 
-0.4378677810555255 
0.3618563614460539 
-0.06936326045864263 
0.0634795282519116 
-0.602804045695454 
0 
0.6052214273846485 
1.110838134383217 
-0.2801117542499985 
-1.178476624660074 
0.4078177304170288 
-0.7912575628622193 
-0.4833736150188506 
-0.01466967740213601 
0.2535276739954742 
0 
-0.3119705776795523 
1.121036138764663 
0.4832209248839976 
0.03150024246764535 
-0.12331086220419 
0.005877962059823185 
0 
0.235719763323542 
0 
0.8666042842546183 
-0.6444172958319199 
-0.269930087110877 
0.03759049486934352 
0.1950707276166132 
0.03717917137671144 
0.3398628757805567 
-0.002565336761128257 
0.04652319240218991 
-0.1724272549611728 
0 
-0.06907253612106955 
-8.673617379884035e-19 
-1.047953737143704 
1.144809159913782 
-0.4739157060600251 
0.515645512085504 
-0.01808154063842693 
-0.4556144725180293 
-0.1728807367381551 
-0.2428310489700888 
0 
0.7793351993842089 
0.3931019999624609 
0.2240292958880795 
-0.4966590914322845 
0.2216946463091577 
0.01856880990824923 
0.6654655766292191 
-0.03674203710600379 
-0.03498774142353168 
7.589415207398531e-19 
-0.3240180796706132 
0.009800234180776444 
-0.5903899588739895 
-0.1813565499486593 
-1.073001337548487 
-0.02005182896192043 
0.3371280062560845 
-0.01778551696826406 
-0.2714532611398023 
1.38646836867759 
0 
-1.180798110010953 
0.02622871386688292 
-0.620842955024311 
-0.7616246656922249 
0 
-2.336494415846373 
-0.6619682401476504 
0.3403630010072526 
0.003932674284078794 
-0.07254887008729695 
-0.2776061073879155 
0 
-0.7646504474907906 
0.08180413575807968 
-0.2650267442892252 
0.07919941157637844 
0.5908652536785302 
0.05862327325983942 
1.224229811348767 
-0.06393452262206703 
-0.4035288267573501 
-0.004708764163896539 
-0.01344279031033947 
0.6600532533305339 
0.1124962724345887 
1.070951740685164 
1.463489977777201 
-0.1399830137703526 
-0.806032522050396 
0.1012875437773167 
-0.4513640426351651 
0.03882003337594302 
-0.3874880133492214 
-0.0345013420040684 
0.0009174876770497139 
0.08153854850838867 
0.2468251812416934 
2.009962187339606 
0.06732349095285395 
-0.9098589366000648 
0.6469877145996809 
1.132099213052926 
-0.0775674388912498 
0 
0.06060201826575039 
-0.3567140233165016 
-0.3489706190418593 
-0.409376491522737 
-0.1036545632108394 
-0.8107493852533509 
0.5748976873854511 
1.163113885536094 
-0.03142587009495386 
-0.4740957189899151 
-0.6895255081704968 
-0.008235035402964296 
0.3004494685531809 
-0.3250620299628295 
0.003542224682207612 
-0.1970297954137986 
-0.02626509199239086 
2.003460446168769 
0.6584390896089002 
0 
-0.354041499508269 
-0.3539451587243034 
-0.2904137378908161 
0.9482175843145934 
-0.7607590347509461 
0.2949096181522936 
-0.004197857201854638 
0 
0.09515062555867092 
0.5842528065554881 
-0.07408734964399408 
-0.08698019925648832 
0.01485620515464205 
0 
-0.09497084435218593 
0.100082720732709 
0.09348861519394526 
-0.02252922176268006 
2.03428927580606 
-0.051478286307657 
0.06261901399120433 
-0.02624927453501574 
-0.6072807794264132 
-0.004144802593514193 
-0.06253845525812309 
-0.09055065856494783 
0.3007667676681612 
0 
0.134051375694064 
0.001835684994198766 
-0.04842688424662833 
-0.03684800817037881 
-0.08622175144124895 
-0.2689799002663174 
-0.1618173987382345 
-0.06440875171844673 
0.0237098964901615 
-0.01094560245085492 
-0.2308811099051074 
0 
-0.04322934516911228 
0 
0.02604295572225051 
0.4271029401329348 
0.05490087137730328 
-0.06442367565324951 
-0.5041012764803502 
-0.1051914122186631 
-0.08059081779997061 
-0.04877162956806176 
-0.01838358718693583 
-0.00910855245847814 
0 
0.3303655610081627 
-0.9017350154412695 
-0.001699977056780546 
0.07591710941171928 
0.005939438960359775 
-0.3505926087011138 
0.9850265480097056 
0 
0.140853602071606 
-0.1155926940957118 
0.2916344086314108 
-0.8737098023932025 
0.3639801466178884 
0.0007838602354816871 
0.4061563927875599 
-0.02084227703078477 
-0.5841315737242274 
-0.4427656832375079 
-0.2333446579300059 
0.4608404736673636 
0.1409698697671596 
-1.393515136909555 
0.6265309322633638 
-1.455667966971395 
0.4872032701981968 
-1.346697390347924 
0.8876573632908402 
0 
0.4235234544068526 
0.731337763855027 
-0.08120191142346354 
-0.0795436351100622 
-0.002935384265398766 
0.5388086299537059 
-0.2631999412962486 
0.06728216098114835 
-0.2063444972377345 
-0.03470095400603336 
-0.07344910646945453 
0.0454335953243689 
-0.05474801622202723 
0.4226309142011159 
0.0224293779726505 
-0.2896011252908942 
0.2141427375522935 
-0.04884180306801136 
0.3089751039032261 
4.336808689942018e-19 
-0.7086013866264802 
0.07181220304420576 
0 
0.09148338186143824 
0 
0.4589823939649842 
-0.7264506687635569 
-1.433963143429157 
0 
-0.0417686269049091 
-0.003983633726386798 
-0.5308156378040763 
-1.60353978109901 
-0.4673281119354688 
-0.1251438073972732 
0 
-0.3117197910557265 
0.0636680046272568 
0 
-0.360695154566765 
-0.1102777254877073 
-0.01053557981309552 
-0.281853199000007 
0.727210412143237 
0.2036744177042124 
0.09562777320624356 
1.355252715606881e-19 
0.1165923898392053 
0.190327321961351 
-0.009679673091863135 
0.287917144453064 
0.2924146579372571 
-0.1275167333808218 
0.06790592425310375 
-0.5329375647110758 
-0.357707434565896 
-0.05325741796774682 
-0.405808775414094 
-1.188120783348178 
-0.5255839385033229 
-0.5773800870031511 
-0.6719420679869531 
-0.1259454500416248 
0 
0 
0.2738357871284357 
0.1164907650396242 
0.05237625626831433 
0.2081380681424838 
0.1962731155200561 
-0.05489528459372112 
-0.593482608943117 
0.832297336912057 
-0.08712584781605194 
-0.02901256017456274 
-0.1690039551504919 
-0.1026364041306221 
0.1917493678300083 
0 
0.2286718785972834 
-0.02978068137936114 
-0.5609143579590208 
-0.1746907555146961 
0.9298335607018481 
0.09802051848284278 
0.5162300775716389 
0.1656889755726896 
0.1654958854721701 
-0.002997873602755913 
-0.8294508979556543 
0.01211710272992062 
0.4946303587865976 
-0.5721363297108938 
-0.4948982525765602 
-0.1783828434812469 
0.5889292474460436 
-0.0414143624526687 
-1.0670915709225 
-0.2502967250180279 
0.390710485633251 
-0.017169343059291 
0.2100911423267772 
0.03232626085879609 
0.3013052071349646 
0.1696672635673946 
0.01301580821703406 
0.2761058132142408 
-0.0555782075738557 
-0.1968600542245632 
-0.1949488752543805 
0.00510043629391236 
1.152017518320349 
0.1063068739947118 
-0.1223210668697757 
0.04573936464366334 
0 
0 
0.2227704927586834 
0.2548639337971632 
0 
-1.372553185531486 
0.3919284292389515 
0 
0.0004031545423231838 
-0.005605854269728447 
-0.6398910638132383 
-0.3964253298919414 
-0.6056586687448978 
0.3736944262266509 
0.03586575182178787 
-0.103311320241285 
0.2591429481667439 
0.2322777153679774 
-0.8191126543403209 
-0.03685520045880588 
0.7846190290087195 
0.07564958049306167 
-0.005454273367224136 
-0.005415141685609453 
0.128180409408022 
0.01063169850529174 
0.6407319044516776 
-0.5071289136341364 
-0.1224161186536812 
0 
-0.1614450346214573 
0 
0.0687977052633645 
0.0604634554622202 
-0.0508813843872309 
0.3846752788515378 
-0.1340346811769626 
0.316249368954678 
-0.4715116244008494 
0.0002911353380930461 
0.1270670484865722 
-0.01526981525231259 
0.1670989732476785 
0.1055963539127011 
-0.4032383081259874 
-0.01218254240564768 
0.2636844295245764 
0.05673952131249008 
0.1343245421947332 
0.1144641770811263 
0.04760078455711422 
-0.02361316072471146 
0.3737276834623906 
-0.01573622258978301 
-0.8169603446690865 
-0.6977024472124111 
-0.3258547286613351 
0.2073062897507323 
-1.424034475599855 
0 
0.1118296577220814 
1.269120915247927 
-0.06105770742065401 
-0.02034373489104434 
-0.02906678597105587 
0 
-0.2489490888155737 
-0.5375001531380248 
1.171459578087823 
-0.3007759045875105 
-0.09110517313275153 
-0.4116342189324997 
-0.07958917896653797 
0.01029336562594966 
0.8403957653512615 
-0.1785538718134568 
-0.01146228742196616 
0.2086390843874544 
-0.01153796449076435 
-0.128293254127785 
0.12537319555393 
0.2562006932517993 
0.04734008073721818 
0.138005556351475 
-0.3160091826650744 
0.1541532172327659 
0 
-0.5724189340341785 
-0.06387013614731966 
0.03624968800810592 
0.5844754762413084 
0 
-0.0149530662377081 
0 
0.1056811616459369 
1.156012384550433 
0.1007594059534731 
-0.4055887539290007 
0.04439354916239177 
0 
-0.1089938879587502 
0.06382869333688092 
-0.7936008684157967 
0.2969981670222557 
-0.7072878644338462 
0.1076229288314776 
0.06906827512706422 
-0.4575474499423761 
-0.544055344941838 
0.1961884085508564 
-0.191758315958592 
0.02402077996720364 
0.5765188530996829 
-0.7194063900076655 
0.3803639602573007 
0.3723695209344326 
-0.2020000268500472 
-0.4836630248164738 
-0.00516291026161469 
-0.2629183352059814 
0.8052069206847486 
0 
-0.6535271573897284 
0.2196191705645948 
0.3410775752416651 
-0.2040425293535226 
0.5564136001340314 
0.4363075872172304 
-0.4512919970306979 
-0.04664373694635075 
1.398179866561282 
0.3978896696593312 
0 
-0.05420049065809265 
-0.02801770715213718 
0.4373288913652411 
0.01444387009763691 
0.3774037391739863 
-0.002509222231724639 
0.007802493055295774 
0 
-0.8066498980326641 
-0.03621810383680996 
1.243435230877158 
-0.3080211811310291 
0 
1.195961630729462 
-0.03799207876635981 
-0.03822101179049679 
0.210584777940162 
1.774311438999545 
-0.0638771876718235 
0.1985820081725835 
0.1990953116115733 
0.5051836809113802 
0.126252324072395 
-0.009166270331152238 
0.2764344014735245 
-0.1777896112569791 
-0.02100601122288146 
0.02040166512058108 
0.3154585632574438 
0.8891502474766385 
0.585834260372377 
0.1274643309400508 
0.361492467704184 
-0.5998252324610271 
-0.06853053053439177 
0.2565550883874291 
0.04664714227407354 
0.4523934195689049 
0.01529215337387804 
-0.7094890794889008 
0.05798170654026424 
-0.3722983523300645 
-0.1596109753668734 
-0.3438052384223128 
0.001060610523472662 
-0.01810583464213381 
-0.3528457180302128 
0.3690468173755535 
-0.5238197727236116 
0.1848356183145217 
-0.1653119085174697 
-0.4384771830347267 
0 
-1.626303258728257e-19 
0 
0 
0.1039176276235633 
0.01872476827085066 
0.5376557763594384 
-0.0005118606161161241 
0.07774127632361313 
-0.05906720795531388 
0.009949672646650434 
0.04887951157431376 
-0.01921634246598208 
0.4172911767565807 
0.1261258336774068 
0.3750561301526616 
-0.513025065381838 
-0.3382981951537389 
-1.284742430105619 
-0.004328340197919258 
0.002687105321394214 
0 
-0.3820539422001348 
-0.5545477836439456 
0.5454138217823603 
-0.3748990961849072 
0.2584805214866491 
0.2782662133568229 
-0.940694598207375 
0.05441527232398549 
-0.04537661717226646 
0 
0.2868259188428555 
-0.01329600186766121 
0.01049827903398068 
0.7586177626400262 
0.1094447578001003 
0.4768452160138055 
-0.157975965282456 
0.1242622590601506 
0.04661479026121298 
-0.6079909557223169 
0.2598110406901109 
-0.02969636976889803 
0.5150285094892773 
-0.3612434140913721 
-0.001998548223665785 
0.1248394996913896 
0.2553847623736451 
0.1389701398160874 
-4.065758146820642e-19 
0.04527739674173219 
-0.002269164621061993 
-0.09736054473451007 
-0.0238200171142844 
-0.6671763240618861 
0.0712485384550454 
-0.1062943481901052 
-0.003557276675831636 
0.01563693954354298 
-0.6074239360210052 
-0.1407449853583669 
1.262804868437675 
-0.8775723043324214 
0.0545431019050172 
0 
0 
-0.2855954717304841 
0.4004365811497594 
-0.1605803264978757 
0 
1.333940144980742 
0.2166740736034182 
-0.04077710020936825 
0.1013114225750016 
0.4584230119049702 
-0.472028246194648 
0.6741022277210649 
-0.3513194118161424 
0 
-0.003759847604884738 
0.4692777405713383 
0.4533556324373287 
-0.007491838959763251 
-0.08903695552457246 
-0.4176767409895628 
-0.6089892364995425 
0.2366436908347535 
-0.2645462865855867 
-0.4428268208070971 
0.4491080125288092 
0.5611054519211774 
1.084202172485504e-19 
0.3286845217456952 
-0.09150659794078961 
-0.06573127858282923 
0.6872608614646364 
-0.6923642450825016 
-0.1232353978670112 
0 
-0.2832103879658914 
-0.4954995595715245 
-0.05242556943733404 
0.1539134945553376 
0.0441527882396945 
-0.2731713134123445 
0.1771811007297434 
0.1334729842177785 
-4.336808689942018e-19 
-0.1760224458747116 
1.312159674777977 
-0.5761575929314923 
0.8424406459260115 
-1.289296753743259 
0.3226394697123608 
0.08402324009539748 
-0.05678338753644645 
-0.4756025450812847 
-0.03411438781585102 
0.6551770698562274 
0.234571400220636 
-0.4036751348414637 
0.2444352347265856 
-0.4342660506144822 
0.04994135016735721 
-0.7465153344069035 
-0.578658174478303 
0.287344091243958 
0.1630644688469659 
-0.01986150547774369 
-0.9316440052980121 
-0.1345662450356776 
-0.3999486578607581 
-0.465225435758694 
0.5045308835192469 
-0.6489328976291862 
0.03661684028214476 
-0.1950482294287187 
-0.1496570712766413 
0.6576395689463194 
-0.4629411432912305 
0 
1.02577898639725 
-0.1670829197180994 
0 
0.406862226519923 
-0.4425432533961377 
0 
-0.0539493244271191 
0.24943898595508 
0 
-0.7563728923073398 
-0.4103277815016219 
-0.1472415136058024 
0.3222753691278902 
-0.2839455231858521 
-0.5468262779137181 
0.003949291180097144 
-0.1750069451585655 
0.4607779425396119 
0.3814208136807173 
0 
0 
-0.1007786992838169 
0.08544324805525012 
0.060790122978838 
-0.4253497822329795 
0.4503615166062401 
-0.4243543903801651 
-0.469520971776752 
0.1451742649466179 
0.201639727511021 
-0.02542613199312982 
0.06409192579816593 
-0.2291873197060738 
-0.1482142183665196 
-0.6055368816810279 
0.8770075196379005 
-0.147072356831413 
0 
0.8772706904710925 
0 
0.02690263558923583 
0.5721069603900731 
-0.001259283610708411 
0 
0.9556588611727743 
0.2369407470739144 
0.3648300065146183 
0 
0.05978636973129227 
-2.168404344971009e-19 
0 
-0.1023618566739992 
-0.1135069713508317 
0.3252258892743877 
0.1208120989717016 
0.1359829341286532 
0.2429467019172623 
-0.05675521930959609 
0.009097542818318309 
1.357006174202582 
-0.1017538770134856 
0.04443008735341929 
0.4230422458745828 
0.2669570529780551 
-0.4132856960872731 
-0.2611041784332195 
0.07007400153493654 
0.04714145324321302 
0 
0 
0.06543575199238542 
0.3870084874056972 
0 
0.5601356839244068 
0 
0.06449816802758786 
0 
0.9676049718763617 
-0.04568532505643647 
0 
0 
0 
0.05157236224740762 
-0.2459365306046197 
0.4777196347708089 
-0.1314915699346194 
0.1605149483954165 
0.2169536730644792 
0 
0.2938128871635302 
-0.2359778702789791 
0 
0.1728611711802896 
-0.7037586435078057 
0 
-0.01135017561505671 
0.01794046796936499 
0 
0 
-0.01242139746188304 
0.4978013674509406 
0.126754841942553 
-0.101830015375779 
0.1361069672085003 
0 
-0.02986458977639553 
0.6481296713530794 
-0.02842470960199639 
-0.1599667118973765 
0.860146407799787 
-0.4947787155690893 
-0.8675743208781054 
-0.3995524300294828 
0 
0.1364418606160144 
-0.02451768380005016 
-0.02712895719747598 
0.6970597806750777 
-0.1302839848138922 
0.0006007395721044162 
0.7172993040375147 
0 
-0.01308105300620743 
0.3317166847799969 
0 
0.09731222761412794 
0 
0.6834248570877521 
0 
0.06575789362233588 
0 
0.009963980888473575 
-0.128925233454447 
0.03356954974471704 
0.5150120760741529 
-0.04363632667864122 
-0.4937461703296583 
-0.2873634665435421 
0 
-0.7450291282470975 
-0.0248995892502075 
0.03379702424888988 
0.1117136455819787 
0.06703433154430093 
0.07963157021873286 
-0.02589980408815797 
-0.07307829669741284 
-0.1241606263030899 
-0.062706488582389 
-0.6020766901903518 
0 
-0.6413472145819096 
-0.0252310293106316 
0.651130835664089 
0 
0 
1.139235244768863 
0.09516571530529412 
-0.9755684588402456 
-0.5322255182815254 
0.2266992464561872 
-0.1804969959361201 
0.1453964202599224 
0.4842999385419754 
0.2645022590413822 
-0.2450473730429598 
-0.3950762936765526 
0.2206538616490507 
0.03378839071168456 
0.4717582790793211 
-0.6207742693922323 
0.07789203937545895 
0.1481271716875767 
-0.5509229535130612 
-0.1019513441969238 
-1.020216715587587 
0 
-0.3824640519085742 
0.1324478381121842 
0 
0.2172684095058946 
0.2169136697437332 
-1.043352171211186 
0.7091257013411401 
-0.001714920693522354 
-0.4316041950889734 
0.4488973683113091 
0.2014767376465148 
0.08048353254170601 
0.004961824997777696 
0.298276764254292 
-0.02392202972968036 
-0.4179533515011837 
-0.09800036115705915 
0.1065604778737488 
0 
-0.1489207388705726 
-0.5541519376425349 
-0.0948680366882253 
0.2494024439621846 
-0.442670674439495 
-0.8575570040938133 
0.06641459968516859 
0.3555712885236256 
0.03463041756055532 
-0.008802654603111968 
-0.04031996695114443 
0.0871920275615055 
0.3074468822621582 
0.2257689166117302 
1.100970252493436 
-0.3785985230098327 
0 
-0.07334681014428758 
0.008564128696422899 
0 
-0.06334604351874883 
-0.04221161852504225 
0 
-1.049056872364426 
0.1033409701530528 
0 
0 
0.001985572656551581 
0 
0.07429914955364886 
0.5438387869010346 
-0.7655193718701615 
-0.1297321988482418 
0.008644424471062 
0.1851556420904541 
2.012582730310974 
4.336808689942018e-19 
1.255139776158931 
-0.2141721901648827 
0 
-0.02538364579908244 
0 
0 
0.9249512791385736 
-0.01191759204914716 
-0.2366131020695199 
0.09270915935587801 
-0.7478955516567051 
-0.1525155485842749 
0 
-0.04876399486537143 
-0.02619048397310473 
0.2800712203568613 
0.02235046526102239 
0.01940467386672357 
0.8385349225255369 
-0.06130942311841612 
0.2248942692978269 
-0.4153537356705244 
-0.2930698102228541 
0.5470444411509108 
-1.108016645980528 
-0.3400140460281023 
0.01658372951206393 
0.8816715040170783 
0.2365286790001576 
-0.06932867643556968 
0.5878422344172313 
-0.6955515839112697 
0.09132292648764664 
0.04258113234422156 
0 
0.4712879352757666 
-0.2496184828141194 
0.64655610088589 
1.364527957645806 
0.04788073695203065 
0.5786785872300306 
1.301692355359308 
0 
0.1746676246478262 
0.2397685373841349 
0.6681216844320779 
-0.4309289992609608 
-0.1635344417700225 
0.4590772689530283 
-0.174461526345973 
-0.0006110391456855742 
-0.05564711222048754 
0.9842568134712356 
-4.607859233063394e-19 
-0.07475198545494705 
-0.3432664964362636 
0.7329729183838113 
0.3443741136971168 
-0.06716749823224334 
-0.2319678493463437 
-0.006030450183118936 
-0.5271562820783494 
0.341769203638271 
-0.8755431680196316 
-0.1489396997347732 
0.5746322736316702 
-0.3497671379611608 
0.02599196766157481 
0 
0.3396828356276351 
0.2587022431815093 
-0.1562968749218894 
0 
0.1692322999751567 
-0.006976166425945183 
1.398318848827475 
0 
0.07818402170531892 
0.7047938753041521 
-0.6638872595522666 
0.1469912271884622 
0.9999310403057897 
-0.9128093346080617 
-0.0376618139422411 
0 
-0.4574065505486249 
-0.02707407167072181 
-0.04900872563628308 
0 
0.1079273751456627 
0.5268916983811349 
-0.0209036853505436 
-1.362643479866729 
0.4854507540774102 
0.113761320585648 
0.2039953866136473 
-0.1056062389921682 
0 
-0.04541372873235212 
0.06894982891699482 
-0.1534499455076098 
0.04192130749580635 
1.325323599496972 
-0.2728312382188762 
-0.002384231236097174 
-4.336808689942018e-19 
0 
-0.00397248335961463 
0 
-0.1780942487570536 
0.06444514530185212 
0.2525617435423562 
-0.1256314602191209 
-0.01846202851289047 
-0.2446460214306105 
0 
0.04781419101988254 
-0.006024313586558119 
0.4392526023608361 
0.8401043880500565 
-0.3175144341609152 
0.1578074956161791 
0.3439160368249083 
-0.8767567548941234 
-0.1009960833022895 
-0.5561452104095903 
0.5042683605933574 
0.6435226020274242 
0.6639187926449197 
-0.09267712573420148 
-0.09790284637645258 
0.03331701153901993 
0.2294130735740811 
0.05950154760868112 
-0.2573155029761646 
0.164731674642221 
-0.338876873397155 
-0.1648773530749142 
-0.01143707944782251 
0 
0.1205519629867089 
-0.1949857309962485 
0 
0 
-0.06147938465779772 
-0.01118331279775093 
0.0007840393294638637 
-0.1249376058779141 
0.7048065787059896 
-0.2000578132878495 
-0.6476358813979464 
-0.9560602948428687 
-0.1427145645473591 
0.2357023056979401 
0 
-0.03904078149667637 
-0.4369912024046327 
0.1249114884755561 
0.3677866193537035 
0 
0.6965586901759135 
0.6700908794209841 
-0.7814266827622677 
0.06648576819992276 
-0.3761896981056118 
-0.07521730734220694 
0.06754007156795194 
-0.7263849930328647 
-0.5084884745000382 
-1.626303258728257e-19 
0.842404683512551 
0.7546440823744753 
0.4384927372650788 
-0.1035512372359376 
0.7027347319109849 
0.283164569221772 
-0.2747171107746382 
-0.2054068424938645 
1.734723475976807e-18 
-0.007986036882160175 
-0.3646796219510237 
0.3381633847656063 
0 
-0.350555568419285 
-0.003456104841421793 
0 
0.2000557170761522 
-0.009558496853316473 
-0.08601805634361713 
0.01259944156169464 
0.003424402611038295 
-0.006276874670255158 
0.4924904864437422 
0.01149281309214945 
-1.951563910473908e-18 
-0.5427030086183955 
-0.01623404403032933 
0.2594984224744853 
0 
-0.2974485628765542 
0 
0.02369983703825863 
-0.09729881484649146 
0.03592767853636771 
-0.127358726473969 
0.03074285686296232 
0.01246697676496163 
-0.07719986283347985 
-0.5058473287213063 
-0.2149209181599294 
-0.04739810777922707 
-0.4411268701430942 
0.08148693202924158 
0 
0 
0.06420311099067263 
-0.01631308520034087 
0.1472388023826747 
-0.219514916089643 
-0.006894972523206137 
-0.3531266812564386 
0.5057919760744561 
0.6348122639668217 
-1.301042606982605e-18 
0.5216311485377484 
-0.294934905284633 
0.6639251909803735 
0.1795828847258062 
0.8779004907106233 
0.537576180653487 
0.8326717142168116 
0.1957369145131318 
-0.2126658191284317 
0.4972190873923086 
-0.0109935031800615 
-0.3869018094337889 
0.00347642142914021 
-0.4898923102073768 
0.9898690020608465 
-0.8139370096858342 
0.197437799707823 
0 
0 
-1.738612289679795 
0 
0.1467977639267413 
-0.1504753711687208 
0.1804213762571198 
-0.01843400809383427 
0.900986414778586 
-0.471017410761614 
-0.1015182612067941 
-0.1332058397794808 
-0.5973396440329022 
0.003411438828717404 
-0.4966135177738478 
0.06580686885015603 
0.9695567660871532 
-0.03092976855119411 
0.1422222823165812 
0.05152461230662857 
-0.1455756822238731 
0.7662785396916422 
-0.2539881563996735 
-0.08588956959663382 
-0.0443112626900556 
0.198673673146219 
0.05093016861211756 
-0.1635273292456396 
-0.1405113391799998 
-0.04557486966853585 
1.594667796060187 
-0.3154733612423383 
0.0569582890051167 
0.001277410141350071 
-1.029992063861229e-18 
0.09514307225728272 
0.08961329770289707 
-1.815716540640295 
-0.03224825935554692 
-0.09239222101652238 
0.2521268310961586 
0.9293675472714773 
-0.02628330444504616 
0.130889384529674 
0.03192883943466567 
0.2469015041733692 
-0.5882571387872766 
0.4506640093978108 
0.6402236206034317 
-0.07936551259720935 
0.0451105472071554 
1.084139095884931 
0.00473629085270015 
0.001760281501426069 
0.0251872216486683 
0.02477375998924513 
-0.03563795144502891 
-0.4700178717202134 
-0.04872509437793639 
-0.135178544983552 
0 
-0.1276769722777031 
0 
0.5256002965287561 
0.5753374307389773 
0 
-0.1570842149199093 
-0.05137632736056318 
0.1836884429736587 
0.0630781843535026 
-0.1518351231280872 
0.2635933007211986 
0.1195093546194819 
-0.02025785423332118 
0.9452018945694487 
0.4308043658948073 
-0.6456150840767717 
-0.006137172759100941 
0 
-0.5009266821571171 
-0.5889689258770006 
0.1996717402949894 
0.1463922025891486 
-0.2266972089810382 
0.8676664870902869 
-0.03339418050536173 
-0.4330889164799747 
-0.7846736816623852 
0.9196781727402165 
-0.2647611511594408 
0 
-0.117863501076395 
-0.007207136763119393 
-0.1956010047178391 
-0.2623180701851058 
0 
0.004815091789877073 
0.07943287442671119 
0 
-0.06602839636097189 
-0.6113870644298846 
0.09764626226923911 
0.06689728613475683 
0.2777263756298812 
-0.08233793589714983 
-0.7119998252647566 
0.3956293969633138 
-0.6365389525183689 
0.03429333334725748 
-0.07013911690772109 
-0.01557778418307802 
1.815108756764251 
0.1683781131934483 
0 
0.1000440098098014 
0.242072359746501 
0 
0.2226330117327694 
0.07157264514526443 
0 
-0.1557101420354572 
0.5685784822911578 
1.31018785436025 
-0.4374599829316286 
0.004363172123840086 
0 
-0.03882993541594044 
0 
0.3248597649679819 
-0.02418682067966541 
0.04240493064590684 
0 
-0.2665742785673316 
-0.4336385793638201 
0 
0.1448596355745575 
0.3037828011410666 
0 
0.9126421421177696 
0.05076185434315654 
-0.04767942131597531 
-0.02786382456568633 
0 
0.07710534182665675 
0.1686393026702002 
-0.08449988883918094 
0.1274347361717784 
0.2781320959136737 
-0.3295428831015065 
0.5581871809216042 
0.7374451684877723 
-0.1204394076533059 
-0.00746238569326838 
1.139485187176081 
-0.02673811549821188 
-0.1682454053456291 
0.01554588748797705 
0.6506596864795038 
-0.4780476044977058 
-0.3607873819421645 
0.5041297165614665 
0.1267257568316348 
-0.0166127067941389 
0.8569857679421717 
-0.1691624798840989 
-0.08029399904347706 
0 
0.1130334970997203 
0.04572447114801832 
-0.08994452499919217 
-0.06495111507205384 
0 
-0.1397222939782018 
-0.01307050962138722 
0 
-0.1148855126997697 
0.4882122829780798 
0.03017969617884188 
0.0603855293880739 
1.231181863199071 
-0.7384158680851666 
-0.0134573601038939 
0.9119125172405443 
-0.1055554805926128 
-0.005982089949230335 
0.02171877959071184 
-0.0837165955253019 
0.5491066241749651 
0 
0.2274086893952671 
0.5930824120278653 
0.9881193841883203 
-0.7277645123853899 
-0.02115099026485596 
0.07120075129922634 
0.1659091567918665 
0.0002641485512845886 
-0.1304822758460698 
0.1805788215704708 
0.01615085424301603 
0.1608941517914562 
0 
-0.8606740627279751 
0.05341322715930472 
0.2584318746651256 
-0.329587098621692 
0 
0.5673525105989476 
-0.1569734355098469 
0 
-0.03446807262845699 
-0.4794733786890311 
0.07953301122152269 
-0.4314194496528216 
-1.264716702923064 
0.6059629005022044 
-0.05266848973774905 
0 
0.2540263331942368 
-0.3350517708108 
0 
1.640419698247793 
-0.3626067396457379 
0.3630937752712952 
0 
-0.09302970693624329 
0.03534564034347012 
-0.1757721338298674 
0 
0 
0.05713920124838609 
0 
0.1151595509786844 
2.281815050388874 
0.7441338350443713 
-0.3425339865033127 
0 
0.1270558971991911 
-0.03592307419105887 
-0.02920386093906992 
-5.421010862427522e-20 
0.4038337820009479 
0.5664742098569027 
0 
0.1100461689131388 
0.1312563438998388 
-1.734723475976807e-18 
0.02951115339953517 
0.007870989737357524 
0.4666893617179635 
-0.06614917893568349 
0.6785547919469184 
-0.03642509343688908 
-0.09669812650224235 
-0.2698538818145138 
0 
-0.07636221319431735 
-1.000569174227383 
0.121464795851016 
0.1454673762299569 
-0.2485683252321499 
0.3759002791953489 
0 
-0.9148741071908155 
-0.00538979296589193 
-0.06633126446729752 
0.408839740403486 
0.3952609835340519 
0.1284836649869768 
-0.3199264821426719 
0.08282214637567341 
0.4752234445935169 
1.486284097614047 
-0.502190555625605 
0 
0.4191518085953484 
-4.336808689942018e-19 
1.416654723323223 
-0.5997039373284684 
0.2800525897252734 
0 
0.6282722800559544 
0.2524297592325773 
-0.342411476715852 
0.4859623332672571 
-0.0217591797787479 
0.1684733888264 
-0.594175108248987 
-0.0173646690030203 
0.1432012107564043 
0.1922581381703823 
0.5150867911191837 
0.5387467851400713 
-0.2610479431440246 
-0.03868762941862021 
0 
-0.2808461795403177 
0 
0 
0 
-0.03226207261732154 
-0.2122423679466245 
0.04581437042785138 
0.000443437581868608 
-0.1883663127901164 
-0.3486907939574327 
-0.9652479207206667 
0.4131316972575525 
0.07144148305355702 
-0.1092013192181681 
0.08751004967778282 
0 
-0.1334658385191554 
0.02687271335280528 
0 
0 
-0.3140701370935811 
0.05083996750117645 
0.08576888840047303 
-0.2219773828156752 
-0.01305891991014516 
0 
-0.7296386262715837 
0 
-0.04153766730850762 
0 
-0.002330378869008856 
0.2536660398981591 
0 
-0.7561261851428963 
0.0008121385002390401 
-0.0710681034379633 
0.09310876960083833 
0.1471172177759251 
0.3662278618637383 
-0.1723611995588614 
0.1504395764021399 
0 
0 
0.07013157154717008 
0.4052569725927648 
0 
-0.05954677355093988 
0.1226738246878176 
0.1792867094438176 
-0.05644285559167082 
0.175804789136895 
0 
0.8365749550191206 
0 
0 
0.1714872480627792 
0 
-0.02753845469911269 
-0.3241637284838279 
1.315754075306023 
0.04964390585171526 
-0.1986632973224034 
0.1546965046884302 
-0.400792833982785 
0 
0.7339592869170043 
0.04900278078739415 
-0.06041861506062109 
0.3109666623685886 
0.3424683258277373 
0.7623251056164444 
0 
-1.065420481113688 
0.7859593057085431 
-0.0140508728537677 
0.2382117308419421 
-0.4584718379070702 
-0.3035156631590206 
0 
0.03355517946807697 
-0.9387147485614609 
-0.1528192555816305 
-0.2705076574337135 
-0.1008237583837147 
0 
-0.4927006909810039 
-0.5507743135697639 
0.3904515369454921 
0.2592616451173652 
-0.9573249914664397 
0.05163868920072787 
-0.06145871646535805 
-0.3347773528205522 
0.003367867021209717 
-0.7547484270988214 
0.4880936396591251 
0.1860076851394214 
-0.7202429639989608 
0.4123175229157796 
0.1842417868451034 
0 
0.1207713452570304 
0.995524967371927 
-0.2843724426575966 
-1.075192340774176 
0.02113173758355692 
-0.01245152618929886 
-0.005431230518210352 
-0.0144212933276902 
-0.04388558668332628 
0.2380826455333342 
-0.005772120031344953 
0.2939910844124583 
0.7900621686515655 
0.1280461860097941 
0.178420603045279 
0.127441674418154 
0.5385889881511333 
0.008528104496680343 
2.168404344971009e-19 
0.1829701327454133 
0 
-0.9219490632413309 
-0.1184592348328001 
0.1860621959931034 
0.5538324595264844 
-0.05956802113005653 
-0.01117726032796015 
0 
0 
0.1481097229232078 
0.2640432405764078 
-0.03558843234577731 
0.126352837826135 
0.5103742246454284 
0.1765723501757156 
-1.046317070645611 
0.8243796239107783 
0.13808712009382 
0.06732736570097916 
0.36056450898715 
-0.02510608157714001 
-0.6570382797614931 
-0.01284773857017748 
0.2982297322140192 
0 
-0.6727156014357342 
-0.2797484655078281 
0.3585097967004018 
0 
0 
0.70207606165406 
0.9168940669778585 
-0.08628721188261752 
-0.02014536934333236 
-0.3103665828964638 
0.203603191557298 
-0.001721445550751406 
0 
0.02527340304835086 
0 
0.1915100161260949 
-0.09748812439130634 
-0.2656913668170977 
0.7671150476669383 
0 
-0.9055248270153633 
0 
0.5547487662186218 
0.1486619931885029 
0 
-0.05793729612962867 
-0.1889059379756441 
0.03524862259591749 
-0.5708069637976414 
-0.1552248263071263 
-0.1075553322352741 
-0.3104998524104558 
-0.09961220858594121 
-0.2573717567005749 
-0.8007850116394496 
0.04362502113823213 
0.1633712587363559 
-0.2044184223367443 
0.02933572901500672 
0.2084113199786814 
0.1448401435728637 
0.5885698989965137 
0.06822691385816404 
0 
0.1279799651651321 
0.05796017977212498 
0.5020609035131673 
0.1292089618157313 
0.3312669192883382 
-0.2004115995875393 
0 
-0.03115136935775897 
0.01102548912053827 
0.006086509145755157 
-0.1088559956791277 
0 
0.562921307429567 
0.09236299222567497 
-0.08138124742376782 
0 
0 
0 
0.2105330047067063 
0.1981530883347384 
0.9944074705288145 
0.3257828906009717 
0.4671092919338301 
0.07607645895282635 
-1.194517483489652 
-0.0820628579650665 
-0.04769419117747496 
0 
-0.06500904978508773 
-0.7824285801410513 
0 
-0.2049209974293711 
0 
0.5887064496715274 
-0.7159574865811982 
-0.002146619282337644 
0.1050249605123796 
-0.1943668497554039 
0.4223725436180886 
-0.1749587287192082 
-0.01512374512507551 
0.09853049191025286 
-0.4369674301365773 
0 
0.06600299493494736 
-0.4957579030774177 
0.340605041761812 
0 
0.2065304636408558 
0.8017382405760003 
0 
0.9979495167608506 
-0.2479367555608304 
-0.1630952325644233 
-0.8240753835494337 
1.913436692956351 
0.8166145189175563 
0.1276531647516339 
0 
0.1135080150533397 
0 
0 
0.1052954113777203 
-0.2026481492003963 
0.03103640920565682 
-0.1767441945507048 
0.04036479372265839 
0.9360509392358489 
0.4991871051345377 
-1.324786330944778 
-0.04250115562061575 
1.190947280318211 
0.3859471720938279 
0.03989887762939879 
-0.5578238569786749 
-0.1617307948833788 
-0.5164455166780637 
0.04366282216648772 
0.1302213034251679 
0.01861174978905997 
0.9407972831370001 
0.280041673810448 
0.9387011062843253 
-0.1506586633948052 
0.356664145140673 
0 
0.03123694770801202 
-0.3750125683405001 
-0.003929095039009811 
-0.2120476723181444 
0.2792374186588968 
0.1067352746336012 
-0.01203395081945616 
0.1799161012607396 
0.2333892349595915 
-0.4769131936627317 
0.2704321680208144 
-0.02214803700518725 
-0.3402324720487897 
-0.05469525815615691 
-0.03704813948491469 
0 
-0.04276608263230306 
0.3386365016820264 
-0.1648974076343768 
0.003411601184003655 
0 
-0.01539395240889151 
0.1536868180540566 
0 
0.002775464084066587 
0.1456249473753241 
0 
-0.02609841912101801 
-0.04500822971214664 
-0.07328567362465012 
0.0233770083646712 
-0.6891180199263033 
-0.003176000375206797 
2.243548565494076 
0 
-0.7218079628195333 
0.4746090842221157 
0.5552462769724609 
0 
0.280910279258008 
0.1831769227932468 
-0.4487835642135347 
0.1507595781821541 
-0.2035988747529131 
0.3094079597552218 
-0.03117102253560739 
0.02155295737519407 
0.6242090074225535 
0.02894161613425459 
1.301042606982605e-18 
-0.04002449784724631 
-0.2851942886983816 
0 
0.03216375403583022 
0 
0 
-0.1758378748453117 
0 
0.2784614610946855 
0 
-0.2173422786728643 
0.4622318884228325 
0.0670387106721719 
0.07935232226045354 
0 
0 
-5.421010862427522e-19 
0 
0.01437599026875966 
-0.1182631811114706 
0 
-2.016071185238617 
0 
-0.4146883057460968 
0.5932000421790395 
0.3313665842198439 
0.01910737799793142 
-0.03937704081383331 
0.06196599286082049 
-0.1074068846127106 
-0.05007612478540703 
0.63891940209614 
0 
0 
0.6142735343477932 
-0.1873840245742082 
0.1073459835245415 
-0.5737057874773721 
0.06086989311407914 
-0.003049413343373771 
-0.6109996915138366 
0 
0 
-0.1117359327689314 
0 
-0.1583811468955501 
1.386371932215269 
0.1130323987007469 
-0.5048060432035452 
0.7295358550832119 
-0.3154473412646864 
0 
0.07251881144466633 
0 
0.04382517099806576 
0 
0 
0.05181384035292252 
-0.01066837625585303 
0 
-0.7835884765917481 
0.004307945612504992 
0.4120132720167572 
-0.03064549477701006 
0.6169739572505162 
0.462169058777614 
0 
-0.00421352981177738 
0.06786049110797265 
-0.04292658122426241 
0.2861120367929916 
0.3723878647938177 
-0.5763828307168543 
0.0756606223116526 
0 
0 
1.084202172485504e-19 
0.0006222504075908876 
0.4169871747198529 
-0.3607531072639189 
-0.8846762336025991 
-0.1642634079742329 
0.007099114577409503 
0 
-0.5737373555283791 
0 
-0.2268758205659637 
-0.1895052455495322 
0.2697905459339885 
-0.4491469562791484 
0 
0.04477272547621674 
-0.01710507918505865 
0 
0 
0.1679060722532661 
0.1550558640525148 
-1.562016135718767 
-0.01200974290689502 
-0.8429422481374952 
0 
0.2484508401702935 
-0.01309962526539238 
-0.07148957187832924 
-0.04169910646432022 
0.01650612953993004 
0 
0 
0.7114069326214324 
-0.5560376973162869 
-0.7882835331922006 
0.01807143739422793 
-0.02769604591850213 
0 
0 
-0.2348028720691035 
-0.03176984058322069 
-0.01062182258082778 
0.02713073551849091 
0.5398096405995325 
0 
0 
0 
-0.2389176060227214 
-0.008057408383869322 
0.3483812486003627 
0.08325209011916443 
0.8117975400610347 
0 
0.3217763822110666 
-0.08642294445088604 
-0.1096932420604208 
0.2631246373251367 
0.6566198647656797 
-0.05834081639507841 
-0.1302863551442942 
0.002666867239586203 
0.01170104518725697 
0.170219141051082 
0.1682765651544564 
-0.009827263628799206 
-0.009344836636432307 
0.6697461476843745 
-0.1979844655284312 
-0.1863636797597754 
0.8672364670552393 
-0.4463200909585938 
0 
0.02985312293201891 
-0.09896274446490001 
0.0451716795780566 
2.318345540636923 
-0.06628306762191995 
0.5036721463134445 
0.07130084951045881 
0.07050323412961701 
0.4652787627939365 
-0.1626951677774348 
0 
0.7520798743820508 
0 
-0.1814338004757517 
-0.05710811098686729 
-0.0475339841429205 
0.3867354752754638 
0.1741084610953938 
0.5144920449892043 
0.552751921979991 
0.2355208178126209 
-0.09375401889394055 
-0.1868626294860653 
0.3276582789266429 
-0.5583814112433327 
0.009804148578139891 
0 
0.098223713372144 
0.3837425959808874 
-0.1212845157894623 
0.003066076594637996 
-0.05565153579756883 
0.06408489964575323 
0.1575594349836775 
0 
-0.374489557644241 
0.09449704846700877 
0.05490092454766713 
-0.03358117889662709 
-0.2435518365807602 
-0.07118646010021568 
0.03462288514006578 
0 
0.5528238929790743 
0.04402809037995697 
0 
-0.4677477966567484 
-0.2731585310176091 
-0.3344616812475105 
-0.8400101549335721 
-0.2305100220510747 
0.5622118395460066 
1.797873694477583 
-0.1897241752588898 
-1.311173242920461 
0 
0.06932542755496314 
0.3140759397449301 
-0.05004714441895596 
-0.1916727119115579 
0.3821309528891275 
-0.3189023072538741 
-0.02054721438367446 
0.9797976501901529 
0.01428677238486579 
-1.478700248107007 
0.4222005749181397 
0 
0 
-0.6491233525473301 
0 
0.05340659885134985 
0 
0.710162599272237 
-0.6727879137874577 
0 
-0.5376343667047261 
0.05542586325844753 
-0.003540089531357642 
-0.0405285330868933 
0.02882448088370218 
0.6663609665988188 
1.040834085586084e-17 
-0.3774616497406426 
-0.0191479632135115 
0.01414842543986971 
-0.2378450713990355 
-0.008824998728147907 
0.06690769970516607 
-0.01722497690329907 
0.4561393798280591 
0.133099987577152 
0 
-0.7851872602616208 
-0.2556526683567611 
-0.4590602307575972 
-0.01846512905010175 
-0.04244552772042458 
0 
0 
-0.01957493585323471 
-0.06717336928878605 
-0.2066004441775379 
0.004725839916626133 
0.005700098865662384 
0.1105540209168194 
-0.4609890945505716 
-0.8784125430291526 
0.02348436130245795 
0.04292243383987636 
0.05931042824220481 
0.3147069411033117 
0 
0.1334826924412079 
-0.1854435439947205 
0.1271216173350191 
0 
-0.07184390379252141 
0.00349555121219104 
0.845950768974253 
-0.22457480214116 
-0.02891510239052631 
0.4787493907903723 
0 
0.3906981844186451 
0 
-0.04109633434500413 
0.1406098181739958 
-0.5776829413739412 
0.03818967836320011 
0.4814901970027411 
0 
-0.1588259222617401 
0 
0.129237626134054 
-0.07841009371769019 
0.08989603992524203 
0 
-0.05508365547802255 
-0.7546389622900697 
0.6302304031819205 
-0.06801009715288239 
0.4151770119036682 
-0.3473082943372743 
-0.2616840869271422 
-0.06411520663039708 
0.03303694195019832 
0 
-0.2273367553254167 
0 
0 
-6.776263578034403e-20 
0.3490003277516429 
0.03929150402131455 
-0.04064221854391806 
0.3389989958695073 
-0.1873368400103418 
3.388131789017201e-20 
-0.01749556000889989 
0.02095436198968696 
0.1361282833281608 
1.015308218379543 
0 
0 
-0.00431393684066216 
-0.4360300055608439 
0.1352275288591992 
0 
0 
0 
8.673617379884035e-19 
0.04326159711025507 
0 
0.1385995330981949 
0.00287725135039186 
1.084202172485504e-19 
-0.286014189806151 
0.07706619688373004 
-0.2000566860566491 
0 
0.4358784173011842 
0.7504908014832575 
-0.3122375186118579 
0.7821787559389578 
-0.01594555196231521 
-0.1979680757666731 
-0.03845662380321462 
0.3204982960084964 
0.3295108971361489 
0 
0.7583623198300166 
0 
0.1158080937190519 
0 
0.9069221584025908 
0.2039844270427634 
-0.2415991030727909 
-0.4120129677446257 
0 
-0.0293491272343197 
1.005310120746116 
0.5325700380619972 
0 
-4.302927372051846e-19 
-0.005312626324573707 
0.2132991772320559 
-0.6690463068842288 
-0.5975310959101687 
0.05459160834757902 
-4.336808689942018e-19 
-0.8039905529119278 
0.1194217697011373 
0.1011477102156717 
0 
-0.08366950110127097 
-0.8855765423197303 
-0.139659815084923 
0.7025076922507819 
0 
-0.1951920819490385 
-4.743384504624082e-20 
0 
-0.217837078287113 
-0.1245707485900638 
-0.1812156472688451 
0 
-0.1674213150960149 
0 
-0.1016937773743125 
0.1354234409781628 
-0.03183799834103347 
0 
0 
-1.234848655682822 
0.1224844339469737 
0.3610461600862443 
-0.4944585997789147 
-0.3475375200104238 
-0.6441715733948004 
-0.05755553543654188 
0.06647799956415938 
0.3590853801525184 
0 
0.4969620422434919 
-0.03388947462701087 
-0.1173180239348098 
1.486593537286761 
0.06212081148947 
0.2707304784351889 
0.8008325153035332 
0 
-0.07307918540344974 
-0.08462216628465224 
-0.007780215177662427 
0.297980837268872 
0 
0.1853452972400088 
-0.06757949775227781 
0.09541508190877393 
0.004372276448482823 
0 
0.06020335027887961 
-0.1737446346519741 
1.008086842891605 
-0.180798682448521 
0.2469798660176575 
-0.1896895565659424 
0 
-0.5340337153162552 
0.007462321129693563 
-0.4547364914462417 
-0.3054275089520878 
-0.4425572297797556 
-0.1666831851803508 
-0.03150966754110744 
0 
-0.3617906286753491 
-0.4919433508548273 
0.3901327680927977 
-0.1775940842893773 
0.6410387003997818 
-0.3096786255860174 
-0.006725662526535429 
0.0832085711519553 
1.045976217938132 
0.1295704832627574 
-0.0009202784823383341 
-0.02006979613702902 
-0.08442659406677351 
0.01124191600672872 
0.4946192905987241 
0.01357911307594067 
-0.1728009324910403 
2.168404344971009e-19 
0 
0.06192424921998024 
0.06917539748500773 
0 
-0.140638503831669 
-0.03792286378291509 
-0.08175712644585746 
0.8199998435341355 
-0.6398375360320074 
0.5772233234369786 
0 
-0.1811169736413051 
0.1082948048482793 
0.5949208595384159 
0.4155438031687195 
-0.1266478657523153 
-0.01178994435305801 
-1.301042606982605e-17 
-0.2619387241459061 
0.4286168771582849 
0.0682821060928218 
0.417087930735693 
0.241538199826667 
-0.2665337629487403 
-0.03760897879456036 
-0.04576153510094736 
0 
0 
0.498450063128189 
0 
-0.1086042860381858 
0.3334618343903104 
-0.0677814308974764 
-0.04907703910902385 
0.8656650734537218 
0.1994129274899839 
0.6368963478524454 
-0.1868812514775593 
0.03482260668349518 
-0.01553139179178375 
0.4142844501722336 
0 
0.09507450104538394 
-8.673617379884035e-19 
0.02613721681712564 
-0.001522353773590446 
-0.1028551533353559 
-0.4801683054355247 
-0.001361625970900813 
0.3594985440039375 
-0.02663800847541298 
-0.01036183489317397 
0.0679668799890806 
0.05011582985898383 
-0.08672944998506296 
0.6171031068566127 
0.07635366397438409 
0.03288695365735446 
0 
0 
-0.3623521233776426 
0.01937024880864046 
0.3672638421427568 
-0.0716042370873399 
-0.02421514099772319 
0.1133634206648296 
0.0209991498650798 
0 
0 
0.3669611797712757 
-0.3032597370970648 
0.1647759381844545 
0.902768279147655 
-0.008987281589077994 
-0.1066761013570561 
0.0274297077891987 
0.01096049234488227 
0 
0.3682867509793678 
0.1899370780268778 
-0.04138112324306405 
0 
0.07343213545403113 
0.05247743628729031 
-0.01891736311343316 
-0.2537833341264833 
0 
-0.3153770911063677 
-0.02931594316825737 
-0.5662519199005167 
0.1955629094225321 
0.03853922671117329 
0.1677097677256468 
-0.04759872156733936 
-0.002737060674053569 
-0.2243241364305792 
-0.2739336647849904 
0.4794651173901275 
-0.08385090420102063 
0.2145175758261319 
0.02784449090304118 
-0.02116961515595345 
-0.005376596639853222 
-0.5450016361905713 
-2.710505431213761e-19 
0.3263409575975206 
-0.03155896745569181 
0.7818638089728178 
0.02111040124930261 
0 
0.06244172868118335 
-0.1529848463430715 
-0.2064830530724668 
0 
0.5341892556504916 
-0.8844179488438508 
-6.635536318800141e-05 
-0.1053097815621982 
0.03026198383161753 
0.01866433584208001 
0 
-0.06552480564693601 
-0.129993401048847 
-0.5096869229883874 
0.1381203799424436 
0.3630116013137609 
-0.008382877325938278 
0.08871026837929051 
0.9283704576135077 
-0.5698977845551831 
-0.01851517115433637 
-0.1927461367524664 
-0.3474587289368007 
-0.03517918403260013 
-0.3032586852635712 
-9.486769009248164e-19 
0.05292283561798341 
0.01295099776700287 
-0.7932405556524948 
0 
-0.1617986798733293 
0.03280277045803651 
-0.6939504957487408 
0.5940987568165196 
1.599198204416119e-18 
0.1375574101663741 
-0.377535329027928 
0.4602847236768884 
-1.119115216301458 
0 
0.09175429480573684 
-0.03709244513101491 
-0.08654903906950714 
0 
0 
0 
0 
-0.0251433801295269 
0.4710635314030497 
-0.2421079611953726 
-0.1264820314105239 
-0.2790468534916412 
0.1470477080083292 
0.01378546676205741 
-0.2063034198236727 
-0.06300825574895629 
1.00357914424631 
-0.3068765864520825 
-0.04126306185045098 
-0.4514761890353889 
-0.1955978358568892 
0.2978876319458169 
0.08947890478900279 
-0.01144447935630548 
0 
0 
-0.03518740139527797 
0.2000384658926214 
0.7873983311295965 
-0.5228381438270885 
-0.02436792707732691 
0.1096235511463284 
0 
-0.140232849703476 
-0.03886671624948783 
0 
-0.6893346540012746 
0.3268844731694146 
-0.350084732039314 
0.03068065091465381 
0.2228486413409559 
0.5377444001099928 
0.08959251245254914 
0.5131186181950311 
-0.1412057921110031 
0.3682906771053607 
0.1676088257023601 
0.1137473574370765 
-0.1314209327299248 
-0.01071391778228973 
-0.7444000551187436 
0.07409268442230409 
0 
-0.04383914581358401 
0 
1.136384109852284 
0.2483691855191586 
0.06319469774951711 
0.1926819075516607 
0.8089758141657152 
0 
-0.4104170628434728 
0.2507578599846986 
0 
0 
0.03699861200848885 
0.1473484023677743 
0 
-1.100884029521675 
0.3345405072130032 
0 
0 
0 
-0.4449162655981619 
-0.2420538376207397 
0.687406184098289 
0.5771203003550941 
-0.09409490820647898 
0.526558636382274 
0.03539329732777567 
0 
-0.06498451894481783 
0.2173984089452462 
0.760144427163141 
0.4156267772369766 
-0.3898119381689778 
0.07109270289370792 
-0.04282777072941864 
-0.8647338957884667 
0.3256925329660027 
0 
0 
-0.04107131799910267 
-0.326320212507743 
0.5533398359185281 
-0.1353111825283304 
0.6522586525837456 
0.6668975724248478 
0.07451163205055374 
0.9059143456107094 
0 
-0.2195353383501654 
-0.1542261534624818 
-0.03286255825778677 
-0.3050763450023701 
-0.2308973468724878 
0 
0 
-0.04863875581186977 
0 
0.6406843244805703 
0.08210367789477428 
-0.1021260451504009 
0 
0 
-0.02511499969110072 
0.09225356117539613 
-0.07823652019813603 
0.8600175886174921 
-0.339749182170112 
0.03674613451172987 
0 
0.01772892567587299 
0.270061963649917 
1.734723475976807e-18 
1.328726805172885 
-0.1564365707267451 
0.05596895647856899 
0 
1.257674520083185e-17 
0 
0 
-0.06684278395045817 
-0.03442287858648535 
-0.5523489681208792 
-0.2751934096185673 
-0.6154891966872362 
-1.251956322764059 
-0.1762781179153358 
0.08133804855000593 
0.106460031696968 
0.2478553265796399 
0.2706454308751613 
0 
0 
0 
0 
0 
0.2363167646921966 
-0.203605017500897 
0.2534228957771565 
0.6551641211671714 
0.02095668412068127 
0.8442279807287543 
0.04785800226635955 
-0.2481815948918953 
-0.07070136632297747 
-0.1350432171233135 
0 
-0.01823855386788388 
-0.1648833194484877 
0.3383681317881823 
0 
-0.03636349575922716 
0.2793896266479907 
-0.01117440768022449 
0.1103671520003123 
0.04479561873692592 
0 
0 
-0.01006825360691659 
0.293929353350696 
-0.1495333488799376 
-0.00775917293899007 
0.7283645821534527 
0.2734564053672516 
-0.7969337018593169 
-0.06346800387131508 
-0.09772290046906187 
0.1626479234817553 
0.0959325018449442 
-0.01239173657204074 
0.7575319971826414 
0.0796620143577835 
0 
-0.6130770140176459 
-0.1040423377743533 
0 
-0.2128166775375954 
-0.01088081754476787 
0.02208125927819477 
0.1601364366565199 
-0.1029083436641326 
0 
0 
0.1102568076295513 
-1.356020844786993 
0.03639133861484085 
0.4351428094119003 
0 
-0.7179460263929293 
0.57610242119517 
0.03083370987789777 
0.05433782544282889 
1.850732589567642 
-0.1493556209916948 
5.924762837314e-05 
0.03539308135255989 
0 
0.4756043045656489 
0 
0 
-0.3891147528002717 
0.7537990663541704 
0 
0 
0.2695104224678468 
-0.4784701475883423 
0.0515861520206496 
-0.6737908801667336 
0.02794995713140875 
-0.3248241010633916 
0.3798546504460221 
-0.00922688041240409 
-0.2655921483885856 
0.6513677929210854 
-0.8576002539392806 
-0.7378871824052329 
0 
0.05453851960401578 
0.06863222837121813 
0.01198101908505985 
0.4398368222450413 
0.6907771637105499 
0 
0.06037580756085377 
0.115641417736944 
-0.01183421442484046 
0.06609184106787373 
0.4824997806447759 
-0.2002721611441489 
-0.06391803995996095 
0 
0.07006646378864556 
-0.004115535013073407 
-0.03075456028397839 
0 
0 
-0.3230408455789639 
-0.0299890447789668 
0 
-0.04558959095843504 
-0.8126686643581613 
0.03356680077224689 
0.01308366506582741 
0 
0.01448006585044847 
0.4303910511256379 
0 
-0.2554607523422431 
0.5603047164502731 
0 
0 
-0.1718019486188002 
0.6855369069563271 
-0.2468690865745075 
0 
0.3282807754520831 
0.2453541775019787 
0 
0 
-0.004038773994981177 
0.7089884847185839 
-0.06071607357228977 
0.1872730883605449 
0.2157294520183779 
0 
0 
0 
0 
0 
0 
0.1648375589147773 
0 
-1.127762220155423 
0.2369719295567001 
0.2653185409740925 
0 
-0.3531438104066589 
-0.7763902600844379 
0 
0 
-0.3910500978910027 
-0.02217374665213993 
-0.08592533383723237 
0 
1.131982172283535 
0.3927949181748826 
0.6695814501791516 
-0.06879793452076044 
-0.03527171480489461 
0 
-0.1282069416404906 
0 
0.4375794033311088 
-0.06335863224516444 
-0.05847133810065653 
-0.1300742007563136 
0.05614011126762369 
-0.5684901863356919 
-0.01822813097740262 
0.9557726236943271 
0.7350154035672739 
-0.007666111923676886 
0.06923823122356437 
0.5837613252526931 
0 
0.09071185064349059 
1.21641707637508 
0.0003421090727751362 
0.8187421839832811 
-1.446286445887184 
0 
-0.1853962891399546 
0.7634530228581117 
0 
0.2282019888248024 
0.5675343457022111 
0 
0 
-0.558887743417963 
0.2359530925495522 
0.001008641429434197 
0 
0.09059646403035697 
0 
-0.07144603803429192 
0 
1.004514855183873 
-0.04640768098606492 
-0.02870350614253159 
0.1443311027390154 
0.1842086631601135 
-2.974845231567999 
-0.007201997183568706 
0.08943611928356915 
0.004043791914577388 
-3.469446951953614e-18 
0.1112856419737738 
0.1463696644582723 
0 
0.09595387240163357 
-0.09099774990629225 
0.01518675775416067 
0.06609626987767103 
0.05158444553705114 
0.3001638766599568 
0.3547428836672752 
-0.2421139847329775 
0.1491737766004642 
0.2309440525216671 
0.2521965457785634 
0 
0.4540871050849043 
0.06177790414870963 
0 
0.5274670483949015 
0 
0.2355981047155047 
0 
0.007174057474740733 
0.8747444360001823 
0.09767697013499645 
0 
-0.2961997594603635 
-0.009560718266243721 
-0.1202537259257861 
-0.1814080936448751 
-0.1357406847884462 
0.1131478385167496 
-0.01730308453135069 
0.2194380910644745 
0 
0.8626886361917664 
0.0006582151966836918 
-0.05458907014684314 
0.1644256264301817 
0 
-0.128969027008667 
0 
-0.3989207599786869 
-0.2001300741316805 
-0.06051765495943352 
0 
0.03250321594355533 
0 
0.6749789405559388 
-0.5831911224894922 
0.1101751220425648 
0.2750151818350317 
0 
0 
0.005312558126813629 
0.4023493969857903 
0 
0.08067281095984936 
0.1617690182051197 
0.08411594191799321 
0.009190956348833256 
-0.2092208523502721 
0 
0.000804181934224797 
-0.9988113079485799 
0.08684188140563677 
-0.08421300631561547 
-0.005837348900923568 
-0.1778504292975308 
0 
-0.8187031715878003 
-0.4244543868421465 
-0.2592795960784056 
0.4388818990893136 
0.5647747859538891 
0 
0 
0 
-0.07118739849009414 
-0.006750278539611211 
0.2621923983989752 
0 
0.3998919736657187 
-0.8838539753474064 
-0.1878877637048072 
-1.219727444046192e-19 
0 
-0.01820485570325674 
-0.00259775658200875 
0.01898397295045418 
0.00235515231662439 
0 
1.308801516765849 
0 
-0.41009293138951 
-0.05871549942796363 
0 
0.003804000044601438 
0 
0.1776593083971944 
-0.009441174301141251 
0.2986616468838987 
0 
0 
0 
-0.3493325250845923 
0 
-0.04300668172013049 
0 
0.4760261552481225 
0.1055474263126711 
0 
-0.1810485536346173 
0 
0.1230295428637408 
-0.1999501018447974 
-0.3834908356694918 
0.09940994903345854 
0.4836685324999346 
-0.3371395849991048 
0.5845914016134729 
0.1169025065809113 
0.4130186265681636 
-0.02509119287799569 
0.07240289676891525 
-0.5967875467407258 
0 
-0.001156432021890574 
0.1301955266715635 
0 
0 
0 
-0.7027274518030165 
-1.171576710394049 
1.097506250641191 
0 
1.821091985877677 
0 
-0.07696284936853001 
0 
-0.4538766142177132 
0 
0 
0 
0.0965519806950724 
-0.009252572112830934 
-0.03430458649825342 
0 
0.8758965581432436 
-0.03502058710149498 
-0.4024162487383517 
-0.2011737396949914 
-0.006098208610713778 
0.7458019055322441 
0.01505361477507127 
-0.05144827678530691 
0 
0 
-0.002982943604731386 
0.8067096933355248 
0 
0.07064360654231244 
0.2268897332842979 
-0.01652696975753219 
0.8483916818868117 
-0.03964961226607033 
-0.9576121643331648 
-0.3542958906183993 
-0.001407327863669437 
-0.07810687929061769 
0.3400371725581441 
-0.01585390972046152 
0 
0 
0.2007871851777192 
0.7636638759176438 
0.09510611042771938 
0.2549323881546079 
-0.491739570792844 
0.6852277321934971 
-0.9455401931207286 
0.0412669445168547 
0.2094157163860391 
0.206918090875407 
-0.05705859770278365 
0.01009328007364644 
-0.1336403079209232 
-0.2276493945684785 
0.03755555130629405 
-0.003867577325073851 
-0.1181379849905762 
0 
-0.2796233311685042 
0.001540730005447915 
-0.004825764087121572 
-1.066249521063046 
0 
0 
0 
0.2970703199023917 
0.03594494988031936 
0.301709473152844 
2.168404344971009e-19 
-0.02146112129581375 
0.04394037698442264 
0 
0 
-0.1640471819613973 
0.2668176848791017 
0.1157142052652063 
0 
0.1058285747722781 
0.06687741377793457 
-0.05542651885082558 
-0.01408328845677467 
0.104088222282239 
0.9695180513405965 
0.003341789471511129 
0 
0.3636057923701503 
0.9864898607439165 
0 
-0.0357924897134924 
0.5778099143118673 
0.2847495261393139 
0 
0.02783068500852499 
0 
-0.003349488813136746 
-0.3404851462809094 
0.01639386937219355 
0.169543561432384 
0.2420959016512542 
0.01853726556049876 
0.32791431344635 
0.1822125477112222 
0.1158739052266166 
0.3664371137707225 
0.4341359329356394 
-0.3042225793650673 
0.3815334124804796 
0.09476436228674441 
-1.033552928438647 
0.1599351757939378 
-0.1227086765183934 
-0.03958379899564054 
-0.03028201405599725 
0 
-0.1319151576763273 
0 
0.05357420684429259 
0.6598574526493426 
0.02110217525240856 
0.3348632597290709 
1.301042606982605e-18 
-0.09691722646340835 
0 
0.1209818884157873 
-0.01222843387038283 
0.1573429570467027 
0.06881491340151029 
0.6535678074238156 
-0.0503569710438045 
-0.01370568133100632 
-0.3445573320173039 
-0.5326207134937732 
0.1818322269890482 
-0.2189534215254632 
-0.2920418452546303 
0.4787453484450314 
0 
0.6242612919635263 
0.01973569216247667 
0 
0 
0.02192156720815332 
-0.1035142241753399 
0.7118587530031828 
-0.1676383786149914 
0.3796490109625743 
0.3959746845949139 
-0.3157118669097116 
-0.3056494910884893 
0.3973679735369861 
-0.7091964691761343 
-0.9075649863542524 
0 
0 
-0.4982592183037491 
0 
-0.04008416721377553 
-0.001031285408492087 
0 
-0.01981603425501156 
0 
0.2610926347048889 
0.0655575417374592 
0.003523407081378386 
0.0499678064065732 
-0.4336919944124975 
0.05938494703996005 
0 
-0.576358717597963 
0.07205803021708898 
0.06375112252673994 
-0.5006209255306626 
0 
0.06353798134822103 
1.071173272407305 
0 
0.04984718897597085 
0 
0.02628915265958743 
-0.1928234801082879 
-0.06607287131096069 
-0.4655559612789638 
-0.208127078833547 
0.1654299500195325 
0 
0 
0 
-0.02493493433226939 
0.8303560100197103 
0.6833087675701759 
0.4969855335746406 
0.1895463572782133 
-0.1842587455953861 
-0.2395179652833919 
0.01929989432287102 
-0.4537569981996729 
0 
-0.5102187531677006 
0.422068144242547 
0 
0.21692407578468 
-0.7853056164775057 
0.8393031125164012 
-0.03542175186015635 
0.01672646599413636 
-0.3342665479866698 
0.1674912441369443 
0 
0 
0 
-0.7566518972300059 
0 
0.3351488631442314 
-0.003715460748731692 
-0.01459888797104959 
0.2545567771482241 
0.2136457219045222 
-0.2152839845013318 
0 
-0.02320531045685624 
0 
0.3146215470465638 
-0.7382286798687874 
-0.4412370527675759 
-0.14933430039991 
0 
-0.06206534237266268 
0.00776411298022407 
-0.3184900506566802 
-0.3180511091725359 
0 
-0.1497327567057963 
0.3754568933838961 
0.5367924806773425 
0 
0.005124833578510432 
-0.06279305167888571 
0 
0.012267694708533 
0 
0 
-0.1248157684719343 
0.2725922582088289 
0 
0.0396269902092817 
0.4120072069822861 
0 
0 
0 
-0.2566752792293236 
0.06556430835347883 
-0.5628193205316053 
-0.03391688799528502 
-0.03783153262124549 
6.993764968706813e-05 
-0.1855633696663898 
1.016142918541268 
-0.03678308837998608 
0.02978097596216749 
0.2083590906833043 
-0.00192506429241187 
-6.505213034913027e-19 
0.7848894306659422 
0.8403057806851517 
-0.1582052668639868 
0.1538173416747494 
0 
0 
0 
0.1314119880444332 
0 
0.01168448601612542 
0.1192601026004334 
-0.00304303471572585 
-0.03641671125544724 
0.131925439880603 
-0.4168710882797207 
0.4460685018170916 
0 
-0.1600774758962981 
-0.1774230347241237 
-0.2122263179808413 
-0.6608809816092835 
-0.1429353639205306 
0.4957238804016033 
0.2743083891378438 
0.1721065711989899 
0 
-0.01617575152266709 
0 
0.1063398756669086 
-0.01305795923493291 
0.3368042379163722 
-0.020091876689336 
0.0631980626305476 
0 
0 
0.3207921898323634 
-1.626303258728257e-18 
-0.3897599844152561 
-0.006955580738499758 
0.4298743095622629 
0 
0.9682348509835136 
0.01818249598794265 
0 
-0.004971523454944034 
-0.0003624737421560221 
0 
-0.01199221323622598 
-0.7082417621644942 
-0.006368650103095496 
0.04516168760265589 
0 
0 
-0.1188252168167629 
-0.01811823482746588 
0.01243697046872168 
-0.5092506590781436 
0.2983565925534623 
2.231835616794225 
-0.01772650700133087 
0.7194684059323148 
-0.01885735797106895 
-0.04993863247365844 
0.07956484988187204 
0 
-0.00429314242143537 
0 
0.3064336051752032 
-0.5191349489665521 
-0.0288247225472403 
0.3175004549000632 
0.05917529490354122 
-0.04776323468529026 
-0.6752565931710639 
0.1439431988679553 
0.1343807620577588 
-1.734723475976807e-18 
0 
-0.9578603661871335 
-0.05526281571754509 
0.02139993492913524 
0 
0 
-0.2585057905220658 
0 
-0.3331032026620513 
0 
0 
0 
0.4645035511112369 
-0.4984224471488034 
-0.5190208405707344 
-0.1100378544033075 
0.1009459968472497 
0.5682484232733741 
0.03809778773566884 
-0.01813729951246622 
-0.05115633029843237 
0 
0 
0 
0 
0.5235435533655078 
-0.05019816879124849 
-0.4048905501508657 
-0.06027982479190964 
0 
-0.1321028712830446 
0 
-0.02136836166284134 
-0.0140095253189176 
0.2233587945820777 
0 
-0.0309444474694394 
0.1448360757715843 
0 
-0.5165467787287898 
-0.1570818998410221 
0.03517686044015207 
0 
0.1576924748928139 
-0.2677896324839833 
-0.05798949005013261 
-0.110232537349326 
0.02252665441909639 
0 
-0.2662731897178361 
0 
0.1459076450984735 
0.3381309222225389 
0 
0 
0.2831403793910018 
0.04478480880073683 
0.5009516545743383 
-0.0949425539107876 
-0.06533003737495549 
0 
0 
-0.2186030248641328 
-0.1197858369872235 
-0.7306592530318508 
0.2118452272868781 
-0.2085389137711996 
0.3107486956417608 
0 
-0.5456649033913209 
-4.336808689942018e-19 
0 
0 
0.2236606288769117 
0 
0 
0.145269432994143 
0 
0.06053324787355262 
0.05872370093607512 
-0.02865895920109224 
-0.1452570394783116 
0.05230594484620087 
-1.490777987167569e-19 
-0.1839359749170508 
1.638342851469698 
0.08966177217050519 
0.007144775042240682 
0 
-0.1258146997308195 
0.03259522124755108 
0 
-0.9016296076366505 
-0.003589563609183458 
0.001784262357187392 
0.00189863487210019 
-0.4128050144667154 
0 
-0.3680897885760839 
0.1040731670921165 
0.8608736063770287 
0.04822842609084982 
0.5708834083597836 
-0.04457741372347442 
0.1805670282412561 
0.01237271211202719 
1.217016889132008 
0 
8.063753657860939e-18 
-0.2919262596565906 
0 
0 
0 
-1.72878489547508 
0 
0 
0 
0 
0.08411591575443576 
0.3002446029451514 
-0.3620928281702314 
-0.02936875391040503 
0 
-0.2103166667844061 
0 
-0.3270312252899802 
0 
0 
-0.3246181127750155 
0 
0.184115534138672 
0.4391794043447557 
-0.0137788274072947 
0.6676398181550933 
0.05817060419259903 
0 
0 
0.09524263795591668 
0.588494218873836 
0.5544981189654666 
0 
-0.04137084736639614 
-0.03786116066701257 
0.3282234167263534 
0.002602832571554138 
0.3656388732491653 
0 
0 
0 
0.303474380571959 
0.1652605117903368 
0.1588784591034896 
-0.04144467271447397 
-0.242229283789913 
0 
0 
0.5313152880312428 
-0.5977458569273794 
0.1185919462684151 
0.4078828040119803 
-0.3090381087759859 
0.1893109774976968 
0 
-0.03500484961461364 
0.3350863388285085 
-0.1371535370825719 
-0.5436451325012145 
-0.05751573828344016 
-0.1941079122286192 
0 
0.3202450726280787 
0.06978143288662456 
0 
0.2150275059038917 
-0.02761923928063464 
0.1473820713129432 
-0.5196901435598084 
0.3329132778112291 
0.5922201023689586 
0 
0 
0.0342138853839262 
0.03608527305565977 
0.334875324516868 
0 
0.6012703401877709 
-0.1375708527721113 
1.017660910469035 
0 
-0.556531140388469 
0.4593438061537727 
1.371743011918253 
0 
-0.136155631221363 
0 
-0.08811971836099824 
0.0642031961553233 
-0.8928294164680382 
0.07476786766981025 
0.1365733714543731 
-0.781579026739233 
0 
0 
0.05271050541143818 
0.5098290347390838 
0 
0.01343051093475778 
0.5027349138182808 
0.1566048336420954 
0.3703953188775327 
0 
0.1617290446992285 
0.02574355766955158 
0.3873048405997781 
-4.336808689942018e-19 
-0.3126958506284615 
-0.6091889299806589 
0 
0.04926041515498043 
0.02040465012263723 
1.720785438219688 
0 
0.00716175589517181 
0.1611295922686629 
0 
0.07658879555383176 
-0.159946544067176 
0.9842111579932008 
0 
0.002119079244777994 
0 
0 
-0.06135429694438233 
0.3643419427158034 
0.2488683823765088 
0 
0.08372717030081783 
0.03433900153395582 
-0.08255136301455142 
0.2248932039379575 
0 
-0.06435376226194606 
0 
0.8023770582642482 
-0.001686379598412929 
0.2606617014463735 
0 
0.001630127505160339 
-0.3959373181002303 
-0.06688991243200521 
-0.07960999765709623 
-0.03276239409313256 
0 
-0.3422835371038453 
-0.08645839111624981 
-0.005909469204377127 
0.2369511508257196 
0.08763777659487151 
-0.01770143105438173 
-0.04968090216232603 
-0.001545831647657942 
0.08533095278624447 
0.3931692496033711 
0.8290018271979512 
-0.4555464185384438 
0.09782869694586743 
0 
0 
0 
0 
0 
0 
-0.07589055208125127 
-0.007903799601033499 
0 
0 
0 
-0.006240022813644408 
1.235044763559716 
-0.1297207727730656 
0.2838414612903554 
0.03088588394233496 
-0.2497407388322477 
0.1374603851222783 
-0.07465506743404134 
0 
0 
0 
0 
0.0004042590838408722 
-0.1555722612029457 
-0.1481002330820774 
0.2854240856864442 
0.04573320972946925 
0 
-0.03593920047014735 
0 
0.7972893484462272 
-0.2946710248936372 
0 
0 
0.008231801605201483 
-0.486185024307092 
-0.1922845521486485 
-0.1745423226070832 
-0.1191268354609101 
0.4163547900809881 
0.0004389471005753832 
-5.963111948670274e-19 
-0.5639464046948715 
-0.0408972185936614 
0.275583433770892 
-0.1142478269344682 
-0.614366798263303 
0 
-0.01148929261035245 
0.262201187874584 
0.01806382115360685 
0 
0.01282161372215595 
0 
-0.1848133614071935 
0.4510566616766183 
0 
-0.08512912760382807 
0.2444613330012522 
0 
-0.3177277673773765 
0.2217889339983634 
0 
-0.1396738542285834 
-0.09697433098626371 
1.422060415812724 
-0.2818359530573891 
0 
-0.1507140673088972 
-0.3417305713657477 
0.009370286922620494 
0.4994806953637336 
-0.1412005816766183 
0.9041154578155635 
-0.1628749333678222 
0.01259219310979735 
0.4030009910277161 
0.1898395997710026 
-0.2266846612240153 
-0.06430494500072838 
-3.973411421340375e-05 
0.3538850381791739 
0.4525084740424488 
0.06635963202263311 
0 
0.06964776123223002 
-0.1747831478754929 
0 
0.203647432811439 
0.1355849681545411 
-0.1905030948917313 
0.0520056540230359 
-0.6823847631917223 
0 
0 
0.000688963558778061 
-0.05476032356323951 
0.7834518428110004 
-0.523017516731285 
0.6461784416929957 
0.05873819205490373 
-0.08920744166070436 
0.005781333873755522 
0.6821990774096578 
-0.3660151635982913 
0.4517956195660444 
0.2150487160277183 
-0.4028704959825091 
-0.06882904241144241 
-0.153437535323358 
0.03038956401196325 
0.1799242913412305 
0.1335394767215462 
0 
-0.103464569704709 
-0.2939526887674855 
-0.3051834670585995 
-0.03052901956352148 
-0.1327004776520962 
-0.1034657518115985 
0.09251328478712885 
-0.0334034957641462 
-0.4379927044650012 
0 
-0.02815405114056992 
0.986159815500409 
0.05047615633120035 
0 
0.1822240130737159 
0 
0.5346217553802616 
0.05200799099503229 
-0.2981335860789128 
0.1148610067579164 
-0.007664487152225382 
0 
-0.393631287281147 
0 
-0.08135497941152803 
-0.2433047266751889 
-0.1623871409774344 
-0.01227929110240362 
-5.204170427930421e-18 
0 
0 
0.03147185227586636 
0.2578454870214822 
0.2350243161356089 
-0.4628660122141154 
-0.1283061763491077 
0.3601912697969716 
-0.02090658960562607 
0.1968609263885942 
0.05721300460665495 
0.7220013610256912 
-0.17608614812119 
-0.04144460678406656 
-0.9494397338555767 
-0.04603491481259377 
0.62863846672193 
0 
-0.1610306489364676 
-0.03023299182872339 
0.2575930628775973 
-0.06107693558756092 
9.75781955236954e-19 
0 
-0.14871604039484 
-0.05916249544829379 
0 
-0.05982048209768862 
-0.07458001817130595 
-1.566747904046399 
0.2107460620169379 
0 
0.01541755819362705 
0 
0.2675881037944904 
1.734723475976807e-18 
-0.1049579684330438 
0 
-0.509414450005711 
0.5498306861152219 
-1.355252715606881e-19 
-0.0341959257625207 
-0.608599746020891 
0 
-0.4281727570634831 
0.607737383711103 
0 
0 
0.005828262370419763 
0.009134667736519126 
0 
0 
-0.5204274137659349 
0.321527234485817 
-0.08041818966793797 
-0.00696082613697692 
-0.4913291707435595 
0 
-0.2053482427999891 
-0.006949604155506221 
-0.3092437940764854 
-0.6308798388179078 
0 
-0.2929658610129199 
0.1232521714242137 
0 
0.4651768870197719 
0.1213019615862422 
-6.505213034913027e-19 
0.5261391476706788 
-0.2327254748410625 
0.03399929986176081 
0 
0 
0 
0.04822139803027449 
0.1492733439290876 
0 
-0.1909975526113485 
-0.7413970894879601 
0.0270674218457347 
-0.1138328597483704 
-0.2359755680649932 
-0.002119626666946006 
-0.02826038374511589 
-0.02153565813600099 
-0.3954979625915873 
-0.04988823063507441 
0.1127534845980563 
-0.009059930223619478 
0 
-0.4196999680800282 
-0.03766112395382996 
0.05287461345677859 
0.06458153267471295 
0 
-0.9250074837765383 
-0.04147547619004306 
0 
0.1531401614225349 
-0.4660023476714709 
0 
-0.06015950417555904 
1.269522790852066 
0 
0 
0.02999103564208503 
-0.05615847958519638 
0 
0 
-0.04709114815845938 
0 
0 
0.12092890216069 
0.03921838240082092 
0 
0.1742803983845728 
0.08868061114707299 
0 
-0.8107140035300336 
0.03236848968635421 
0 
0.5873947734648319 
-0.1054129475687113 
-0.0312236919340721 
-0.02256374241112553 
0.3390584643355208 
0 
-0.01918117399773076 
0 
1.626303258728257e-19 
0 
-0.1410605698267074 
0 
0 
0 
0.1474584534527818 
-0.4892550725150172 
-0.1119857381543144 
0.07052646239402963 
-0.0003353303627549628 
0 
0 
-0.7226941938710483 
0.1013376766701058 
0.1188386586398739 
0.05962223382502031 
0 
0 
0 
-0.1920151761945354 
-0.0674983603907129 
0.0004085518911858001 
0.5580064864247645 
1.765216662077962e-18 
0.0166378864461985 
0.5604679375408764 
0.1027292379860657 
0.2194567432087736 
0.1775417547955288 
0.2391272846504252 
-0.8222248333730253 
0 
0.07987051958714637 
0 
0.2834580163371285 
-0.7964668903099043 
-0.1180288351869442 
0.2650093412516091 
-0.07940856466780916 
0 
-0.2542594716971881 
-0.2672366511169333 
0.2237337095040351 
0.09507542995370405 
0.5805474125239006 
-0.08588032994287752 
0.05833886105872783 
0 
0.2949807583191266 
0 
-0.003901141884080526 
-0.002116419806672641 
0 
0 
-0.3693893596283546 
0 
-1.742496397394527 
-0.6696925473615232 
-0.01520557075914055 
0.7406496836352418 
0 
0.073819588201869 
-0.280367074636922 
-0.009810076173447283 
0.2488546355032573 
0.6541561439932718 
0.6391245328944436 
-0.2264526646263995 
-0.7254933994145125 
0.4312793594377713 
-0.4020092236650915 
0.01161495023534697 
0.4155913458228475 
0 
0 
0 
-0.03325481976450033 
0.02390503735372287 
-0.04006177055441724 
-0.8446247000361207 
0 
0 
0.1123459177015125 
0 
-1.41924382492003 
0.009458933491368223 
-0.7396366630949421 
0 
0.0009275575763403074 
-0.001868150591358119 
0.3557498453453845 
-0.1670299626672689 
0 
0 
0.274375241317093 
-0.1912821257562478 
0 
0.7967275698349633 
-0.170471565048104 
0.6100437023940714 
0 
0.273346159871696 
0 
0.05619676215742445 
-0.03958810286840035 
0.3807388971573134 
-0.6262607141827106 
0.03683050962611616 
0.004648533498142749 
-0.08436609363389494 
0 
0 
0 
0.2371602893139849 
0 
0 
-0.1911332743331162 
-0.05742046037718893 
0.05405602114398913 
0.4999371250965335 
0.2951888349408853 
0.00302697456828463 
0.4569635973243655 
0.3858330639507828 
0.3881664033394391 
-0.3653763446500837 
0 
0 
0.2675891945676558 
0 
0 
-0.09710212274792789 
-0.1224859612730618 
0.5292425897629919 
-0.2945286012083681 
0.3405022803000975 
0 
0 
0 
0.005714378768912951 
-0.02889808906720126 
0.258111815740766 
0.3798459349111734 
0 
0.07567724908343722 
0.04638987837059626 
0 
0 
2.189641612444353 
-0.7840560843703653 
0.3385357366398974 
