solver_type L2R_L2LOSS_SVC_DUAL
nr_class 2
label 1 -1
nr_feature 5000
bias -1
w
-0.2708763180568696 
0.06030768728524987 
-0.6821564636788273 
0.1724917242586097 
-0.5817933900686429 
-0.7859323726663036 
-1.092916356959968 
-0.02412997208712764 
-0.2894021381170518 
-0.07909105918721719 
0.8019944031967019 
-0.4550481766957883 
0.314445498735784 
-0.210986005902114 
-0.05926396976452589 
-0.6412709299445967 
0.6213066153028896 
-1.625439994842274 
0.01428196996192608 
-2.549990000209784 
1.30739102049045 
-0.04622819400632714 
-0.06442997574590931 
-4.622418895781553 
0.003696526641005273 
-0.1549879169506516 
0.09927369093134883 
-0.240285170724631 
-1.157374458721152 
-0.02893775631340293 
-0.2922657569204055 
-0.06443735441665241 
-0.01985396103948636 
0.2813871395353348 
1.124611776779561 
0.8792908180659063 
0.6694000688585316 
0.1403958596041925 
-0.2776573259787529 
-0.6285128224519171 
0 
0.5019692466217658 
0.1055830743524685 
0.6217156625975337 
-0.8117973233156738 
0.1763168652131773 
-0.5860726479587862 
-0.5977778741734785 
-0.7763929889390297 
1.18711630929104 
-0.8875229992968305 
-0.504613996072399 
-0.2415585469268273 
0.1664754321704523 
1.040126710915096 
0.7212883370231902 
-0.3068374374297551 
-3.367500778051201 
-0.3009020327897299 
-0.5760054815849646 
0.7196385085054454 
0.6578119591412239 
0.1812640334329948 
-0.05844285052882037 
0.1636241735030646 
-0.1229504485834861 
0.2100954401548241 
0.671903304705342 
-1.067492670065215 
-0.5550656303937661 
0.1410320818057194 
0.4369199193542221 
-0.1211457190426708 
0.6241992170349069 
-1.749825006412486 
-0.1303144289242384 
-0.300406629745914 
-0.5618795490104069 
0.4526677459061572 
-0.3889980077334423 
0.3929950616284834 
-0.07279499099465393 
-0.07857793277928082 
-0.3465661711983852 
-0.4403783143282222 
-0.07861265513668927 
0.05349781858974795 
-0.7281041250093924 
0.03980492543113068 
0.2113004612349873 
0.4854719814782618 
-1.351984565113896 
-0.2515949573081658 
0.9156499424080526 
0.3981855384315713 
-0.5610448807262532 
-0.8577143953788886 
-0.8237596235867582 
-1.085893553843159 
-0.02224417345342917 
0.0691703924810069 
-0.3521838431702723 
-0.6710876653046745 
-0.5019929633745519 
-0.6188601906983596 
-0.2542079238069498 
-0.1397600811935819 
-0.2903630814388461 
-0.03240550531244345 
0.3238769377818419 
0.251193033049637 
-0.01808310959390892 
-0.07499404274609599 
-0.004044380203694984 
-0.1632473126945877 
-0.3324041214553332 
-0.3839718251568938 
-0.001679899454998655 
0.8472427921020107 
0.3958097868400223 
0.5334059489537799 
-0.2181634152000861 
-0.06754172864780181 
0.1440853889733073 
0.3782336754822287 
-1.832326951835835 
-0.05568694071531935 
-0.4973871943147372 
-0.3350644606733585 
-0.1234194776753561 
0.04898795821549105 
-0.849690984289158 
-0.3074973211416598 
-0.2214066601053611 
-1.051948491020799 
0.4547014514163469 
0.03243529556854168 
1.330876831865613 
0.2109513059808582 
-0.1836376970092133 
0.4189937349688884 
-4.901549615048817 
-0.03802061510328299 
-0.528549874498649 
0.3312003754594674 
0.5822317592704987 
-0.04717732438560182 
-0.1797903808474149 
0.5500573709823107 
-0.1697240581646177 
0.3642475681028742 
0.2088021912149482 
-0.03998342209823835 
0.4123225135031937 
0.2829712945944156 
-0.326327304217779 
0 
0.777356579970497 
0.2259052107780485 
0 
-0.05285522583270293 
-0.1051090455225773 
-0.7960042670560314 
-0.3906642426596992 
-0.457224079572862 
0.1793703724130227 
-0.3055763752239347 
0 
-0.4352537501726915 
0.8476803934630691 
0.03906544574242002 
0.1758416859755685 
0.3838380932634166 
0.1984264357136958 
-1.38819409291039 
-0.7580226962429173 
0.2764305203892338 
0.07545549067606254 
-0.04288497132297724 
-1.265251048081936 
-0.01927115139206136 
0.6751079350840156 
-0.102162063648911 
0.01776461165389643 
-0.3104419281559984 
0.03110942542883851 
-0.9483419677959076 
-0.583156134822403 
-4.439322849463689 
0.3572625275917156 
-0.4994075874224458 
2.124357891050615 
-0.3085932962571675 
-0.1848687602290838 
-0.1524629178007657 
-0.2860286708740162 
0.2331297323910865 
0.3453720095285933 
-1.204186783048652 
-0.03953577612071461 
-0.001739319974631832 
-0.1401869001833043 
-0.5114982865642242 
0.5333791347231363 
0 
-0.02576535562460567 
0.0952042273304726 
-0.1553641982829168 
-0.8448202495012264 
-0.578750658408846 
0.4123828243541827 
0.1889705123921386 
0.07787831941728758 
0.09934245947026826 
-0.2309415621438069 
0.05175800877985185 
2.273380564454872 
-0.02156462561863219 
-0.290706719244093 
-0.1587395544511075 
-2.800334731060223 
-0.04842012295059659 
-0.2827119318462975 
0.1326099388097682 
-0.2396008793984819 
0.2223045449230953 
0.2706144926392563 
-0.3069354592965556 
-0.06467393366103412 
-0.229666485839568 
0.06663251929863855 
-0.1632759195258146 
0.3595605319009894 
1.228466959519231 
0.4499487022351328 
-0.9334243679460058 
0.4436269486108821 
0.8655704845434178 
0.2254852974608337 
-0.09445916907473224 
-0.06656351754241634 
0.1405070693221247 
-0.4256524505428978 
-0.3294913801815094 
0.04525127609325948 
-0.3398564070577277 
-0.143797217196126 
-0.8892641457117593 
-0.1625701260145453 
-0.1645652439986462 
0.7522796336372852 
-0.472958139764462 
0.2638312210930517 
0.102827945724208 
0.3700524414786054 
-0.06173045213881632 
0.06474056896144355 
-0.5486914047640482 
-1.249877377351631 
0.6066697797687762 
-0.2826367613098753 
-0.06237618844153897 
-0.1190119265604889 
-0.0721027728328235 
-0.2257735779070922 
0.2743677361120385 
-0.6934768723384311 
0.7127312780542401 
-0.2385281573039264 
-0.1947306806517107 
-0.8312580320167415 
0.1547052596933899 
-0.04790951550763631 
-0.006576837418448628 
-0.04306162510832103 
-0.04410062022536894 
0.1035800732967179 
0.6956783823585806 
0.7963950226675029 
0.7134511864292374 
-0.4743186927271806 
0.0009531211247033865 
-0.00356300134466825 
-0.2376188326704401 
-0.08542936231360912 
0.1101142282202613 
-0.08992148062515981 
-0.4283349427120278 
-0.02712330888933507 
0 
1.324644925990321 
-0.346700082935813 
-0.1048662649828773 
-0.3260528187903025 
-0.04918417633295361 
-0.08079842940037081 
-0.336658647997927 
-0.1645035807425457 
0.07608131979791255 
-0.03305147422411656 
-0.01526411881754825 
0.2060240608975831 
-0.5980629194498894 
0.7180177642469066 
0 
-0.6752449622816981 
-0.001036285819609641 
-0.01267812210035039 
0.4046271232060687 
-1.027114260971326 
0 
-0.3991683116863994 
-0.4322347858249815 
-0.9045310811034871 
0.01340443098841511 
0.720271206259893 
0.009959929753238853 
-0.5397055093640404 
-1.143650696272172 
-0.01946578754655796 
0.3724317019425183 
-0.06511744214544837 
0.6814823041437336 
0.6274472445726037 
0.1479540376209125 
-0.1786689289627501 
-0.04073114102719473 
1.401441297560416 
-0.1672824343222976 
0.3330693528454641 
0.03690024781664292 
-0.8110870132946582 
0.458435280427108 
0.5412990974929408 
0.03729295375383379 
0.06000396574627825 
-0.3264908834845038 
0.1307585762394094 
-1.46056740375444 
0.189638487287492 
-0.06063898462799153 
-0.02611890535264683 
-0.4171029873041702 
0.4020800806112724 
-1.386658232549424 
0.4458124149372972 
-0.1110822658631652 
0.3231935990066299 
-0.01857803795664847 
-0.6198752204862249 
-0.645187975016526 
-0.5368168477681073 
-0.02189243884910893 
-0.03152183603714112 
0.0445910199136474 
-0.05598233230939213 
0.2168543023748876 
0.5347434371937304 
0 
0.3990690835569306 
0 
-0.5782664301086078 
-0.254888377985656 
0.2969088483302182 
-0.333905638610557 
0.1128180910698717 
0 
-0.7016680678027518 
-0.4428333829120457 
1.084202172485504e-19 
-0.6664927032009403 
0.09442518336692451 
-0.4200298440754815 
0 
-0.04631435481480053 
0.009586404742564742 
1.056833026696339 
-0.2696994936319407 
0.2267571985657154 
0.7962481897840887 
-0.1137433597558965 
0.404160141479291 
0.3367713899221557 
0.1923704597352299 
-0.9003744930620877 
0.1702713992217031 
-0.5294180979048821 
-0.3839213562342329 
-0.5328862970295583 
0.6891665592878005 
-0.4610652328782441 
0 
0.01777317097296574 
-0.4207189215358427 
0.1878631070407917 
-0.1001149299362211 
0.5002154459632812 
0.3721862745529271 
-1.224918158672763 
0.06476889936123389 
-0.5776341019162559 
0.4150603893355209 
-0.5061706269432829 
0.09354247011130146 
0.3689945178974008 
-0.8359442829596111 
0.1849051031832441 
0.2709443993071147 
0.09949582830523533 
0 
0.3345142535769523 
0.3154610235691213 
0.4754600354744343 
-0.1008251810556571 
-0.4052209190484891 
0.9053699511818422 
-0.5701713840936586 
0.004531660991289814 
-0.1972576615890335 
-0.6795202190832254 
0.04433955052177434 
-0.3017679663308987 
-0.4332947213485637 
2.075293959406441 
-0.004474564716224388 
-0.1521731808589657 
0.07591539445397955 
-0.1693858893876583 
1.175269988378332 
0.9882082255464434 
-0.1695372730329761 
0.1363945234900603 
-0.225856261598432 
0.156231061922375 
-0.0898771347026593 
0.334426563452975 
1.256556730112461 
-0.06704517348881781 
-0.3267708410523242 
1.194184838152966 
-0.957938204976847 
0.580715909801418 
0.8366305538867084 
0.003046768472298065 
0.8003176090421197 
-0.4113307221112625 
0.07792923088192917 
-0.4012446386870951 
0.5049677677459223 
-0.5785036657467003 
0.800655904606057 
-1.04558764553313 
-2.66976058159528 
-0.5057187140427662 
0.6999896910407432 
0.02470415802405395 
-0.2276981291306642 
0.2460062585848343 
0.1444983152179689 
-0.3910208364527236 
0.1665898310429304 
-0.5754855370750834 
-0.3161030500371217 
1.309979558014333 
0.1639832805983689 
0.002384538980202714 
-0.0009183334953860806 
-0.1733931448782448 
0.3438515687480374 
-0.007453796546801813 
-0.07044641406052844 
0 
0.0004406630361940614 
-0.5553620180689177 
-0.9742095696363745 
0.374314800634988 
-0.04339654398796416 
0.2313186120569711 
0.2725581984353543 
-1.041604155796331 
-0.9590696103033269 
2.123465631228121 
0.416252695385139 
-0.3897865836022963 
0.02020818630078841 
0.09477359754110429 
0.1152742919908706 
-0.1353324593212895 
-1.510215934311994 
-0.5541599915205734 
0.735306819217602 
0.1364357496044197 
-1.170727791333764 
-0.05659465384857235 
0.1317673709319318 
-0.914859169756714 
2.278905591040515 
-0.007234804651918511 
-0.649615639099541 
0.1149359559247265 
0.09614850815016111 
-0.1329236075777144 
0.1888107544247863 
0.9151056636995937 
-0.005414507476137441 
-0.1841542016708858 
-0.2719776695273955 
-0.1989323265252241 
-0.3396398195486864 
-0.1863488369252648 
-0.4822048321378292 
0.2124634723911746 
0 
-0.8690675314856854 
0.4511635980464256 
0.02806543807560417 
-0.577893093038459 
0.1562204764994368 
0.8956781791234657 
0.7629648698083055 
-0.1524961185182226 
-0.04166034775738148 
0 
0.1003660733167859 
-0.1996979428194943 
-0.01848637317140273 
-0.4445520185830935 
-0.5825089766483571 
-0.2073271495655271 
-0.1161964728815646 
0 
0.1285989236634957 
-1.287197106018593 
-0.4639534806159287 
-0.1750910108951087 
-0.02881057201031194 
0.003929740767799765 
0.008667273494184839 
-0.4363690144575404 
-0.459840969369938 
0.3827301519867805 
0.1326141273209734 
-0.3939581633941144 
-0.08733079625328197 
0.02240480687133956 
-0.001469335442777639 
0.4898010506115196 
0.1324483273968732 
-0.2067852828627008 
0.5950753443766297 
-0.4669692395946043 
-0.5798291768139991 
1.444194955585536 
-0.05494555890150395 
0.3471088450502413 
0.1132343062106771 
-0.3568148702123977 
1.866831173255059 
0 
0.4378461690802884 
0.2260547365407416 
-0.9828501192819922 
-0.3667778284893649 
0.1624186450030234 
0.1548445927650356 
-0.1481312166331411 
-0.02039024369644033 
-0.4507921210394292 
0.1020045646806491 
-0.04571990873394308 
-0.4911202824079619 
0 
0.7736174983327957 
0 
-0.09134143517122192 
0 
-0.05919231509533585 
-0.6337963321221599 
-0.003175276559348078 
0.09100043211826722 
-0.2326076157248198 
-0.2060840966478427 
-0.5789230979985933 
-0.3283553328434771 
-0.2660358987321284 
0.1391608201858789 
0.01456022768984699 
0.3103989418520228 
-0.05042045320751413 
-0.1989447427124565 
-0.001908480811718483 
-0.2530385052313335 
0 
0.6121614969075155 
0.679675141557969 
0.3242548562152772 
-0.4257399029397577 
-0.8764937665748563 
-0.3710087291820496 
0.1293233556130431 
-0.2915465249586592 
0.199673424848956 
0.5742144475443121 
0.01860619196714892 
-0.1325938878291841 
0.041612091276531 
0.4617370732756615 
0 
-0.4408711960561205 
-0.5066888046892802 
-0.1132207028410918 
-0.5502946193845528 
0.1936730117372559 
0.3510283278445577 
0.1675838241873529 
0.6122575103552206 
-0.345591369492247 
0.06063975409512106 
-0.7204804307830848 
-0.2671674506947044 
0.1767825608787475 
-0.6924552058789855 
0.4479031121621798 
0.245931560514857 
-0.02421811548805446 
-0.04739640866425011 
0.2837958693462123 
0 
2.318656018173328 
0.5617219036801578 
0.2807176235254621 
-0.1113020317993195 
0.3348907305624713 
-0.0106434904719352 
-0.7297850219969135 
-0.3179852569792196 
-0.3969809075492219 
1.08781861330756 
0.04247033980661726 
-0.4425341678925472 
0.3508267668953899 
0.158597092597707 
-0.01939064600719663 
-0.5564362036081643 
-0.005720617623027714 
-0.1081917403463282 
-0.00369809625859606 
-1.584035501768999 
1.90921306598191 
-0.02222268623301823 
-0.1295031668632816 
0.8123640801458941 
0 
-0.04708835746310358 
0.4696139443550977 
-0.07122387833925753 
-0.03654057372023864 
0.4446534938926463 
-0.01472888305434018 
-0.06532313261754961 
-0.4708621341797386 
0.3869314363344796 
0.6939022126169017 
0.05835694326495495 
0.6073919819271 
-0.03362989674458973 
-1.066820896689207 
-0.1438826969058556 
-0.3775305339091171 
-0.01122945061250071 
0 
0.1524558377205187 
-0.2195361486031057 
1.17555283439354 
-0.364324711253304 
-0.00288556639295068 
-0.4146864588707495 
-0.01139838053348234 
-0.09775527267672961 
0.02216201155873964 
-0.215667225011808 
-0.04461887604408487 
-0.7934333530288175 
0.5966575257017251 
-0.004972792088736021 
-0.6097699088974758 
-0.5722480001004572 
0 
0.06147475743905088 
0.0639690905702171 
-0.7140193359262611 
0.07705490273650104 
-0.9944090813624369 
1.044311438398922 
-0.813029472394372 
-0.2142006693326077 
0.02535584743475969 
1.357285121853062 
0 
-0.0383358016408244 
0.03144994535687231 
-0.08185112351018084 
-0.05541294197372674 
0.6932025056579928 
-0.02785730391223457 
-0.7527204983849975 
-0.001638619694383446 
-0.5460049840452342 
0 
-0.09828066568223406 
-0.5784417539245778 
-0.3148667036072735 
-0.1383094174335281 
0.08195841214249017 
0.005276512043672315 
0.2484438534383022 
0.07579348450276487 
-0.2744125110100218 
-0.4250819975611452 
-0.4255786421218082 
-0.5187243103697543 
-1.523960594916824 
0.4426160810159687 
-0.0128042944356076 
-0.05121624157474846 
-0.9709082340856415 
-0.6836245486677873 
1.626668511447683 
-0.05430479798369987 
0.225977003210465 
0.5680641939495465 
0.06317400004964359 
0.5837373346355006 
-0.09419291454428055 
-1.25935039025709 
-0.001863660232522789 
-0.08766780016732763 
0.3465915533537869 
-0.125070487825187 
-0.8269941216815703 
-0.6332778601099035 
0.3990882633227051 
-0.3651586991932731 
-0.1346330966491397 
-0.47692347345375 
-0.1638612405290613 
-0.1034453429016624 
0.6168492307975942 
-0.06846815267997904 
1.2639693984315 
0.4959033485852442 
-0.6701732779181115 
-0.1008971339467072 
0.3732081865393299 
-1.027638522225101 
-0.6976434314362254 
-0.05403680669123821 
0.1002759818769531 
-1.120922740761561 
-0.7139236051875375 
-0.3491345180315052 
0.2476603466014882 
0.3168859460428515 
-0.5205948722055498 
0 
-0.3955456182978782 
-0.2215313467589838 
-0.07993150216100413 
-0.163306148443791 
-0.4965457865103406 
0 
0.559512420352728 
-0.067372185492505 
0.0005038026772788457 
-0.335245261644918 
-0.3268113673008055 
-0.5678490204348536 
-0.2050134411154183 
-0.9685401510084807 
-0.1074611304029157 
-1.17657555799637 
0.4499777436400464 
1.092931013665482 
0.05834579873121179 
-0.09112893194694208 
1.193094164854271 
0.1660740676527372 
-0.3467147891265419 
0 
0.2398625717615809 
0 
-0.3664033999261945 
-0.03231826027450827 
-0.1080165602875011 
-0.4447324587305962 
0.7528606832904299 
-0.1574038002246787 
0.2846095619152573 
-0.07699542116932777 
-1.10733002535132 
0.2695147725981268 
-0.3953309920856884 
-0.04680803213336798 
-0.01926908921645892 
-0.2729814319175497 
-0.0009747491288504488 
0.04171248513889799 
0.1170084873287306 
-2.219523876587557 
0.618303932811381 
0.1756626319591594 
0.2753227059696483 
0.4939089281781429 
0.05153960391698338 
-0.2876248500137484 
-0.00833343692871134 
-0.1139647996251233 
0.5101907994550062 
-0.1289982014740196 
-0.4115614354587388 
-0.371616622534961 
-0.7683942471628938 
0 
0 
0.008922036864499312 
0.3015063880797704 
0 
-0.2719545281524938 
0.04623245354706011 
-0.2648783505218596 
-0.02440627199046539 
-0.4106523282524179 
-0.007769308117638028 
-0.01027932235836561 
0.488984325529233 
-0.533464910402457 
0 
-0.8637795180579914 
-0.4747144094363958 
-0.7543307329458909 
-0.6331021852100066 
-0.5416575559435024 
-0.5761068786252238 
-0.8530877603495345 
-0.4330386591368681 
-0.05597145331340683 
-0.1085137848105342 
0.6457178879682041 
0.1971736308677861 
0.5976835354846851 
0.3973728689854327 
-0.01099204036712178 
0.02059817344942418 
-0.006052174162801667 
0.1894534507490364 
0.3577456597222366 
0.01332828239680589 
0.7297874585501463 
-0.05626683423738786 
-0.01642735554010612 
-1.47943909038082 
-0.3023303039472443 
-0.1978995943845052 
3.116602859383692 
0.49038416680763 
0 
-0.3833639554971752 
-0.06130356621715217 
-0.203362766476449 
-0.04860222719949987 
0.195545363423127 
-3.469446951953614e-18 
-0.9155125212013374 
0.02081726691627196 
0.1351919627469823 
0.5020550650054146 
-0.01009882415871403 
-0.5823865122978147 
0.5061099661893426 
-0.6042016580005976 
-0.06563688402623147 
-0.3178283857066116 
0.1616753498963416 
2.656012813748093 
-1.163980503929504 
-0.9026237277422862 
-0.4182364757361701 
0.3934787042878683 
-0.8696693366698034 
0.1003520722278776 
-0.002036507651131501 
0.03438872378352041 
-0.6754188095581585 
-1.067872598279069 
-0.4152878184024397 
-0.231849036245642 
-0.0456395977323823 
-0.004089032411260479 
0.04350635344957791 
0 
-0.03965180230583042 
0.05138726543272321 
-0.6029083027462628 
-0.3377682978976539 
-0.1155688520949255 
-0.1389063738814018 
0.0990239042816989 
1.001557684248794 
0.5179193614461843 
0.07377655815709178 
0 
-0.4441588518233913 
0 
0 
1.471131212119569 
-0.5116822775038739 
0.02929401735549917 
-0.006612047336179708 
0.9417030916407639 
0.02858001831194788 
0.04552738882903819 
-0.01925161505489488 
-0.471692614763005 
5.421010862427522e-20 
0.02951984877921113 
-1.036105944213916 
0.3241088363977054 
0 
-0.1909692666095153 
-0.05850019821854901 
-0.1997061930672227 
0.02889469277154209 
0.2537483055306183 
0.2759306857643822 
0 
-0.4908590329098665 
-0.4556847034175638 
-0.6714630584596717 
0.2821038465515394 
-2.382325676856625 
0.05729118398112458 
0.03633240466575735 
-0.1610121064897155 
1.208824005727149 
-0.9030833335578856 
2.065964570433477 
-0.02703503758803336 
-0.7840128866869637 
0.05226552301904917 
0.06190054379656839 
1.219484328547163 
0.730259327070778 
0 
0.1550448730060121 
-0.114444333167402 
0.3065601852071105 
-0.2929129247956826 
-0.008951797142662411 
0 
-0.02649299251359138 
-0.1545691684981838 
-0.01049547149286452 
-0.3864990976194813 
-0.1773028801740114 
0 
-0.244764188271376 
-0.7006668588760794 
-0.1375299973935641 
0.0002956408621650476 
0.1863370545973646 
-0.2075978779949867 
0.01685107433506476 
-0.005586386497350545 
-0.4975323579910725 
-0.4026380282546702 
0.6491240228525149 
0.1996185906928866 
0 
-0.4268092456553659 
0.06866144961550824 
-1.045097291554136 
0.2653364809706134 
-0.2409270366156878 
-0.09542332221479442 
-0.5877269187799102 
-0.4294274454674179 
0.1063580112460748 
-0.02464634734604234 
-0.03105525174000884 
0.1972967287093385 
0.1005032381872012 
0.238710378917597 
0.6042038503933228 
-0.04646928091551702 
-0.0224044889098643 
0.2205672680353949 
-0.0016765026072246 
1.586888025990993 
-0.07634810222387009 
0.4237099251714742 
0 
0.6080076694476657 
-0.3670643911859153 
-0.3252468605791068 
0.2647281076836697 
-0.043629734051809 
-0.3779751701493869 
0.2588575524177206 
0.4239864714971572 
-0.6476781481841412 
0.01228460171071138 
-0.2605884199137057 
0.3593348444840026 
-0.02169646918815619 
0.1646610278428968 
0 
-0.390145138803202 
-0.2335920645540872 
0 
0.3146215571952948 
-0.184163036313887 
-0.7922516070487604 
-0.08628547555907504 
0.6567237834550688 
0.1063407104644002 
0.111757163322184 
0.4353122821183683 
0.6784151921573325 
-0.006026100840616744 
0 
-0.3703227887535547 
0 
0.2803830841228169 
0.02707093931388495 
-0.1662707360923491 
0 
-0.8243655943003791 
-0.2921490555596539 
-0.1346105676686722 
0.00134824328447605 
0.7920975250236639 
-0.8683532118596295 
2.698884488567007 
-0.3145209093771553 
-0.03906574275383355 
-0.02566467563947831 
-0.1334122336793815 
-0.1907565379295548 
0.1322902036389549 
-0.02325891431971616 
-0.005931623106500306 
-0.08435808753850878 
-0.218591663679806 
-0.1519065789850532 
-0.1833658198174737 
-0.2142739260399482 
-1.394890392953198 
-0.7320827492169183 
2.492228122222447 
0.09661407551654039 
-0.03409064767834474 
0.8561839270202917 
-0.08249657064650563 
-0.6850234168800623 
0.1779876294422908 
-0.424547335357945 
0.1330007759613077 
-0.04236205865358072 
-0.3463795812776879 
0.3672165946350793 
-0.03001858318570719 
0 
-0.541482107677257 
-0.05076007624302845 
0.3113077230496534 
-1.146064305891947 
-0.001749770676424217 
0.4195519955914273 
-0.5008927515597009 
-0.3556603946289414 
0 
0.276210587449043 
0.3822217966545539 
0.765446458965883 
0.6619419569271644 
-0.09940815056763901 
0.005943433392205767 
0.3035965239873964 
-0.1935886979186781 
-0.9691561615541359 
-0.1137776383486967 
-0.08722101455220402 
0.511784074591526 
0.1927946869555324 
0.07154809662670546 
0.2369413367335306 
0.623331516592466 
-0.04760919644138206 
0.03123035081339781 
-0.0161962831348266 
-2.39770228970348 
-0.1686037695641409 
0.2905504064562726 
-0.2054095187735472 
-0.003372692088182153 
0.02268364886600655 
-0.01621493485803984 
-0.9148852519692854 
-0.01898898809309939 
-0.08050284296085733 
0.8623011673114247 
0.327388378878922 
-0.3093955945770268 
0.007961356605530013 
0.6936035799607334 
-0.5404466269987364 
-0.1205556369249192 
-1.462377678925207 
0.0787057560678401 
-0.7151707059616734 
-0.6344386528995543 
-0.4656219861136591 
0.1265698917330944 
0.3253104688303878 
0 
-0.1933908167598105 
0.1646348292246272 
0 
-1.369708464146598 
0.1621050961473971 
-1.466069307202814 
0.1061202016252135 
0.05819681303854132 
-0.3513279826493792 
0 
0 
-1.497438102277812 
0.1950358147731494 
0.009273202621410718 
-0.04685929504350783 
-0.466698911511591 
0.4133708608693299 
-0.4089805708239897 
-0.005185580846500797 
-0.3979914808594288 
0.7277023461674239 
-0.4834361048009639 
-1.109760811488449 
0.1987736315467963 
-0.3944325023185108 
0.2003718387011812 
1.154796946589065 
-1.211795228074924 
0.8720818648035658 
0.7449101541285938 
-0.7439187851897207 
-1.76297105575894 
0 
0.1944628619324171 
-0.0230998294829377 
0.1749471497750529 
0.3304579615226184 
0.1515153647669356 
-0.3240378353695683 
0.4021034860248085 
0.008457121389799474 
0 
0.5425409690343769 
-0.04121083325576801 
0.5453775850827812 
-1.534254146326425 
-0.09440147137923725 
0.01506206626456792 
-0.1627143848012564 
0.01489725381056725 
0.03263126777429965 
0 
-0.04071133348975593 
-1.121967149751234 
0.05485365998971586 
0.07010380160784711 
-0.04626674934822711 
-0.5591886814234404 
0.500839249045224 
-0.4647686504694917 
0.2285981547208623 
-1.301042606982605e-18 
-0.2896176491645851 
-0.1479542843579367 
-0.2279543984128742 
0 
0.3591387584791133 
1.463662176568831 
0.8937080354680317 
-0.332318244910291 
-0.6222298034475143 
-0.3139268411837039 
0.9701612337299045 
-0.4862795964679316 
0 
-0.08072281030194739 
0.009021882873923326 
-0.1155388161914468 
-0.5035051506415918 
-0.9351978576780507 
0.09288289822346496 
-0.05480338687263239 
0.0335146941939988 
-0.2035925572865279 
-0.9843388734371556 
0.2192107152908466 
-0.2106922784833552 
-0.02205847075001972 
0.04878123725776955 
-0.5530422960791124 
-1.168242687022557 
0 
1.151143254146916 
-0.6156263067444138 
0.3463359757357226 
0.05948541235611974 
-0.06029126570105092 
-0.2781993040637985 
0 
-0.7342264402721633 
0.05075574006505017 
-0.3549940862176889 
-0.5576734749083353 
0.9700885232965685 
-0.1962368852889748 
2.149126754974819 
-0.27617655631295 
0.7277027865766756 
-0.02361945227317224 
-0.2115886056902483 
0.4910995745751506 
0.1159037726926761 
0.6106183206613837 
1.18689714366961 
-0.415719321516289 
-0.2163309348234259 
0.1472529287624404 
0.1913385392382238 
0.1605315905924915 
0.1815044638246908 
0 
-0.0430573296370913 
0.1865224589361113 
0.01471197205243825 
1.944762576060605 
-0.114790439503863 
-1.507959941449682 
0.5531467713593421 
0.6935737779322839 
-0.02750046092442371 
0 
-0.6437468848337684 
-0.2763459807068138 
0.007563667448854943 
0.2040669760725603 
-0.02435202698419569 
-0.9226042958445395 
-0.2058553390196896 
0.616448675581843 
0 
-0.2054270892348871 
-3.188323659643523 
0 
0.08133699033936334 
0.5815771187938436 
-0.08140038027602144 
-0.4054288233996046 
0.1294264289145003 
2.873042863523417 
0.009511906713983363 
0 
-0.4114524181779764 
-0.1713193186360616 
0.002612622860221526 
0.07040394123532118 
-0.1104306974678777 
-0.8851254401709902 
0 
-0.02355311512664995 
-1.154851471640398 
0.2201076933132269 
-0.09330146745992002 
-0.3286779254136329 
0.2644400911619371 
0 
0.07590103548267944 
-0.01644533868072107 
0.3169403756321207 
0 
2.395210066081191 
-0.05728284465004303 
-0.2673855666219417 
-0.05162511919074311 
-0.3619847612835567 
-0.09007486366643735 
0 
-0.1623995199283561 
-0.1547590364154154 
0 
0.103501433876054 
0.03223262071510831 
-0.002654909235559162 
0.01722287741695388 
-0.6204640272360423 
-0.8538222448970336 
0.4581633081265849 
0.00821133424013832 
0.06470458113964601 
-0.002886272146164768 
-0.2400976533581414 
0 
-1.560765290377701 
0.08111470748675048 
0.0201709825230861 
-0.8211945664056519 
0.2297496921132259 
-0.122009517106888 
-0.00932787444560421 
0.6825910392753285 
-0.06029357699550693 
-0.04159164060446031 
-0.0495480157112757 
0.03027154729727474 
0 
0.2844354569194614 
-0.2338467788994244 
-0.001007433854330018 
0.1598700362674966 
0.009834707836297784 
-0.8162758937790605 
0.07191002629419074 
-0.08474351909298258 
0.06878215533286008 
0.2413021709186268 
-0.3892559359170372 
-0.3122725731753656 
0.4765459857690523 
0.05543355393943909 
0.3770335936342551 
-0.5776735935272103 
-0.5045768568434407 
0.05861464322779065 
0.3913175621805915 
-0.09723440929009582 
0.5263513837760254 
0.3721158421309693 
0.734896227833794 
-0.7984569060233304 
0.5062485518152418 
0.2112432081064265 
0.6949614978114937 
-0.003157588340122992 
0.2649338334333485 
0.6370402658732428 
0 
0.4633691231402182 
-0.07620811371929788 
0.5176214959891281 
0.1972435044447297 
0.227085517421463 
-0.3918387252741944 
-0.01139699977655568 
0 
0.02369492864288589 
0.3916805565369359 
-3.066258857240431 
0.04120334036115272 
-0.1330380619707051 
0.05554843530309449 
-0.08655831482819841 
0.9902108186672374 
0.01421697035777321 
-1.424690892613266 
0.01758667577685132 
-0.007823958924074182 
-0.5743732995434286 
0 
0.4432397252081575 
-0.08537486360513899 
-2.661676056307714 
0 
0.1553977898005756 
0 
-1.151863965027552 
-0.5418354372941279 
0.7470310148202715 
-1.11850894734169 
0 
-0.8818599976368261 
-0.2505241432897304 
0.04609880947470755 
-0.3852503857727321 
0.003527537371867714 
-0.2695414536290766 
0.1418498767127759 
0.419790863281598 
-0.3793847107795159 
0.5308814280820777 
0 
0.3007379639512814 
-0.8080884896895745 
-0.2796935409278872 
-1.017841369014795 
-0.2678166910139163 
-0.05369926569192871 
0.484638372749514 
0.1092144968287618 
-0.2795071718253204 
-0.01844818681960969 
-0.1604354318038847 
-0.06128560244019557 
-0.2756039531018801 
-0.178434962755714 
-0.2018017357105755 
-0.7120587099789413 
-0.006270885211998631 
-0.3305023567670519 
-0.4963143372694258 
-0.04301452970126747 
0.03329162826380302 
0.5470974197717471 
-0.01460659944574021 
-0.392555662872572 
-0.05914365791488431 
0.9415683934589389 
0.7056773146270692 
0.01560514778602586 
-1.257622477952074 
0 
-0.06132348893584708 
0 
0.2264989068831723 
0.0489694172537027 
-0.1872585229296552 
2.168404344971009e-19 
0.6153464361149155 
-0.2066918607782789 
0.7079267037352553 
-0.1251949219577965 
-0.4855895773362079 
-0.05039928883778938 
-0.647668689104148 
0.136415786055494 
0.08357019782557962 
-0.1388583681060969 
-0.7019627618003695 
0 
-0.02709516348582379 
-0.356094626629723 
-0.3172644332312265 
-0.2487390761794966 
-0.3464256419738911 
-0.001064972947327366 
-0.03593971769691046 
-0.07623707695939826 
-0.182959226597372 
0.08660590235644539 
-0.192216221733025 
0.2920600755844859 
0.007646286691323122 
0.6357084652072382 
-0.4249087270874964 
0.110998238714465 
2.025750268144985 
0.5311870791892639 
0.2338294961771355 
-9.974659986866641e-18 
0 
-0.06647755892719275 
0.2804732705842737 
0.4558489815293165 
0 
-0.2870277662103261 
0.3250304884537057 
0 
0.03399478174398782 
0.7180025830135841 
-0.3992865972713058 
-0.2527902715787224 
-1.073458196679242 
0.4908799209613739 
-0.1026199357925077 
-0.4978052649528489 
-0.4291172397020536 
0.3674875960176749 
-0.2588330596940503 
-0.05973807297339936 
1.289300400052835 
-0.07525447324346535 
-0.4268813142328978 
0.3581633836331224 
0.1119509937293457 
-0.01765714802999163 
0.8082426904182397 
-0.2242522703100062 
0.5343978724604171 
-0.2252133438998704 
-0.08185903009738039 
0 
0.2243718247816426 
-0.5385580494110738 
0.2570008698935523 
0.06727418956480936 
-0.2738867166188211 
-1.751351216934018 
-0.3982139416529066 
-0.1386385500180651 
0.4124586047110799 
-0.3847274356244029 
-0.8215746642420215 
0.06066674279594259 
-0.8488300388341748 
-1.17198128177961 
0.3392451300073712 
0.1319381084818308 
0.997873693654317 
0.05640719857841058 
-0.03541279982248867 
-1.084202172485504e-19 
-0.1018443568474143 
0 
0.534800617794959 
-0.5901040196474225 
-0.1759228605896301 
-0.7806792005102579 
-0.5161936766107118 
0 
-0.4614243945598525 
0.2982342302002978 
-0.190573979553213 
-0.1386108196257398 
0 
-0.220269606432671 
-0.002345647318997723 
0.3321978453859395 
0.1806642999550355 
-0.08897171220628092 
0 
-0.249368425161771 
0 
-0.02744458425398074 
0.2611739077191944 
-0.2860581114700035 
0 
-0.09773789992446692 
-0.6485073010518438 
-1.649093119157042 
-0.7040108264256418 
0.01483105982751826 
0.2950584559259398 
0.2065042208943323 
0.3990803055669941 
0.08153876174196968 
0 
0.1685548301485298 
0.2407837338502876 
0.04378528545210341 
0.050561952775866 
0 
0.03798047730456115 
0 
-1.15802050289477 
0.1958340554854948 
-2.428309803865524 
-0.3228213147452907 
0.6420666551241003 
0 
0.05961077298832716 
-0.4463823790847499 
-0.1942109910994839 
0.6714649708268146 
-0.6099398837834652 
-0.5384861829750336 
0.2348397792519688 
0.166063284093353 
-0.3930482304391869 
0.05706513461623473 
-0.02900967833829831 
0.01611249783092821 
0.1188435750196695 
-0.6183781738720485 
-0.07822260483966179 
-0.006502937126769184 
-0.2571116950195543 
-1.104544310843421 
0 
-0.3592342373482372 
0.1379811537981231 
-0.8313366964082065 
0.02492646908165458 
-0.07432605507017161 
-0.496886505494072 
0.2199786488450014 
0.6753980383552467 
-0.4316598528726625 
-0.2363798956947882 
-0.02447084558990163 
0.269385833664158 
0.5188304523568241 
0 
-0.430134503723482 
0.03051594040619537 
0.3286454222651861 
-0.1791535321847933 
-0.2093128415555012 
0 
0.05331559893393948 
0 
-0.3919522011681284 
0 
0.2439252104211085 
-0.9820224931823121 
-0.09810061633337991 
0.07409337566353448 
-1.512520063786364 
-0.06731694990809858 
-0.7548342680600366 
3.44575569189293 
-0.5528195980051864 
0.1577537959430982 
0.2432499251573546 
0.3513372958147651 
0.4253909888072041 
0 
-0.5239985973868551 
-0.1298623279174532 
-0.5504881883204529 
-0.7986886813885536 
0.2640592819383022 
1.175657572925402 
-0.9264869578059899 
-0.9163148245489073 
0.3666770107670692 
-0.3539392739049326 
-0.21377947511897 
-0.1710399342241784 
-0.1655299101784819 
0.6436521404996395 
0.03426211424306969 
-0.3667305054098356 
0.08560409979791575 
-1.178207698384064 
-0.168644212891047 
-0.471259144363298 
-0.565847587245129 
-0.01817209556663743 
-0.488793926230515 
1.143586171880672 
-0.2720076589939978 
0.2159948055868264 
-3.07324189967072 
-0.4037968962442014 
0 
-0.01607287744316942 
0 
0 
-0.5975790369702569 
0.1506058711142268 
-0.1532377030549302 
0 
0.1109015197919285 
0.2162653679505001 
0.4776126962822068 
0.04774851166553708 
-0.2844726912925094 
0.4514822072417031 
0.138296091487793 
0.4289224607579465 
-0.3320955836764435 
0.2340162518526697 
-0.5717238433564473 
-0.7052405993028723 
-0.0777478395921733 
0 
0.08262443354201141 
-0.5317431433204263 
0.3473720363280342 
0.04457910138218343 
-0.02024586365437988 
0.3057129846866697 
-0.3449831847053146 
0.0278270577685984 
-0.286770417207267 
-0.3114313065517304 
0.07261911117665551 
-0.1624840611985518 
0.2383805392736975 
0.8540995820654135 
0.1338272389552819 
0.4521953163974457 
-0.4492593845012693 
0.399182267876029 
0.2739488054046187 
-0.05520957222430938 
0.3776036244016756 
0 
1.019874550298117 
-0.3317421793762207 
0 
-0.1534824495853914 
-2.214262373864063 
-0.8143750635251943 
0 
0.28419254373837 
0 
0.7154497451433233 
0.004285355550481922 
-0.8564472147035749 
0.452289981928919 
-0.002137428768362371 
-0.1552285832909327 
0.3361728578406446 
-0.3107152642138804 
0 
2.099176780631785 
-0.2365789057502232 
0.2082924133019833 
-0.0336878632569202 
0 
-0.2796298261124898 
1.091651144165275 
-0.6780413523253485 
0 
0.9233100925539782 
-0.7365974711115331 
-0.3091030692031363 
0.08406080089267277 
0.4491659789786005 
-0.3815618264554891 
0.2409373038451205 
-0.1502911989443762 
-0.002404802236061454 
0.04370138099607946 
0.7378152386732422 
0.5752671049847153 
-0.1358103746348877 
-0.9527636049171218 
0.5341021799793714 
-0.09887783516188645 
0.3459795959491027 
-0.1807553464296646 
0.04596328045360067 
0.422354195936383 
0.7136125602248189 
0.006184729361199313 
-0.3242517508425633 
-0.1562815553588005 
-0.5149377125548775 
0.1824112353142223 
-0.3097103821704184 
0.008454826440444577 
-0.004716593208959014 
-0.04936076035029722 
-0.5917915288244842 
-0.08526824553982834 
-0.5214237256358795 
0.06621450232692765 
-0.4833524792744882 
0.08082320205863035 
-0.1933875258425048 
0 
-0.02061704292497139 
1.820815244352242 
-0.5914719971355228 
0.3093046722159095 
0.1011887080907341 
0.3770739629275776 
-0.7448624813363555 
-0.1128228500732961 
-0.6511171634999099 
0.03658129072556854 
0.6581124064166717 
-0.6365493317668638 
-0.4140879958237785 
0.0228277196042094 
-0.7257602809216194 
0.04401445581834326 
-0.7939578987868668 
0.6382769732799201 
0.3281671122656444 
0.7116188100657536 
0 
0.07820485017599395 
0.1854145127224604 
-0.6249897413096025 
-1.733937500278815 
0.389033285298482 
-0.8796536705574318 
-0.008484614890951559 
4.336808689942018e-19 
-0.2688010293973426 
0.6444599165389057 
0.2951357663788569 
4.336808689942018e-19 
0.1086588584353071 
0.3935552952433647 
0 
0.1205036474901609 
-0.6909556283957032 
0 
-0.3219336613375354 
0.5486989071221088 
0 
-1.533931318464359 
-0.3706629578197423 
0.167387945510339 
0.4849051245757117 
-0.4096112668186252 
-0.05492713066261102 
0.1089997824791907 
0.47213256894811 
-0.4781020240289382 
0.135131180117446 
0 
0 
-0.5808724593453016 
0.6231048588577804 
0.7168278884416742 
-0.587135141044366 
0.2714243015162322 
-1.218222579979681 
-0.01265102914160461 
0.09544490205755678 
-0.2965366614241198 
0 
0.04939742976740767 
0.8204586469930848 
-0.04651459579801757 
0.02150584729415371 
0.995723512689064 
-0.2360468858638143 
0 
2.152881480001651 
-0.1947748671091682 
-0.3795830094933245 
0.4244312505710626 
-0.2502069762083197 
0 
1.384845436998178 
0.2869423283909339 
0.3543116100243798 
0 
0.1091535731505221 
0 
-0.001186971691827289 
-0.06819400945903308 
-0.05888540425411207 
-1.416288464193836 
-0.09536832805390968 
1.039471849340414 
0.2459502930868037 
-0.6063212882201602 
0.007933370109909162 
2.333651020985239 
-0.5265012802682683 
-0.003414951236043298 
0.207963749617468 
-0.567859792693126 
-0.2729170366089447 
-0.2009759706198954 
0.02911783691638697 
-0.692452931278172 
0 
0 
0.5592238170290789 
-0.1606495808871945 
0 
0.1203201675901539 
0 
0.1306479877057775 
-0.1349691082911749 
0.1333094308655995 
-0.4258405192606576 
0 
-0.5718087062251925 
0 
-0.9377419794939321 
-0.8518237465984575 
0.6452628519790536 
0.03488490008983617 
0.2308866364323198 
-0.1705943839938758 
0 
0.5749262176842846 
-0.2582599803610531 
0 
0.4228800686120888 
-0.4614217192584829 
-4.336808689942018e-19 
0 
0.02591276926596499 
0 
0 
-0.0520535565663447 
0.8725770620125676 
0.1303030016204308 
-0.6999656225053728 
-0.9610735393126215 
0 
0.01601316969736052 
-0.03075870247836028 
-9.213128808596204e-05 
0.4426988331906194 
1.229675568489088 
-1.282433353863967 
0.1037204635447855 
-0.5152061109284003 
-0.006366129229317927 
-0.5233263614109327 
-0.3330275472356595 
-1.409462824231156e-18 
0.2761256560380078 
0.3358727308224265 
-0.1178615649860971 
0.3024281191273877 
0 
-0.9891277450710285 
0.09351929537184912 
0 
0.1318076492019641 
0 
0.9518253504277078 
-0.1434712105671741 
-0.9756639607908698 
0 
0.03186945559098483 
-0.5754044500225159 
0.1922545816302795 
0.2338085967442285 
-0.06703469732334555 
0.1122096490459288 
-0.02831870637380675 
0 
-1.056753843771014 
0 
-0.3717773720119177 
0.2611088063549931 
0.7728761909683135 
0.1795862540476055 
-0.1225136783703808 
-0.04161723238645167 
-0.1329820481346733 
-0.1902445025749896 
-0.4588600893430829 
-0.003126756841493242 
-0.3072454658096259 
-0.1229642051004723 
0.1205731299090829 
0 
0.1894945239931289 
0.1742432084860316 
0.4167927998343355 
-0.5174864847565779 
-0.3658037763724772 
0.2291527981147097 
-0.6402218472996988 
0.210194309448798 
0.1645994915737559 
0.1699170315008761 
-0.7931338582791112 
-0.621411705126498 
-0.02078020164731905 
0.01399172041930104 
0.3993869148562401 
-1.846490777261041 
-0.4007023204294506 
-0.1174115082633502 
-0.1581418105787478 
0.1231843714498874 
0.03018459206452366 
-0.07562229663637035 
-0.9424383472826023 
0.633161142733228 
0 
0.2392642505943212 
0.2220429706847873 
-0.5387102836090834 
0.1162786967860074 
0 
-0.6940429422134331 
-2.622302041559713 
0.1531031247065283 
-0.007959541918001536 
-0.783877605009424 
0.256618272167795 
0 
-0.08571649826716034 
-0.001096609358551676 
-0.1881426118239737 
0 
-0.2585458910756576 
0.2428006655559006 
-0.3795915382429687 
0.4851737735914581 
-0.3368560515130145 
0.07414163157971577 
0.324812395274616 
0.2557710347406658 
-0.3066122192548848 
-0.103482083046059 
-0.08411651821692545 
-0.3338777138185622 
-0.3728278258430105 
-0.4840514324945248 
1.141000698153128 
-0.02586040209788106 
-0.03303450180053708 
0 
0.1181431247695747 
0 
-0.1907242142675383 
0.2641446116367961 
-0.07017664656350238 
-0.2830530898983586 
0.7636794000551352 
0 
8.673617379884035e-19 
0.002371166973486582 
-0.001207118326748215 
0.0294785958779886 
1.320507990684334 
-0.3073768130967096 
-0.2129862167239918 
-0.04563819584494786 
-0.1171333930603623 
0.9256265296334604 
0.02293847294255125 
1.331291719789526 
-0.04334675683807488 
0 
0 
0 
0.169960159348378 
0.7167223329165768 
0.04870318741998562 
-0.3615512215823957 
0.5536844906405884 
-0.54407556634442 
-0.516637066237567 
0 
0.01082289200423448 
0 
-0.9161883776662504 
0.2180758678891532 
0.02961414658391253 
0.4358915001340162 
-0.3055829000822052 
-2.328850522965534 
0.5883400752356611 
0.0009125230429480242 
0.4219814085090627 
-0.5483627048842762 
-0.4496658512638705 
0.188739112571231 
0.1664404212277265 
0.03719848006293024 
-0.28074466018033 
0.6304031183315737 
-0.1641143893841993 
-0.7048843796626099 
0.0411421184633023 
3.252606517456513e-19 
-0.9009660703824405 
-0.5525155800335385 
-0.3244748827552901 
0.9221336313878058 
0.2299834302137509 
-0.4360756430597736 
1.561401843526585 
0 
0.5579543757754895 
0.6908310129084984 
0.6222963473932148 
-0.2348745312330799 
-0.1398865897996089 
0.3173198494926224 
0.4035092893285935 
-0.2716523149771345 
-0.2616608169760634 
0.9751984734103741 
0 
-0.04583552777369142 
-0.008165204212992681 
-0.05547898307641913 
0.8661190788198465 
0.1538264769773839 
-0.1943421834147365 
-0.04076521859114199 
-0.03423926401698739 
0.4343746078086589 
-0.51424910931075 
-0.2452905138349689 
-1.725092781568472 
-1.639002408699229 
-0.1227426989905837 
0 
0.2942786266898142 
0.2124046586929065 
-0.5866525207657804 
0 
0.01689660976016482 
-0.5755200130463748 
0.4513118126390814 
0 
0.148254500296709 
-0.32010187637176 
-0.7805517125052489 
-0.8468406626530228 
0.6788638325964237 
-0.6041312875421142 
-0.08310106742600633 
0 
0.1628330680298626 
-0.009852175548358785 
0 
0 
-0.05292635354127015 
0.4183270130053224 
0.0819494091726973 
-0.2540425199692553 
0.6338918659569411 
-0.3152495553306981 
-0.2766611232334963 
-1.00390892298693 
-0.01732852773886108 
0.1085978197932943 
-0.9256172706954777 
0.2185178170642292 
0.5996604991600938 
1.861127575539595 
0.4757647221109289 
-0.3606394435146813 
-0.2334468000076521 
-0.01143169279348862 
-0.3583735205126367 
0 
-0.3401130641847079 
0.2020227543435473 
0.6809261560449642 
-1.132223203761231 
0 
-0.1123179495656351 
0 
-1.434758465763811 
0 
-0.04556860666870618 
0.8099881045845568 
-0.9388304193376737 
0.1975814562949937 
-0.09109269969997397 
-0.7206988934992511 
0.4369123792476928 
-0.04923936590109109 
0.7585227212498532 
0.679112953326151 
0.3370288590465136 
-0.2074964104516576 
-0.2435442285738858 
-0.05210802017018665 
0.4603715721831215 
0.005429199183910606 
-0.9451620839268505 
0.534487446565642 
0 
-0.1586150041552822 
0.2079437033143136 
0 
0.04690045521998822 
-0.01049488992830496 
0 
0 
-0.1961326068935834 
-0.2618344382591926 
0.2288575898340529 
-0.8168754288526031 
0.8625487032390383 
0.04692803688899969 
-0.3093219483265373 
-0.9963511180310828 
0.01845546954069752 
0.1142136154863289 
0.06614219920952803 
0.5009474292445044 
0.4803028355934392 
0.5555823945150244 
0.1957889643153397 
-0.007739757754401612 
0.4055050937514217 
0.5372754165693411 
0.4173516816389119 
0.1407317524103487 
-0.0265087610908482 
-1.031084905564561 
0.2767567725236494 
-0.1557620457505927 
-0.5906298417746031 
0 
-0.2336936028341979 
-0.1692371169775727 
-0.4082234522730215 
0.2158791161377353 
0.5170864473923175 
0.3331952295674084 
-1.095595468554347 
-0.9016933695779511 
-0.05854261815915392 
-0.06629284160810857 
-1.062054483113882 
-1.456639719965378 
0 
-1.131011169860305 
8.673617379884035e-19 
0 
-1.06185207886883 
-0.2600524772454684 
-0.1993290872431029 
0.1043926164603219 
-0.3217910515206606 
-0.2461894857755774 
0.9778260189081872 
0.0608210146974476 
0 
-0.07435218504514197 
0.001559434190800267 
0.1725868312014172 
0 
0.08866352473999416 
0 
0.043472420192543 
0 
0.03893966672987791 
-0.04906825585434613 
-1.055347401238182 
0.1008999329293214 
0 
0.01265158814330611 
-0.3392907662359538 
-0.4963825707106772 
-0.3474094531136496 
0.01493681654459949 
-0.01572230709437591 
0 
0.0212160515834998 
0 
-0.1621913533802523 
1.233432907316144 
-0.02301850898806056 
-0.1840269294481578 
0.6935429689338046 
0.4220864065670307 
-0.00757562037218188 
0.1004810332821275 
-0.20628227559836 
-0.03028703210646855 
0.225108287494852 
0.04286202359853675 
0.2695534637759188 
0.761782747751326 
-1.190117145765097 
-0.04465852465688202 
0.096162857694854 
0 
-0.9464842278902357 
0.002478257624282468 
-0.1054241448819478 
0.05994305326175789 
-1.290587482442147 
0.2852195728020133 
-0.02080547368002842 
-0.006368901725902864 
0.6293924792397591 
0 
-0.05492181978711609 
-0.5767128870510689 
0.04671898190814848 
0.1411258961400602 
0.908179746302861 
0.1749830551480913 
-0.5575142498749118 
0.1779941426682119 
-0.393035590366967 
0.004996326793245816 
-0.2866130213297688 
-0.2656922860833191 
0.8052751088420383 
0.6689144875540347 
-0.03152502842656096 
0.06866710911011199 
0 
1.291854298185262 
-0.00424730685077686 
0.6246340894840652 
-0.01576819855069153 
0.2264961464188744 
0.22508852819738 
0 
0 
-0.8133268359964324 
1.585787292999847 
-0.1561722347747177 
-0.1353375577891145 
-0.008047788744243712 
-0.004264848162938252 
0.04565637269153359 
0.3346195566271941 
-0.1392927778793792 
-0.01877118586227655 
-0.2930300537003966 
0.02294341849850711 
0.7054591910287137 
0 
-0.05346826413884821 
0.6000107541568093 
0.1841159986342598 
0.07534615453580074 
0.5379710258444477 
-0.5893829878700443 
-0.001066634041870566 
0.304823779309343 
1.162914168720989 
0.01289805368562673 
0.00724245294272881 
0 
0.4286551882988489 
-0.4656279847255128 
-0.03912561879366781 
0.03213970709452154 
-0.1580070795067178 
0 
-0.2638675877909016 
0 
0.6674711982583346 
0.6394776632377397 
0 
-0.2563078411858664 
0 
0.5021809749714976 
0.6329181102820219 
-0.2465104172941738 
0.4963451395959091 
0.08615934540523763 
-0.009868710290244413 
-0.4582823209270185 
0.4859923350635265 
-0.340406967095025 
0 
0 
-0.4050515352136436 
-0.5153777263387664 
0.7599054381728793 
-0.7202817435467439 
0.01457560153280362 
0.8338712071265525 
-0.344440412088477 
-0.9774362442075267 
5.204170427930421e-18 
1.444269763783756 
-0.2657472893847762 
-0.03256708160389179 
0.8931926717225984 
0 
-0.426696655658763 
1.248053359681765 
0 
-0.1077086668044158 
0.2363505986665925 
0 
0.1909429917082389 
-0.01884853890139176 
-0.3215802555181307 
0.1984945938015444 
-1.135890845121616 
-0.05675765769212313 
-0.116823823723448 
-0.1964000158253106 
-1.242464825430229 
0.04574688835376413 
-0.07214757209003407 
-0.1122251284381482 
1.452238440036139 
0.3689989600012873 
0 
0.5230944324275167 
0.2042332935965132 
0 
0.1333854693787524 
0.5785284547837982 
0 
-0.1305000922054111 
-0.9977714677373919 
1.534995467603561 
-0.3623626248701335 
0.02493265262434203 
-0.02318673036855568 
0 
-1.428394010513856 
0.5505808105161673 
0 
-0.7408190708788176 
0 
0.2869913184763365 
-1.359840744503754 
0 
0.3893383500140072 
-0.4218729229550061 
0 
1.485858295014669 
-0.7760623163391615 
0 
-0.1191495378559994 
0 
0.3600332596625404 
0.141936490718005 
-0.5862550231191292 
0.3461320571175047 
-0.2016521491587479 
-0.2771034861716723 
0.7696608897204923 
-0.09430831095770255 
-0.1562582631715294 
-0.6398447304825067 
0.9571867061094627 
-0.2952327256517489 
0.2394671174922447 
-0.02788519790528559 
1.170196926531835 
-0.8420050463773309 
-0.6457897465951271 
0.5196359640272263 
0 
0 
-0.1430372698694222 
-0.1775156349992123 
0.1525326756770435 
0 
-0.9241210624896115 
0.1054077982391826 
0.00247522185992742 
-0.161845321977109 
0 
-0.04606620998383654 
0 
-0.3612444483154215 
-0.5822518078412301 
0.7025181678846253 
-0.02848699623002608 
0.1193764885219263 
0.6232068627342512 
0.663076497429947 
-0.4926023153361876 
0.297998029622738 
0 
-0.1224338678324155 
-0.2525415163341689 
-0.02737418341698705 
0.5563912642645036 
-0.2031430537222213 
0.004201747752749467 
0.5288101703522382 
0.6486871139865249 
-1.197057990634797 
0 
-0.3614712248681087 
0.02287077127308723 
-0.02786492249867872 
-0.2586461401331333 
0.4078726066034916 
0.2389459218068736 
-0.6868935586185687 
0 
-0.5912505001421439 
0.5359156325255608 
-0.3844106880355013 
-1.922131224725653 
-0.06649706238362184 
0.4596560241422813 
-0.2931306898279768 
0 
0.1727586057756629 
0.2746619420907904 
0.02358436739344211 
-0.5368601748612239 
-1.273958501191461 
1.294313736213602 
-0.5028954222528611 
0 
1.334558754725029 
0.2512343152251704 
0 
2.255930000905654 
-0.5221161306221077 
0.4292860159263072 
0 
0.4603386492168945 
0.02659743401072874 
-0.7873106460940467 
0 
0.06463720033052879 
0.02330678612455238 
0.01177577656220826 
-0.1136829146785188 
2.477683096684348 
0.1609532601346597 
-0.6613224381082926 
0 
-0.5157509322689089 
-0.5936076639859266 
-0.3759471845521202 
-0.5656912459007737 
0.1670510140909668 
-0.340856944250422 
-0.05118523607460692 
-0.2022288910832357 
-0.2943281697643065 
-1.084202172485504e-18 
-0.2089141014236421 
0.09331444034668115 
0.5000264950234307 
0.2242305315238614 
0.3843954569472849 
0.01513525399769269 
-0.1046729888451514 
-0.07688628375991018 
0 
0 
-0.4353659464688214 
0.2540948019305712 
0.3417075101805088 
-0.8783379401045124 
-0.08706629141453204 
0 
-0.1258368831922934 
0 
-0.8139091147561236 
-0.05598156049158318 
0.2992809207418891 
0.1713352768299678 
0.06576046223491164 
0.1923618143102743 
0.3795035922486611 
1.495683921990682 
-1.193605433105394 
0 
-0.1946110674823666 
0.07631945231203505 
-0.4650559132409605 
-0.3428571015025166 
0.6722064244913994 
0 
0.599959804892928 
0.9104544338991705 
0.5018504268686359 
1.03075750392643 
-1.045947277117167 
0.6404519395666153 
-0.7199552967832176 
0 
-0.3416298585188901 
0.10353347435631 
0.3293277807692124 
-0.3729801617673784 
-0.1484478389501996 
0 
-0.002395238571759113 
-0.2391743711967759 
0 
0 
-0.2152662830787483 
0.03117112296287348 
0.3039429876923778 
-0.2346855928266073 
0 
0.1681861827269672 
-0.1029259703407243 
-1.263539502093225 
-0.3930143200899106 
0.046354218573703 
-0.2363650435030323 
0.2690431898603108 
0 
0.02146726635216691 
-0.03134107897745854 
0 
0 
-0.1247782665532634 
-0.2016873206937858 
0.07282131283707793 
-0.5562880235620657 
0 
0 
-0.5241890361206581 
-0.0144100483862816 
0 
-0.3773976309169745 
0.07204392033367817 
-0.717645637871647 
0 
-0.1004929566483796 
0.01879932532393927 
0.02589515144867539 
-0.05327400660296205 
-0.2307772075932852 
0.1280709929440014 
0.1652374898926458 
0.6973408894425288 
0 
0 
-0.887973839439598 
0.855079482678866 
0 
-0.07471827585035237 
-0.01008973966644495 
-0.1555808399181742 
-0.05677337854972075 
0.2248381578873591 
0 
0.7905702751523829 
0 
0 
0.0009417016674559132 
0 
-0.07965792668023199 
-0.1259929440807515 
1.609999858360403 
0.03845355874623194 
-0.3616745512376714 
0.4065904668005547 
-0.3158715544212392 
0 
0.2572819421075492 
-0.1353234401511817 
0 
0.1985196958121916 
0.2580268857760492 
0.812637850524335 
-0.0228034224878861 
-1.855614322314724 
0.381303267751059 
0 
0.03187047211189891 
-0.004467521567630653 
-0.3406246009161752 
0.003519071560777321 
0.2717659979390276 
-2.034827937707695 
-0.2276352289299256 
-0.9042565164760381 
0.2387838460539634 
0 
-0.2905703808406409 
-0.1685468359005965 
0.6384648944505689 
-0.2593458578985676 
-0.5942436806670796 
0.1580411358326082 
-0.0824931607774447 
0 
0.01391653830971762 
-0.3285396093217413 
-0.191832459522296 
0.4723923569642037 
0.9464214720550841 
-0.3512156402351767 
0.03586624344055304 
-0.6221922014493009 
-0.1791176048419253 
0.2081752355583334 
-1.14851901800215 
-0.99959606807178 
0.03283065356899943 
-0.1417676177117876 
-0.08786700860468927 
0.008487402769330389 
-0.02703633722258256 
-0.01243379494216302 
0 
0.6038867427109404 
0.1367479652321667 
0.4181024648301871 
0.06593471835865532 
0.4158815757366319 
0.8910034379194592 
0.09567928544036507 
-1.734723475976807e-18 
0.3222236719012534 
0 
-0.2009369798597221 
-0.3652771466408427 
0.9505717454934642 
0.3693931880414162 
0.04255768839331363 
-0.005506888475210869 
0 
0 
0.1750442322932476 
0.5692355305492386 
-0.05210851902976853 
0.3070982334257961 
0.1331515771842331 
0.26211294587033 
-0.6418940254774429 
0.2026748161760399 
-0.08136628862416651 
-0.1795421584828856 
0.7639728846401718 
0 
-0.1062173380641997 
0 
0.06858892734157246 
0 
0.4969076677001157 
-0.2491958421384148 
0.3114413098812697 
0 
-0.8525326725715416 
-0.1496800260562412 
0.8268183548269706 
-0.01496257651806191 
-8.673617379884035e-19 
-0.5804513183619781 
-0.493849826908417 
0 
0 
0.005065935711721864 
0 
-0.01678227838194342 
-1.277514068408576 
-0.7647694082281494 
0.240910589670235 
0 
0.346003212824926 
0 
0.3131571972248267 
0.3275654827212621 
0 
-0.6709503642165673 
-0.2511089529285125 
-0.5883737014664131 
-0.579552103355264 
0.006897472977715493 
-0.8798816701389006 
-1.857639062100892 
-1.305918887114494 
-0.3503594890972476 
-0.7995974676231675 
0.08963777428218163 
0.0765470667169266 
1.273614475858218 
-0.5456968786940301 
0.5937583856842568 
-0.02785370479503333 
0.7000158755793373 
-0.01764843118488015 
0 
-0.7768698866026159 
-2.16646847614253 
0.3387516295000909 
0.3715257388560076 
0.772339307543264 
-0.0338404045378365 
0 
0.09907312770034825 
2.433513361964375e-05 
0.01440930693119252 
-0.2162327570230057 
0 
0.548667055705262 
-0.8758517765184143 
-1.322957144940178 
0 
0 
-0.08400619687054087 
0.1070878293620823 
-0.5630833925650142 
0.65098488388331 
0.4830742097631625 
0.2466140305554072 
0.1946270772640926 
-0.1950692921156773 
-0.1762927552553762 
-0.1133571486142375 
0 
-0.1556324787471611 
-1.068317208367154 
0 
0.2216729488286127 
0 
-0.2260676622374832 
0.2551053436810773 
2.030559280042656 
0.07273500402639291 
0.3863860836253906 
-0.3585650802836282 
-0.7950384565439088 
0.3191408914784578 
-0.0777337718091221 
-0.166635732899067 
0 
0.3811938542169522 
0.09422127916946013 
-0.2866119944638685 
-0.007001699498338825 
0.5396045103483792 
0.8746581173263677 
-0.02210288045343726 
1.001940141500769 
-0.7026963630699956 
0 
-0.1420105112340701 
2.089170143599767 
0.8008298700234314 
0.7749984347354411 
-0.2802555451553556 
-1.352129601322996 
0.0269290450550562 
0 
-0.1787513910262447 
0.04698008532126505 
0.4154360897333044 
0.2319677072303515 
-0.03934784017939599 
0.5287630195951437 
-0.06064455444528456 
-0.5224925648866225 
-0.1361674244038188 
1.637959102469255 
1.030431749328699 
-0.04183463344060677 
-0.1997889400379916 
-0.1370822853785391 
0.1248569491524356 
0.1567230659109245 
-0.1168599308134149 
0.7754369668366226 
1.309839088585697 
0.5140047756121328 
0.1130251007517858 
-0.08459060689271185 
0.05697727404536427 
0 
0.008383293063948041 
-0.8036827550675932 
0 
-0.8746676063484534 
-0.6110741362611656 
0.4074536823923638 
-0.1266396150675089 
-0.04312452724371071 
0.04356211921716062 
-0.3505256405124677 
0.1749173616259627 
-0.07658802925922582 
0.03809812128902514 
-0.01088072307901457 
2.477401964129378e-17 
0 
0.3129724520472907 
-0.2461117282464151 
0.08622896457918841 
-0.7638201916216693 
0 
-0.4835074584656423 
0.06689162378569746 
-0.05502126862523726 
-0.02126394053803276 
0.4066994975925196 
0 
-0.06450577801384789 
-0.4391408725970506 
-0.01289205563584086 
0.2395404358694303 
-0.5655760425525554 
-0.9426418144488651 
2.053265192050044 
0 
0.5708737335358927 
-0.2515260210746056 
0.7447557161678466 
0 
-0.5730336466275928 
0.5004406699253753 
-0.01368810451845582 
-0.3320369417505705 
-0.08515681104440907 
-0.09575582597391062 
-0.06621448310906475 
0.1238706312741975 
-0.1777750515037186 
-0.3913377419418612 
-0.2272661002094822 
-0.02968824093520986 
-0.7272063218605397 
0 
-0.1556902286837187 
0 
0 
0.1464966744499603 
0 
-0.223208426975315 
-0.005995848745281503 
-0.4065821814854617 
0.9472601744154002 
-0.6913054130567334 
0.09110077416126927 
0 
0 
-0.2892459737622865 
0 
-0.09715414622109471 
-1.272310379910547 
0 
-0.6538013216659163 
-0.02186078289069732 
0.1319772952158508 
1.035403355571646 
0.207472840833175 
0.02846252579125744 
-1.56176820154811 
-0.2067679540569712 
0 
-0.4893050347320327 
1.169905486704333 
-2.710505431213761e-19 
0 
-0.009068912428511978 
0.05189974697414629 
0.3634235275212358 
-0.1530556378241675 
-0.06157754265833007 
0 
-0.05755448372601662 
0 
0 
-0.3431596778937048 
-0.0343205880992256 
-0.006590330278564469 
0.9016878694515547 
-0.4454090789643247 
-0.5994648614112534 
0.4767993249428337 
0.3063974108537119 
0 
-0.03104549796849927 
0 
0.3639787247570129 
0.02702860624368961 
0 
0.0141433168028803 
-0.1813047245645148 
0 
-1.285923024229537 
0.1657069179073814 
0.8738358302724596 
-0.1547632436158316 
-0.0630876353482271 
0.3520075639909264 
0 
-0.0006970510838654186 
-0.145041845453256 
0 
-0.2007461713499572 
0.6270553377100043 
-0.697593713069382 
-1.28796314965789 
1.040834085586084e-17 
-0.01417519796474754 
-0.02915753234169615 
0.03748038932548003 
-0.2725977559217475 
0.06227767927124091 
-0.227369691249612 
-0.1327195427564009 
0.3693780840316767 
0 
-0.4103890146526317 
0 
0.04471300256089627 
-0.3768525143172375 
0.4837679948180481 
-0.4371008547926072 
0 
0.1015747407402688 
-0.6478919718935412 
0 
0 
-0.4431417730576704 
1.053853972750381 
-0.2331895095928307 
-0.009844083153137487 
-0.1001008754169793 
0 
0.3079873727047745 
0.05046990639716305 
1.152787309866342 
-0.6310599908097466 
-0.2412456324734152 
-0.1157268731178793 
0 
0.6640191859958036 
-1.333144133278538 
-0.0278277475681616 
-0.007667578803975611 
-0.3174432754858422 
-0.06259218551760949 
-0.0222142386421726 
0 
-0.02728912412788725 
-0.003947450874059704 
-0.07936019424619915 
-0.3381727227080209 
0 
0 
-0.1088410907364372 
-0.3657962699085348 
0 
0.0652128179006093 
0.4650122727106618 
0.6745491414212836 
0 
-0.01534688522882414 
-0.2155569488194401 
-0.2211322733887932 
0.269097838490932 
-0.1158494677686565 
-0.2394359864507118 
-0.5436042622875447 
0.02221776876089289 
0.07476726304504774 
0.144515814472104 
0.6817245592908866 
-0.2386787777069224 
-0.1972542565731532 
0.5980431905118865 
-0.1342468029684936 
-0.05404704292346019 
1.245957955162063 
-0.8036037543962938 
0 
-0.6939347315354012 
-0.01975164719530292 
0.186168389737413 
2.179525108333591 
0.3000090095116515 
0.45238948663506 
0.03907692914904654 
0.7529722262138773 
-0.4341531975912081 
-0.0127019355976665 
0 
0.751188397529241 
0 
-0.001246634729163704 
0.8784780740494305 
0.3135460018765896 
1.385308346606867 
-0.3492610721475094 
0.506807142390041 
1.068998504426876 
0.2103643110868413 
0.587542917884877 
-0.5973857823122141 
0.1472570908857945 
-0.7018171281952614 
0.01723373634626466 
0 
0.3704982219324726 
0.4970167739093119 
-0.6198576797151931 
-0.2983257069397708 
-0.528842347952405 
0.1172929593357667 
-0.2492143134003273 
0 
-0.9906039663510848 
0.01863481402287913 
8.673617379884035e-19 
-0.2441155409673567 
-0.3764255200163613 
-0.1527909565105843 
0 
0 
0.7689048753290796 
0.005879211371515054 
0 
-0.08117510922152012 
-0.6222839036252967 
-0.1791331513494588 
-0.5068457588806529 
-2.14919604996628 
-0.6896444465642424 
1.620400511905232 
-0.3469622961189209 
-0.210009783543565 
0 
-0.2986497787859212 
1.617926247720749 
0.03684889941674842 
-0.3481753153983081 
-0.09508848897281107 
-0.007911822764280306 
-0.00950722026471033 
0.88686703145824 
-0.1208497669426443 
-1.098220155489244 
0.1742690995341325 
0 
0 
-0.2147251913445675 
1.301042606982605e-18 
0.1202406846621242 
0 
0.5221812931666716 
-0.5774681597103092 
0 
-0.06347651841520642 
-0.4384392709251194 
0 
-0.02577020730912412 
-0.2219497843910237 
-0.1339473702107987 
-0.007304680207826542 
-0.07744979137971995 
-0.6322651778671657 
0.1715568406568852 
0.03822955726732532 
0.001266857180597449 
0.3941575650315636 
0.03175721961650092 
0.9726634413123724 
0.3041159487630715 
0 
-0.2441408226120982 
0.243729240122138 
-0.6222353876181583 
-0.1564491254195586 
-0.1255847771814867 
0 
0 
-0.07338134025582403 
-0.6555875576434196 
-0.009991689704705558 
-0.03181309351216149 
-0.1750070682098789 
0.2851219175352558 
0.4491712355325416 
0.06844310430696945 
-0.0413061981863217 
-0.465970339715545 
-0.2609925601709505 
0.134043833381448 
0 
0.04025525822244323 
0.3351490420751692 
-1.228144608852014 
0 
-0.1393121370912825 
0.1224355114790168 
0.7872778403801645 
-0.02799790410915862 
0.05860713784977777 
0.7357409167629696 
0.06335040401246646 
-0.2331297701992807 
0 
0 
0.1301843346670898 
-0.01782022339443914 
-1.709206406055299 
0.4257452768267495 
-0.04697442596030379 
-0.05903832193781038 
0 
0.09931701553548042 
-0.02564243825556401 
0.04702514714381065 
0 
0 
0.4893793709193152 
-0.4090040478825849 
-0.6084622209448485 
0.203501972115988 
0.1568319158402434 
0.2339240768967304 
-0.03002670241948488 
-0.05015266765987134 
-0.0008346531378873233 
0.6428747277820521 
0 
0 
-0.001277966096340775 
0.5979696909523059 
-0.1316721872702532 
-0.005111452494036038 
0.1547789669522771 
0.3597405837549311 
0.01726353227790651 
0 
-0.06948939023414061 
0.2388685323212366 
1.420612830087216 
0 
-0.02911574558274294 
0 
0.3233615749016467 
-0.123958698635049 
0 
-1.061620617267112 
0 
0 
-0.01122142218065193 
0 
-2.120518385617427 
-0.4544645470278144 
-0.1352544866323684 
-0.01568880571224615 
0.1498043202931597 
-0.1624595507797201 
0 
0.7167920551117035 
0.6872410951739645 
-0.05654719677155062 
0.4881497660160642 
0 
-0.293417831707606 
0 
0.3093811975835707 
0.2112875868505959 
0 
1.169256953157255 
0 
0.06740675344749356 
0.02716231609937258 
1.053428458928252 
-0.2333744224275272 
-0.4358332015844404 
0 
0 
-0.05393514416594926 
0.3891655349199211 
0.3582001900618723 
-0.004014429728856759 
0 
0.6985425503963696 
0.1983147431514806 
-1.326062135807433 
-1.446650588445642 
0.2997547610117575 
-0.242704132771998 
-0.5786903878911658 
0.08677700593567352 
-0.8327557109895076 
0.04226670432987686 
-0.2365821440939522 
0.08229397164781099 
0.07600896944651096 
1.078483445565035 
-0.1429295109755724 
-0.07149866381075896 
0 
0 
-0.0615360680079458 
-0.1143105578023262 
-0.9325779427113237 
0 
0.06361736868587133 
0 
-0.1460013707572623 
0.2149581951486251 
0 
-0.6107053144947773 
0 
-1.235609060200968 
-0.6246874544355907 
0.07183355593935675 
0.2358587759780022 
-0.9514670286161673 
-0.853790803694442 
-0.17914282919385 
-0.1833572146380204 
-0.846003190650136 
0 
1.146060625876528 
-0.3476967719037836 
-0.1060779994809546 
1.581639528868532 
-0.3167418869530732 
-0.118705172358519 
-0.1995073588361833 
0 
0.1235581200456655 
-0.1071738677296212 
-0.1979354891548046 
1.114113725671701 
0 
0.5603929349493204 
0 
-0.1973849558142385 
-0.07000916818908927 
0 
-0.6788744133764152 
-0.1318168449126547 
1.764535976965018 
-0.3088797486327167 
-0.285729323138797 
-0.1757324046410003 
0 
-0.460184045178666 
-0.002990574792657243 
-0.3177275235719563 
-0.6466478753457169 
-0.4220067906032208 
-0.5576304250877349 
-0.1726762923546053 
0 
-0.3933471978448849 
-0.32074212688396 
0.2700822828914499 
0.00825895053352764 
1.112673774929299 
-0.6493519283923681 
0.6145072591962639 
0.17071616326535 
-0.002815450140583223 
0.4309791541380208 
0 
-0.1232285652361711 
-1.781824445653887 
-0.1901701527979955 
0.3686467502467611 
0.1489827633985484 
-0.1847378018315395 
0.05890634817252356 
-0.1130488751282983 
0.05095218471075311 
-0.05954086450450951 
0 
-0.0728491980129016 
-0.1788363996723214 
0.04794134024247768 
0.01970447986940566 
-0.1598814786725198 
-0.3225892776043195 
0 
-0.1093787620274746 
0.3666042594414116 
0.5406138371761082 
0.4650369108775435 
0.6717948271398769 
0 
-0.08325298207109615 
-0.5282266060424232 
-0.3062667273059989 
-0.04211787026101933 
0.4834631700020606 
-0.09626008716963588 
-0.1770355840317497 
0.2600675080367221 
0 
0 
0 
0.8891949068062994 
0 
0.7939443525815955 
0.5585999908576929 
-0.7378881252797416 
0 
0.9210786625183358 
-0.03192931789767804 
0.6754104312980025 
-0.1737873659817073 
-0.1259355651139191 
-0.1254727236706166 
0.3660273148694693 
0 
0.37868640719626 
0 
1.301042606982605e-18 
0.3168006475209151 
-0.2716297335536689 
-0.133683009653551 
0.02823757592163753 
0.1989722374767534 
-0.003065020466811726 
0 
-0.6930405683143576 
-0.2096864149069093 
-0.4138081779819436 
0.03395117687891888 
-0.1077941991337214 
-1.62890229522372 
0 
-0.04583902472534967 
-0.4624167936125637 
0.349760634718356 
0.02602491509989516 
0.6134850253223919 
-0.2721335395382644 
0.1776705256655511 
-0.8632784534814376 
0 
-0.02161591595914671 
-0.06670377585832948 
-0.1530155645536946 
-0.9727760229512359 
2.060701820801188 
-0.3719211426933315 
-1.113571753037219 
-0.6555220058037832 
0.0263752518946392 
0 
0.09156979016105354 
0.1973883113409507 
-0.3937268803638383 
-0.01278190486611888 
0.2579145012371429 
0.1027271029239513 
0 
-0.13176969718182 
0 
0 
0 
-1.129517075827605 
1.175306196425889 
0.01753806325522968 
0.1911160131241946 
-0.05911394460925853 
0 
-0.04442927290567678 
-0.04704331921895766 
0.6518786129391188 
0.03141707248732022 
0.3058121196888373 
-0.6320507873989255 
0 
0 
0 
0 
-0.3741041113187683 
-0.5127252429087835 
-0.1381094823723073 
-0.5016658733671111 
0 
-0.6661341569321301 
0.04517549215939021 
-0.2130533432439863 
0 
-0.3721364774060408 
-0.3345965202105998 
0.02175958036684774 
-0.2405739055880697 
0.03374937619968111 
-0.7650294603019701 
-0.1576480994230965 
-0.3833492956238019 
0.0372706362948149 
-0.2193049900752775 
0.8356267451274602 
0.168569851670846 
-3.252606517456513e-19 
0.04616968346245704 
0.710344518215561 
-0.06596216736452504 
-0.2167751376432762 
-0.5317245515011626 
-0.09345988714781155 
-0.008112317139504013 
-0.1919335699099704 
0.0750872074605972 
0.08544637534457677 
0.05350309531088841 
0.09073543175078752 
0.004919373061213685 
0.01760466774500435 
-0.1432302131611355 
-0.1020500257196584 
1.526049302797284 
0 
-1.512173923059442 
0.08572664818904414 
0.5079197598180989 
-0.4517987010837791 
-0.1829089751806563 
0.3212513488757628 
-0.09092724382585136 
-0.11371053512261 
0 
0.01792393421727621 
0 
0 
0.1259451236720281 
0.7238131352625581 
0.6367931687048972 
0.2902185976876759 
0.1299508207677023 
-0.5422915589152462 
0.01005904658833914 
-0.2736942195790215 
-0.08689081737141291 
0.5828045332406762 
-1.112356755309645 
0.1383762215236815 
-0.5003345649662353 
0.07025122648823234 
0.7969966337753406 
-0.7068992918202101 
0.005345634463841289 
0 
0 
0 
0.0459685990704509 
1.115471834355845 
0.1228199549829585 
-0.03164701734668455 
-0.08649146645581232 
0 
-0.4221070620183335 
0 
-0.2692666866170523 
-0.4012043526278581 
0.3941211307725762 
-0.5156688430278987 
0.1425946735497503 
0.05633504715696612 
-0.04181922432720679 
0.09025512261511213 
0.3042655022677715 
-0.09471993294272521 
0.6512008881614024 
-0.04535154845322207 
0.07164907142356493 
0.06699256047928806 
-0.07827165392378208 
-0.8852720055479346 
-0.3235081890009357 
0 
0.3444151715662211 
0 
1.116668125422113 
0.1051277046888251 
-0.965376643881227 
0.2291439316703768 
1.133755951331419 
0 
0.1878018017483765 
0.4041878654898192 
0 
0 
0.6462717407056594 
0.1976475863276861 
0.05829710542513227 
0.2088021935507234 
0.3518453012663971 
0 
0 
0 
0.01281005898188615 
-0.7547361467511801 
0.2589992332979539 
-0.3565420944865274 
0.3608854694850348 
1.059593925123108 
-0.04080081417950734 
0 
0 
0.2435558182437422 
-0.3027068215239212 
0.7507986120311294 
-0.6098287181359558 
0.2767227507733315 
-0.4345592988993005 
-0.492407288500962 
0.03237577370121225 
-0.005828011922751254 
0 
-0.3732524898009469 
-0.164189401527414 
-0.1384614169254752 
-0.3203034594825884 
0.1358282741394819 
0.2435503041329513 
0.2422942211222371 
0.5314016525233215 
0 
-0.5462974767498804 
0.3682547215999045 
-0.1001941704813364 
-0.8651456496760359 
0.02602968311361484 
0 
0 
0.01129807526213582 
-0.1028336018349475 
-0.05504769941997747 
0.1921299181602778 
-0.4911008058982188 
0 
0 
0.03163310966132414 
-0.4793648597754667 
-0.1565980134295945 
1.15779210200979 
-2.071388295741658 
0.1288897834846546 
0 
-0.09421998377509043 
0.4174453277150491 
0.04162505386101163 
-0.6046430550097246 
0.4039633155248036 
-0.1790706006921858 
0 
0 
0 
-0.00518765716621444 
0.2100121483034378 
-0.772151735536642 
0.02772838088816526 
-0.4148080611107828 
-0.5743592243080631 
-0.2101710012891821 
0.04117016001474873 
0.228599582318378 
0.1743737103338347 
0.1843848996407098 
0.5163702934512838 
0 
0 
0 
-0.003408331431996964 
-0.05863487806208105 
-0.3936320369535046 
-0.05928821883578274 
-0.2799560335942113 
1.245569798715882 
-0.838701183126213 
0.4654275358501772 
-1.206566347232277 
-0.07381783648361032 
0 
-0.06635957644758071 
-0.7058395753429028 
-0.04373095607024347 
-0.197150415946942 
0.4465665937688053 
0 
-0.1856167017968129 
0.08553077368111961 
0 
-0.325072556966912 
-0.1289170643682524 
0 
0 
0 
0.3209263485158205 
-0.0433523175793022 
0.03530566179499257 
0.273874294429145 
0.2372458988769308 
-0.6976529821406133 
0 
-0.5520156110394646 
-0.1806010874228067 
0.005973918544378542 
-0.003267606718868538 
1.577588355599736 
-0.7348691768506177 
0 
-0.6559206166252074 
-0.2508594536641793 
0 
0.036364733898658 
0 
-5.421010862427522e-20 
0.2735937538535189 
0.06727829843917632 
0 
0 
-0.2077808161526523 
-0.5811496230036074 
0.05707235032830045 
-0.03414272295654626 
0 
-0.824138664028661 
0.4725502913146368 
-0.04659952955192675 
0.2830920790177584 
1.535562099574926 
-0.06535890664154055 
-0.264433184477913 
0.311707094902044 
-0.2624889031305565 
0.06262777938908726 
0 
0 
0.2056506595199848 
1.046273658715074 
0 
0 
0.01989813350407697 
-0.244044813366163 
0.1870353214881195 
-0.2661002000822275 
-0.003636879670578827 
0.005605896944113812 
0.2397016231788312 
0.186661130444687 
0.1039084468488826 
0.4318334020701259 
-0.05500113360352435 
-0.915850714929578 
0 
-0.1107480236531315 
-0.2211842668477978 
0.1678780500525334 
0.4200684146823441 
0.5080693400657406 
0 
-0.1074758030582963 
0.5568531878809256 
0.158292627817897 
0.2041228205246132 
0.1171555223461461 
0.1009612243192592 
0.7647992096207185 
0 
-0.760414240355377 
-0.1245943800436324 
-0.04770777753693294 
0 
0 
-0.4672470323188397 
0 
-0.002932500094162933 
-0.721270153077213 
0.3793530031749812 
-0.2673910168505839 
-0.08825938052594878 
0 
-0.6814445990551793 
-0.1020921591631473 
0 
-1.036993893293849 
0.1538496193490076 
0 
0 
-0.3471154098240837 
1.120918794975435 
-0.2468118480085397 
0 
-0.04087227082169371 
0.3099344563373972 
0 
0 
-0.2866224386650237 
0.3715905269352257 
0.1196861619858048 
0.3063945447656645 
-0.04789753192827126 
0 
0 
0 
0 
0 
0 
0.459024965511058 
0 
-0.9818271827473264 
-0.5563795101364127 
-0.5734761169621904 
-0.001261419479176824 
0.5619430770694279 
-0.5538889101178038 
0 
0 
-0.02213855288048828 
-0.3213450474323826 
0.03942645143956207 
-0.01583798859480083 
1.112659766995798 
-0.2655087295813434 
0.5995585996688052 
0.01445874343384089 
-0.08245208715553977 
0 
-0.197021497819183 
-0.7973146067948064 
0.5840292439059762 
-0.1169569709000741 
-0.7514016188832104 
-0.07483631017310476 
0.07825941119156975 
-0.9315824575924396 
0 
1.695593264409642 
0.185866678858386 
0.1293247686581402 
0.1770600087893028 
0.3314149302913508 
0 
0.4833330102660878 
-1.266172784890107 
0.079885738427958 
-0.6802176291069338 
0 
0 
1.104168986720824 
1.467834743335805 
0 
0.1683680158632401 
0.6173655093398389 
0 
-0.002919933092301931 
0.4043261829616525 
-0.5504591042126876 
-0.3013950152520478 
0 
0.173797978467262 
-0.02003762051243689 
0 
0 
1.07626519739672 
-0.1647567797245039 
-0.1888976698295435 
0.1232515067306499 
-0.08366762410694635 
-2.04708999498757 
0 
0.3081100514580166 
0.1456516315946635 
0 
0.5883696127543518 
-0.5661773629514671 
0 
0.01091130669181084 
0.0397567721078047 
-0.3177544176610058 
-0.2087779475946592 
0.2258033201081236 
0.3968105269272075 
0.6147213209940096 
-0.3153233591892703 
0.2767981045727225 
0.1239785319942834 
0.3351480866114701 
0 
0.2212021425463299 
0.01273142169036125 
0 
0.4206160034325476 
-0.1485244759086374 
0.3658008349123588 
0 
-0.04162034758024998 
0.2507680851779762 
0.05525546529479408 
0 
-0.9298630387880594 
0 
-0.3406666161759284 
-0.004333096411640801 
0.3787518851521567 
-0.2719760950755066 
-0.4732480922325732 
0.277885193447975 
0.08651126718071889 
0.7900728366591198 
0 
0 
0.8293296504217136 
0 
0.09402236106870793 
0 
-0.0006372979734349726 
-0.3568872672168975 
0.01754833919039513 
0 
0.1160539136302938 
0 
-0.3705402963826097 
-0.3814600996802827 
0.1307384650421821 
0.3017970287069626 
0 
0 
-0.1504951193498088 
0.6965017778753917 
0 
0.133219182610843 
-0.2108573473696535 
-0.4102666094891058 
-0.4418065392818503 
0.05787070275052098 
0 
0 
-0.0008682397214963935 
-0.07517343359239063 
-0.203529749706181 
-0.4330188750400255 
-0.4918275094461704 
0 
0.5346398529209987 
0.2791176595367214 
0.02683291121089887 
0.06719866246608386 
0.1777085257178126 
0 
-0.1271411693464613 
0.01322195166355794 
-0.4511423237033693 
0 
0.6351462980874787 
0 
0.540053777326461 
0.04229207380424685 
-0.5975809058306665 
0 
0 
0 
8.673617379884035e-19 
0.03939613878961128 
-0.1117804243205378 
0 
1.042446985553123 
0 
-0.4864531111534707 
0.102571912695042 
0 
-1.2724232218099 
0 
-0.06205201207359003 
-1.253608761936365e-19 
0.313332017310034 
0 
0 
0 
0.07154248696108506 
0 
-0.3496258409600899 
0 
0.3866588605298021 
0.3267025115178417 
0 
-0.5012385175393158 
0 
-0.3360590878721463 
0.004292805383067691 
0.3242704979138755 
0.3166104317079287 
0.02274531429802986 
-0.2998977336281144 
0.04310213256175269 
-0.08411101609045435 
0.1990951606572414 
-0.6024350602805862 
0.7630018275100225 
-0.1713006451377654 
0 
0.02687936794123564 
0.200345270978728 
0 
-0.1171032975512159 
-0.01029630316820148 
-0.5929454894868105 
-1.194388129373648 
0.5445174503825807 
0 
2.393180228083537 
-0.04517984778002409 
-1.071501749474282 
0 
-0.02370420247253283 
0 
0 
0 
-0.05116889213480814 
0 
-1.466541069748459 
-0.07412702663574944 
0.8978130878150028 
0 
0.05074454407221272 
-0.7622099244317941 
0 
0.2165877553166949 
-0.4263055509219185 
-0.001367330270233005 
0 
0 
0 
1.024000975604274 
0 
-0.02147740342933434 
-0.4847659709211264 
-1.25952989264818 
0.7369896979243051 
-0.2264954333391898 
-0.7791241560168946 
-0.7594034022947039 
-0.003736414878064083 
-0.08147138170011436 
-0.4438866703058524 
0.1496773649208379 
0 
0 
0.6339323518079348 
-0.5288022476113327 
0.1482646272776497 
-0.1834433543626042 
-0.8377230791746825 
1.091774109047608 
-0.6032444666693535 
0.5692741922756422 
0.1804910512058202 
0.3217966684001687 
-0.000346104107892977 
-0.1636669277940524 
-0.001071439852997211 
-0.5873613822650973 
0.2629308765070617 
0.1413436660683183 
-0.04715317300172554 
0 
-0.01904053686128861 
0 
0 
-1.056282989007782 
0 
-0.04335581799628407 
0.1569172704369118 
-0.4675667695781638 
-0.360177180971764 
-0.2413623931637605 
0 
0 
0.07086176142240537 
0 
0 
-0.3260106978392227 
0.5673935882001109 
0.07041288948284816 
-0.05110181924694093 
-0.07408371387185138 
0.2101193923643144 
0.02772553369070187 
-0.1888723890468935 
3.469446951953614e-18 
-0.907056929844008 
-0.1225907705840155 
0 
0.5665177420401081 
-0.003669625355317659 
0 
0 
0.9262003841753146 
-0.05689689279186592 
0 
-0.4201505644447627 
0 
0.05098287411807571 
-0.2925992099326064 
-0.3061307835787652 
0.1998385846578131 
-0.7934179121200903 
0.1228639191206622 
0.1435264128457711 
0.07807732707503728 
0.1785719933548382 
-0.00877416954773093 
0.5183016849362914 
-0.2435862445380044 
-0.2190997218978331 
0.2611177231454215 
-1.895151528965299 
-0.603471728000461 
-0.346419694459959 
0.1849000534695919 
-0.1637439986604007 
0 
0.481154046541466 
0 
0.2962040110562451 
0.6423114456816759 
-0.161304041450075 
0.08255312515830956 
-0.2584145411613691 
-0.5323514855489668 
0 
0.0248806651355236 
-1.061348965709017 
-0.2697048297890619 
0.08312307218051596 
0.07479264485117346 
-0.960854167783626 
0 
-0.8819052192670456 
-0.1574130203455616 
0.9888074623210787 
-0.0515572493074867 
-0.9465200376514027 
-0.1864180422946764 
0 
0.4897925504163159 
0.005674565047004303 
0 
0 
-0.1238037255537698 
-0.5102242450612713 
0.5946280957317168 
-0.0629244572449827 
-0.002355812135515916 
0.5541619047280446 
0.06054532788217894 
-0.4605679001462952 
0.2460058908306646 
-0.5600434880475135 
-0.7612201201001306 
0 
0 
-0.3097032212284451 
0 
0.1477030902572335 
-0.06637253313999977 
0 
-0.3191645055227177 
-0.04312890183434723 
0.5041808998913441 
0.09899242511389825 
0.2405661966367904 
0.2999879658473039 
0.008246414194626798 
0.2859506889148078 
0 
-0.1485118419500281 
-0.394912650625857 
0.008876507465797297 
-0.07717004943885424 
-0.3987172009225643 
-1.229860793276085 
-0.5879439925650779 
-1.160842995358968 
0.03953877939588606 
0 
-0.217354901721729 
-0.2252411045091917 
-0.1228825871656005 
-0.4770085419441129 
-0.07301695031276927 
0.3561129825785679 
0 
0 
0.06467050942482518 
-0.7782759206899754 
2.176261164137943 
0.1011183149296937 
0.7642293738199742 
-0.2935903370091851 
0.3265242925977196 
-0.3873131266832814 
0.05579117640479739 
0.1310398223940651 
0 
0.4794933781848668 
0.1080121451402793 
0 
-0.3563404623439207 
-0.9429714926742537 
1.317864866213689 
0 
0.006108814142810789 
-0.6756255389943662 
0.1130960652461869 
-0.08819517134221819 
0.0159825195545546 
0 
-0.7710624155592718 
0 
0.619354088819467 
0.02905843783302359 
0 
-0.03743240789179981 
0.3423326347004821 
-0.3899570521633726 
0 
0.06826970863847305 
0 
-0.2983579553568089 
-1.42886904334592 
-0.1820775879871918 
-0.1410609334524857 
0 
0.2526956695649949 
0.03061681692024042 
0.2104719218702233 
-0.2779995806684334 
0 
-0.3498622645520527 
0.07608359202120321 
0.002762611405694431 
0.08690169944657589 
0.06133351447013055 
0 
0 
-0.4715507481461765 
0 
0 
-0.01727524144975509 
-0.2534552542268789 
0 
-0.6055273960431213 
-0.5200365537549614 
0 
0 
0 
0.1708731098071389 
0.2308711912885823 
-1.243024435581044 
0.04198654876222083 
0 
-0.4657325419481324 
0.07424829106820421 
0.5619927255199593 
0.4982585498117232 
-0.01595692289144274 
0.4539296822972054 
-0.1317119510057007 
0.2973187458556156 
0.9142711075044214 
0.2725584921729935 
-0.2491959345849516 
0.1403049691734263 
-0.004544463260822858 
0 
0 
0.4276867286095171 
0 
0.05382501921335771 
-0.02906727026829529 
-0.1125706765788686 
-0.003212065945657213 
0.5931563796845561 
-0.1735312921108042 
0.4823832217470956 
0 
-0.7856277369680064 
-0.05660693924435523 
0.3156872577556715 
-0.002149663143548524 
0 
0.932354175246099 
0.04056842791614487 
-0.2863225618913036 
0 
-0.1564765811273747 
0 
-0.6217717877188449 
-0.04579064906814358 
0.3070737585816996 
0.0225902166276779 
0.2575273096144585 
0 
-0.00539874548323972 
0.2036419052430973 
-0.1979308006722484 
-0.1955137051841052 
0.002917725004560523 
0.4996871976329694 
0 
2.221313753199153 
0.05803583814287133 
0 
0 
0 
0 
-0.03286930945646237 
-0.00739673664097674 
-4.336808689942018e-18 
0.1364282739683189 
0 
0 
0.2763396949381345 
-0.5870405668678135 
0.1751876674480829 
-0.03372646406399178 
0.537833318537582 
1.050805223192289 
-0.2142979098650381 
0.2730724396895653 
0 
-0.3748098290759651 
-0.3450239892048768 
0 
2.032879073410321e-20 
0 
-0.1139242835101373 
0.1372155632235431 
0 
-0.2078845324514257 
0.001552201639285106 
0 
-0.2199087492426157 
0.3260671269178682 
0.3833655719191369 
0 
0 
-1.190859081957863 
-0.02719993472978776 
-0.3324861654490138 
0.1298494120934985 
0 
0.3943600188910785 
0 
-1.184668892446238 
0 
0 
0 
0.1145305111837726 
-0.09638253353145924 
-0.07800809802111849 
-0.4726704386512932 
0.3692196214790635 
0.2261117990687365 
-0.1448303796245496 
0 
-0.5624395211477895 
0 
0 
0 
0 
0.3745595301444168 
-0.2655566841426338 
-0.4719065191280732 
-0.8471807565297488 
6.505213034913027e-19 
-0.09471242444085218 
0 
-0.3431886938408387 
0 
0.3231337100772462 
0 
0 
0.3794055974616717 
-0.05585686316121501 
-0.379449480383346 
-1.335779533749677 
0.2701808426855684 
0 
-0.07131562128222858 
-0.7701476680749697 
-0.2191097456854253 
0.05240497421691712 
0.7455925783489005 
0 
-0.3732849459283142 
-0.235135437072933 
-0.05011312279432278 
0.5842149903793037 
0 
0 
0.341554729733953 
-0.003541704613433051 
0.2046214002448673 
-0.5661010409218348 
-0.01835468633430319 
0 
0 
-0.6040800568131119 
-0.08795735138927264 
0.1078415632390975 
-0.06347488146678169 
-0.3868811339228141 
0.2719113447791821 
0 
0.06852717507355184 
-0.007908709407440739 
0 
-0.03911310943428149 
0.3213104221395443 
0 
-1.52209350292133 
-0.08242516797210203 
-0.1486079649087205 
-0.06250352438148812 
-0.9988714397460832 
8.673617379884035e-19 
-0.1128294759739135 
0.1283128000072329 
0 
-0.09239127512242343 
2.131381342584801 
0.3147895587991693 
0.05470394787597537 
0 
-0.6196761057109468 
0.05968431521858377 
0 
-0.430698783846114 
0 
0 
1.734723475976807e-18 
-1.294224632476506 
0 
-0.1683871392735658 
-0.6082471512747227 
1.059447324258939 
-0.05669428150465333 
0.7618994145365867 
-0.06774677813275731 
0.4085847053724398 
-0.01152722345071726 
1.476430759469951 
0 
0.05335180519173931 
-0.8823065998718135 
0.06220490023380894 
-0.2486059052881106 
0 
0 
0 
0 
0 
0 
-0.3173160542688507 
0.1358197790538764 
0.0656935368640446 
-0.3006106305828717 
-0.1364366199807004 
0.592491107048027 
0 
-0.6337899605292659 
0 
0 
-0.2792246025890988 
0 
0.4819724634841886 
0.4133049272204381 
-0.1297745291014361 
-0.1736171469070918 
0.06550610289327792 
0 
0 
-0.02620392879339458 
-0.2672977612026941 
1.002292145324946 
0 
0.245765402295872 
0.3173553271128656 
0.04947894562793981 
-0.0814054096164135 
0.1450207409094924 
1.726518646042255e-05 
0 
0 
-0.4483514623030007 
0.659280723105084 
-0.09053962239283947 
-0.004521464524052184 
0.1800924486598392 
0 
-0.1605946624586057 
-0.1836503166600375 
0.2722778035821635 
0.004534044582286654 
0.05576785421480602 
-0.136477524745232 
0.3728336671144942 
0 
0.09358362085542282 
0.8130780588198981 
-0.6964686363446064 
-0.1616241309797496 
-0.319333985639454 
-0.238440073140251 
0 
0.09110666073997493 
0.1964739113636618 
0 
0.09926297973584894 
-0.2043043716825611 
-0.3230838127057185 
-0.3490239479928439 
-0.01588595258961725 
0.01366303934685672 
0 
0.01880759459356603 
0.3191243170641456 
0.155194324506692 
-0.04042728161026239 
0 
0.9281412164671986 
0.01896905433031127 
0.7137261390140399 
0 
0.003121826762622364 
0.3323531475391325 
1.4198369027024 
1.084202172485504e-18 
-0.1951613553319077 
0 
-0.8287086969686153 
-0.04878617320134664 
-0.521425505117102 
0.1295635400885864 
0.1844956603515881 
-0.679542317480924 
0 
2.032879073410321e-20 
0.1453330065540141 
1.002125145135751 
0.011122069908742 
0.05740590554834359 
0.1761733695001716 
0.02194753117426421 
0.4444940842194849 
0 
0.3621899556541452 
-0.3587284447309073 
0.2020879597529543 
-0.1457706415539304 
0.3735182637550756 
-1.14117096701544 
-0.000883368964201918 
0.2744645647879346 
0.1054708365029192 
0.07234729355964892 
0 
0.01185865824936967 
-0.12012539311462 
-0.09586648282569721 
0.01022714621199453 
0.1679776900902678 
1.632993907786519 
0 
-0.08782843088985214 
0 
0 
0.284160122574815 
-0.5356608397107749 
1.178844226440044 
0 
-0.2254348015121278 
0.2222674056783803 
0.2401375945717888 
-0.3628120112794809 
0 
0.01011006753672308 
0 
0.8381679070500621 
-0.2671943616125911 
0.9522015469949254 
0 
0.5300139008351415 
-1.326048525521544 
-0.749343525309193 
-1.174262737780123 
-0.1351732023204353 
0 
0.03007871516426963 
-0.1795695190714302 
-0.2396954327845995 
0.2015600618751303 
0.3828529383659077 
-0.00537701412282058 
-0.04177597625715165 
0.08376211898621107 
0.2273854256207131 
0.9104079483555849 
0.2862817227356632 
-0.8228424526657997 
0.2458177815954095 
0 
0 
3.388131789017201e-20 
-0.04213559992713112 
0 
0 
0.08366641460952516 
0.002489525061922645 
0 
0 
0 
-1.183605179754185 
-0.2765893306212525 
-0.670331407667988 
0.4384612783553652 
-0.6220919212174205 
-0.5991772485828398 
-0.1510660066406393 
0.2353220345013849 
0 
-0.250277506592599 
0 
0 
0.1972181954916857 
-0.876573737564007 
-0.02608616604475409 
0.5488274812775104 
-0.379208024792596 
-0.0611614206065784 
0.06850547516167126 
-0.003601297855045299 
1.094758807596839 
0 
0 
0 
0.14443758818172 
-0.3434670017745347 
0.2237669231694075 
-0.2257628044322981 
-1.759757536956985 
0.2864103590627832 
0.1318248820473638 
-0.4151442025416324 
-0.6863642104756497 
0 
0.115450770402663 
0.06612498924271645 
-0.6205623522147764 
0 
0.004372438582872968 
1.057039228287296 
0.07559967394967847 
0 
0.09873479800028363 
0 
-0.2042882965223047 
1.009795530699817 
-0.136398080691196 
-0.3761031272838183 
0.5897356741735196 
0 
-0.08405133101806699 
0.2705025341393578 
0 
-1.324724889778034 
0.00823285733312009 
0.6717426717909571 
-0.7644637276476423 
0 
-0.1065462659184466 
-0.8022682316846325 
0.1626009144609919 
0.8840484920970463 
-0.9728381706842029 
0.953447048164773 
-0.1782749082589273 
-0.3684477755653834 
0.1197957713951401 
0.03442221388278988 
-0.6398901642150345 
-0.02209940511327659 
0 
-0.4073221729917314 
0.1014717725448507 
-0.373595782118491 
0 
-0.08872998248639749 
0.9780614639965034 
0 
0.5663130543707697 
-0.8347221935308463 
-0.09500748649694996 
0.02643723452567505 
-0.2320354899192628 
0 
0 
0 
-0.09537547379095609 
0.309165447889939 
-0.003013179623611666 
1.024479215157815 
-0.03698061179736378 
-0.04007855291730865 
-0.2448032543116637 
0.6178598618757853 
-0.7739833802747399 
0.5251299633340965 
0.3414359646095487 
-0.1878049542429449 
-0.3381380706316128 
0.3954794757785167 
0.1696140282452513 
0.3341387315646304 
-0.29264902538857 
0 
0 
0.5956784087471281 
-0.1406418326929817 
-0.06902525519623376 
-0.2164033966317547 
0.1228957157617788 
0.2982167702340325 
-0.2106384989180931 
-0.1387350182542494 
0 
0 
1.28967015535617 
0.03377310426997463 
0 
0.1446284871220934 
0 
0.112094170663547 
0.06271536370060977 
-0.4481047000558634 
-0.4455828079559876 
-0.06551369892336892 
-0.09414249002659363 
-0.4710538323848377 
0 
-0.1294667568992016 
-0.1941324948235065 
0.1350946386649823 
0 
-0.007720371427901383 
0.03187748364572938 
0 
0.00871623233252283 
0.1112794425873589 
0.4346196640968128 
-0.9364376334518394 
-1.182879783654237 
-0.07644699727114496 
0 
0.02774087028811552 
-0.2546454085271471 
0.8249012562629234 
-0.01395640752058637 
0 
-0.2613737126019557 
-0.1290931304278367 
1.051308410636921 
0 
-0.680583235249673 
-0.02664481830177182 
0.3822553985009023 
0.4569168851494275 
0.02480924004601526 
0 
0.2435417397468435 
0.05544324673270276 
0 
-1.003094091837876 
0.0401909628680314 
-0.2148238548951832 
0.188816856659309 
0 
-1.198608208596954 
0 
0.3061590699693451 
0 
-0.2018184692456892 
0 
-0.1938399250855494 
0.7253907947744891 
0 
0 
-0.4997530782714765 
0.1630529573217281 
-0.07089518970136291 
0.4539775827025142 
0 
-0.1823148424613068 
0.1285050933037828 
-1.130533265487738 
0 
0 
-0.2422663314758387 
-0.01675152141831329 
-0.06540229354222946 
0 
0 
0 
0.3285212945023788 
-1.213671091614651 
-0.09921249267916404 
-0.3695830695565832 
0 
-0.6489676954990774 
0.07863785913835088 
0 
0.7418080180569806 
0.9332748594248605 
0.106530885660125 
0.6586060947148997 
0.03113525559692592 
-0.02470759311929575 
0 
0 
-0.0355619881424214 
-0.1435895758574651 
-0.555626188815204 
0 
-0.1941558236833904 
-1.025790583187428 
0.7498220479986668 
-0.0003919537445236709 
0.08841838010285104 
-0.3523341647573449 
0 
-0.2091092665690301 
-0.8872802272409718 
-0.4347496115311179 
0.08940501478770095 
0 
0 
0.02480087134991729 
0 
0.7800270669980867 
0.2053770895618069 
0 
-1.836431294235517 
0.1154756559523796 
0 
0.3628626693967875 
0.1472664152523482 
0 
-0.2718253672193111 
1.041820489560951 
0 
0 
0.05932457733033732 
0.2832183390136545 
-0.04790267426655811 
0 
-0.3537420569774286 
0 
0.03142523231499918 
-0.6354346434048167 
-0.1259955775120285 
0 
0.04116390276039139 
0.1264601223686935 
0 
-0.4531514482102134 
0.263153597494077 
0 
0.4661321783697256 
0.09634558885872252 
-0.2432212516730852 
0 
-0.01140529812047048 
0 
0 
0.06252479265533419 
-0.05355808326788737 
0 
0.02466815798769326 
0 
0 
0 
0.00752716589838644 
0.3600999714420295 
0 
0.1500700541467588 
0 
-0.03309668004430549 
-0.08180609087047738 
0.236528636958522 
0.588748822872892 
-0.1662687587657221 
-0.3346761369480696 
0.07376583611091513 
0 
0 
-0.2318335980217852 
0.09682575119915178 
0.01117294883206902 
0.4219558727311686 
-0.001174109688578059 
0.03465524023238004 
0.7671705817871951 
0.09948193268816663 
0.2408285287411725 
0.2787518936770818 
0.2837439965146435 
-0.5490696225223882 
-0.2920790999420652 
0.1366081280781602 
0 
0.2451313055100957 
0.07764517895695147 
0.3745111224595837 
0.4883872296089691 
-0.7247031697640542 
0 
0.2144943769619231 
-0.2041242417229137 
0.6239009161880434 
0.2430775075028325 
0.1526052306638499 
0.1169157896227328 
0.3672052099423579 
-0.1413037472270646 
1.216938598003832 
0 
0.01097956324025367 
0 
0 
-0.004904912732490729 
-0.1673147090805143 
0 
-0.1281200573469078 
-0.9892098055765978 
0.002181100810341788 
0.5512802059287495 
0 
-0.05290829130387652 
-0.5512422434418531 
0 
-0.3565217246090588 
0.6624118200204501 
0.5059308389906384 
-0.2244550823369316 
-0.3172320986764318 
0.3489085613710241 
-0.3676787207065387 
-0.4510427773089931 
0.8484645427047489 
0 
0 
0 
0.155953543636833 
-0.0005499077788395523 
-0.4373338636648738 
-0.6838621979915087 
0 
0 
-0.2511686606710605 
0 
-0.5291171972122997 
0.07812313952228604 
-1.313233161090082 
0 
0.07877166762236538 
0 
0.5880479790539865 
0.2763719802159734 
0 
0 
0.267001706140871 
-0.1058011663748956 
0 
-0.2626411287243207 
0.4416655264163604 
0.4666740975172889 
0 
0.3568919020330019 
0 
-0.3214083970551165 
-0.4288300506362569 
1.384171339415968 
-0.08051319264024195 
-0.5482777455242983 
-0.2874983223368579 
0 
-0.01459155014773942 
0 
-0.02987194871520333 
0.07034776973773013 
0 
0 
-0.4768963717714794 
0.1576430584494688 
-0.007063596603903075 
1.348755104143764 
0.444399066215393 
-1.854286513564343 
0.1234449815327432 
-0.4476800366440352 
0.2359883353233393 
-0.3836519944537546 
0 
0 
0.5800022038839983 
0 
-0.181776456582277 
0 
-0.3992280238882699 
0.9269566164310885 
-0.4860113608298945 
0.5907418062544211 
0.03265641032683211 
0 
0 
-0.1731046379464563 
0.0003345907449205759 
-1.234322682072328 
0.5120519329819669 
0 
0.141722372393219 
0.2282820430140876 
0 
0 
2.40792051633157 
0.6486590125537606 
0.1837278878578053 
