solver_type L2R_L2LOSS_SVC_DUAL
nr_class 2
label 1 -1
nr_feature 5000
bias -1
w
0.3293399275699009 
-0.0524407398336797 
0.8909441846888025 
-0.3537952447593463 
-0.102141317995021 
0.7477351751038894 
0.07441950549523052 
1.998920060240799 
-0.4898600179225619 
-0.2929201851524532 
0.0378204549510458 
0.07885630827878247 
-0.04258061717513092 
0.2102838795883429 
0.1335687259481322 
-0.5525305559141899 
0.2711806769818252 
0.5425394465280348 
0.8437618783161398 
0.8295659003259659 
0.5791551949080711 
0.6264653370009068 
0.01804428082956822 
0.1176224061075413 
-0.002342635762443094 
-0.2384623307415072 
-0.3096707275052026 
0.2166090480460151 
-0.04040150547028609 
-0.003837894508171456 
0.6240872820953992 
0.08979794514484152 
1.369015555508828 
-0.2320028326058256 
0.4945772313084322 
0.4088224961134621 
0.1003603384553231 
0.2665699086425802 
0.3882589769314337 
0.3579760856862948 
0.175348391856762 
0.1665930715347989 
0.05819269271156218 
0.02183722956490646 
-1.362999151755716 
0.1091992099999015 
0.8611065329114116 
0.2420790349346639 
0.13430026071491 
1.202982308670718 
-0.08630826550212256 
1.51180104417439 
0.73262859607066 
0.01371045471689592 
0.3795200746492926 
-0.4830058667319526 
0.2411141431913462 
-0.4591085751384515 
0.1649292213035771 
0.3155867886331809 
0.5050338446094785 
0.1147886836906892 
0.1298875060081337 
0.08470155118228583 
-0.3745442397479423 
0.1371483548616155 
0.08798528828705851 
1.229153768855179 
-0.9297619998262731 
-0.02564091954030478 
-0.06900262758671533 
0.04066736148741124 
0.1175973654524664 
0.1302443653545743 
-3.702100237454748 
0.2082513691275751 
0.4639814912857627 
-0.1309285662496729 
1.264157527242916 
0.1447990646918118 
0.3247793297799053 
0.1299296067199124 
0.07334281060173606 
1.580468221553962 
0.04369788969405557 
-0.3928759231182715 
0.2118396376941274 
-0.02042596308241854 
-0.4178870062329156 
0.3629309991089182 
0.06222081910845237 
0.1060851558241296 
0.07264803621697824 
0.2317252065150956 
0.266416670743661 
-0.0214188795823413 
0.4794708881093746 
1.113153182028052 
-1.065038293194599 
0.09775951546732158 
0.06531778902715148 
0.08935001113582182 
-0.06042817742751423 
-0.120974648911071 
0.2467073106354647 
0.3576645900323527 
-0.03793792716030162 
0.02406965810298216 
0.1269289721033875 
0.3436308596513754 
0.4245235621747291 
0.1415726718351892 
0.4037044467808015 
-0.04500659948834054 
-0.1152400341425357 
-0.008680315530302362 
0.1093014977526385 
-0.07740763711462179 
0.6190529820942652 
0.4669718530906416 
0.4831467315219394 
0.4160723953911105 
0.05969268146582072 
0.1757617206983354 
0.3690970746245978 
0.3706257660080106 
0.1143949122998896 
0.4370030331654277 
0 
0.1283649024869398 
0.09004954475574968 
-0.1944681034013219 
-0.5632223711029478 
0.122653254508013 
-0.8412024785557024 
0.6090511129750212 
0.1043743706828216 
1.201656048060252 
0.01136440272217818 
0.1763310629959755 
0.05171278756094083 
0.193509080502622 
-0.09181188771944312 
0.1675533215904628 
0.001782341696533574 
0.2945544635834887 
0.03534649018012531 
-0.00631870894319232 
0.09963045783867017 
0.009043133684410313 
-0.1441663684242426 
0.101959922575459 
-0.5740816906464504 
0.3852525715949139 
-0.2317063451084865 
-0.407754449234415 
-0.04419295433901727 
0.1036131840627225 
-0.1798457983679946 
0.03276279687248235 
-0.1457013335710745 
0.1919268287459853 
-0.0224174047423788 
-0.788665320160191 
-0.1616131425572388 
-0.032054539513346 
-0.2962715026427441 
0.002352818664722992 
0.2169157695794898 
-0.3925269663776097 
1.003046201759155 
-0.05725229541276352 
0.5193102419973405 
0.1575978375942402 
0.05109813581944615 
0.59191944494866 
0.5193007132153562 
0.4563942875076217 
0.1950849783006477 
0.1022529816452517 
0.04855665518657603 
0.2451859180612588 
0.002218019018732935 
-0.2760802347595622 
0.2780134511018127 
-0.02335082859141452 
-0.1601883841908888 
0.6209472130407619 
0.09978969778633669 
0.2237314648710736 
0.2744157613446953 
0.8340249659299603 
0.1286153745393577 
0.06272928605867596 
-0.05105509220900219 
0.3773871781331765 
0.5971687442540162 
0.8023295601803259 
-0.2598413060706716 
0.09646634738583126 
-0.002650548043827245 
0.0980709743420019 
0 
0.1159832492607958 
0.1033243314338646 
0.1766954088154265 
0.01903599720402644 
-0.3376446361081958 
0.00597937324130362 
0.3771539187940128 
0.1785828117196198 
0.8583613696845289 
-0.02553642019729455 
-0.06833632511931351 
0.4885723607192853 
0.07453177562058659 
0.3415431407125214 
0.02867114283711394 
-0.01725419865898412 
-0.2253706145150022 
0.05851545997059811 
0.6019819821472084 
0.6586634843061169 
0.02559210069160002 
0.2355671294461927 
0.545652453798547 
0.1504220321890516 
0.2990391907828152 
0.1821598741968071 
-0.03707778225612953 
-0.0964544956868446 
0.1652788117193035 
-0.1044515665060026 
0.5187978923497838 
0.1194707793009748 
0.08049794616853923 
0.3548667523474073 
0.6104257074018028 
0.4215491775503891 
0.1031084802381893 
-0.03578525809567308 
0.01406707174158038 
0.09191349264207339 
0.136493086993405 
0.1471586384901215 
-0.1706698757529998 
0.1963401882754587 
0.1503333835944842 
0.3533741467737729 
-0.1283111258837675 
0.349327811840482 
0.1934103911059608 
0.6759174534377644 
-0.165126180617302 
0.01756012158197931 
0.1012474943247275 
0.2143869975598592 
0.088420894010069 
0.04746569614566856 
-0.5275081034361612 
0.1256190251399372 
0.002317632092694422 
0.07426292116839721 
0.3097015856020752 
-0.1393107834520264 
-0.02258069281831029 
0.1386560426804717 
0.3498660677252668 
0.2925268961723367 
0.01252469018064271 
-0.09875772773062905 
0.148332563403733 
0.2756710277707318 
0.1610408133040364 
0.2449536131029721 
-0.007520558612095273 
-0.01243656816988449 
0.07325796842617932 
-0.1874180846088419 
-0.01488986517881617 
0.08405893587131051 
0.1745590953435134 
0.02127755054024225 
-0.6781988522266761 
0.03507933038412354 
1.136983891441355 
0.0005972832656311913 
0.3646027246308725 
0.01912119550280421 
0.1801678293660278 
-0.07256425254213346 
0.1113067765993339 
0.5252270543918285 
0.3590329600718868 
0.4760595896594877 
0.122144544682855 
0.07078189968528716 
0.6190374176220925 
0.8251682236505846 
-0.06649167485243876 
0.764162515355459 
1.090825096287574 
0.01762952300244559 
0.3932717173647653 
0.1868659506625197 
0.2199750584434741 
0 
0.06031557709959791 
0.2022032977314016 
0.03684465301899179 
0.04395920399959397 
-0.003408565949896338 
0.4218224408622786 
0.2876993600694283 
-0.06736461798557634 
0.09556509823223502 
0.1745698029752324 
-0.1075453495617733 
0.3341994335847197 
-0.1207368542891625 
0.4694533588279753 
0.09469992528496236 
0.270603255892962 
0.2705442013459375 
0.09690206716324125 
0.3893735567634219 
0.09090510568745055 
0.5514357698998298 
-0.2336213731529241 
0.2396268351688604 
0.007868837609145175 
0.01281514122214945 
0.7635788940419704 
0.5412628540275036 
0.009717599098191589 
0.1662572329090349 
0.1802695961575158 
0.733257049095377 
-0.5620684091557164 
0.734694167232703 
0.03345537423129028 
0.01406374483924958 
0.1873940733168008 
-0.2744248943589049 
0.009636811944386696 
-0.02703740748258514 
0.1455137452863952 
0.1656012338434805 
0.07050271118008665 
-0.1159603797451395 
0.1679823765977278 
0.4367087671822859 
-0.01435835141057955 
-0.164360662441181 
-0.08698908808841035 
-0.00392511198942016 
0.01557947986872284 
0.3272528357045835 
-0.129008228727917 
0.1140500224816452 
0.0106800731207628 
0.01902788405198675 
-0.155924858981329 
0.09857984584056662 
0.4626922407937865 
0.4739798244494534 
-0.01241044603562748 
0.1703290700649792 
0.08818974436540999 
0.006335169439689733 
0.09467376320566846 
0.1880898514768744 
0.6528784382171225 
-0.2145426131348938 
-0.04052888704831652 
0.0182698001257744 
0.03701872391793666 
0.2444632601297977 
0.1211515138425957 
0.1009019623409097 
0.1584296628715599 
0.05557085314947022 
0.01676725293727842 
-0.1280442969895075 
-0.03602371680917092 
0.002832853651861532 
0.2374809706766708 
0.6291228533435709 
0.0001776035774850319 
0.3552776736006129 
0.1446039408416548 
0.004014195853890765 
0.07152390840451332 
0.1326121379566718 
0.6458611361504758 
0.1792671754464903 
0.9377944583808255 
0.07493626599897024 
0.01489238275648608 
0.02359383733845265 
0.3915523473519165 
0.3979740033018796 
0.3462023608462734 
-0.006571862131614302 
0.4742381014946417 
0.3445666170388444 
0.02974939733920237 
-0.009972284760568401 
0.3363188110053329 
0.1205215462624789 
0.783978448065406 
0.07086825298291582 
0.8119471431064492 
0.1565679023651126 
-0.1063031573236003 
0.2063597176244632 
-0.1361819668958776 
0.1401929973031166 
0.1611434437987031 
0.2853958944326701 
0.1797878255440441 
0.2017909624770533 
0.2469671897189702 
0.3094484926997259 
0.2326216249878627 
0.0591612049304968 
-0.07891316526323446 
-0.02304775546677748 
0.7035353284084321 
0.2567987811014361 
0.3866017914857205 
-0.09094332399226841 
0.3077581841727866 
0.3501386047739541 
0.02902065655947191 
-0.008059365197082276 
0.540774414709957 
-0.03273808977324638 
-0.2097940050706602 
-0.002446852949980194 
-0.1123063938915057 
0.1957056453456112 
0.01033278095246339 
0.08476513669575805 
-0.06855902882120499 
0.2087093639830612 
0.0925463197166308 
0.2726562771470887 
0.8473797236389707 
-0.0109506836420138 
0.1989828785706472 
0 
0.02386972101847488 
0.6136109981405176 
-1.913794061371272 
0.1437824962765492 
0.3940643168516384 
0.4492660051824575 
0.09723482493762105 
0.001228429596430046 
0.1920437587808685 
0.03719021743487106 
0.06966520858335896 
0.6469126957280761 
0.1609413890701926 
0.01115283164853205 
0.1328687764041999 
0.1942478985062945 
0.6187602979571499 
0.002356091468112085 
-0.0896436835904515 
0.7521326296527338 
0.08722077797706612 
0.07201584818087027 
-0.01779698429556981 
0.03207406338953954 
0.1534609121691407 
0.5037205588929937 
0.1507039752071666 
0.2437044074985135 
0.000140924076324789 
0.1746560470365072 
0.3743837605203939 
0.1614596399646319 
-0.3040929242441712 
0.4146107913244191 
-0.004871377656516463 
0.008948962497712563 
0.0365429145450166 
0.4471390182929005 
0.9004612288175254 
-1.909043945139115 
0.1972784216659856 
0.1133769956408391 
0.01153854056785931 
0.07456719978789829 
1.099069642848547 
-0.2011968025742365 
0.3939474488718797 
0.5362129069710696 
0.05938627632611261 
0.04991799884249563 
-0.09322909736023331 
0.1968282343793641 
-0.08214805801071998 
0.02520434685578274 
0.1207067802785782 
0.5371290668208242 
0.08224860681900946 
0.02394690973060879 
0.1101951705516913 
0.4911830622373922 
0.011749439273626 
-0.030174946792742 
0.3348332338886838 
0.3248215817015829 
0.001072523227079139 
-0.1322968240431409 
0.1067808650006502 
0.1938975841621761 
0.8299838958195827 
0.01890946709533872 
0 
0.03578770380201134 
0.2820840113475241 
0.0516891959118928 
0.01726228933411903 
-0.04636125800614468 
0.1133507592652365 
0.2304776739276805 
0.02213050655361534 
0.3624271936914815 
-0.13786280549707 
-0.1551601867031571 
0.1089241240227626 
0.5901975239719711 
0.1003613701737866 
0.6045332796325473 
0.09067700724885412 
-0.07384299449047889 
0.2765120582981233 
0.5633698638182386 
0.01240836585746982 
-0.03048817919491132 
-0.06922281967733455 
0.3253712700500312 
0.02910302558020215 
0.391514262980238 
-0.1409842209315731 
-0.01316748683158939 
-0.2955408112171697 
1.055993809419407 
0.5886048023300843 
0.02288879133816977 
0.01025674091374309 
0.1487957287318325 
0.2754093535061096 
-0.09023501876831737 
0.0004951640753253531 
0.7174772105748108 
0.02347446009260487 
0.3966736751581687 
0.373115469322459 
0.7430315814427996 
-0.1843167103518145 
0 
-0.01685696970608729 
0.05572195440539991 
0.2122078857994576 
0.05265733070001768 
0.3284578042396793 
0 
0.7718316126190519 
-0.05632798953630584 
0.0994062146258534 
0.1659935706924795 
0.341924746948703 
0.1886037891137741 
0.3786104823852277 
0.02173549916101007 
0.07373277554384808 
0.388311118766941 
0.682248046492787 
-0.09875955871653097 
0.2539873738127319 
0.276946140770357 
0.2343430161212454 
0.1630697675230052 
0.01628373739379835 
-0.08468411729319754 
0.003574968194101097 
0.2028597877349765 
0.01158721760081074 
-0.221795269507554 
0.1558024447836616 
0.06970600172997699 
0.4086420120161529 
-0.1380896640794254 
0.6886386982266457 
0.001351700269440962 
0.06760257157148906 
0.0878657895458964 
0.1379696844075915 
0.05324915851188854 
0.101501861514331 
0.01250446119384562 
-0.4029326177681761 
0.003268039940729875 
0.2371526849179224 
0.1996284387874298 
-0.2012698274139929 
0.1022989341306649 
0.04012766923523185 
0.03759203367759892 
0.1656268709931351 
-0.5751349528643144 
0.02712442490287495 
0.119558921754782 
0.1001108082674491 
0.5685025516982725 
0.1510161368143455 
0.02286584811417256 
0.09666909348624725 
0.1269286301061263 
-0.06632327279849817 
0.3162533365499905 
0.5250697584407203 
-0.116137637829315 
0.2119797251704495 
0.5457049852342948 
0.03772511714853038 
0.207580454054632 
0.3942072534020509 
0.003568350276022974 
0.008985962698447321 
0.1298794689421429 
0.03663397726227494 
0.1212108020836859 
0.3288862443190613 
0.1285481787328759 
0.2425773990472001 
0.2954709820549256 
0.474897261404274 
0.3146758801921565 
-0.04081279387858282 
0.6062720765798497 
0.4673498508325546 
0.1896504794825899 
0.8164798073255731 
0.05327626316434188 
0.1187349646289709 
0.3678241863030218 
0.05266236637834663 
0.1540458240525203 
0.8086714731614033 
0.2203049741816562 
-0.1026937775116549 
0.1022264586293147 
0.06310112011690816 
0.1246801649255493 
0.2107488679909388 
-0.02612034145808728 
0.05178974618397144 
-0.04696175199379379 
0.007473086230211464 
0.05783613238323472 
-0.1974728079176761 
0 
0.3666656476376055 
0.08372994221237 
0.1523345261277237 
0.02585346244402524 
0.0613203331285974 
0.2077165604967368 
0.7652751972576026 
0.0649434303217965 
0.08434526780980359 
-0.2096233777353807 
0.0216562077932392 
0.616831870543448 
0.5939054836012133 
0.2460526896789657 
0.06451543835402491 
0.3928754330717053 
-0.01016705492684255 
0.6917793325421415 
0.01761833282377039 
0.04763264440931011 
0.06505546811119635 
0.2002067274449812 
0.08747537393163818 
0.2161748032120206 
-0.2213030235764374 
0.96707002672464 
0.4574965834096102 
0.009220920455836933 
0.3004188005454752 
0.1759709367082584 
0 
0.189254046881592 
0.4144702247145404 
0.5683932148541323 
0.2226894646098555 
1.020665212862836 
0.4976027245387845 
0.0196065427508939 
-0.08050704604855274 
0.1766414558537085 
0 
-0.09264828628262976 
0.06978381361869343 
0.1891656185058258 
-0.8538081376926157 
0.1536050003181639 
0.2658486245889766 
0.1716625049568878 
0.5169308862963673 
0.438799965571777 
0.32159197767829 
0.1014171291828852 
0.2309912890096465 
0.2102130013508538 
0.4300527260542045 
0 
0.07144463000373225 
0.0130345745461121 
0.3720834703909697 
0.820008267099381 
0.1166122638407959 
0.152732292642313 
0.2468796199804105 
-0.01319668965601429 
0.1781564797631122 
0.04199314107934843 
0.1251829286256556 
0.05806006889320225 
0.0005330247726686764 
0.6918454054922476 
0.3220816939282268 
0.04565566703813372 
0.2689210549741755 
0.26959358418273 
0.0941238630356355 
0.3528735608518859 
0.1085947555437378 
0.00400119438986184 
0.6242657977464253 
-0.1669555694721813 
-0.03372225430403717 
-0.008363110106200625 
0.5864387465046655 
0.03749771117888042 
-0.05145073666459738 
-0.01356533408548645 
0.292378455849602 
-0.03758931944520355 
-0.2744395435306792 
0.01252025503419206 
0.02582832363820898 
-0.01949566986816063 
0.1924277358915459 
-0.0655198045875735 
0.344004387411693 
0.0690967864698938 
0.0001947323755853571 
0.05535656807016566 
0.2011390713733728 
0.008958934700518735 
0.6458819816782261 
0.04786758783091555 
0.005682085916078492 
0.1303928223780403 
0.3896921290334991 
0.1472202650043919 
-0.1487984460101973 
0.0005150803391823118 
0.03841313669256299 
0 
-0.1241638079225375 
0.1432585333004775 
0.2996708834009115 
0.4104488287678288 
0.5739179230087088 
0.1454329489080559 
-0.2125797973379129 
0.5523118507508161 
0.2631724533669527 
0.3061407696741905 
0.2135996066889003 
0.3919981406228926 
0.5137255612511596 
0.001772868985244147 
-0.08352083977128368 
0.08366756262570324 
0.1838467026499775 
0.5609517734798609 
0.1953396321251842 
-0.04643982020131682 
0.02815891488445298 
0.2557927092467884 
0.3544313611501607 
0.149420686106457 
0.002887173711952954 
0.1101992387426777 
-0.1939353833566732 
0.01026723123945619 
0.1465516039631922 
0.7338312591836696 
0.009898468851236806 
0.1030695292838471 
0.07767739638486955 
0.3964107430970191 
1.489711147485322 
-0.005421123185497629 
0 
0.1479895701830483 
0.3150666835152262 
0.2294490046506681 
-0.1161585164167857 
0.02260931621435977 
-0.02863714515795925 
0.8134555980525672 
0.05063020808496622 
-0.002011280982835525 
0.286212487716947 
-0.1625957610195556 
-0.04802846502789567 
0.1537391867093105 
0.1201645837272079 
0.2526939455093991 
0.004519086795264728 
0.1401914209275157 
0.06935172762235008 
-0.08203724605410803 
0.1609458309086433 
0.05589908001251738 
0.003581872657627355 
0.7148351085443627 
0.2803142314655616 
0.1496970251643391 
0.4100465998394262 
0.04097229445631762 
-0.09897027171695072 
0.07942270785060737 
0.0204678673751383 
0.2656233337364008 
0.1580443498597695 
0.02559394840289193 
0.2038424247075616 
0.1971649048217329 
0.3019892966162286 
0.00715982195139629 
-0.08664499809802313 
0.2058206543123925 
0.0003573706891997367 
0.1590048872199608 
0.5652489388004346 
0.3352752850625815 
0 
-0.02277521691310885 
0.232609666022251 
-0.0984591439530699 
0.2317725634066909 
-0.09369547751427348 
1.018573867577803 
0.1853567212890254 
0.1405670519626023 
-0.8494592176551076 
0.006994023735371273 
-0.0151910742551977 
0.6614298925065002 
0 
-0.5053841374078373 
0.3497371301325113 
0.004157028965321321 
0.3714251470107926 
0.3753836569600647 
-0.05039721809046499 
0.1609632086701886 
-0.3008679054137814 
0.4723935891292013 
-0.007165760058811802 
-0.04860113617227419 
0.4536454639775061 
0.416056302345169 
0.0361175757308347 
0.7372958524201226 
0.1393530845451898 
-0.6081072585728547 
0.00414719189998277 
0.01350093666896552 
-0.005112450017999821 
-0.4315734186411874 
-0.0072599222364672 
0.4202749973968982 
-0.03301572692401185 
0.3494806449392772 
0.00466977005823253 
0.2404292766023361 
0.03869186136177105 
0.1221005108290346 
-0.1636708096109143 
-0.05008274968304181 
0.1746782765319045 
-0.1412570110465864 
0.02278781263709345 
0.2613019325315524 
0.2186560644412641 
0.1529821525810093 
-0.01135072241938691 
0.04535304317586725 
0.05103942480737993 
-0.002098781978736915 
1.257111609889487 
0.3082584889123197 
0.05665516545780741 
0.04398366500970831 
0.07440751684172864 
0.3002553259944361 
0.2620847537484338 
-0.0890669484055033 
0.04890352170903219 
-0.07660101603928307 
0.04910539091579602 
-0.5330118049630248 
0.06789113774536841 
0.1287692082453364 
-0.03726355249706918 
-0.04329461586879372 
0 
0.09632922333232814 
0.05373911234370243 
0.1844651366314817 
0.114013625678151 
0.03585131027507946 
-0.1017042181918212 
0.06878294633980941 
-0.05126973196542192 
0.01435472856177097 
0.02146439482353272 
0.7287771630652065 
0.03929898918210227 
-0.1449919689024803 
0.006949564066802451 
0.126487281900512 
0.4122352890893534 
0.003864737332378157 
0.2487660168088536 
-0.0704097715440001 
0.2028732749091811 
0.05096367523688691 
0.7308972434144306 
0.05797127056446748 
0.1869304856211774 
0.2687480129236352 
-0.06404922460476654 
-0.1419658206243734 
0.06616697441639992 
0.003829525004877632 
0.03187043663156556 
0.067561676047034 
-0.05226798621088678 
0.4365739036698147 
0.1491166045450858 
-0.05158224730392662 
0.1447925985359032 
0.2097207700130226 
0.04340651625795305 
0.1754089729118812 
0.09345460284140412 
-0.01480776493352023 
0.3164888124609347 
0.1243602355236466 
0.0196395561945993 
0.02734767881230146 
0.07898817842623464 
0.2744729952983446 
0 
-0.2225853951484479 
0.02739443650285367 
0.133190555008227 
0.1791744829498467 
0.01022088898959507 
0.06822597686559632 
0.04958477489767262 
0.06873491925651476 
0.003036276448255737 
0 
0.6473376477238404 
0.2008850960933268 
0.07060270482012172 
0.07147416234780965 
-0.0105488142848408 
0.007233067141365482 
0 
0.8634535512560616 
0.0001541998214846024 
0.3206970703077816 
0.05637686975366019 
0.1586559519699693 
-0.1530105096797875 
0.4153810940342944 
0.1817309780948375 
0.4995521184746716 
0.2994905821384227 
0.07577014423089259 
0.09181658819499332 
0.6463131777081366 
0.6368233082773863 
-0.02521161930759811 
0.1022089043499837 
0.4359244024319023 
0.3863307306693134 
0.3637127905980915 
0.1698559531073707 
0.0007997688432939548 
0.1507410198639721 
0.01476021731999264 
0.2082150701460536 
0.04502861306119168 
0.1473965259485349 
0.1647272171795218 
-0.5919824758885327 
0.1788023646080318 
0.1257765770098521 
0.1326961644801461 
-0.1923149008872637 
0.1179350057891032 
0 
0 
0.04111976217238305 
-0.07597380105096652 
-0.03101024876036814 
0.9383734085498232 
-0.008715182521984504 
0 
0.159661957131752 
0.04101164959293509 
0.02189519647976761 
0.006582340387311312 
0.1597817634714502 
0.2323117844568113 
0.2514335534151112 
0.1556300002810899 
0.5201528663008187 
-0.02334200758830168 
0.4191112588280914 
0 
0.02490796692513408 
-0.01049958328472152 
0.003490211553980444 
-0.1630469074038482 
-0.06397695054225219 
-0.03816762815369603 
0.2554904251741977 
-0.01070498034937032 
0.1850462521099773 
0.281925525588166 
0.04993851212965418 
0.07660578480242622 
-0.02453294333711291 
-0.3636567473952546 
0.5408088132815329 
0.02674771023650016 
0.08735422775099205 
0.2332737562392919 
-0.1068982622902969 
0 
0.1355401622662121 
0.1511462637811069 
0.02762296368974014 
0.1012096264870607 
0.06316094741307271 
0.4798575644254542 
0.1241464269397941 
0.1874117338171773 
-0.01518568739841577 
1.020201206920977 
0.2553618692243885 
0.196095753318466 
0.002097222233045263 
0.3438010858587976 
0.4370807230781755 
0.2255154483239226 
-0.01757423969635491 
0.01698183675218088 
0.005269541206236774 
0.002127653873309721 
0.002382713112296838 
0.0159765333832187 
0.273104159361941 
0 
-0.08088491245133655 
0.009387202816175375 
0.807658262292789 
0.50536787716593 
0.2806704898340745 
0.05363883413470211 
0.03811841269985272 
-0.001196387242242238 
0.04478949265753596 
0.1610193138539212 
0.224562041295132 
0.1247464859526668 
0.307241414859184 
0.2335505005975745 
-0.0556631305884258 
0.1718870022339883 
0.01110366666504493 
0.03400981195013582 
0.6694174888766645 
-0.2137994994095549 
0.194322104634631 
0.3634582461387845 
0.3009783519781859 
0.4718871745336609 
0.0122431034774179 
0.175104013763081 
-0.1420614909649396 
0.01684648050424598 
0.1020834062114706 
0.269796883722469 
0.2369042685035539 
0.07831212836806541 
0 
0.2651453649314596 
0.1676187873280694 
0 
0.02318501509882449 
0.005163006289515346 
0.3170562525203482 
0.05532079137426005 
0.2077979069922868 
0.05470382300113025 
0.02114467790679094 
0 
0.2292055844431191 
0.2991944614404872 
0.2139163197747789 
-0.09737213071791488 
0.08648861204560299 
0.1950532415530759 
0.2563545129812095 
0.01672741701420464 
0.1010636231616283 
0.08395127913264706 
0.1456921146045203 
0.02254692320679483 
0.003231716746821445 
0 
0.1076782713912804 
0.08027767233773139 
0.2506049455968398 
-0.1589561611249722 
0.3488296407167134 
0.1491099007117025 
0.09187247389396103 
0.2802411582095045 
0.09410106696614667 
0.004073982048691721 
0.1920113827628405 
-0.01735396385696118 
0.05225689543049314 
0.1378030199940717 
-0.2725716088890934 
0.06486486070881341 
0.02506888134942782 
0.107054486002449 
0.2094100923583194 
0.01366010040400074 
0.04726560698443369 
0.5414794359701183 
0.001485531321949509 
0.06928772292430121 
0.007380754713453262 
1.110470481192376 
0.02622065117491591 
-0.03671565756127686 
0.2108026821457764 
0.148908705491694 
0.09920998123547069 
0.1520622317732302 
-0.1242084804011672 
0.1000271134166932 
0.3849430698061649 
0.1604417783639384 
0.4553605577811469 
0.1730990861069508 
0.08468304956024786 
0.01838128975864977 
0.01985712364483544 
0.2819557141992671 
0.3563212386822833 
0.126456584558324 
-0.04018688984275044 
0.519662987537733 
-0.136850255980633 
0.1659242399069507 
0.02563799097449253 
0.005848138986621757 
0 
0.177195513563816 
-0.08909516153092656 
0 
0.06236331334291756 
-0.009625840226231787 
0 
0.1924614190373497 
-0.03533952548368849 
0.09493300890242636 
0.07052123066206618 
0.2901856631267901 
-0.02392308318983583 
0.08258597071506116 
0.2203431835043347 
0.05637274198338912 
0.008583150433098624 
0.06112424364258925 
0.1057229432811819 
0.1692629088913232 
0.03534984608571353 
-0.1406964671125192 
0.01635367299909797 
0.4556926262921673 
0.0129405266343542 
0.03514336802410929 
-0.2940126127795784 
0.05118603920645728 
0.06875881752456757 
0.1013299897150158 
0.3997931235472608 
0.06127565243126543 
0.296556664078338 
0 
0.03758010831446996 
0.7411663443120903 
-0.08764967269490484 
0.5564998930686167 
0.5465450974699622 
0.2197355025943148 
-0.01906263981898479 
0.1070873034960289 
0.1956778306538908 
0.2696221648203527 
-0.01857292659113059 
0 
0.000128918449490634 
0.1461152442055853 
0.5130004537610183 
0.00110324684100465 
0.3463696875704586 
-0.3354013055031519 
0.2121863630157424 
-0.7562544641133625 
0.02321148472724433 
0.1010653108222623 
0.1410171614188931 
-0.03988167185996229 
0.02130677283939843 
0.2985729045200818 
0.06592424031118969 
-0.02289180995893058 
0.04580726048103317 
0.1552966638464011 
-0.03097954231382428 
0.02953902338572661 
0 
0 
0.1824392579038314 
0.6905496293844209 
0.3912625341272706 
-0.2137332378733997 
0.1781167042955188 
0.01260181261748821 
0.1865262281339355 
0 
0.1544457159377629 
0.1018480149579376 
0 
0.04933291762363307 
0.05052802947188828 
0.3620187432577076 
0.004890803424269076 
0 
0.08681110719962837 
0.2561079311971868 
0.05747309152714321 
-0.2170126469411771 
0.2226545860818416 
-0.1331164119884461 
0.202794615397351 
0.01811010606382647 
0.2899386809897745 
0.1063280503581978 
0.1391266811442601 
0.1025904746199691 
0.08415017765610312 
0.0883048285563235 
0.2245652060071757 
-0.07541322794448969 
0 
0.05332715117188353 
0.2789352067197945 
0.01678060229368724 
0.1441354564432181 
0.4068746957577545 
0.004023088662216114 
-0.02970596284747227 
0.3034598347091645 
0.1763548360340224 
-0.0100013347226559 
0.1228454031051676 
0.143885177563212 
-0.0711174538837081 
0.1511498705887313 
0.1103572163236661 
0 
0.08143786203862902 
0.02724548364548491 
0.1198766255505734 
-0.001138296732152085 
0.1291625033492229 
-0.05398516903996452 
0.1882454979309156 
0.08420330464388084 
-0.005502186760786163 
0 
0.03132115791027136 
0.4048759423377535 
0.4660284125518286 
-0.09484871342973665 
0.2133486281242814 
0 
0 
0.1642429050486994 
0.3634301408330194 
0 
0.184407281405205 
0.1612338975553664 
0.05709661487346991 
-0.000650872138001786 
0 
0.02039202995423431 
0.005889355191277304 
0.03831899017853878 
-0.036368354658292 
-0.06968489490431438 
0.0420783696315236 
0.07641781536335157 
0.03948810552680873 
0.3047265062188262 
0.3140674584265825 
-0.8581081030250209 
0.06055684184521411 
0.004234270256696465 
0.04149038850624397 
0.1076896107632591 
0.2441501543057837 
-0.08295761390678473 
0.07377875558621724 
0.1512061350422673 
-0.1027201495653568 
0.1606303155099309 
0.119681323239865 
0.1146343167362688 
0.01916528252041837 
0.007607901719741112 
0 
0.0170029899792392 
-0.2692481738149096 
1.002761037077945 
0.001383280932047266 
-0.07291552772926464 
0.2290040969161135 
0.01634431240848733 
0.1558388585278144 
0.1535622017425826 
0 
-0.003641264170660413 
0.2418558270803162 
0.08595759488711577 
0.001962756759942208 
0.02732618243146991 
0.0682767013693526 
0.150167776591151 
0.004314138481471129 
-0.03481179662334827 
5.457979334998098e-06 
0.1279721848876416 
-0.1470723717553899 
0.6921840774067082 
0.08181789716051613 
0.09469115637234522 
0.05267380793313689 
0.2430645460910077 
0.004533589055275762 
-0.5112201954721227 
-0.03018437405249033 
0.06462735525971253 
0.04217034708861094 
-0.00425014010044599 
0.4054074159002446 
0.1604284264269452 
0.005534863023802306 
0.2133623959297448 
0.03350802586973053 
0.04849573804722463 
0.2263632583387009 
0.09829613947054683 
0.09164573402441734 
0.03990684266918052 
0.01496170769234246 
0.05288631917947831 
0.1256917608679088 
-0.2537889125249617 
0.1213396381659532 
0.05182412953473244 
0.1812463802338847 
0.4858331579601344 
0.05117455285175557 
0.084859085182729 
0.5531451608411384 
0.09772892382761306 
-0.02151811781805951 
0.01897852375607452 
0.0707658403891053 
0.7220864962014231 
0.223166364271823 
0.0562134433988928 
0.04654973022736622 
0.06322105671522181 
0.03554630226237465 
0.1486454129040159 
0.0001493613003060377 
0 
0.09862302937246444 
0.145877679426894 
0.006891418710655141 
0.5281102743376458 
0.02736315989331093 
0.3692330238799461 
0.157096817150733 
0.2224563547401091 
-0.07802145460253215 
0.3503235417116766 
0.007724113009399704 
0.3401495515135196 
0.3215325193034366 
0.5944753400954303 
-0.05514699267087895 
0.2120024925429718 
0.1646802152778485 
0.4471692774928287 
0.149835000862351 
0.01813386410775656 
0.1014138854303426 
-0.199652500886859 
0.009676331900766879 
0.1690511740710721 
0.3568633491898387 
0.3462916321074124 
-0.002193402923294817 
0.02403418523847358 
0.0675473651397738 
0.1831772088748916 
0.221690215333454 
-0.09226409213115291 
0.09031880862684542 
0.5042388360423364 
0.09745580471048047 
0.1354063191614598 
0 
0.007763937490171576 
0.007419837963161428 
0.02669506390192207 
0.1461558766418477 
0 
0.003687942681574029 
-0.002790475696743065 
0.002424371530989066 
-0.240033496756481 
0.1026172632595506 
0.008708735126219851 
0.04315740623745933 
0.04537984109064193 
0.01111954209287726 
0 
-0.4179547588573305 
0.02389032710875133 
-0.2284752705247532 
0.09419488147019102 
0.02539281250684326 
0.2020797089653881 
0.128253318267489 
-0.0204687694493461 
0.001942734666564882 
0.1478159659666385 
0.1509188507213567 
0.1538332412882455 
0.07061582818110912 
-0.01060490100715389 
0 
-0.9380670202802459 
0.06668442325263033 
0.2507538526083213 
-0.01349047631116515 
0.6286299839896025 
0.4478510722360705 
0.3099076605790705 
0.110179133166936 
0.07479423006653513 
-0.09152272306233174 
0.1600151435287543 
0.6435478271745713 
0.4008315877276652 
0.001271639078628845 
-0.1670258359794044 
0 
0 
0.02386993864716212 
0.1237004521129243 
0.1951541443079846 
0.3016050918791356 
0 
0.1773803878793255 
0.484597687367435 
0.5070892933305956 
0.1482857592679932 
0 
0.2046159056432131 
0.04985723085356875 
0.0001687886682833049 
0.2325783278547519 
0.112965961351596 
0.02358942145627221 
0.04828138766943233 
0.0003286048845521505 
0.212343890707986 
0.02546436053882312 
0.2497447363777505 
0.1497246705122588 
0.2024788097853025 
0.05357769973336789 
0.6841832639226653 
0.1487578628575177 
0.1008272156770926 
0.3697657733740132 
0.001823499421934199 
0.002468501311723578 
0.04483842851012197 
0.3278226184203629 
0.2075033342676945 
0.1208538752763109 
0.1008365924228749 
0.05117044773609759 
-0.07228415715732243 
0.04213049852750274 
0.05646208077094263 
0.1301472356616651 
0.2796537451574968 
0.3173065159369708 
0.1598474110060535 
0 
0 
-0.05544974008939747 
0 
0.06010613454163197 
0.2970240316140594 
0.04094867607469457 
0.02284286790134599 
0.1441280578009223 
-0.03130290428884114 
0 
0.6694663735515661 
0.120991301649502 
0.03293268050237665 
0.004385008207230376 
0.5083251688831332 
0.05005946646208632 
0.00571806935744034 
0.04679084368023087 
0.06946592500539794 
0.03006015944284762 
-0.0268738204785845 
0.2971122432881863 
0.05990767203052631 
0.1418061956645147 
0.3213956591427211 
-0.1637003380637639 
0.2215477843776081 
0.01016049346414156 
0.03674994540494607 
0.1049896428680612 
0.004791754797774051 
0.2957516342888995 
0.009029090836854993 
0.208421436983217 
0.4986395839225042 
0.6047062532818835 
0.4396776487806148 
0.06960564666336004 
0.009735257567290085 
-0.2737491373659145 
0.1261488048300191 
0 
0.141276318308574 
-0.01688985287041125 
0.1248368168420435 
0.05801786223351925 
0.02112617421071853 
0.004137775616824867 
0.1880632485807183 
0.01323581544627482 
0 
0 
0.5100981118069421 
0.3469478601513438 
0.2352463898457795 
0.4073415513578781 
0 
0 
0.1075846365488726 
0 
-0.1717037662814632 
0.1359385177850332 
0.05403437909573446 
0.2636945426561448 
0.1604799290318508 
0 
0.2417710843838378 
0.2211215544609962 
-0.02952166646924249 
0.003984459030303556 
0.1392392745830941 
0.03375196148540074 
0.07298661162529831 
0.02374676733647412 
0.4356605642706335 
0.008027074385754819 
0.4325253554410002 
-0.09741117222501196 
-0.001056050222698324 
-0.183023875469655 
-0.1653945969974885 
0.3176420228912995 
0.008829078618684033 
0.2071488200955395 
0.09912541687894924 
-0.4725517574244238 
0.5104164392312603 
0.1220861071062817 
0 
0.2051827289949792 
0.0590441173647792 
0.1739305646695523 
0.08649119241190478 
0.1627558319154982 
0.00789366453398185 
-0.1311195162065669 
0 
0.1970543535768989 
0.1530960078359729 
0.2567731696730614 
-0.0007091162636605735 
0 
0.001911031752558646 
0.2656050380307958 
0.08610410289085066 
-0.01876694514847701 
0 
0.09908198244679697 
0.09124955181905739 
0.01790698840585695 
0.02032877608830564 
0.225330910659325 
-0.1823416671317664 
0.02281354963683306 
0.1430304962225079 
0.01253705920192526 
0.4830180149765221 
0.420318360565228 
0.04661517058010993 
0.03382247496370992 
0.1061471945073659 
0.01765543233405645 
0.09218936634743305 
-0.05734305119392716 
0.07570459832774619 
0 
-0.04640741167107975 
0.006739769107868625 
0.033347429668687 
0.003622305583535879 
0.02639288301362713 
0.2036160755662531 
0 
0.06226733356964881 
0.8751754932392103 
0.1398982976992682 
-0.02718593300084157 
0.02841608693313924 
0.5022423845994283 
0.08210765177354473 
0 
0.0109099694294182 
0.0384266242620885 
0.02059439250727589 
0.008486890232283646 
0.4299523542853546 
0.008976838296694194 
0.002119184106144598 
0.2215677302932451 
0.1435281825770238 
-0.07610835027091781 
0.00284012641626943 
0.8636927898305686 
0.002075253404318617 
-0.8384621565530199 
-0.2637810668207126 
0 
0.1846930936063609 
0.09017667861075791 
0.01157100472933963 
0 
0.3185630615125138 
0.08389120228620532 
-0.002404291240364401 
-0.00816853344372933 
0.3078443073604961 
-0.07700361216021723 
-1.112164726653941 
0.1211086857993832 
0.0528162456354279 
0.6100275181821759 
0.2331783296928646 
0.03238387934009631 
0.4878147109159708 
0 
0.03345069383025125 
-0.02776033879912122 
-0.01266957563892742 
0 
0 
-0.245303241006343 
0.0007022199292176824 
0.3089828762892918 
0.04642672188811289 
0.01165323790929183 
0.2079070042901941 
0.02992360024429102 
0.05661675933542294 
0.02261230048473871 
0.07882727991588247 
0.1101731361980634 
0.4934882916494111 
0.066000117429308 
0.004217220097958205 
0.06354418937838135 
-0.08254713328230874 
0.3426116649361214 
-0.01881535093590899 
0.01596844228372656 
0.1853229321110613 
0.1646065198219459 
0.1749697698338791 
0 
0.002376419090991935 
0.07092310744256616 
-0.1680252816491623 
0.01285672453387262 
0.4203583320406072 
0.2588732194847859 
0.1761342999434933 
-0.03438529159101762 
-0.162682844572437 
0 
0.2029175966520649 
0.09098907516465768 
0.2724984949021306 
0.2481569399231269 
0.01018828714781529 
-0.007951006728170994 
0.3189976685942721 
0.1693813785023875 
0.1166972563364422 
0.1799086516161935 
0.003673362737629214 
0.2449972851693845 
0.1431953270360586 
0.3046781675299586 
0 
0.8845680480555017 
0.4801311347107631 
0.6313505915466939 
0 
0.02423009527395142 
0.1951635604216111 
0.04758284688164359 
0 
0.3432922664767316 
0.6302783713743457 
0 
0.009535554631272147 
-0.0438695555251087 
0.202082679680726 
0.01766694697989771 
0.4662473448556251 
0.03113330474098492 
0.07461360470930782 
0.1387935836916412 
0.09838639669616847 
0.5872244807187971 
0.3616769257842468 
0.04115990571721224 
0.1523138013237802 
0.287413809327365 
0.1907769679010412 
0.03490675039441191 
6.573474924508322e-05 
0 
0.3609427401766661 
0.02551056972761293 
0.1474383081310033 
0.1968054599273198 
0.1614587935060854 
0.003192045171908337 
0.04990639358760886 
0.1304374524340207 
-0.247666262533872 
0.006538511985304356 
0.03959419768772528 
0.7135347898928845 
0.004492914267032249 
0.09998588292925659 
0.4783088324987431 
-0.01462486532899946 
-0.2227723327437114 
0.08298221473709835 
-0.05765914194356202 
0.04508280184598627 
0.04337541711112435 
-0.2173697937571804 
0.1528615216032048 
0.4013016428791993 
0.09766396712457528 
0.5837782152987488 
0.003139595563099068 
0.0209082254622092 
0 
0.002125428269356249 
0.1734418343759611 
0.1091556842895783 
0.1109157153635526 
0.03812537191407373 
0.3764276673834683 
0.0801532900670002 
0.1149911716636006 
0.07400444647873415 
0.9980407965947748 
0.2397356512036363 
0.02538911370780497 
0.1347424587981645 
0.203405998883896 
0.8818001725384134 
-0.02724444343896697 
0.1195515593142612 
-0.07557491791139737 
0.04704341653917826 
0 
0.1219930929335487 
-0.07605605627152694 
0 
0.2210487369119794 
0.492731459737738 
-0.009200425995922357 
-0.1674582325979224 
0.006154204075422462 
0.04339249558895366 
0.01149196627398147 
0.006736301352227704 
0 
-0.003631634894562141 
-0.2435310694718836 
0.3450072064737261 
0.06092269133115219 
0.03969894614612934 
0.3563319326603091 
0.1686319181101092 
0.001809297248864309 
0.6166759563058892 
0.0003448091031330071 
0.2008313648655381 
0.02443322361347313 
0.2687220878794144 
0.001301886201250832 
0 
0 
0 
0.002292585123817157 
0.178236373030345 
0.2105796425732665 
-0.5573095527360417 
0.02011685076629758 
0.3388983320097535 
0.1026002375925541 
0.02371838109019135 
0.001898693082624092 
0.03163279241346004 
0.4178073657677474 
0.07445912815593345 
0.07232319122295462 
0.2578135021661929 
0 
0.1705035492217694 
0.03198543412476604 
0.006154884786126795 
0.427018965967466 
-0.1582762230330374 
0.1899548784816124 
0.1627338235809699 
0.0192538678263943 
0 
0.3207834709230882 
0.0533806995031961 
0.04940661397253737 
0 
0.1213301384030254 
0.1916497027311453 
0.109529455205829 
0 
0.03347951898161132 
-0.07692831247482802 
0.2654534965276165 
0.2172180048939755 
0.4322121730767294 
0.2053722626284558 
0.03467738905387219 
0.01244340569815081 
-0.2191411657135638 
-0.1088265886797776 
0.4966070276872502 
0.05888826902133471 
0.1623947886478062 
-0.0270549028411645 
0.00973863049151066 
0.02750690636678331 
0.04495118168506247 
0.02326995083950779 
0.3820586182179055 
0 
0.1184190670393862 
0 
0.4476285385174648 
0.02994099081691132 
0.07923707633782531 
0.2214498098761127 
0.0640032219519286 
0.1278982473881398 
0.1185159804520094 
0.1528969043258007 
0.02506060123213944 
0.03717195763822892 
0.02920912452033258 
0.1328924322410167 
0.1445243733122974 
0.05565126877584171 
0.200986047939257 
0.002335251448633227 
0.2336928357473896 
0.2933070896717822 
0.04190556298784215 
0.08032392658214534 
-0.6036936834249023 
0.1116320393156005 
-0.0525079447924007 
0.01148332267781818 
0.1996591610040095 
0.3364701882465382 
0 
0.1855668219098522 
0.1383116198612788 
0.009340593841156583 
0.4184912756474983 
0.2159453045030736 
0.002099316690341253 
0.009643982446264986 
0.06400988371266876 
0.1366171287771669 
-0.5457709307071743 
0.03904872707831693 
0.002851754660493268 
-0.4883676146964156 
0.03020465599895957 
0.009516399363923846 
0.03729674479349091 
0.02695122577388247 
0.2909313773123822 
0.01051671584709591 
0.8576026802860439 
-0.09927803348471276 
0.6473174870766362 
0.2434534192235797 
0.04926153551844736 
0.08685247464589441 
-0.005008886849636358 
0.01141613335950831 
0.0760559151170854 
0.4251707475417857 
0.2674389820299499 
-0.1046093364187533 
0.007343955617187949 
0.197810734344968 
0 
0.04453515609086486 
0 
-0.6027817465542226 
-0.6558009741406966 
0 
-0.05024731682848688 
0.02004464201181523 
0.2381619104605024 
0.0007390730346274842 
0.02253993480216514 
0 
0.09601530320182443 
0 
-0.1584595225387608 
0.01259013510664196 
0.02260225320536623 
0.07454654857777204 
0.0550236098918806 
0 
0.2617096018152139 
0.0865386862906396 
0.004952670166369379 
0 
0 
0 
0.2919090736155598 
0.3032468916886389 
-0.5655016928756338 
0.1472679550034567 
0.1212421441754233 
0.1222621283643006 
0.07981071621178425 
-0.4814169293172742 
0 
0.186277216995164 
0 
0.05298257807061706 
0.004367603255879137 
0.6653472116520143 
0 
0 
0.1215830800961658 
0.1036977510084915 
0.2163451029726715 
0.07275611757752128 
-0.3386232946371251 
0.09157917861419008 
0.05864902503306917 
0.4491121851990554 
0.09488044999445865 
0.13337180241106 
0 
0 
0.2924553620493723 
0.400720281505025 
0.1950866369538272 
0.291326159998221 
0.2621424458806558 
0.0006483485339772142 
0.1341496621906088 
0.4500973636688013 
0.001476052772606233 
-0.263959176148077 
-0.0558783366147151 
-0.0682993582608412 
0.03512233497008841 
0.00530499411366765 
-0.154442162068136 
0.2605054512011915 
0.08364380504787727 
-0.9903590727037986 
0.04352372219286807 
0 
0.1663002621501304 
0.1012566710766411 
0.2170110602439335 
0.4136322110634837 
0.05406830073357859 
0.04898253630992584 
-0.03547586922771671 
0.2778713545192995 
0.3571764579631219 
0.04358399974966595 
0.8294719375896726 
0.006548187915747301 
0.5474322333775901 
0.08908965295750916 
-0.01096489877751524 
0.1251697205774739 
0.08162604688412274 
0.7907195828848137 
0 
0.00961329025204527 
0.1366862277142427 
0.3811601628861558 
0 
0 
0.1140440849911761 
-0.3299465442974806 
0 
0.06361916277545861 
-0.07957281656789798 
0.1627095825637082 
0 
0.04144310904350199 
0.02922800259926515 
0.00440631474593433 
0.0002795656520295069 
0 
-0.03957248975091272 
0.2108637749758398 
0.004537380331383394 
-0.202021292446389 
0.245512766547012 
0.1958131665456483 
-0.007399943582187547 
0.1172754261269185 
0.1626042659381144 
0.2722822891793418 
-0.007160610187318726 
0.1252324113949007 
0.4438085281097396 
0.5246035733194512 
0.2921564204939341 
0 
0.05831500392855398 
0.1141160102486636 
0.7617572413019149 
0.02831292084648566 
-0.1012993613328387 
0.3297530156277154 
-0.02615928255500697 
0 
-0.01303215836895653 
0 
0.1561887959914727 
0 
0.03940658573185668 
0.2967565412757345 
0.03705584172071854 
0.1028296109173608 
0.02068904848849505 
0.2461869791004976 
0.1025681408450916 
-0.1263720388116297 
0 
0.08904119651014576 
0.3835406925547629 
0.1023772731982731 
0.1107209980999254 
0.0005338848102608539 
0.2514150427941646 
0.05224807232465201 
0.2748201289245442 
0.08258435000978064 
0 
0.3990141121120884 
0.001567309703126984 
0 
0.01852287265764561 
-0.1093577712431537 
0 
0.02812505928540985 
-0.005275614539796296 
0.06365222218346178 
0.004565139712824798 
0 
0.3784347738000382 
0.4320432220665432 
-0.4151518297190983 
0 
0.06197049710041352 
0.001850202538513564 
0.06211438256817606 
0.1102534312466297 
0.1016401417312242 
0.005427069158872073 
0.006786754180845234 
0.0001646574321842567 
0.1713733230316072 
0.23910580106381 
-0.06459121451753468 
1.012191729440364 
0.03582154670263058 
0 
0.007090570276205434 
0.5024098058548325 
-0.4156543346903096 
0.06299922062914294 
0.2759722020161086 
0.008751288476809942 
0.4471808983456467 
-0.03135405998001383 
0.2435517656024684 
0.2746224591438299 
0.2699536206860695 
0.7020941672021052 
0.05438170854521843 
-0.052701462810226 
0.0979207272672681 
0.0006665769109662178 
0 
0.003083613966245646 
0.2218531605495631 
0.0009756739013399553 
0.02072145333240855 
0.006440478083126204 
0.001513200057901856 
0.06664172689291399 
0.03270894043190448 
0.05378565231603162 
0.218568678328063 
-0.009640593309227815 
0.157596352652186 
0.4006939588669735 
0.009906166160899956 
-0.4152758751100043 
0.02317803178389643 
-0.2659895688581252 
0.006663998301893089 
0 
-0.00214839608751912 
0.2470401217181386 
0.002081111783080376 
0.0433726241034525 
0.5803396174534591 
0 
0.1524075009617852 
0.5232594606424139 
0 
0.04397841873841739 
0.1092328202055329 
0.1471444833986048 
0.02930643334027878 
-0.01079635730189365 
0 
-0.03656772389033877 
0.4676514126083496 
0 
0.02869585197012733 
0.1758398670704257 
0.2735073290233369 
0 
0.3395206077081619 
0.03181513154593035 
0.02566574454218744 
0.1203767354799346 
0.4422245695655553 
0.03878293780226152 
0.1523012786512191 
0.289377162521156 
0.01839071375069656 
0.5291859437418273 
0.003982171874489919 
0.2440502375955706 
0.001371641547396019 
0.170019938570704 
0.5737042752568362 
0.1338537866460646 
0.07694390419245931 
0 
0 
0.1432989661497914 
0 
0.08271838255294656 
-0.1011961679380943 
0.003704931194677616 
-0.1078484940884484 
0.05065215486738561 
-0.1624253991027711 
0.005768886520796197 
0.2352983281583231 
0.3067612933884663 
0.01273247020052242 
0.1029168894137288 
0.06923257197311769 
0.1849926332411995 
0.1641361432890048 
0 
0.001901314176779788 
0 
0.06454682078128608 
0.0335472747269038 
0.09076052540421947 
0.4421852472743778 
0.05011183063386786 
0.1871213865233168 
0 
0 
0 
0.1356149521139378 
0.3361145642381717 
0.03425447423631309 
0.08551322402328532 
-0.1765119648684261 
0.5937775707557611 
0.4776165180491873 
0.2219972382447341 
0.1402412651255033 
0.160257483591124 
0 
0.14219716559604 
0.001478867194955135 
0.07138389073675505 
0.07375619634166455 
0.07658241130233551 
-0.3306810232657004 
0.1137620238471852 
0.3582522085492982 
0.1440493681414657 
0.000815190841493722 
0.2504237361728714 
0.1075613967087275 
-0.2986992326197805 
0 
0.01893478518202158 
0.04801570525263386 
0.01675270465297487 
0.005833104650765271 
0.03566783100155482 
0.04601743623296138 
0.4032709320656993 
0.07506216030274211 
0.1746822134350435 
0.1252915787115976 
0 
0.04296766038293175 
0.1756725156289381 
0.02339970615650822 
0.07990088961981778 
0.01730373013799956 
0.2192393301425297 
0.005002904051482392 
0.1167976939245738 
0.4802029434274623 
0.0224817008090501 
0.2715432083983635 
0 
-0.1111498097156762 
0.1230962131776887 
-0.002002746557422266 
0 
0.4441155438818997 
0.0004234505342648097 
0.0688916989652313 
0.006689538343621458 
0.01609746582695623 
0 
0 
0.1524106424481892 
0 
0.1569570664115737 
0.09614442068787109 
0.08055738417885111 
0.2221258738674569 
0 
0.06217436050143176 
0.06987241097670845 
0.06183080992963618 
0.03352033156218522 
0.05493921919627759 
0.1119238605705737 
0.137671830668809 
0.08124506884332125 
0.009374570176768625 
-0.834629500728968 
-0.1079480043975109 
0.305640635375746 
0 
0 
-0.002947810158855715 
0.1822775599682659 
-0.004530401862181676 
0.03044824384789284 
0.07623935661948711 
0.02502301169497182 
0 
0.3244245128223133 
0.1922438972616879 
0 
-0.1007637490706507 
0.328383468003437 
0.08023665467703518 
0.07278446368898983 
0.08627454106005801 
0 
0.005301074738456073 
0 
0.4578954450657041 
0 
0.07886873135024054 
0.08051769979292724 
0.02867028433172607 
0.1085574545577892 
0.2349352926795208 
0.41534666800472 
0.1049165599304558 
0 
0.08686048644033872 
0.1467113251065963 
0 
0.0003809904349692753 
0 
0.01626168914781208 
0.1863529066859881 
0.1625221261513033 
0.4243863358727692 
0.2332948850064489 
0.05637413155843776 
0.2739306727013771 
0.06809086617546811 
0.02290688634468192 
0.00149482967651849 
0.03591908432662795 
0.5497898395621502 
0.06049180539503497 
0.01675413680427255 
0.003827706608276259 
0.4508353384056365 
0.005024788432576177 
0.1932320745616997 
0.001055403183556019 
-0.001888462710624816 
0.5601377003606195 
0.0163436778495262 
0.02995776747212067 
0.007886474574259495 
0.03744772257537442 
0.01142531723624012 
0.02072152178167593 
0.05653641685791917 
0 
0.01223340608590396 
0 
0 
0.1276914886090476 
0.3684363320949754 
-0.07002931814604355 
0.1664220113832898 
0.01348623082715137 
0.3371228462795907 
0.3161643074248863 
0.2566433460167131 
0.02575417993878488 
0.03915705941904329 
-0.419346196411856 
-0.0681901232374256 
0.09670751786590717 
0.0252828535856258 
0.1521816102179182 
0.04829924199231796 
0.5535353215818534 
0.3429977088296683 
0.003706448290645911 
0.2705262409841476 
0.02691823789490284 
0.02692566333654034 
0.01048480183435627 
0.005893707248544618 
-0.0187632807872696 
0.01159708540277623 
0 
0 
0.03038275209591196 
0.07354087251011004 
0.07922630040434768 
0 
0.1755955800280418 
0.4064144259874529 
0.05344213545739975 
0.01209753053152061 
0.1598426260494974 
0.002069836236065058 
0.05766633057051408 
-0.02257250135492564 
0.01321090149046315 
0.1308231777354848 
0 
0.3876051188812766 
0.002093885812633881 
0 
0.4855705451847554 
0.1150116845075521 
0.256555247036706 
0.3229601934652804 
0.01569035671529091 
0 
-0.01698505462865166 
0.1307004524102015 
0.0571793638924024 
-0.004304504228958779 
0.2589261879308357 
0.2042748751517359 
0.1036482846463176 
0.7276324102281041 
0.03586818404307299 
0.02225936205297786 
0.1257421285063939 
0.009673828552392176 
0.2071241946807951 
0.1852396231888273 
0.1831716684281597 
0.04546990223347996 
0.06895115889527116 
0.1683883064490698 
0.7703596050757729 
0.03488130649881603 
0.1757938645989067 
0.00807440936552826 
0.03146172655111468 
-0.02050674583192802 
0.4537479527867754 
0.0244963193917204 
0.1983860336490003 
0.1588121642892212 
0.02010059840527663 
0.006747626167029718 
-0.969728417767621 
0.1779045861933559 
0.008953767827988689 
0.2308012994476863 
-0.08229251216368658 
0 
-0.002762743830072953 
0.004959175563688509 
0.08717795631939539 
0.08715019804640906 
0.2324092700336901 
0.132754637163369 
0.04061734661476898 
0.03430842228477845 
0.1197588899662372 
0.1126251250262817 
0 
0.05004516647429882 
0.02349351475183615 
0.0409499063686014 
0.3039978288729861 
-0.8664393801848115 
0.2253766346628751 
0.01161590333140006 
0.04423011488254638 
0.02570983790855507 
0.05131117819420524 
-0.06116619536905444 
0.2345164444777671 
0.07872046996280493 
0.1272940606553983 
0 
0.5375046928961662 
0.1326270161261039 
0.01562058086865531 
0.3699292071873938 
0.3947365793089956 
0 
0.2139427874469012 
0.2764125849155959 
0.005950120090877524 
0 
0.06844451063254155 
0.009847574476428127 
0.006857590829349155 
-0.08522688454144796 
0 
0.08393887976243482 
0.1550768089305502 
0.02477750654442345 
0.2248512042466488 
0.235272093354685 
0.02204576262316777 
-0.005601366607678003 
0 
-0.01453702679138984 
0.0041742303406719 
0 
0.5172421838204823 
-0.162459910268122 
0.07113164450350298 
0.001749076365663363 
-0.1698716596320975 
0.04365761836396683 
0.1552147416787291 
0.1729940781572855 
0.08728301654669017 
0.001247801896588379 
0.2263596648395256 
0.02033636313282948 
-0.04454559669478346 
0 
0.06892702498076117 
0.004595924962001102 
0 
-0.02302284414324901 
0.1212061636601948 
0.0693697673753636 
-0.1125278870617614 
-0.09649610282986613 
0.04815116263894475 
0.008564560698279959 
0.1562414351682853 
0.5126794178531732 
0 
0.06183933736491012 
-0.01959130729795062 
0.06128360964811054 
-0.001527997532533696 
0.3601632072945556 
0 
0.08993046069599382 
0.002762079701441797 
0 
0.6316306311502142 
0.02265765626680254 
0.1759871401481692 
0.1680175503431524 
0.2258635080592741 
0.07413220514538588 
0.04470081337638551 
0.3446639849230113 
-0.001550615407219253 
-0.02081326288187495 
0.1772369822339291 
0.03073951682561671 
0.009115490250525694 
0.04261770523257565 
0.09093582748924928 
0.1475148340181994 
0.06532109279912351 
0.09150590339945604 
0.1277682362623302 
0 
0.1724375935114292 
0.0119341886950746 
0.01740968542278869 
0.03362115082979559 
0.04626107224408425 
-0.01910605264503975 
0.06895452576075196 
0.00613306398793981 
0.04517540063483868 
0.275235870654649 
0.01713052555788187 
0 
0.005159186078566297 
0.1134312180424204 
0.06899442314334191 
0.001956393743411531 
0.1694301219741473 
0 
0 
0.0650322789190879 
-0.02205591504669794 
0.2732563004647142 
-0.03141847396941282 
0.001197809261997129 
0.07637778056075289 
0 
0.211174509037926 
0.2666991245657869 
0 
0.01464070845263709 
0.2160008919216969 
0.01953692232339006 
0.001908652528646608 
0.03483679777307374 
0.04146171227373712 
-0.007825633824421344 
0 
0.03717953637648649 
-0.008458854000197691 
0.09347000225619563 
0.03670669514984661 
0.3479750540960612 
0.001261403293164921 
0.02553621153575088 
0 
0.5336764027314284 
-0.001545926637761126 
0.01697687735827902 
-0.3289039989505954 
0.06406208499117973 
0.1616966230487345 
0.004766518545956063 
0.02121334345876793 
0.008451773857800283 
0 
0.006744988382659358 
0.1530301082969539 
0.3444187384795333 
0.01343501147295224 
0.04211564605991367 
0.3829540290755721 
0.03925678221068035 
0.3614015097083391 
0 
0.08924477129712931 
0.1171188318110377 
0.001997760958720865 
0 
0 
0.02744109796913802 
0 
0.3705792507798786 
0.04967740614100077 
0.08023593639863782 
0.02022578730330002 
0.5554534553873797 
0.0002441616541207602 
0.2226998708368763 
0.1062902594634727 
0.0350151796128302 
-0.02562733730360956 
0.04682963626878693 
0 
0 
0.2195740336109006 
0.1229440756624496 
0.01348356117183743 
0 
0.166727965128681 
0.1294169974352145 
0.005134081586194591 
-0.001784716869030197 
0 
0.09607095693569273 
0.002692909729256923 
0.02178441608129168 
-0.2643359223720048 
0.03507748272055857 
0.1633438960300125 
0.05080960841742473 
0.08492971871484653 
0 
0.01769853712561238 
0.008344516741244598 
0.1259697181866251 
0.6587157143366021 
0.009839557763302713 
0.2102044708434232 
-0.2306681121139907 
0.3700797997187232 
0.08627776220085451 
0.02167289992549618 
0.1222719485000338 
0 
0 
0.1087501969468419 
0 
1.122440612794764 
0.02650704043483261 
0.09589628896244549 
0.4021041460315483 
0 
0.3827642103472849 
0.1273431310038685 
0.4586117086345647 
0.0626856956110985 
0 
0.1897541287218166 
0.0799957409130392 
0.05687782664105594 
0.00463317731407327 
0.03622144244016764 
0 
0 
0.1281097546062686 
0.1540690475622092 
0.0234008022737339 
0.3233452183039801 
0.532300168922866 
-0.01254567210281918 
0.004778090592297308 
-0.002395047741508158 
-0.02880962919571289 
-0.006526661983963481 
0.004704845439973969 
0.04688337681320906 
0.03029070718963671 
0.004489781177329538 
0.04501635278696424 
0.2245071377870629 
0.0663064488984085 
0.006234938829979115 
0.2826140285129168 
0.04132025187055991 
-0.013124042762493 
0.05568532119131697 
0.03899734241461731 
0.4435973677132355 
0 
0.04787169713667875 
-0.01901236708486385 
0.1430269202007782 
0 
0.1696999923348052 
0.0226866659527543 
0.01351874967595012 
0.05090865780545507 
-0.006717656186523733 
0 
0.0177428706332501 
0.319815479875203 
0.2571879536164243 
0.1646667493119472 
0.0001073577189042236 
-0.2542544907904126 
0.0007261586665633001 
0.01579364472105756 
0.002432727886679962 
-0.1592212180564829 
-0.01218605456177037 
0.09430720201607613 
0 
0 
0.1740491480568392 
0.03798319965327417 
0.2068857928927844 
0 
0.1281717430801384 
0.3314658141460852 
0.03344307768086172 
0.04984163457864315 
0.3302417527139325 
0.00353776943713259 
0.4930378918591198 
0.3694132314250916 
0.07609077863649538 
0.2486129788622387 
0.09782964158582551 
0 
0.207566303762066 
0 
0.08893844105435887 
0.214353795989244 
0.1192883006580878 
0.006721533053585863 
-0.01202198170705408 
0.006057397273141553 
0.07493427600282401 
0 
-0.04066465604123354 
0.2451078083225014 
0.1376312855100549 
-0.005469894131818243 
0.0597346595504186 
0.001924763817411581 
0 
0 
-0.7791451451700702 
0.007934701567299206 
0.02203508440513555 
0 
0 
0.002092838478768572 
0.0748456178571343 
-0.02533890388710146 
0.1441613953042668 
0.5617852012490312 
0.0603057656261932 
0.4650639284489677 
0.4389636744144751 
-0.008227302078738317 
-0.039511502596832 
-0.2505894011924215 
0.3600389056855814 
0.1010967845325318 
0.08381642223321635 
0.006364201078461126 
0.1532826264886066 
0.05025810661090015 
0.05371388393766703 
0.1481651348416243 
0.1408610116611987 
0.0720228498376683 
0.002058373263712086 
0.02838700599773888 
0.3810990644173726 
0.0003270396456770053 
0.03040853994002747 
0.03185117219131733 
0.04874390052873726 
0.01199062973227956 
0.1166050703783205 
0.2228836344845772 
-0.04575578952711241 
0.2177693969324313 
0 
0.6607969501607767 
-0.1017851155247611 
0 
-0.2491468027774585 
0 
0.2601316119278968 
0.2468892909052 
0.04898241484188237 
0 
0 
0 
0.04368787046797751 
0.01257249043731948 
-0.006933936611547053 
0.04116852506421252 
0.04934494142489764 
0 
0.1016050732217303 
0.0644540764167046 
0.04660092138470126 
-0.03110029357940734 
0.01582511652181079 
0.2950332795621238 
0.09574419504964561 
-0.005486577647219153 
0.02273206730070118 
0.3953352368600189 
-0.3803560435549231 
0 
0.4898584607678204 
0.07988932806666552 
0 
0.1306223226673144 
0.1302127344268078 
0 
0.1171577445104147 
0.01317559356104027 
0 
0.08960690950026937 
0 
-0.0338576671315085 
0.1915505130242305 
0.05379836671092268 
0.04572938987074639 
0.10585921797061 
0.05663468840291418 
0.08050368910430537 
0.0118703730165824 
0 
0.1814298521054362 
0.05795928360038931 
0.01779079499308343 
0.003002830251366903 
0 
0.03338768662639361 
0.1979547172603453 
0.01307056799542756 
0.2290023806950876 
0.03626841561411191 
0.4763869529345582 
0.3469530985783617 
0.03085559824801431 
0.01048021153146135 
0.3338526038840995 
0 
0.04566324458462104 
-0.4028567696236653 
0.436070652159961 
0.01311708608021522 
0 
0 
0 
0.1303110543180615 
0.1551155156815358 
-0.142825045229546 
0 
0 
0.04312910488730133 
0 
0.02598177913231398 
0 
0.3822487273716091 
0.1223050586910341 
0.02433626143328204 
0.01793410737986145 
0.03737281460113161 
0 
0.2751887302139624 
0 
0.01008355358197385 
0.2640092885660026 
0.1734573272109279 
0.1963982214945199 
0 
0.1110165034436227 
0.008005615622709466 
0.1470918112389862 
0.001007562225549774 
0.07347403251592234 
0.1912516721607841 
0.02717682542792813 
0.002120264154752375 
0 
0.1649831569484737 
0 
0.06691108614786526 
0.0144287153607613 
0.02303055050606977 
0.0004627348704847077 
0.01201987689687956 
0 
0.03962992340361242 
0.04683277260321328 
0.1784511478069097 
0.05324793292420689 
0.03240262737191065 
-0.4671674897961967 
-0.07742819760633834 
-9.499031340578286e-05 
0.04630052865133309 
0.01479631627535412 
0.0008569739891170838 
0.002110331282969601 
0.008805239719136451 
0.1167895177037946 
0.07732495813175236 
-0.1159748263532821 
0.1975455498397611 
-0.1617394576761465 
0.04349208915708692 
-0.02674487272042056 
0.1351120397190918 
0.2760262741968239 
0.304131628140221 
0.2513623155016235 
-0.08388796563629101 
0.09666480500375497 
0.3357355656512211 
0.02485471811656834 
0.004420736068891976 
0.06466984521458957 
-2.025505850740882 
0.3619944075891703 
0.0116509534368724 
-0.005148844660033939 
0.02199412300200235 
0.02397946096100155 
0.04232826171717671 
0.1230399252333162 
0.04846424025806167 
0.01410167501007074 
0.2366285561566256 
0.005799058480208783 
0.1517041740336157 
-0.2015056605911592 
0.07181798306128345 
-0.128499379637034 
1.201170146509095 
0.1415919899558599 
0.05103936534378094 
0 
-0.1308086712393864 
-0.1305061711390944 
0.06161520596994809 
-0.0302306664459265 
0.1024943077479821 
0.4901177762612987 
-0.03012405611310173 
0.1563864798210916 
0.0166366563817435 
0 
-0.07096587000668059 
0.1337021333820364 
0.3907773770630522 
0.03675260060107412 
0.0870151151665553 
0.1594503002456066 
0.1502953490297782 
0.2991442369844976 
0.00861318167561117 
0.08783804606622429 
0.04087353691618332 
0.04211160662764885 
0.01297810531382836 
0.03727088878763705 
0 
0.1295646411987657 
0.006452297537318265 
0 
0 
0.2828995707994876 
0.1983071457089774 
0 
0.006548055047965957 
0.7372772034405711 
0.2120233661990685 
0.08743276744091828 
0.0741865901351496 
0 
0.09291093859353869 
0.1916596413679402 
0.144302282190529 
0.126614769432271 
0.106886882888917 
0.003726431442498494 
-0.008334642895175761 
0.7274210586162057 
0.01731836275235094 
-0.09614347900238705 
0.1817479802348414 
0.002158135511925728 
0.4465281449400784 
0.002604475485445991 
0.002442660124689475 
-0.07216338734290281 
0.1438830472388216 
0.1125517045668263 
0.08906274223916169 
0 
0.02477666769380366 
0.09183649168103912 
0 
0.0005022399529108213 
-0.6652674314180248 
0.3727930704224574 
0.1187697917587221 
0.0900902893303851 
0 
0.002940014193900868 
0.2500047858629168 
0.05442806652625602 
0.00338436970159259 
0.00205525261574093 
0.05569891420416056 
0.0363632478488484 
0 
-0.008072821967174099 
0.01340789548965336 
0.04194839062260956 
-0.012061087107932 
0 
0 
0 
0.02581592573762939 
0.03828036040951066 
0 
0.007798090048650472 
0.08753423702805681 
0.2064105988732654 
0.2204674725258332 
0.002948863306053631 
0.044347814375191 
0.077084874856462 
0.4459400476866567 
0.003322107774943945 
0 
0.0001269080239307055 
-0.0003023631339914245 
0.01252271758663576 
0.004432701122786468 
0.1039419697142499 
0.01694871001161399 
0.02301131454554523 
0.03256973898419147 
0.0107831242826219 
0.5629640626939305 
0.06822510555632223 
0.006557295218050647 
0 
0 
0.00959375851048614 
0.3712772374101909 
0.5152437447467604 
0 
0 
0.007667430404588157 
0 
0.02290585180142938 
0.1283702271698203 
0 
0 
0.3353833652393309 
-0.133178588726395 
0.199969015165406 
0.03633595940703261 
0.09116017719051746 
0.01305710288268037 
0.01729069733372559 
0.297896789991446 
0.006712867195028524 
0 
-0.0220083866235519 
0.05363659976259193 
0.6794012094785478 
-0.03785164113073789 
0.04003791254891623 
0 
0.02251432377238905 
0.264391358586309 
0.02993712772386474 
0 
0 
0.009839245066827301 
0.007136740755908517 
0.1262440251563475 
0.3012031913137951 
0.0374441968429609 
0 
0.2199385107533053 
0.07645834308177882 
0 
0 
0.02097326030439247 
0.03391089960052919 
0.03276929983055538 
0.01397465694605222 
0.2413385654354936 
0.03807812651417332 
0.06983412423488421 
0.08926902119731583 
0 
-0.144431373906487 
0 
0.2041186215215142 
0.1564828331100711 
0.00705824711693705 
0.0995721615186579 
-0.05360557836047664 
0.06911199648149105 
0.04738324061923775 
0.1617280752477243 
0.02973210348829862 
0.03554905913609321 
0.01176168412222698 
0.162978215051866 
-0.1315944796744673 
0.002883038727496772 
0.1482951605494426 
-1.214216194407387 
-0.5996983684949434 
0 
0.001516645542373026 
0.06463743581628671 
0.006988344258339566 
0.1115230153208634 
0 
0.07365565379876317 
0 
0.041711781333373 
0.05252136003183579 
0.189567778716455 
0.01722828103494359 
0.03808781054652843 
-0.269752762487928 
0.04525892318849928 
-0.2411268490780923 
0.001109020882380216 
0.2152922029687026 
0.06216135646795806 
0.2018705453257632 
0.002183694343747599 
0 
0.2173500925789558 
0.004896142232651124 
0 
0.003569319666636488 
0.08610447536046609 
-0.2928448423804477 
0.006309979768640024 
0.1066035375798112 
0.005633745970769438 
0.28649903075608 
0.01529591948316947 
0.009467809019423248 
0.009184094220169225 
0 
0.2992843010050387 
0.3590228438664226 
0.02462717352005541 
-0.2717456961096712 
0.1620420406609806 
0.04903437692851011 
0.4614402737610172 
0.06017943304154391 
-0.0233684138333586 
0 
0 
-0.005777987329867023 
0.0432873286950522 
0.006771087164152235 
0.3298366859935318 
0.2046355429053629 
0.1368283300714251 
0.09992572235055419 
0.7315746535836799 
0 
0.3057714083724826 
0.334369233567801 
0 
0.1542491672115254 
0 
0.05126498187005428 
0.05268073278106201 
0 
0.04047197073931212 
0.01951391248501659 
0.282512048067924 
0.2695907845563461 
0.001197418961155503 
0.3410263085072927 
0 
0 
0.04280952188926723 
0.2859766857332651 
-0.04539188253228883 
-0.341014101181742 
-0.007425923819966656 
0.02302160073689188 
0 
0.2818245000064059 
0.05101602978254387 
0.0278634155933077 
0.2946566261329408 
-0.2236273816807023 
0.02124854581276927 
0.02029658840487897 
0.07827336241042958 
0 
0.03110805401129428 
0 
0 
0 
-0.02316294032355695 
0.07948509328122255 
0 
0.1255073281009292 
0 
0.06033484045534183 
0.2608871849111508 
0.06377952801624685 
0 
0.2448737352288859 
0.03871188217626328 
0.09864315462724826 
0.1045158563507148 
0.01396668548103991 
0.2107778617184228 
0 
-0.005786538932953314 
0.01545672512509248 
-0.03105640214349697 
0.4403765051820103 
0 
0.06732414555857164 
0.007563492129135269 
0.1038324693540315 
0.08609211802117638 
0.0156661951261143 
0.03973782783423335 
0.04140163474223547 
0.1495977975604581 
0.0070884302953631 
0.0006720510123728715 
0.1359736477508474 
0.05258735264277412 
0.0458842033816559 
-0.1327637008570768 
-0.0006120237160673865 
0.06327687130124923 
0.1471841049404896 
0 
0.1451507352604729 
0.01524548776810809 
0.08385286808816746 
0.09753026286148246 
0.08353897060863644 
0.1193813994791664 
0.0278847978738552 
0.5128487325933606 
0.04244580973121677 
0.005750699956702076 
0 
0.04897998365923031 
0.07668566268041632 
0.2872413017289182 
0.04143245669361657 
-3.019031491551782 
0.01102611121334699 
0.0324243188176111 
0.09118575564455889 
0.04924088509578757 
0.6739940559062496 
0.0008299813358994144 
0.02450235234027597 
0.07014609808959142 
0 
0 
-0.3709826039066162 
0.2852347961550362 
-0.01160046323238701 
0.01344422804092023 
0 
0.0005677372994330886 
0.02629194902826477 
0 
0.004485306900654218 
0.05276082390774603 
0.005219861839901849 
0.01314021662262039 
-0.002808411327582232 
0.629844601126495 
0.06240438221269635 
0.1102221838290574 
0.07403904221623676 
0 
0.009731964500452802 
0.007434258615446153 
0.04924789431581654 
0.0009366588982538662 
0.01320493050434233 
0.08933497928833853 
0.009994309453480314 
-0.334233437692627 
0.1791002280626458 
0.04005920156397615 
0.03899694940950443 
-1.821357465011957 
0.003722824526151633 
0.009757703947454087 
0.1008259331267484 
0.09677823517339693 
0.04613755600122467 
0.1155696568137745 
0.0006104155705501153 
0.1408141091316009 
0.000821844348454696 
0.1890847559347814 
0.009706188598905447 
0.02146713925547787 
0 
0 
0 
0.198027041874184 
0.07562828312652083 
-0.26692736717471 
0.02697640368149418 
0.00381309532438899 
0 
0.1250894693992388 
0.03030168203651461 
0 
0.1275658170554464 
-0.08237494175982771 
0.002449153898930447 
0.01408004145448487 
0 
0.0575438201538902 
-0.1333832307843078 
0.09681061976229667 
0.07303389125622044 
-0.02509734265566751 
-0.03203732760956673 
0.4840982906288789 
0 
0.01324393496168701 
0 
-0.05955528955863926 
0.05385613989545184 
0 
0.01871990026754326 
0.09315045178751258 
-1.79737901024055e-05 
0.03630055010112165 
0 
0.02345521036571485 
0.01725058012712513 
-0.04218329621845973 
0.2692977411739848 
0.08578148538560083 
0.3797889834241739 
0.1087563735424199 
0.005568936227877716 
0.06089831707432602 
0.1295056001119037 
0.05914389767443115 
-0.02370381138710148 
0.0863371661057033 
0 
0 
0.06730181375988054 
0.05381286839194515 
0 
0.5807292882486791 
0 
0.001160076095689484 
0.2403007715899093 
-1.160154392997296 
0.1969620360948553 
-0.07658495493181471 
0.02764283307357369 
0.005641720545292448 
0 
0.005859342587754496 
0.05845251952742088 
-0.1029170723751099 
0.03686093915104827 
0.05135413149095709 
0.006174783123077718 
0.5475172109119912 
0.01694110009500051 
0.01436978996539215 
0.001178806830166305 
0.1532560191858124 
0.003284738384928291 
0.01060127285637789 
0.01165560039639902 
0.107636650772103 
0.312827634448851 
0.000668444880662377 
0.045625518204725 
0.02082610914439463 
0.0002573471083767578 
0.001107712070231102 
0.4612194003011259 
0.03755820237954761 
0.3342088111863371 
0.05586124518868768 
0.07259728894639912 
-0.001923163839678552 
0 
0.1438893118970141 
0.04098013028686672 
0 
0.01301527192060994 
0.02356160166801486 
0.08364796579932109 
0.01216629528076401 
0.241462974949636 
0.004246141531286856 
0 
0.09284338581715172 
0 
0.08214737130130993 
0.07165158943567541 
0.4442907940449333 
0.09086773769633201 
0.1242421366355444 
0 
-0.7638351044601885 
0 
0.03382647066639993 
0 
0.04517173844319067 
0.07976849030261474 
0.1431014885672215 
0.07194710598347716 
0.05399268892753099 
0 
0.02904697148834873 
0.04089419510161195 
0.26726331770093 
-0.305776167191122 
0.02851515340079092 
0.1546831518024676 
0.2087393816148617 
0.0655508569802544 
0.184540025588706 
0.02896947245215768 
0.001965383657933211 
0.002758138966665344 
0.03772056811077635 
0.3008386845837987 
0.4497063380061153 
0.01465068259990551 
0.109411733685989 
0.312620375306496 
-0.07047778381316738 
0 
0.01217680796610177 
0.003240529535495396 
-0.01324273615335828 
0.06560435155074153 
0 
0.4210818029814484 
0.04506099226207262 
0.1081155620437761 
0.03093424644747611 
0.2415907142609401 
0.5151938674624778 
0.03019850217781047 
0.009994064612882677 
0.06114882763521479 
-0.03297335395381452 
0.00570864982008542 
0.1455874970716994 
0.3385090189502625 
0.01101865124537785 
0.0843625854675622 
0.06404222519339817 
-0.0200097737786742 
0 
0.1676532829015702 
0.007536451726195438 
0.0264915151772776 
0.07802403356763855 
0.08904394105314087 
0.1203095541822915 
0.01549232143266406 
0 
0.02888951345288009 
0.2072543838574871 
0.001097950967786074 
0.09802828824820346 
0.01797846481516323 
0.159004435626733 
0.03709380107283159 
0.0562010528726291 
0.02943316648800258 
0 
0.03392971896910815 
0.04558678563367104 
-0.2013098998690398 
0.001400767475404366 
0.0995260147110609 
0 
0.02174305178061169 
0.02379309778938709 
-0.07387755753148002 
0.05690041908098056 
0.02696277305595155 
0.04694072299837708 
0 
0.007990716614188849 
0 
0 
0.03924132435503036 
0.1053254748697609 
0.5340663016067545 
-0.03237131444233554 
-0.02740013775718299 
0.01097306968130404 
0 
0.2609208222645814 
0 
0.01029822591744621 
0.04603747528330437 
-0.02087088815950137 
-0.02651660058522354 
0.07234711817062316 
0 
0.1077548477256463 
0.07416495160897653 
0 
0.003459190346269021 
0.1323066761751314 
0.02591300915918259 
0.1220491746486924 
0 
0.1107445214039224 
-0.2680924573235933 
0.02948950149668438 
0.416398772543863 
0.02724704268861814 
-0.01495240125799951 
0.006515592543015849 
0 
0.5123797035390978 
0.1240280040479806 
0 
0.009625210397590711 
0.05849167009772678 
0 
0.7668703542704186 
0.03453635855716895 
0.001387598689841617 
0.2088301300758373 
-0.1038489549696983 
0.1710339064064652 
0.06406925249454845 
0.01362538876211581 
0.01179746546807692 
0.07563490862512989 
0.1198367245614833 
0.01342991507394026 
0.03263222812417173 
0.2270997062625074 
-0.04655814263692576 
0.02271457199109503 
0.05196988317680045 
0 
0.1141262764577441 
0.01505853083806834 
0.005252810536882491 
0 
0.07616391366930289 
0.01176647650476563 
0.03178101401104999 
0.002186185554582686 
0 
0.3642081336764543 
0.3225911372903436 
0.001774161334380205 
0.001341277873322038 
0.256017132094979 
0.06293535325120223 
0.1789837530801987 
0.01938300169204679 
-0.09880270030570046 
0.1397814081325676 
0.4269124174187839 
0.02736127445239352 
0 
0 
0.002639915099627847 
0.02052727961122029 
0.1037689305607311 
0.01689264855758182 
0.003993495540862826 
0.0212323569745177 
-0.1851970287498592 
0.0009746778804116959 
0.01323740525746712 
0.3493078891905777 
0.0470571497288157 
0.2948299036634396 
0 
0.1758797270477754 
0.005128090454824603 
0.1694842626898315 
0.001788291768774112 
0 
0.01179442183970801 
0.351541594052629 
0.02443844962091262 
0.004815779999462259 
0.02831660995654156 
0.2954268758587279 
0.01334613507646788 
0.01084644729260845 
0.09131812750081161 
0.009681256463590974 
4.8190969529834e-05 
0.1044300901324133 
0.2149236570421053 
0.08257059911726949 
0.002797192907324488 
0.08117355626344286 
0.04689768335876644 
0 
0 
0.04977858202200593 
0.2121706624716115 
-0.2273822617994071 
0.2377785266229779 
0.06829562514475802 
0.03179008056301821 
0 
0 
0.07678449776487152 
0.05453612058924583 
0.07074990770970478 
0.01782677078735572 
0.2693989134963861 
0 
0 
0 
0 
0 
0 
0.08181251830610999 
-0.002665888298547071 
0.07982214684797163 
0.1577414585979551 
0.1277827622883768 
0.007549879814831255 
0.007698520224371521 
0.2417203856426295 
-0.110408417088223 
0 
-0.03065153239674639 
0.01215433868877706 
-0.02508868796435293 
0.01932211476542276 
0.0244741270057555 
0.07573067203177686 
0.09930486535933072 
-0.04266151884918541 
0.006463967990621954 
0.01943588085354537 
-0.09099152745430601 
0 
0.08990188939197082 
-0.050907918323914 
0.01166273126257092 
0.3247534400220408 
0.3599344057956092 
-0.2522018099340601 
-0.003715600467025335 
0 
0.03576432904297747 
0.0006231807512739508 
0.04505324280578248 
0.2333535666573826 
0.01037926642208073 
0.0210700205791476 
0.2766893409721176 
0.03515804483372767 
0.3605708039090824 
0 
0.004780093618693605 
0.08737551510365478 
0.3107708547988645 
0.3293058571572671 
0 
0.007091840329026987 
0 
0.002490260689625755 
0.008875509102201641 
0.130316947163862 
0.003378994409100118 
0 
0.4699176522652638 
-0.007421899689930851 
0.006949809642293813 
0 
0.01693349313648353 
0 
0.02844425686866892 
0.2322041195019044 
0.09600765926069946 
0.3014096237126922 
0.01015346313018715 
0.0003674947886048448 
0 
0.005350832110859989 
0.1689715817751122 
-0.06956218134829939 
0.4601233186775533 
0.07038521876792864 
-0.008977290437052095 
0.3118760237028755 
0.001402072623077446 
0.006113047659546684 
0.05935269448511438 
0.04399660193041535 
0.1626198408337238 
0.1889715999942518 
-0.0400889349860015 
0.224781724194748 
0 
0.4565622652474241 
0.2022856527612003 
0.01776006628090288 
0.06060831123792914 
0.003092306726965841 
0.1828201587988655 
0 
0.05943725822795421 
0.5545099148220168 
0.01012050551238393 
0 
0.004547560517218042 
0 
0.01258378275845022 
-0.00038755459214969 
0.1177551866650265 
0.4575714650357612 
0.01692535326007142 
0.02724319578003827 
0.06228084318950788 
0.01391876645092422 
0.003625689564455237 
0 
0.07351612806164987 
0.06695248150849137 
0.1258227373638676 
0 
0.08873462378991499 
0.01750392763151452 
0.06905254494792261 
0.002405197269317836 
0.2882823740996575 
0.0004228959332341278 
0.2510700041284783 
0.1308421783846894 
0.2062586951742869 
0.1032314858376263 
0.2939302785924521 
0.2188483047944414 
0.00737325620450936 
0.2067840910492993 
0.01309085596451574 
0 
0.3804548861525831 
-0.03484400960013113 
-0.0300162129450203 
0.1398790091464162 
0.1389017486445969 
0.02468227664140033 
0.01602707761899509 
0.04182534587907726 
0.08932016617450639 
0.05241490825833895 
0.05293696224904829 
0 
0.01041955652086592 
0.246633544225443 
0.0008834919888943654 
0.05801524025358771 
0.2667826059803093 
0.2203609112818246 
0.3096296708686427 
0.003632503007542316 
0.1540256796420091 
0 
0.2458644564634686 
0.09054723312849948 
0.4329221460767877 
0.04781011639414872 
0 
0.01434444554896043 
0.01025186054525036 
0 
0 
0.1360683083287793 
0.05298467127692867 
0 
0.2955887567817515 
0.004769408687931341 
0.06531233524461227 
-0.01028974806854667 
0.02480308460393102 
0.003139874255257621 
0.003758011500297075 
0.01132149313741225 
0.001252914553179649 
0.01212658207171703 
0.004228592251116789 
0 
0.01897684578373037 
-0.1220940798941769 
0.01582428029283264 
-0.04438236920235385 
0 
0.1801740516785097 
0.2943679213161172 
0.04918306744249593 
0.0001606473381187309 
0 
0.01795182353273256 
0.2007313420627461 
0.0672682675908098 
0.01028462919596799 
0.01852314756432389 
0.009777892117655543 
0.2429152767589792 
-0.03418683024973046 
0.08919323125442152 
0 
-0.02313322168905591 
0.08732258889478786 
0 
0.1954031884066679 
0.5284623664089253 
0 
0.01680226322241658 
0.07464445022656846 
0.1322781259087865 
0.0426129677771417 
0.08225490839394357 
0.1951767390273625 
0.003439027969537566 
0 
0.03405435598087993 
0 
0.04571585885782364 
0 
0.02136700978625436 
0.02608585848674004 
0.05125429505280762 
0.03391626811382784 
0 
0.03091313209853815 
0 
0 
0 
0.1900779965999017 
0.02840112878704153 
0.08620718295918137 
0.01363625444876666 
0.07851829933480947 
0.003441174126727858 
0 
0.00162285689919641 
0.04037670641409414 
0.1492933184754934 
0 
0.003536034204795112 
0.2063667234729775 
0.4405805706505058 
0.01852268372322131 
0.1146119157120917 
0.2367318156905222 
0 
0.05784218647814891 
0.3008596467204524 
-0.01020391447348973 
0.1231833506826621 
0.001620166264206555 
0 
0 
0.001276879354066099 
0.02405403832387278 
0.01287831938117146 
0.3304969699101195 
-0.2180026140478371 
0.1043260822833799 
0.05269840615914244 
0.6305779382500875 
-0.03403151121376934 
0.3526209128320806 
0 
0.04715988807354972 
0.02303100378128491 
0.03466513437043019 
-0.09689295157350553 
0.04044120979844284 
-0.2135464761864569 
0 
0 
0.04180861627445846 
0.00379426101500132 
0.0006475272548810811 
0.04141936973086384 
0.1060276444924712 
-0.03088065620314884 
0 
0.08836111736447437 
-0.9902415137539252 
0 
0 
0.1623741082905118 
0.01638744916693981 
-0.0687250635386365 
0.1217395203882367 
0.06099072082380046 
0.01650373885493375 
0.03958343304717968 
0.0110919913107844 
0.08808732524785326 
0 
0.04428787092481513 
0 
0.05744861572444001 
0.2726777488887545 
0.2990094421827112 
0.4713226429140032 
0 
0.02345372335556354 
0.06730907692259988 
0.001587257719593247 
0.1793116159417907 
0.1827267676713198 
-0.07591021530045107 
0.04579856441879559 
0.1416312775506332 
0.1071751722177291 
0.3974849932081571 
0.2140782274354058 
0.1263429811985262 
0.1726041371574474 
0.02548070358183643 
0.07760724799220767 
0.3762316632593846 
-0.4632324257976751 
0.1030980969230322 
0.4197494298889758 
0.005716976951772096 
-0.2429287401918924 
0.01823498325208266 
0.003874167626108038 
0.02382829793082847 
0.01650344916563221 
0.005134548314363952 
0 
0.01441860055288422 
0.1708630626305881 
0.2808891154133952 
0.1626289475000025 
0 
0 
0.001129854204789819 
0.1535004625061011 
0.04234771649010458 
0.194684814043425 
0.00368597507531383 
0.03563856769996067 
0.02099391752930411 
0 
0.0434797838515214 
0.01445987219798372 
0.1573232932797679 
0.004867478347241995 
0.04989515511269375 
0.0862610903323015 
0.07028757283354507 
0.1200024654339148 
0.3193565941011345 
0.0125761637543696 
0 
0.03912947109468144 
0.1996925868812044 
0.01010647435651619 
0.01466579547961451 
0.05031728230619005 
0.64969056144521 
0.142471815350264 
0.1699386305350676 
0.1111217470068958 
0.6753245827486274 
0.3400833848003467 
0.02109350823371736 
0 
0.1144643100266445 
0 
-0.06223689184642596 
0.003813267346403902 
0.01302589424730237 
0.01106602444605861 
0.005293302050050169 
0.008127551077588769 
0.002433499595849354 
0.02188086604176652 
0.01048621868165012 
0.004179628911480324 
0.02188086604176652 
0 
0.0604664568245662 
0.1796735471251416 
0 
0.01567684330858254 
0.5320377695272009 
0.03068476282613594 
0.009165597397898502 
0 
0 
-0.07672440996763988 
0.06737451202361298 
0.07989470621090121 
0.0759036037200731 
0.0002985516352259656 
0.5480359653840574 
0.1449914972700031 
4.826851978784913e-05 
0 
0.02011399637483668 
0.2130989769682526 
0.0771850135016465 
0.01571695529324286 
0.02298991617348776 
-0.1036347451515475 
0.09388854551707942 
0.05751296131316123 
0.01587889973570475 
0.05051812992556011 
0.01822945577152713 
0.5542001861325622 
0.08021399855651906 
0.001698214222277005 
0.002325193959610625 
0.1503317018438046 
-0.1627994040283367 
0 
0.0001705080210368112 
0 
0.05553977074957447 
0.01355221047140809 
0 
0.04687553889576872 
0.4180818375593783 
0.04700974015494853 
0.2083123699962274 
0.2579186515246875 
0.006662552852054211 
0.02909006178605815 
0.2690863569739484 
0.1339072399141182 
0.003494562234823511 
0.01038400140862483 
-0.1204986324994727 
0.04620077435982379 
0.007789719450544671 
-0.3015457371076247 
0.006733000029504275 
0.06001959201750456 
0.5482591279208047 
0.01086401009298763 
0 
0.001904274683670796 
0.1756930859915427 
0.1917408703165279 
0.01601266950863469 
0.1831467078522039 
0.06902185707659136 
0.03448245495680589 
0 
0.0263798591667214 
0.02965203134831708 
0.0296077161068992 
0 
-0.016215550154815 
0.006169034837456185 
0.02810095064337018 
0.2000320017542187 
0.1262433647178204 
0 
0 
0.1178048469569363 
0.05015415177811021 
0.001688134931533781 
-0.1275714686473641 
-0.06151570442462344 
0 
0.1460310112085035 
0.129381596718404 
0.08445222881320029 
0.05590340884868543 
0.005586314511402933 
0 
0.08530092893853226 
0 
0.009540418050953473 
0.0291506418655672 
0.001178170019125697 
0.002719816880347994 
0 
0.05834768750697484 
0.149146727028018 
0.02357194589347187 
-0.001531654118857771 
0.004439211067729271 
-0.2542558594067558 
0 
0.035026599451007 
-0.0003394469720439126 
0.3510579083692033 
0.1137396322404081 
0.002697353150155235 
-0.04341827460234465 
0 
-0.08793260900262084 
0.0503838516586668 
0 
0.1003117637429135 
-0.006507594877358841 
0.1567225084272011 
0.0367534294431455 
0.01516416371929093 
0 
0.001034978845348891 
-0.03508269294439659 
0.5179446244999621 
0 
0 
0 
0 
0.005691082554353514 
0 
0 
0.1320239895439736 
0.04597286050553247 
0 
0 
0.01610920316570229 
0.01002351962169422 
0 
-0.001053094840576658 
0.0002421979095440612 
0.002036930658467653 
0.06239778070007158 
0 
0 
0.0001491303338446855 
0.1272886077539534 
0.3160186011957317 
0.05735868365176675 
0.04731278046114153 
0.1166666086802678 
0.006115175017808945 
0.2290133291800026 
0.03284892075788875 
0.09652160257342882 
0 
0.03351659664320859 
0.07707072995303829 
0 
0.3729975895513908 
0.002031257714393682 
0.07783368584771977 
-0.008594143651253338 
0.002396660644810829 
0 
0.03521921485139817 
0.0468557855294495 
0.002151437808366574 
0.1951775055343385 
0.2954445832806094 
0.1246979270118756 
0 
0.03080504011493032 
0.05664931036370215 
0 
0.007717274550213047 
0 
0.1518784130499147 
0.01678543820030802 
0 
0.01435693349893789 
0.01460620829811436 
0 
0.04486070838566789 
0.1769849550867673 
0.1280773152472013 
0.0678185646266458 
0 
0.04463039491705244 
0 
-0.04994400217429611 
0.4608708678788186 
0.01972416266101705 
0.01446047014275688 
0 
0.01074348067041673 
-0.06336819908415699 
0.01967271609027503 
0.003903308196116172 
0 
0.05454784244919864 
0.03268665109523616 
0 
0.00404688592181711 
0.02412187916239931 
0.2194166259227541 
0 
0 
0.190281495184019 
0.02958651566534264 
-0.003675099769338849 
0.2069598775627437 
0.04684902560257783 
0.02967916611511926 
0.01883878113958401 
0.1240571427717471 
0 
0.009049687284446233 
0 
0.07768104671292111 
0.4438257560152551 
0.009446983032002136 
0.07151120144470023 
0.02566573075430892 
0 
0 
0.09190050364279051 
0.08084497908414226 
0.505398296342071 
0.0842267549007689 
0.007980419731882906 
0.005961553080136322 
0 
0.08007626276182588 
0.01312141233826739 
0.007724088280812523 
0.01938402216747825 
0.04858352355069402 
-0.02938917741949653 
0.246516120581941 
0.06714565632122291 
0.02806963844852352 
0.03517045205165097 
0.08190458526948569 
0.07286096361880404 
0 
0 
0.1307936093036195 
-0.5403119699837621 
-0.02980099573427234 
0 
0 
0.01220788313119773 
0.1119913114713903 
0.01933360397576098 
0 
0 
0.01153622984511504 
0.03152513301138828 
0.00996880777705525 
0.008429680468636465 
0 
0.067191352677569 
0.09395634952047817 
0 
9.432292046784722e-05 
0.01537766461780266 
0.0668560865669556 
0 
0.08527320485529608 
0.1087529151269801 
0.0124457434199755 
0.01586402512726327 
0 
0.01264327198927755 
0.2486257913947141 
0.05410659856131583 
0.02133688329568087 
-0.05458373263509244 
-0.05251386912009686 
0.01652582351041471 
0.04171356428373027 
0.4065841971257609 
0 
0 
0 
0 
0.002531211587130466 
0.009493013669823353 
0.08262737166072376 
0.02487764305799714 
0.07738965746107375 
0.02274157879915633 
0.005358475111793636 
0.05009913619154071 
0.03456852056141591 
-0.4185640208053057 
-0.01019533430237011 
0 
0 
0 
-0.0553867532706951 
0.2135109171665985 
-0.2910163409825359 
0.1782468225480909 
0 
0.03592649196002191 
0.02322537405049091 
0.08555282988931509 
0.01226845887372205 
-0.1247659026565347 
0.05528835504891611 
0.3267354883264678 
0.0397599990839214 
0 
0.001335050272382418 
0.1314701158515979 
0.03854287595713191 
0 
0.00169365682376245 
0.04208651177845134 
0.003606403003529846 
0.3193966629656461 
0.0008222836405333527 
0.07618348870376294 
0.01815735923311597 
0.02723542194903202 
-0.2242918785701433 
-0.007042681194805854 
0.009806539908297487 
0.1078618321152561 
0.001166387303905464 
0.2224267446658705 
0 
0.0741396317281048 
0.001260885082645681 
0 
0.115293289190115 
0.003340362796712864 
0.00648618110978144 
0 
0.2025829067251447 
0 
0.09047173004723229 
0.0566668885640772 
0.02500866444331844 
0.1166183707234471 
0.09255745065801158 
0.03641614143611048 
0 
0.002347058565077733 
0 
0.07504418320076829 
0.01069075967482475 
0.1719658560603727 
0.007081442420713593 
0.03641361988945219 
0.06712673640185882 
0.018293421987574 
0.06098514750417511 
0.008492709724844814 
0.06122404397920173 
0.1729489218357453 
0.001271439083313494 
-0.05220141105926657 
0.02395441015113308 
0.3888991546112369 
0.008453734350877023 
0.08165827164988036 
0.2714727256600003 
0.1459709764509351 
-0.3455989455546699 
0 
0.04044442922737139 
0.05280627750837652 
0.03024652945857597 
0 
0.264070832025754 
0.05458224123214801 
0 
0.09004261454180706 
0.01402955203394603 
0.05117851955458583 
0.01672137468319289 
0.1011307087889176 
0.0413426836218374 
0.03046008190735398 
-0.0932002610729515 
0 
-0.04503569181315979 
0.003618107957768104 
0.3495163120309076 
0.008779463255348783 
0 
0.4441017410897692 
0 
0 
0.0450203502936684 
0.07921753341951414 
0.001843963868262928 
0.02845282056087874 
0.02357753007839949 
0 
0.1671290676023572 
0.05006178481450334 
0.1017993112982115 
0.02573682893111904 
0.05011985039695481 
0 
0.04744301488717257 
0.02833530162854461 
-0.03946053619654962 
0.007222713961234874 
0.0185931929449423 
0.05363669992628714 
0.02928174874786407 
0.059450898489914 
0.003951455798724333 
0.1184452601117134 
0.3041472955840639 
0.0007243507898678028 
0 
0.08077784466132598 
-0.03768290015666498 
0.08726983093111575 
0 
0.02224291324789444 
0.0006369013519796991 
-0.01221664161487528 
0.003312518168182483 
0.321439905646544 
0.09906345369037838 
0.0212056323218564 
0.06545989711137724 
0.1597071469363149 
0.138113815161078 
0.004291464348596573 
0 
0.205601791752884 
0.0406095844002564 
0 
0 
0 
0.1875839254997343 
-0.1046737323629515 
-0.1635201337697567 
0.003571609593021776 
-0.07976590633013006 
0.02575517451713943 
-0.0791460524743733 
0.08398891416236492 
0.2960181841577293 
0.0008642080053384198 
0.06702723094703054 
0.005207250592997335 
0.04346740134805708 
0.1641076199901939 
0 
0.2024131272904297 
0 
-0.004475262789879743 
0 
0 
0.0885283308344533 
0.1374430965050969 
0.03276982560034172 
0 
0 
0 
0.004619615638182455 
0.0982372416810755 
0.06253355932117841 
-0.0578936112717361 
0.069612080029954 
0.002747641432097284 
0.06559703985373681 
0.01637516756117167 
0.1995853892379248 
0.03416125655177969 
-0.5276093635384439 
0.005983844370186031 
0.0005436570577844348 
0.4722397758378506 
0.1596793977284678 
0.00187710098230448 
0.1195536921107561 
0 
0.02484593714926557 
0.1327465355117436 
0.01176803400856211 
0.0009658029629384376 
0.0001957287820428053 
0.09079069943912625 
0.223189059002456 
0.04888529745564028 
0.117973236218458 
0 
0.5502839894737257 
0.1714705267558312 
0 
0.03090186836238483 
0 
0.2153446012593511 
0.5599056927244925 
0.01495331932348127 
0.003439582250556025 
0.09027176706049284 
-0.04441951680884432 
-0.003966001265231373 
0 
0 
0.3736265189092813 
0.008502626670430792 
0.03516905115930469 
-0.009076275552715448 
0.3890999911023872 
0.05712492199625376 
0 
0 
0.08904183035859073 
0.01954114605229436 
0.0004946663265462035 
0.001915742162175477 
0 
-0.01026889864174353 
0.1266488656932042 
0.001610717992133346 
0 
-0.03764294822172386 
0.05051414447593397 
0.1186224746383643 
0 
0 
0.01875016272122806 
0.03397635958740195 
0.03729888141266903 
0 
0.247806232779309 
3.181248026519947e-05 
0.3227130445519944 
4.920425004116769e-05 
0.02955302134582554 
0 
0.007059263982597001 
0.004801474864336546 
0.06438036274150724 
0.07113368460959901 
0.07484954641060328 
0 
0.01689897936375479 
0.01435866898569506 
0.003136286706474966 
0 
0.07527387237904412 
0.1590847387827226 
0 
-0.00889338618354665 
0.01276007924656768 
0.1510392596494151 
0.342706180225675 
0 
0 
0 
0.0007774675405266305 
0.01904237636252743 
0.02612336133826904 
0.3008655625755224 
0 
0.02921671982810437 
0.006260754785258188 
0.05971709290861295 
0.01679852808710679 
0.03513336989754916 
0.007644875341504407 
0.01629712687928291 
0 
-0.06884148364766711 
0.001249375174734369 
0.04245204502793416 
0.2044632008868149 
0.03211943396872955 
0.0007547186127598367 
0 
0.1618167570889121 
-0.04073144917967619 
0.299778093970076 
0 
0 
0.04501166630405648 
0.008061323034305852 
-0.001910127927293277 
-0.00335152565745836 
0.04420807171480683 
0.07336893491246745 
0.03299597123967597 
0.02388745089683799 
-0.02421399763461467 
0.02402377327168384 
-0.03950967013978948 
-0.000500396965293276 
0.09142216995860386 
0.06284598221347512 
0.1810441108918871 
0 
0.05694112764071654 
0 
0.0136883668768148 
0.03577974478659924 
0.02880877609817657 
0.007182897690524857 
0.06720031290548502 
0.1374457625949372 
0 
0.1047191757479206 
0.05022547508088042 
0.04134601606203583 
0 
0.009345774012570003 
0 
0.01475197604175482 
0.3828009345715068 
0 
0 
0.1840588880318 
0.0106491086174457 
0.2656562398216954 
-0.06966600083074453 
0.01793045044284893 
0 
0.04402845409557376 
0.09659427601774315 
0 
0 
-0.02083525259261063 
0.07617650575497401 
0.01293901193167203 
0 
0 
0.01102088966072482 
0.09608870943677748 
0 
-0.004501527194480148 
0.01180289824526356 
0 
0.07432128392467552 
0.2590699293601366 
0.0460534691532152 
0.2444792010186962 
0.1646122239481334 
0 
0.1846040908852359 
0.04899025630355824 
0.007009989485578829 
0.002307357600399354 
0 
0.01623293886257191 
0.03379708882306302 
-0.140799843683902 
0 
0.1810816510415736 
-0.02649402037699031 
0.139170743794416 
0.01533269746921418 
0.1948029790659832 
-0.07785792450822765 
0.003355447897391885 
-0.01290829694655911 
0.07718149480398583 
0.03524084702138761 
0.05181101053599389 
0 
0.2209838803900904 
0.2365212302363553 
0 
0 
0.1067146586258598 
0.00229306009077794 
-0.2129930941208512 
-0.008163149707636062 
0.04496583731808339 
0.03296944214520936 
0.05096056833443102 
0 
0.2815844639148984 
0.5971415206343973 
0 
0 
0.03214780964046749 
0.02199905837805103 
0.04693954941303111 
0 
-0.02447671363113291 
0 
0 
0.1002818727867754 
0 
0 
-0.00389339026737731 
0.1058181463920881 
0 
0.5340486029341145 
0.1405716939152906 
0.08061812498913745 
0.004869759706031968 
0.007403268125483045 
0.07154783978501685 
0 
0 
0.026307836716535 
0.007165655140908162 
0.181204613793866 
0 
0.3633452058442364 
0.3095204710212031 
0 
0.2257903529648534 
0.006728458697923352 
0.1741398185679832 
0.1154943600162906 
0 
0.02086721956646681 
0 
0.03859718771793912 
0.04423064464130301 
0.1381580857804847 
0.2529325445213348 
0.07032194190970133 
0.4663170519533636 
0.03184480902567509 
0.03681996455457663 
0 
0.2823961633612256 
0.001316058660003223 
0.02803608181855935 
0.08505796348074769 
0.1278334845221199 
0 
0.1476362249509915 
-0.01749021441344569 
0.004196319352261392 
0 
0.001558090837538095 
0.2303314878231283 
0 
0 
0 
0.3196286172175368 
0.4314416313527834 
0.4006897906568573 
0.0003540203183427979 
0.2668196681045065 
0 
-0.1299800643917683 
0.003004856034640576 
0.01272171526129012 
0 
0.1180700942968768 
0.09384008891921929 
0.07631594079026845 
0.008122242192997446 
0.10615800293963 
0.03985117932681038 
0.004066518659710024 
0 
0 
-0.006077338398853953 
0.1128422748879372 
0.0002962703615867754 
0.01203716480849651 
0.09876337796122477 
0.0160913263671422 
-0.02531241794910212 
0 
0.007422689064947771 
0.05914088185929906 
0 
0.01198767161744095 
0.1677102953857292 
0.008744416356943683 
0 
-0.02016551816743473 
0.1487887894588551 
-0.0384241996698229 
0.02089660934656841 
0.002759047016228663 
0 
0.2685406345148934 
0.02852734707966105 
0.09489192492105872 
0.04384284240312836 
0.06220577131254013 
0.1325044293105549 
0 
0 
-0.004223967490715821 
-0.2066000092769454 
0.08349759843003896 
0.1545959338819434 
0.06667512240425623 
-0.287738551349702 
0 
0.1745444186071154 
-0.01443173040863483 
-0.3282281051754564 
0.04914632518951735 
0 
0 
0.00209263100269498 
0 
0.09933260507078574 
0.0294506654924686 
0.007054492940226451 
0.05180232474291196 
-0.1224076910546446 
0.01685113539351629 
0.1276140786337342 
0.1938074870645656 
0.2537507749156315 
0.002408222374951795 
0.1182839006928742 
0.07501162147756936 
0 
0 
0.06588227783275039 
0 
0.02060993071145069 
0.03435422245758628 
0.002400879761808316 
0.005962867362096803 
0.002528358244318431 
0.0810889661842258 
0.01713444910368324 
0.04291662566472315 
0.1012007596782462 
0.05958484398780487 
0.02347731280088895 
0.04768708923580778 
0.1521866516715459 
0 
0.0381343735335237 
0.02963945561129267 
0 
5.329187252142831e-05 
0.03113044113085556 
0.01806834212776321 
0.04523405634931741 
0.007813864644670479 
-0.01111325328873779 
0.02749449677839101 
0 
-0.00211796910391225 
-0.01130496770832691 
0.03930308856511117 
0.0526460560262706 
0 
0.05520710616639075 
0.1286222602005391 
0.0009460442635118208 
0.242108872154412 
0 
0 
0.3654083246552127 
0.2064686632520472 
