solver_type L2R_L2LOSS_SVC_DUAL
nr_class 2
label 1 -1
nr_feature 5000
bias -1
w
-0.3948737421871731 
-0.6568149431763084 
-0.5015800501408871 
-0.8679285159935202 
-0.1239597664089374 
-0.8231739656796784 
-0.3281255908166047 
0 
-0.08838653979948614 
-0.8108364693044873 
-0.107628333282136 
0.1560015198619282 
-0.2034548144343461 
-0.1480818839068289 
-0.09657382334055394 
-0.7836048402729311 
-0.3181203475093742 
-0.3771150731451053 
0.0227078704850053 
-1.484289170050405 
0.5855874905912926 
-0.5922041698039396 
-0.7808301108177352 
0.3914910911141695 
-0.4100026996248377 
-0.2964960561437274 
-0.8909517663498894 
-0.2087282887293775 
0.08339417435984472 
-0.4579674935082719 
0.005909392357702211 
-0.1623959406399657 
1.518881254575305 
-0.7846119573591639 
0.6364444634153131 
-0.1301280480022344 
0.5867131469158361 
0.3639576845650945 
0.3183037990495896 
-0.1401696844933701 
0 
-0.2352906164043293 
-0.5447583296703141 
-0.2556728817934162 
-0.6802705791324091 
-0.2560587909924453 
0.1107408275835737 
-0.2636571748458897 
-0.1115341195487011 
1.245677333791912 
-0.3380925171994397 
0.1753414862447507 
-0.05463774204107101 
-0.07218678346919488 
0.7175770345615683 
-0.6966144001357022 
0.3286075957201148 
-0.768786568351816 
-0.2301310501419904 
-1.337725268304324 
-0.1926525754508456 
0.1674254769730488 
-0.05211707910653797 
-0.04680118916752932 
-0.2506816423558054 
-0.2829211802913377 
-0.09220778279090798 
0.372767178127865 
0.4297146421487689 
-0.3785587569479777 
0.09223304326705604 
0.1860176323870603 
-0.3798311316968436 
0.2438205225625597 
-0.3085412766462675 
-0.2766147561336146 
0.01552940778862061 
-0.3653891101114565 
0.2354179678610303 
-0.007453194472330893 
-0.3111904296626528 
-0.08152901630005381 
-0.05763473072220322 
0.04241252727107664 
-0.3897540639884694 
-0.4508446129092096 
-0.2209361285002846 
-0.8009902817421825 
0.5355560305670958 
-0.2763108887111804 
-0.04502244958394681 
-1.051873161173625 
0.09347581724963573 
0.1600196247230846 
-0.1484543546737485 
0.04186080769782856 
0.1879956409912808 
0.1333708570347231 
0.4075771671060751 
0.09501560574560132 
-0.00923989286565326 
-0.2729490595406989 
-0.1219273547094371 
0.009880312035446571 
-0.1743789696694028 
-0.446255687707015 
-0.04021430265516494 
-0.02599798920652974 
-0.03172083252552831 
-0.08284783178600982 
-0.1003915858006118 
0.003167233402270426 
-0.05633742870012171 
-0.04706600448672128 
-0.1769072098705919 
-0.2496365658062304 
-0.1251976162730147 
-0.0557113488861526 
0.4468989841537292 
0.4218337957611707 
0.1027438680306037 
0.6970119486168046 
0.02062536528088419 
-0.07443781575374775 
-0.01566372622596757 
0.5843459716887442 
-0.004283483132670745 
-0.07336236187613067 
-0.1986589962203016 
-0.02064251303117595 
-0.1133918701115981 
0.01020099101728963 
0.02141510684005437 
0.182105824168788 
-1.166714622446076 
0.4486334421518215 
0.1699995985691024 
0.6488299342008914 
-0.02367086083555613 
-0.2259495469954033 
-0.06089709888235741 
0.02261139785850307 
-0.06155417016006041 
0.1120051990346468 
-0.6173183432336212 
0.2295790962236183 
-0.1902781489144804 
-0.01986197330481639 
0.08059801562571001 
-0.03660507650238925 
-0.1222834952051072 
-0.0459997419125339 
-0.5072454949135742 
0.3346135187834793 
-0.0496248623613692 
-0.173364325273312 
-0.005508306876301519 
0.4522818511149446 
-0.01324359775655768 
0 
-0.08745184076041546 
0.5909224021046817 
-0.359114517391294 
0.1148284175333168 
0.05957701186968888 
0.3124113417314178 
0.1044262108038616 
0 
0.1894230312075446 
-0.255502118327415 
-0.1359839953390039 
-0.1417339923019052 
0.4345082256879776 
0.5071072357844312 
0.3372389915946505 
0.02343968833336402 
0.3428530919012409 
0.1658649185400525 
0.5366767264622504 
-0.2454591730131896 
-0.03366710718059063 
0.2299553670775106 
-0.05383860681480634 
-0.03929067477851553 
0.2936312249921269 
-0.1425600081977987 
-0.1330965490533038 
0.01330153480101845 
-0.01274595135553206 
0.02291312615116311 
-0.5100960298549985 
1.797988276392223 
-0.1357375330341277 
-0.02313741823646262 
-0.1089217790531028 
-0.3399868596129156 
-0.3928327166112817 
0.505271202716437 
-1.141354801773742 
0.03067142897972663 
-0.01388044721574739 
-0.1777443827583925 
0.01347935027008102 
0.01763442653272019 
-0.03068364003286086 
0.06963933490987981 
-0.05096893447685295 
0.1021123309965692 
-0.02158206595508403 
-1.194185557353172 
0.3156966019071336 
0.08364917391707802 
-0.07113561190446457 
-0.02497359303751982 
-0.387606449312017 
-0.004080424558888737 
0.9269103501168701 
-0.008375016729829201 
-0.2455334848883913 
-0.5502848656821424 
-0.04716329322238139 
0.1103543771491531 
-0.5760984152996114 
0.03701211294420207 
0 
-0.9214800310094412 
0.5057705730006605 
0.1391876004324374 
-0.07374404996484941 
-0.2483077227027546 
0.01407108305844156 
-0.1951604132281757 
0.4214710328384142 
0.4721298716932419 
0.04527305879609957 
-0.1565776984425662 
-0.144856146246966 
0.5240383666084588 
-0.1525779792213899 
-0.07697863370227226 
-0.06660632400279219 
0.00659583767055827 
0.1873452153888128 
-0.4806423724813406 
0.01395262004889739 
-0.3817144764035315 
0.03028961491733692 
0.09762054273128321 
-0.8475940272217055 
0.2715607518332714 
1.212860654079905 
-0.3206751446297891 
0.01113733202328364 
0.4484186869253992 
-0.07674054027691428 
0.01995265586504077 
-0.09198700892190317 
0.1478271870413636 
-0.6039568011847226 
-0.18530643685457 
-0.04645023316513158 
0.01086682495475708 
-0.01423760304253703 
-0.2871856471915969 
-0.3856490870419481 
0.3449273285294312 
0.01019762872479942 
0.3313665713854347 
-0.282066250261001 
-0.004829257746743875 
0.06256684331963852 
-0.01502029201600111 
0.1366169351287096 
0 
0.01823543239007535 
-0.01867863278475318 
-0.07392381130804379 
-0.2956161051447698 
-0.04629564582075431 
-0.1945358565639499 
-0.2043009695563952 
-0.004814131431755932 
-0.01576556833093809 
-1.029970004375807 
-0.1783833382515082 
0.2974718405658651 
-0.09590520670287372 
0.05397349588016189 
-0.001846823352762275 
-0.1065923172608478 
0.1733519049671074 
-0.753374467086326 
0 
-0.4480228132588183 
9.716090129195665e-06 
-0.1991238989617501 
-0.09344762164694095 
0 
0.03540757344952832 
-0.1636841773634774 
0.00233662267762116 
-0.2038566724046294 
0.002177607854214253 
0.3346269849516061 
0 
0.1631151886476536 
0 
-0.02619746916525079 
-0.094788094526775 
-0.239682788765409 
0 
-0.257463821282504 
0.09939189422208673 
-0.2682158962056971 
0.09317554248921224 
0.08037130005343848 
-0.0800269366799375 
-0.7780511117775809 
-0.4223113641543582 
-0.08628344141842928 
0.03213474064211497 
-0.01111612971562413 
0.4292213425626589 
0.4237541952029384 
-0.03781391678181579 
0.3793011606988876 
0.3531623345933397 
1.429589985373497 
-0.02320018434095956 
0.3286731774105503 
-0.1857749041978998 
0.2296608719467392 
0.4123905190083881 
0.1322059105160958 
0.1671244392666534 
0.07004740895744098 
0.275688337097199 
0.06801235673862463 
0.05030524965067033 
-1.570028063453385 
0 
-0.1074183221017891 
-0.1623325957266684 
-0.8287309492913972 
-0.2139258079088256 
0.03706552854979404 
-0.003223119883693791 
0.3476795812120546 
-0.02034345862905199 
-0.5539530622363511 
-0.19321310858428 
0.0178938335356175 
-0.1074708714078591 
-0.05019885734332007 
0.2831559119725949 
0.04166032170319399 
0.193904311841655 
-0.5562472869954358 
-0.058130527616484 
-0.2349102184290988 
-0.02451535919612928 
0.2295149800973854 
-0.1833795146266201 
0.4593899533680617 
0.005142389230807014 
-0.3156995714122684 
-0.01451245835710839 
-0.22589410249442 
-0.001926817748115966 
-0.02071882616413185 
-0.3850353273968024 
0.2178610385296774 
-0.06953118112793896 
-0.1489123290633636 
-0.3034996123498792 
0.03987865515903617 
0.5608453215386962 
0.3509645854387166 
0.3357713437063241 
0.1372796892283606 
-0.2137854109388069 
0.142191907366269 
0.0559147297245703 
0.03344251211962423 
0.1100251309951581 
-0.2258927533257751 
0.2468496498608369 
-0.2348076701055324 
-0.7006304486574422 
0.1428771606361521 
0.1598688461933587 
0 
0.2419068158598003 
-0.2616121120318762 
0.9759073898676844 
0.5012221172048178 
0.04981593069551511 
0.01061771943191727 
-0.3413971354025089 
0.04388813680350839 
0.5782864285751925 
1.507532010354549 
-0.1052146400356214 
-0.3148424414374585 
0.1288780717101184 
-0.5427397459651848 
0.04061563704711837 
-0.4022302116311151 
-0.6803883574833866 
-0.05342350209180688 
0.2253570210605372 
0.3092991292413171 
0.3999447419031205 
0.04147510014994683 
-0.8314096620505459 
0.4314264830325074 
-0.1781719988759797 
-0.02948705711116608 
-0.2972924482198632 
0.3554674028855739 
-0.02648365380428281 
0.0173772840792351 
0.006317690067054731 
1.252899020441619 
-0.159104464074779 
-0.3293255497976209 
-0.2929345695797653 
-0.08212100570044455 
0.9125491045810887 
0.164039486215223 
-0.08786829948716407 
0.083595897632376 
0.6070409276155954 
-0.3950417982746314 
0.05716461346900293 
0.0481524838027633 
0.7403713224749537 
-0.06064878225075201 
-0.1386602457395159 
-4.45052583940102 
-0.2875368530918561 
0.2220083823850814 
0.4707608620051331 
0.1083015792767408 
0.3438476167656738 
0.2879861880752661 
0.1143036427874721 
-0.05329102601790422 
1.506221725133574 
0.498712744179577 
0.2827454623782646 
0.04344601019606006 
-0.0004453882919135008 
-0.2561436922885116 
-2.069991721926619 
-0.09762554307352675 
0.08444914646620431 
-0.05218217877921996 
-0.1753534830082837 
0.1821988110345618 
0.02211875817899664 
-0.2749392571423124 
-0.05305071904032145 
0.4511180228523162 
0.4825955996306397 
-0.01286514988048956 
0 
0.04139721072990733 
-0.0349796933272444 
-0.08932919461289636 
0.001595625091557654 
0 
0 
-0.247182056031823 
-1.21515262029398 
0.04247866924369954 
0.1395375015894439 
0.6534570769572556 
0.1988915405540911 
-0.2281312622676747 
0.2484120703663059 
2.002145014513149 
0.2934361678908571 
-0.1946319864393892 
-0.4677005587962621 
0.8152325600700875 
0.08606499506271849 
-0.07256608981318526 
-0.1888702833006161 
0.6934683168296942 
1.137587633420921 
0.2284923443871382 
-0.1394115912392032 
0.07812947812668986 
-0.0156228315523828 
0.0868647916373093 
1.534448892636854 
-0.07984365607730462 
0.03723853405327759 
0.2482066916491406 
0.122205318294015 
0.2236471251234293 
-0.4672366951050735 
0.05975297320696508 
-0.1685930513244427 
0.03489900170916387 
-0.2191901311321749 
0.4626773207195495 
-0.2629550831281344 
0.03300118059118429 
0.08471497502294929 
-0.008535602232194656 
0 
-0.7320702103973437 
0.2797039959180666 
0.4915054370627409 
-0.002931458439194746 
-0.9174207607398365 
0.4494281153234697 
0.4177630116680088 
0.00358817865823209 
-0.01499699665444703 
0 
0.03299771811114129 
-0.1882845262513014 
-0.02400053014061971 
0.08389935129928486 
0.1164183859903839 
-0.140117700379442 
0.1280102842891325 
0 
-0.0258481127714507 
0.01594054329238752 
-0.1870546111119868 
-0.1255976097944169 
-0.1211756898676968 
-0.07659010381536725 
0.8620585250911034 
0.03823338853876654 
-0.2494815520024005 
0.09157848879335145 
0.6491056680335396 
-0.03622344134804682 
-0.03472404651255551 
0.1831271409361271 
-0.007332033317455916 
-0.05952291519890578 
0.07283660189827847 
0.4806505465369362 
-0.2112127433495719 
0.005230819803737494 
0.3864045924150107 
0.6490758014304175 
-0.01126577170982757 
-0.6138994673314871 
-0.06717844823004007 
0.4386750189892597 
2.632982776093725 
0.02926351138594285 
0.9320549504947335 
0.006905569609356321 
0.2049703197470238 
-0.1057405849599699 
-0.00300241225483866 
-1.752149763490012 
-0.1541619754742407 
0.03016792378521968 
-0.226705879635456 
0.04254547877937712 
0.02843143608662668 
0 
0 
0.5862330673484104 
0 
0 
0 
-0.3605588338482741 
-0.03996132453183175 
0.4407495205117995 
-0.00728555276813097 
-0.1679690774293227 
-0.1690312917713303 
-0.01745257408805999 
-0.07296418425252536 
0.05758020864549835 
1.845314510230271 
-0.1119691059026182 
0.3522884449157628 
-0.02135537154561421 
-0.08523860226074198 
0 
0.02222482930278477 
0 
-0.6900833761985607 
0.5896658731354854 
0.1337734278676176 
-0.4408091661006291 
-0.2576074212397983 
0.3193603916704186 
-0.03118879410477244 
0 
0.0681723174741164 
0.5644904446769921 
-0.01565633667075558 
0.09740494233430613 
0.1138177996568846 
0.03513013795981042 
0 
-0.07610566828235582 
0.4169658746873118 
0.2360214553590494 
-0.2473392311453818 
0.02618562545801126 
0.1886457048432188 
0.4218758205124578 
-0.7927090786509985 
-0.04967539384707152 
0.08436612404170936 
-0.2849887649660577 
0.06203230976193232 
0.1701153731768378 
0.02401147956744523 
-0.07978671259804239 
-0.1812109142525286 
-0.01677762264710616 
-0.03527081202409978 
0.1142795116954162 
-0.2193664061506785 
-0.6114622760618666 
-0.07612554665051603 
-0.2405803992532024 
-0.1883306673089229 
0.5580295620414897 
3.686257174053065e-05 
0.3080835906898874 
-0.04304676778774556 
0.06274903823600611 
0.2966835719130023 
0.4973495107536249 
-0.08156909066406119 
0.6786783903704546 
0.2710089100683734 
0.001610170668620117 
0.2637507386496449 
-0.05014522649059777 
0.3396007790913332 
0.009402972752487448 
0.02599016499695053 
1.360893147747039 
0 
0 
0.6019394061787364 
0 
0.1759988886349677 
0.3327289588498609 
-0.2166181961084901 
0 
-0.04239964666811572 
0.01152392259648164 
0.2493624304097722 
-0.1335686841893705 
0.2163148271194315 
0.04605214392540803 
0.02595456300334996 
-0.1395796934295389 
0 
-0.4172183628492934 
0 
0.2075082536494326 
-0.01428073151075335 
0 
0.02955919433931056 
0.356003548378005 
0.1226496140166591 
0.2980238938108108 
0.190325329778619 
0.0007213113419560747 
0.001242498955992398 
-0.108577701285068 
-1.053389847354168 
0.06036967158499612 
0.1948001425849816 
0.01771345192503945 
0.4241676927319136 
0.01901986816911196 
0.2319708613957183 
0.0239010438517418 
0 
0.1330051054955494 
0.02828115545201142 
0.06654162486022278 
-0.01142141842022296 
0.2548000242293639 
0.4416207261268127 
-1.834661164849919 
-0.08703388078289136 
0.1630499981680955 
0.1757391467556551 
0 
0.004558729516366755 
0.09787697091288539 
0 
-0.2158210942373263 
0.1399182270608388 
0 
0.0140271790080202 
-0.177030767566126 
0.008592727099298427 
0 
-0.1512038247704403 
0.2121573764390184 
-0.06679336778438733 
-0.6642682580658882 
0.4386501300856508 
0.2150990868883848 
0.08373309021366385 
0.08999716730439961 
0.5596929223156167 
0.05647558196680712 
-0.07970288318321495 
-0.09631038519062846 
-0.2334789240127985 
0.7017936695853276 
0 
0 
-0.01877254630317519 
-0.459813815580035 
0.8018922425251405 
0.03566389079104017 
0.08702396241997595 
0.2223353567189576 
-0.05366318090384588 
0.1899453861995115 
0.01910104702434011 
-0.03112012657499881 
-0.02329796825135068 
0.09827369303414918 
0.05034096047661645 
0.02721646734594548 
-0.8864855573667128 
-0.1949097403754072 
0.02240852051820962 
0.01329741863056535 
0.3626911135283386 
-0.01627546010686343 
-0.3838471901066866 
0.0361337697752283 
0.03439245086734781 
-0.09764609658756625 
0.5668378605340607 
0.2923799529881026 
-0.01681209881435733 
0.2188784854901151 
1.191025215008172 
0.1862868663589674 
0.07147009007063512 
0.1282091538836852 
0.1599925899789478 
-0.09329029797362876 
0.03860042386736759 
0.551166838535554 
1.029191032923895 
0.3901804817102422 
0.4152762041248465 
-0.03948821607885501 
-0.3017614040493574 
0.08587800062740733 
-0.08568085425406184 
0 
0.7142856532749671 
0 
0.1898156249506001 
-0.4653515785350559 
-0.05895929201327454 
-0.3215677688244746 
-0.0194204439485096 
-0.1761325199148534 
0.02069130323909052 
-0.79329856861047 
0.09847670809066199 
-0.1373716015032119 
0.2970967920680918 
0.5968148785721444 
0.08692136532660455 
-0.07257934201588394 
1.037580713915263 
0.441024892563576 
0.004660645052187351 
0 
0.1537667676188517 
0 
-0.0759016958211763 
-0.001817194215938001 
-0.290731403024069 
0.02761216834683763 
1.87610142790196 
0 
0.1807287307561812 
0.02118163439374378 
-0.155370322124065 
0.09823929103178669 
0.1391376571468683 
0 
0 
-0.05460149379129161 
0 
0.009551464332820909 
-0.01356001159077328 
0.03643132446924997 
0.0257992890027897 
-0.001613913772141676 
-0.1541420589658886 
0.2217109082608005 
-0.007964485610725327 
0 
0 
0.004243670679864763 
-0.3127698336079265 
-0.0009634363701414967 
-0.0003105952575903001 
0 
-0.2042367651451241 
-0.002800262301724711 
-0.02617309681485707 
-0.02386312714705165 
-0.1880144599356618 
-0.01923266559195287 
-0.9965636811361762 
0.05871613799027166 
-0.05331196027906211 
-0.1318534519942652 
-0.3624101499775176 
0.01404833959293549 
-0.1981169544436718 
-0.1661471835284279 
-0.02841615221932791 
0 
-0.5726531467504979 
1.01250577541481 
0.136685414134161 
-0.06320051639364052 
-0.0357417395852104 
0.07710718131372474 
-0.1045314312740779 
-0.01953952677789174 
0.08168239444458918 
-0.01440411921722965 
-0.01327135644187944 
1.038389997432069 
-0.2533631886374363 
0.06011827581120763 
0 
0.008285694513576228 
-0.3655163867086297 
0.003176832014786489 
0.318477801673667 
0.0331367319407905 
0.5739264422343373 
0.02183639792939233 
-0.06813255504459589 
0.1488187712276556 
0.1639037917427161 
0.216129079042459 
2.511976986110473 
0.6607609048439217 
0.03282675397784483 
-0.00915795490204553 
-0.07299880766556202 
-0.6270390155630086 
0 
0 
0 
-1.518892337760297 
0.2746762504113492 
0 
0.1043839598362919 
0.81298081612422 
-0.09659189930351345 
-0.5342984243135979 
-0.02235340316820087 
0 
0.3512812339450615 
0.361649664532789 
1.525350752106878 
-0.5013732821468836 
0.2128827525423045 
0.7725661759172935 
0.04309056506025339 
-0.2445155265815379 
-0.02597893271313231 
-0.08745636823881037 
-0.002007248593402487 
-0.1102719092654287 
0.03467522610836067 
-0.4100671333005366 
0.4716473948450497 
-0.04514358384840408 
0.03485298329849845 
0.5023212062599226 
0 
0.01023211937896754 
0.2639146205236153 
0.06361874839552978 
-0.4710881690873484 
-0.1941944177985972 
0.03565844216199902 
-0.2042360095799607 
0.3473220077480325 
-0.1634429887347142 
0.006715863499452094 
-0.2650488897700647 
0.01622247625358188 
0 
0 
1.174523611078229 
-0.04984282686760986 
0.3919155154066672 
-0.01568144132535499 
0.5927007966578436 
0.01209229317969684 
0.2427477102600464 
-0.009152726530559357 
-0.06895495776185284 
-0.004114155616868641 
0.1558543964165524 
-0.3476685634452327 
0.1350276031499898 
-0.0247237080886563 
-2.414859595200369 
-0.08843513961667991 
-0.1155447789145094 
0 
0.8336013874203343 
0.1850399478374846 
-0.05887981964796184 
-0.05179698050266052 
-0.2710743125227182 
-0.9552789744494761 
0.03619242619155927 
0.02367661826645328 
0.2971650998071184 
0.01888058652544809 
-0.0880986835671176 
-0.01411518998821071 
-0.07071863684817364 
-0.2479468081257299 
-0.04437720143050723 
-0.7360464849158594 
0.1889627098459032 
0.08572534532874812 
0.4408608783965813 
0.3633157139637124 
0 
0.2930488363915598 
0.0163030948924681 
-0.09313273988708534 
-0.01088096214273925 
0.3825807569028124 
0 
-0.6242279786827499 
0.06292651597278583 
-0.06367904339443926 
0.3639781847570811 
0.01889656192522545 
-0.02792496144371715 
0.1264224683956162 
0 
0.03354765188941161 
-0.193836117851483 
-0.1217155121937203 
-0.4146979098998948 
0.02608585406806937 
-0.004138625232246423 
0.3739629790258895 
-0.2350921813651793 
0.2756267058363765 
0.4440927187363587 
0 
0.2965767979555943 
0.08401631784508078 
-0.04265430108228613 
-0.03656693319799324 
0.2636872548385183 
-0.09676302025296984 
-0.03760709705538787 
-0.2886586455079038 
0.01241008001915754 
0.005086247709582773 
0.03345656349209011 
0.03457471616891197 
0.1046143570030084 
0.0978027966358833 
0.09000887375397973 
0.03249815020945163 
0 
0.4096142634497724 
-0.02293033891841662 
0.8680732955383738 
0.006632713594072109 
0.2581643943985827 
-0.004958848705487223 
0.5955489678770415 
0.1858491937899327 
0.7806989589516432 
0.01279454042179772 
-0.03167007405386155 
0 
0.2471851160567336 
0.1384227562114614 
0.2168083023460529 
0.01765947496232272 
0.09736424016828005 
0.5064721708930923 
0.01226806225848474 
-0.009008778628310727 
-0.06923981368283511 
-0.009223798453175487 
0.513812638142747 
0 
0.1816562468498931 
-0.06040812105142813 
-0.006256389605470342 
0.08202519215304879 
-0.3752314300420052 
0.2980853545840798 
-0.08175998084731238 
0.08067542498158674 
-0.2762071169894854 
0.03441630403006789 
0 
-0.06994700992813246 
-0.007581234587759488 
0.0233967641437941 
0 
0.1548541765287125 
0 
0.2684896368550234 
0.496632332195715 
0 
-0.001610734525322178 
0.03490041285216215 
0.01355335547772176 
1.971645942137196 
0.2782283989226266 
-0.1139357381077723 
-2.004134111985811 
0.1015825054037758 
-0.05988176501514086 
0.2672905635973863 
-0.27117468975116 
-0.01034720255397682 
-0.02311684441405925 
-0.6692611833489716 
-0.3286663459133206 
0.1385390854322293 
-0.1062533093238274 
0.6448383962778986 
0.8475275827611111 
1.176956348030798 
0.1828475889209962 
-0.01443051611204451 
0.5276657892045422 
0.5697175314706088 
0.002799005032314145 
0.04843413155058696 
-0.3130034850993313 
0.2157004356742998 
0 
0.06664412015409069 
0.435143298404008 
-0.06920877257841757 
-0.004565181967050913 
0.1251377903505025 
0.118065176406835 
-0.1571306561394383 
0.08589507332898094 
0.3301674535765329 
1.211319283918267 
-0.5631452093915629 
-0.8153875415769763 
-0.07678291083705205 
0.5424749832430953 
1.107992442340722 
0.3618787189096611 
0.5074546454158758 
0.001427499948935638 
-0.06783263423217767 
0.03147664208512819 
0 
0.2996632600517615 
-0.525910527908466 
0 
0.2658172695743574 
0.07437253232196123 
0.3387263559577652 
0.1699736522496223 
0.6035996037004867 
-0.008992032190675424 
0.01815063724309043 
0.06947809732216428 
-0.03367537398330248 
-0.02252050289675956 
0.0825924971751523 
-0.3395851029558512 
0 
0.2329581846987704 
-0.09287505233882708 
-0.04704688720381479 
-0.0168535060886431 
-0.04900083699591886 
0.7626033653065523 
-0.2312172782672616 
0.1404848760462567 
-0.0006631877344990891 
0.0319899636738263 
0.1637596643043663 
0 
-0.04709976024596645 
0.1946310973680668 
-0.008582941214985484 
-0.05084831625238348 
-0.3019573610387598 
0.2442017694600009 
0.6253839371328441 
0 
0.05005692927466569 
0.2387371552126593 
-0.1040475478387683 
-0.01131390295843688 
0.01997749214684119 
-0.1395086264186006 
0.1328614719169774 
0.1951037810842263 
-0.05640733856976185 
-0.01213368766049098 
0 
0.08651129386401256 
0.5629258253608985 
0.0217444988432364 
-0.03677359923053264 
0.07492631308249606 
0.1120982090373578 
0.2286334373227046 
-0.1713516687897629 
0.01831157064705277 
-1.067508256474581 
-0.0234097628405984 
0.1443650360378507 
0.3414842945776141 
0 
0.3295035342975873 
-1.498608610581622 
0.03369751983625343 
-2.809980909451384 
0.6717915558499405 
-0.1670364665338774 
-0.1969256911876804 
0 
0.4141553020503187 
0 
0.09134235610945006 
0.1687232260601161 
0.209797954820002 
0.6121081408925262 
-0.2035387412949559 
-0.04483248192052979 
0 
0.3350787666989899 
0 
-0.03427428700668483 
-0.04642055453656274 
-0.09451532309268049 
0.01468707843948776 
0.03539557938558538 
-0.001167066872247425 
0.1849016699129555 
-0.0002479992370524234 
-0.03885550671438205 
0.3827085844461421 
0.004066247777446801 
0.1684580060097102 
0.005765053660998969 
0.2008574450183736 
0.7229834908335853 
0.1519475494864875 
0.3898821695762911 
0 
-0.2531738846149036 
-0.007622409584408087 
-0.09121706265773266 
0 
0.4427213867699608 
0.6381606236529224 
0.5254350044417092 
0.08632824315411158 
0.08069349014012879 
-0.04351696620323429 
0.02573123786007363 
0.0129079793891472 
0 
0 
-1.289070586138315 
-0.000676342228333804 
-0.0121082847868073 
-0.1886657645039494 
-0.4057712989038883 
0 
0.2810567731892709 
-0.02714379079125959 
0.02764663348068078 
0.5577968329495008 
0 
-0.07346710282014382 
0.009398562323655105 
-0.4245995724851366 
0.6146265490532825 
0 
0.01119517531117917 
0.04403576379494387 
0.3455808066921658 
-0.02594358827755585 
-0.0317506946403651 
-0.08777435914411626 
0 
-0.02033835009999603 
-0.3636310311706004 
-0.002846526333879176 
-0.02880494723017277 
0.9076802173402326 
0.01639047684319545 
0.7948413087392271 
0.1771541564118675 
0.4925729305516808 
0 
-0.006591526063567524 
1.173541984690558 
0.1794546148238111 
0.6711826091614799 
0.5679517651073738 
0.2093441960672715 
-0.1510550016883287 
0.05841354918981968 
0.04340835227868575 
-0.03966156853020086 
0.1586446201059216 
0 
-0.02365560372636825 
0.1165220726877922 
0.1310217463114924 
1.118094238578448 
0 
-0.5585649843745275 
0.2836292346071404 
-0.8022564907883835 
0.03050616303123889 
0 
0.2353735325818128 
0.004657111105388627 
-0.02374637636469626 
-0.1539856521277107 
0 
-0.6958686072652982 
0.3524942344150845 
0.6728307193292346 
0 
0 
0.04981776197448039 
-0.002440034565132542 
0.1982593319887183 
0.6440447793938596 
-0.4527568583251821 
-0.4067023058328001 
-0.3897042689469165 
2.486578495957497 
0.1501490692056756 
-0.05800921397774985 
0.2894189506486395 
-0.04335846243915795 
0 
-0.01082764352448494 
-0.1237767308011862 
0.1845241110254648 
0 
0 
-0.1460896432123505 
0.6286668065998993 
0.0007304911988992181 
0.01508768191791161 
0.046979737936297 
0 
-0.2502642501227614 
0.02600043495521513 
0.860471791751501 
-0.03593261458055495 
1.644604530125404 
0.02139050511148999 
-0.02089499407843751 
0.01543474262099632 
0.09727810421668581 
-0.0398801755846793 
0 
-0.04885115787232002 
0.02149276927497686 
0 
0.4283639977154324 
0.3022929638556119 
0 
-0.02246292169833384 
-0.08845025785159026 
0.3028632904488668 
-0.03176272821983092 
0.122720402734218 
0 
-0.2269624367677157 
0.4957125920193472 
-0.00254250963858298 
-0.001839166820505272 
0 
-0.6771644491073592 
-0.2470512659655241 
0.09870897329832934 
-0.06128085365992399 
0 
0.5441497814538376 
-0.07730779298941386 
-0.006501176005692975 
0 
-0.08625749244662903 
0 
0.0893550770671203 
-0.1682269045673097 
0.007155774952755941 
0 
0 
0.1340921248970686 
0.2027044128156424 
-0.006441074782570559 
0.0832133060406936 
-0.04826173715074153 
-1.139859742518764 
0.08003083012485029 
0.174943753233655 
0.004156934649152635 
-0.8576543699479474 
-0.09864664667670288 
0.2065791013046489 
-0.1838441182381089 
-0.100838515611238 
0.1026144989742867 
0.09052709288299948 
0.1723875131200416 
0.2714308248157751 
-2.306257064533035 
0.0969257786055783 
0.04937266032392403 
0.4576474537933625 
-0.004294758676910628 
0.5984855903701952 
0.2378773036711922 
-0.001097756918260564 
-0.09154449803216845 
-0.5013842188447935 
0.2164603816741058 
0.8570865012986185 
0.01183103422863622 
-0.2010738832539887 
-0.01189188779300625 
-0.006832241407451966 
-0.02769650991612668 
0.07330032817519028 
0.2186829379095526 
-0.03237280835276297 
0 
0.1886182006764181 
0.005562741125303376 
0.2652311697158672 
0 
0.05501905878107825 
0.01716729194934478 
-0.01161555324009023 
0.1407491356162599 
0 
0.1327412088072496 
0.2350271773509313 
0.001574392903041913 
-0.05847074001038392 
-0.08414284095996508 
-0.009836616133534743 
-0.3957160513222763 
-0.05431434788973188 
-1.495419982526873 
-0.006013260563875421 
0 
-0.03489909617983458 
0.07146725360535161 
0 
-0.1228671196240715 
-0.1357836811251037 
0.1151139333588386 
-0.075727532300971 
0.2066796683557049 
0.1214671823727519 
-0.06581032879328746 
0 
0.1198725953981311 
-0.8497852651242965 
0 
0.1128282258073078 
0.2395738378740663 
0.7035561448219466 
0.3250470642278037 
0.1291858589344292 
-0.04942459656093237 
-0.0796285147056109 
-0.299873362261937 
0.09022050281682878 
0.3370969815043118 
-0.04749029662346177 
0.9365849662490976 
-1.021546543260281 
0 
0 
0.08434453536700048 
0.1545135294532778 
0.02568530113746089 
0.197042235690169 
0.08956827987978112 
-0.2319331872125693 
-0.136449845506502 
0.4813772992310695 
0.05619565870679653 
-0.1828693044863944 
-0.1028068296975562 
-0.002262857460215676 
0.004122676120021731 
0 
0.01176651688224621 
-0.1191871661448982 
-0.3436120009514264 
0 
0.3321668997066111 
0.07650016928097096 
0.02535665326134489 
-0.01632262154519865 
0.7474259332914689 
-0.004825571003585123 
0.06525275218592062 
0.6921274928966329 
0.3969120763748251 
-0.4180790276949894 
0.2111628759188114 
0 
0.6358113084186634 
0.04771345934749603 
0 
-0.2431485796121346 
0.6778071644750117 
-0.02071825896411496 
-0.2637444259342427 
1.057768557707727 
0.166405634555007 
0.03635022673882089 
0 
-0.5650337344599313 
-0.01381594353552781 
0.03022075702606641 
-0.04106627380838587 
-0.1227341887395147 
0.5483174947761222 
0.2401315762123577 
0.07030009907136317 
-0.01279130982966214 
0 
-0.01124917961383314 
0.06948820948349732 
0.6089470913709986 
-0.03836224192790093 
-0.3305618677258609 
0.2781362713983354 
0 
-0.02124419426757358 
0.07378750173598794 
-0.03582999640665819 
-0.01285265601705879 
0.08961708518575395 
-1.151915449229208 
0.04042958885228396 
0.02526105049195229 
0.03068314250368145 
-0.03351622788041354 
0.1956084670826539 
-0.05400245963553334 
0.180651594943997 
0.03125352159381479 
0.004625361992376894 
-0.003774266158916424 
0.1036108012372068 
0.002674783316443689 
0.2466818674244669 
-0.1480503878238692 
0.1056870625217652 
-0.01698109355692779 
-0.05475182783488687 
0 
0.03681958567733895 
0.1419386866900779 
0.00296694191484305 
-0.06063744737239646 
0.1003784191423019 
0.1674083992663125 
0.06286587706621576 
0.08831134790486167 
0.4466569626578207 
0.02885566694547442 
0.1139820117801692 
0.01078491535176739 
0.01134622092556342 
0 
-0.0375554011196298 
0.04456462690662842 
-0.2517216276290083 
-0.09464679241887061 
-0.05085951488886097 
0 
-0.07254515174254475 
-0.02905376303301587 
-0.3552318000377904 
0.2387705534483204 
-0.03054687715940333 
0.07826972409754215 
0.01290812685791638 
0 
-0.07748641218401608 
0.7932518135416533 
0.1891655479859843 
0.0299804207335152 
0 
0 
0.01673590806364627 
0.08899882754475627 
0.623129017222144 
-0.4742772043794202 
0 
-0.5189729601187523 
-0.05561346887327825 
0.01836129689798924 
1.076157615456714 
-0.1780692775075834 
0 
0.1916333892921179 
-0.1049295892775344 
-0.1367538746708722 
0.1858963517962707 
0.08048701006688723 
0.05568150744793254 
0.01095855691194312 
0.5366561001391522 
0.002038320795589981 
0 
0.2342904172175699 
0.01437514706832997 
-0.2620663414647825 
0.8205033044146044 
0 
-0.01176205672164584 
0 
-0.03349529584150301 
0.1982722372509306 
0.008268402958429847 
-0.6467577556497218 
0.0994368177910447 
0 
-0.03999436732146452 
0.1221059616105574 
0.1737802570036041 
0.3591786082423515 
0.1662020112091895 
0.005640659713185377 
0.2795411160289323 
-0.111154494730917 
-0.006166091301771719 
0.08734463120973678 
-0.007442437388996485 
-0.008648373276019293 
0.3321546773356995 
0.02513734003584636 
0.2434415887437702 
-0.2123959853041526 
-0.04987085653619987 
-0.3076883454348195 
0 
-0.0222790549639801 
0.3516266359549723 
0 
-0.03968417362266605 
0.1283049037172266 
-1.256389862274443 
-0.1849585101565953 
0.4604392958364725 
0.8386457606314356 
0.3095446359044866 
0.0113849476364556 
-0.5623937487189818 
0.07820273204546049 
-0.00902659554816781 
0.08809066471898201 
0.01275786978786268 
0.1653871607579813 
-0.00891621530988089 
0.004787475685670836 
-0.287660643249096 
0.03068789747150047 
-0.01492344751851555 
-0.04090232924124561 
-0.07584836621098766 
0.6878513870070992 
-0.07288123124559259 
-0.008497150256163256 
1.032693233765479 
0.03152510731925869 
0 
0.09547146740425119 
1.582925090545778 
0.02771481510055185 
0.02764214139950313 
0.0744420400545233 
0.01193319464387148 
0.1645602888674795 
0 
-0.6259637254891839 
0.09564342895396913 
-0.2245157657905861 
0.001597455267178999 
0.8186368844126137 
0.577319597927101 
0.05269468167989629 
0 
-0.08962735244309179 
0.2263326433759926 
-0.07682147564873161 
0.06576778662124717 
0.002534514555255703 
-0.2301737896384086 
0.008167980290504442 
-0.4584321703578809 
0.07280960322018895 
-0.2564983963476452 
0.05588490379253649 
-0.2078737922153609 
0.03920027737735537 
0.006029979655657187 
7.816664844480777e-06 
0.8393265809204983 
0.1056822018506377 
-0.1631901681529659 
0.002420441956384134 
-0.1672427935702202 
0.0159274336064291 
-0.1167700306315334 
0 
0.01078561692184538 
0.0345583512869827 
0.4375459047497182 
0.001448075840464056 
0 
-0.002414215626624694 
-0.5780601298932946 
0.1379779441927718 
-0.06198039778916938 
0 
0.2473218857892082 
0.1161606871599587 
0.04733269512248225 
-0.4540749437471197 
0.01585080383269942 
-0.01095703116849777 
0.2529138664713724 
0.008338456063262653 
0 
0.1952102627627746 
0.1100617808705399 
0.09065527351888578 
-0.07145276670304976 
0.09550557754920967 
-3.59975437255393 
-0.4980983862927787 
0.06444659785870401 
-0.0562972929687747 
0.002209347199469023 
0.02964187938710654 
-0.01963325620092404 
0.02883740264896418 
-1.007127449885879 
0.005854091413203134 
0.1653160852106206 
0 
0.1643227376403386 
-0.04611015963535844 
0.3104671021909033 
0.01004535263718581 
0 
0.6135224675208255 
-0.09799621611323224 
0 
0.3846378735001837 
0.08947323807560431 
-0.1294170593244421 
0 
0.3087681204153612 
0 
0.04878610275068217 
0.3752488929899772 
-0.2063030967353263 
0.08093964284439016 
0 
-0.001408204884221126 
0.03718277722404243 
0.0366460072158047 
0 
1.082735675231752 
0.1509570322704457 
0.5413195570820378 
0 
0.003322452626446413 
-0.612384111733755 
0.1027614985517175 
0.009372596116792363 
0 
1.695001247935052 
0.08510247557797482 
0.000583322946953681 
0.0642388052942118 
-1.615256235455992 
0.2755290897770044 
-0.2033565688941815 
0.004496069958260083 
0 
0.02746726645412556 
0.2564901491244919 
0.1932731569973614 
-0.1095113493281365 
0.02673965930238983 
0.1375251320924641 
-0.8741711381064664 
0.06903356553241431 
0.03346989700715756 
-0.1703892690003624 
-1.844343382288493 
0.6018056039262525 
-0.1894667133856637 
0.06711855533571601 
0.534132692776448 
0.02208363240255678 
0.04331267382378891 
-0.2168452634002296 
0 
0 
0.05883591912937135 
-0.2613652181393304 
-0.04375204089710381 
0.04166140013596587 
0.1056810719577666 
-0.2940427178278422 
0.09097023006163558 
0.02913234604204446 
0 
0.02106791743419405 
1.692861142162592 
-0.3224890177571179 
0.1426146285695262 
-0.1211228339284364 
0.3939018841347711 
0.3671546870001499 
0.06464806099901736 
-0.01816929169744753 
-0.008229202239737519 
0.2257576073221465 
0.1377964836821303 
-0.1084487542826724 
0.08952097354054137 
-0.0188993875424953 
-0.2487161583870163 
-0.2965151107090966 
0.3483132241920064 
-0.05754806357887331 
0.06691278885315485 
-0.02219118928589369 
0.172930246150598 
0.04379308935948889 
-0.4051200551821883 
-0.0005623037156314444 
-0.1270567016777534 
0.4487154212723307 
-0.1025078599826049 
0 
-0.02477110135320662 
-0.1665561873757959 
0.2060715235943317 
0 
0.6065968488209482 
0.3614848645552917 
0 
-0.6478625555548657 
0.04723585647170381 
0 
0.04980059841772957 
0.06476550813639542 
0 
-0.01078859009990142 
-0.09574125407871865 
0.1114814403156208 
0.517607436971545 
-0.1543803937015501 
0.04158182563065855 
-2.450102230150805 
0.6217099449320368 
0.03559912409182656 
0.4613551009285572 
0 
-0.02685052629259369 
0.1736606937454224 
0.2461234500312326 
0.253518539287179 
-0.04508592695743353 
-0.1060282224832792 
0.02480698937931453 
0.1744663270185587 
0.1128633669555217 
0.7217663339683006 
0 
-0.05399282697804371 
1.211266936515548 
0 
0.3148919882931817 
0.8285108146596754 
0 
0 
0.7388260313843191 
-0.05375967727705837 
-0.02185476411652452 
-0.1811462399949023 
-0.05453527913280697 
-0.006780873623706832 
0.06054397152802743 
0.4225039104842691 
0.2546136865387675 
0 
0.08252048755241918 
0 
-0.03600127590661804 
0 
-0.1624423761846494 
0.1093315221695827 
-0.04828476544135842 
0.3927429263487235 
0.04427333965126817 
-0.06224043951196492 
0 
0.9761011899442275 
-0.3313264542865846 
0.01049636493040091 
0.1971363119484206 
0.3612821658521883 
-0.1209886771079187 
0.01268559690078009 
0.02224856397905953 
-0.09455728692789021 
0 
0 
0.1712709515026072 
0.01553730640322152 
0 
0.9099169783807761 
0.009195363765798529 
0.2623933721582899 
0 
0.5022031953868772 
0.008169988206730207 
-0.003650658968757302 
0.03945598041232393 
0 
-0.264792492569711 
-0.06547251491671403 
0.4551573578630937 
0.005759755024422598 
-0.2263914494264804 
0.03847718801584063 
0 
-0.1494277491318336 
-0.2868486155748481 
0 
0.1879624292879351 
0.04328159045304302 
-0.04961587765995935 
-0.0124896036130237 
0.01160991761332087 
0 
0 
0 
1.042711774945865 
0.1595356648686906 
-0.2635930406315344 
0.1917969200019128 
0 
0.0158414338766234 
-0.8703750388931908 
-0.0808494406480717 
-0.004774115298629828 
0.6915447488803358 
0.3545411401556823 
0.16545245764032 
0.3629487588338026 
0 
-0.1695700850936159 
-0.1227453530874631 
-0.005359422935490806 
0.190076906336194 
-1.055805714262746 
0 
0.310539887003361 
0 
0 
0.5161457795406216 
0.005588358575644682 
0.02237270392396665 
0 
0.8600274301964342 
0.006175176533073088 
0.1372811503042252 
0 
0 
-0.0469919223651097 
0.03712304640514413 
0.4799423372269623 
0.1243903772823787 
-1.327968326554168 
-0.2946263753164032 
0 
0.1153046700347282 
0 
0.3116027899665393 
-0.002711635779350796 
-0.4253765518395694 
0.2057692096776911 
-0.007090847216560532 
-0.0146039331772209 
-0.00895026559743977 
0 
0.3534803682061299 
0 
-0.120511524586835 
-0.004600668943547171 
0.2832848560291577 
0 
0 
0.3774869165407032 
-0.4799986844367469 
0.2242633216990364 
-0.1266761552939535 
-0.3575077032965766 
-0.01562566920031611 
-0.02720649995152517 
-0.2597402430804692 
0.3233160561574476 
-0.2947279344798697 
-0.02521580078519895 
0.04016738092034554 
-0.01251058649889281 
0.2067914229530617 
0.003277328178296426 
0.5876155618381139 
0.1523500127143791 
-0.03274207306192477 
-0.0546417935090956 
0.05076399094479436 
-0.05380100189913889 
0.1596269531821483 
0.3950832453177976 
0 
0.3402950083007095 
0.0840080176908093 
-0.4271839450708326 
1.152294067901919 
0 
0.04764728276134166 
0.1179075629037588 
0.1523622467253948 
0.03393360291461003 
-0.0402571682503803 
0.07873527939155273 
0 
-0.1840063525428159 
-0.030288999354771 
0.01405077990529517 
0 
0.139687695999227 
0.3540844354932846 
-0.2121667506176603 
0.2606659610924275 
0.002349430487789047 
0.2798691623157479 
0.06869711767731149 
-0.03033861302381913 
0.2439403399347319 
0.265343202743634 
0.03952983297545083 
0.01213654383661074 
-0.01228254042426483 
0.2199369005069458 
1.352498188055974 
-0.3952889377591032 
0 
0 
0.1331170190253757 
-0.03025761170803565 
-1.546956265722274 
-1.202319135292668 
-3.112700917889129 
0.2467357683793502 
0.04227729638042731 
0 
-0.006852367709579857 
0 
0 
0.08267163950058215 
1.015868750909395 
0.04543109817335031 
-0.2464382787726002 
0 
0.1859570910466644 
0.9180994501582709 
-0.07715365128904442 
0.8634043324088032 
0.04806906891114608 
0 
0 
0 
0.03790286098649881 
0.6715636773215135 
0.04994560319027777 
0.4686862675506983 
0.02612096471271138 
0.03402945106863543 
-0.03444083107910309 
-0.0009110419641219007 
0.02744405499924249 
-0.008587869447281991 
0.08646980312315997 
0 
-0.1886984984709725 
0.5030939187320483 
-0.3909122634419618 
0.008188504183289376 
0.0811241863226649 
-0.01022839077214176 
0.357492256612147 
-0.261360623848988 
0.2765699919654364 
0.06243322567776004 
0.48875714341188 
0.04132271392638533 
0 
0.4276691508310024 
-0.01597109335947839 
0.02258128322500754 
0.01439589590417916 
0.00199502450449846 
1.284421649838868 
-0.06722036681239814 
0.5021008054722704 
1.022510674773997 
0.01971473699310732 
0.4415384672447183 
-0.1282111859888236 
0 
0.3186427689317781 
0.3710554466025858 
0.2479279829977983 
-0.1017331238671822 
0.01455112378587304 
0.115290600308187 
-0.1177496404595305 
-0.03864965219087889 
-0.09382650667788466 
-0.1157614895807708 
0 
-0.7464701990336742 
-0.05531707838631719 
1.259611304438539 
0.1635816415855338 
0.002912547390722405 
-0.04602689219022289 
0 
-0.02836344830361177 
0.08238319186510452 
-0.1416575745243593 
0.2567306931962263 
0.1579988862796477 
-0.04894242992541243 
0.135140611934296 
0 
0.2586492309766884 
-0.09646292268435228 
0.06129123574209608 
-0.1063195355209278 
0.03857005757818964 
0.6875556839786777 
0.6249132994704297 
0 
0.01079751753821848 
0.4145768822802308 
0.4224328607833134 
0.06366737954121134 
0.7087300597986413 
-0.1280316106820559 
0.2413052933545676 
-0.006868828071720631 
0.0358122596148127 
0.01373001398063332 
-0.01642698754278739 
-0.01528205842385394 
0.04592207655190183 
0.2092071549331803 
0.1681369479744797 
-0.07228157955911016 
0.09259524959173619 
-0.002158062283472637 
-0.246805220128833 
-0.2079211863537149 
0 
0.3309546744723988 
0.2731356575733495 
-0.125721726196483 
0.1950885708415636 
1.101079848712795 
-0.4139147515217224 
-0.09413765684847217 
0 
-0.1374889884601596 
-0.004011585072251054 
0 
0.06285106267657598 
-0.05708611478613304 
0.2581100199465011 
-0.3783659821892846 
0 
-0.01560783929558533 
0 
0.2071799556923291 
-0.01824275358752166 
0.02892141099583952 
0.2010814133419421 
0.08921673738148428 
0.004149970417837229 
-0.9172904281796467 
-1.628790285553565 
0.005077099001760653 
-0.1093053001495281 
0.5646047025931816 
0.4231718132740503 
0.5059902700769218 
-0.1116482542889245 
-0.07840220939326185 
0.01304013217467458 
0.4174970469068274 
0.009668988517955189 
-0.1447447552812511 
0.1610216300358124 
0 
-0.1959451579293659 
0 
0 
0.01943937261342811 
-0.01653592186279999 
0 
0 
-0.02321009972679447 
0.0006430506791681913 
0.0202912138705395 
0 
0.2633450501253904 
0.07831850370682768 
0.2416271902593741 
-0.0377668714139705 
0.005858816710823641 
-0.0001534555778879387 
-0.01116686435510417 
0.007374668307241886 
-0.1669520161973062 
0.4522316989723367 
-0.1310479285729229 
0.02401405505511723 
0.6413690938605026 
0.4655619839183101 
0.06317237516814075 
0.1439901258085551 
0.01912050059334926 
0 
0.07200922017709914 
-0.0674618644633569 
0.3272502414507704 
-0.001547526081615364 
0.1640372943350361 
0.1743814381132335 
0.2461977373843512 
0.1155554591758075 
0.1512640339848214 
0.1569654136186651 
0.322349280118428 
0.03879302191447857 
0.006044226259037912 
-0.1729509375979119 
-0.1344460231617745 
0.09491805145358577 
0 
0.2263236710541791 
-0.00113968693261151 
0 
0.03568854617707134 
0 
-0.07693337007624103 
-0.2108020282230953 
0 
0.1103685204994565 
0.1208051581102107 
-0.0107005423046575 
0 
0.383301984638851 
0 
-0.06275921481687144 
0 
0.02730623605565989 
-0.003171548098274307 
-0.1529776235066273 
0.007903596512968682 
0.004056053149071369 
-0.001153930356913142 
-0.01006508767080935 
0.01977935153037245 
-0.06718376647038309 
0.1688145204696856 
-0.1538160115345864 
0 
-0.416810138012347 
0.05375452507442458 
-0.02721838846157773 
-0.0550071148088617 
0.1310920015519654 
0 
0.007874733985242414 
0.3397244371944739 
0 
0 
0.1554113580965479 
0.7900531131463647 
0 
0.3533329402045105 
0.1164382545997471 
0.5443426855023623 
-0.004210992253906021 
0.3235367159225109 
0.2361611326476362 
0.8232556413126165 
-0.01554569458848666 
0 
-0.2824828773989255 
-0.01193062141408889 
-0.004869053757611583 
-0.03861476907801394 
0.04314166650509352 
1.14528812521351 
-0.1909469142969385 
0.1356557109307836 
-1.765793731989656 
0 
0.2640125462224966 
0 
0.02887147817430638 
-0.1247200892661036 
-0.2767969122013538 
-0.1586079012469251 
0.3855897327594441 
-0.9730217520100177 
-0.07921772281792731 
0 
0.3580273466684246 
0.0008406242644352318 
0.1004637295272905 
1.647724862299762 
1.022011786248844 
0.2930101145338205 
0.1429285634097802 
0.02025164480489968 
0 
1.184710574906745 
-0.03877110759781498 
0.03599187711612059 
0 
0.05432528233819766 
-0.004606662507514262 
0 
-0.03192775697732857 
0.008693949207750405 
0.5140272399795407 
-0.590905936425598 
-0.1654151499697089 
0.001099221957592023 
-0.009331675596721966 
-0.02025616457961857 
0.06258414282759983 
0.008034932536763233 
0 
-0.2090254341765773 
0.0135284544196558 
0.163802953332684 
0 
0.01118189028469243 
0.4696548715064844 
0.2885412772514621 
0.1989808027606553 
0.491546274240436 
0.3354710847026569 
0 
0 
0.8991413108966499 
0.3044740633078531 
0.02071391327002459 
0.02744151783068058 
0.1083216257678542 
0.1487735316449748 
-0.1642761604009698 
0.01723566113339025 
0 
0 
-0.2354657044515369 
-0.01796126693779273 
0.1387052034267426 
0.4676623310962568 
-0.01190078821696914 
-0.004391989513334971 
-0.01118212146502302 
0.05838212238127238 
0.3716378471446551 
0.2141593976011265 
0.2776458991023199 
0.00309017905168223 
0 
-0.02393243110889843 
0.3933482365705419 
-0.02651700342013397 
0 
-0.02451385855607441 
-0.1841026795863329 
-0.02219860400951775 
0 
0.2217054811699297 
0.05267504947424439 
0.5730244798045115 
-0.02098343446464714 
0.0611562228249348 
0 
0.6224880381054101 
-0.1440493318801095 
0 
0.2593772616905912 
0 
-0.02056380454117326 
0.02611717601353349 
-0.01060617160263302 
-0.1513222472548694 
0.03877165861265963 
-0.07022300931992015 
0.003317050645818134 
-0.2392687496444386 
0.2473242582639727 
0.1444920936488751 
-0.01996723896436441 
-0.003538861151554429 
-0.003550574150454672 
-0.4081273024513604 
-0.009159797213619262 
0 
0 
0.03125078827778929 
1.033255146665879 
-0.419369082400729 
0 
-0.1466359885736077 
0.129786449217585 
-0.04624893582094169 
-0.7395803703011131 
-0.0439848101750839 
0 
-0.03390805207447293 
0.3940251877765827 
1.372481654315353 
0.3688005088754758 
0.03714526975599879 
0 
-0.01648178691174946 
0 
0.2964912199775003 
-0.008971839806504851 
-0.1549483645772148 
0 
-0.2957853216467431 
-0.0329013832113261 
0 
0.1176883981113022 
0.002522044011517781 
0 
0.7138997861682034 
0.00483199226881007 
0 
-0.02435508355349076 
-0.01757117842180508 
0.02581732755826863 
0.08270066593736164 
0.1083101112489938 
-0.03221506987179327 
-0.2617439263501825 
-0.02762037790139522 
0.4166305180806844 
0.01865308084933738 
0.01037147520610942 
0 
1.445124098442267 
-0.6630798180687868 
0.06294296254106088 
0 
-0.3855100110958349 
0.2867402668577962 
0.1114112696620942 
0.1842240391035433 
0 
0 
0.6653509004985073 
0.03962732594403552 
-0.01181207816368032 
0 
0.4200052618686058 
0.02104464324364934 
-0.006790577120973451 
0.07554644928903209 
0 
0 
0 
0 
0.01712942694796048 
0.2355420880198332 
0.01463992846387625 
0.2060373102867164 
0.2125052314010967 
0.4923440881234037 
0.07215514315967168 
-0.3412745930003888 
0 
0.2110062948723653 
0.01068387208704562 
-0.3430376640177187 
0.3191090973185973 
-0.07211059536252107 
0.05836739552396457 
0.6027206284152753 
0.7335746389222186 
-0.08934974395645005 
0 
0.0886491984326391 
0.01609169229484897 
0.2631515428019653 
-0.08940286453169324 
-0.1397912945817112 
0.097337436678909 
-0.3328324367600643 
0 
0 
0.05312646241040334 
-0.5856290844646769 
0 
0 
0.230926037702611 
-0.2341287075228947 
0 
0.02400675840260228 
-0.5999422184552364 
0.008130483373412921 
-0.03245365077214232 
0.2832292404113045 
0.02577628193141497 
0.03058989992034981 
0 
0.4180858892579529 
-0.0753687515647572 
0 
1.299441134028884 
-0.1459375920604269 
-0.3706899659559376 
0 
-0.1911686938413098 
0.007232442044573607 
-0.02675508006264676 
0 
0.01322170593967356 
-0.001545412446518273 
0.01428857512028242 
0.2703197811058642 
1.218515667750632 
0.1689136748605747 
-0.3400216121256117 
0 
0.009139434637147113 
0 
0 
0 
0.4277685448451535 
-0.006088597734139159 
-0.01448527733540575 
0.008384177596217027 
0.07965075823557972 
0 
-0.5361481989499752 
-0.2167684654572366 
0.09668921225253742 
0.04914256200646617 
-0.4220611946863448 
-0.1168863892946361 
0.08742472969094564 
0.02387845641593799 
0.004841830757521006 
0 
-0.4152637031559494 
0.0196039082570709 
-0.0006367236133532073 
0.1784803647774295 
0.1326222299957609 
0 
0.01587679845451878 
0 
-0.1811327508861284 
0.07602184168954393 
-0.04853377341842139 
0.4071656178724993 
-0.03227751877136406 
0.09834989294988489 
0.4556493641342058 
0.9595993798075905 
0.04849701533037416 
-0.0242487908261572 
0.1657007154952501 
0 
0.6976191943578192 
-0.03619069995743091 
0.7367865223157892 
0 
0.654403525241485 
0.4675608362376821 
-0.375428173779105 
0.399088282921344 
0 
0.2517431100631224 
-0.03011708909429806 
0 
-0.899877986181162 
-0.03490420113879961 
0.2504099489455426 
0.09223252176272022 
-0.0974161308648694 
0 
0 
0.1983120246017576 
0 
0 
0.003845168199360517 
-0.0009188898373912729 
0.8951771839142217 
-1.104650691322835 
-0.01549285948807676 
0.09656206552173774 
0.03410707689756444 
0.0655294157036961 
0.3269581217350316 
-0.05828896851524182 
-0.02935260551858241 
0.2731999441399356 
0 
-0.09569544667450175 
-0.005120025855843723 
0 
0 
0.06000339403728695 
-0.05355275312091208 
0.01186225686463977 
0.1724160009935239 
0.005665974322210388 
0 
0.356354219456946 
0.02912867811929228 
0 
0 
0.05515233347749954 
-0.4730741103325863 
0 
-0.09706843082706482 
0.002363948781984384 
0.1847921441833737 
0.05169784997487312 
0.136701996273561 
0.03542760214195372 
-0.3830390961105112 
0.05242205179717484 
0 
-0.01355524024701266 
0 
0.2278838055691679 
0 
-0.09649626539225281 
0.2020492442592808 
0.08459859674157158 
-0.009033969946546956 
0.03512106386689861 
0 
0.4890222500219234 
0 
-0.08680736787050573 
0.01087768287371092 
0 
0.01044238160253864 
0.6281769095385152 
0.4072790069629423 
0.0200808624178114 
-0.05515465675189105 
0.1237992138170073 
0.2075334581809301 
0 
0.2954078377731797 
0.01282269347284176 
0 
0.07233992386364485 
0.2866772315787551 
0.7760660282977739 
0 
0.457146959069833 
-0.02697904521452188 
0 
0.2389348073281846 
0 
-0.03316608691920127 
-0.0268682274820477 
0.02260756894015965 
-0.1062478313220638 
0.05073992014401335 
-0.02011887541006231 
-0.07229597655159303 
0 
0.246392723121756 
-0.01538033776627095 
0.07114701017496726 
0.0572046293467414 
0.1955288628446863 
0.01193680648844761 
-0.02966435056652068 
0 
0.0668784150776322 
-0.1942242541896926 
0.06335017242971465 
0.1237414602308703 
0.1454259630997154 
0.2307202985738846 
-0.09024054600009904 
-0.001242712470583313 
0.01106221926722022 
0.04834511889126412 
0.01026574463573475 
-0.3033011276600676 
-0.04605066603136572 
0.045177191199805 
0 
0.0653430647622559 
-0.1845799908529107 
0.401505792369364 
0 
0.02932220283278776 
0.0515609336629686 
0.10427688503706 
0.1788229609965406 
0.3109987211906799 
0.08469983333808824 
0.01762123414533676 
-0.01159039506743897 
0.1006143734185024 
0.009961884161719149 
0.4156422581532795 
-2.202724240877117 
0.0278258690808635 
1.21008654163673 
-0.03145086900989837 
0 
0 
0 
-0.001880534080609514 
0.06665435399410952 
-0.02582418202663304 
0.02166661486846071 
0.4985980693121762 
0.0281060933734282 
0.06703454716484712 
0.1917703489967738 
0.01667948932256018 
-0.08482753036179987 
0.576531270142177 
0 
0 
0 
-0.207095090264394 
0 
0.2236197345758431 
-0.3057868551403186 
-0.05516201991198845 
0 
0 
0.4425892071436388 
-0.02414738857243089 
-0.04047072465185012 
-0.02893518233355443 
0.009557676537749334 
-0.2274561080505897 
0 
0 
0.2379254961730666 
0 
0.1145600427278808 
0.02023471658839935 
0.07768595012737578 
0.4271277181091936 
0 
0.06278989880335528 
-0.0157832319196911 
0.4774830669884689 
0.02792687920149287 
0 
0.01485528813813234 
-0.02126981349225342 
-0.02181552860532102 
0.08259074295397009 
0.02397853439245963 
-0.05322215146004285 
-0.02297621177650716 
0.1253294081698893 
-0.03555114373281645 
-0.4414564088831543 
0.03885756593941674 
0.2846713027749038 
-0.9069619167848761 
0.4925519566548033 
0.9536602172001446 
0.0767251609938881 
0.2952779408069641 
0.1190366024121354 
-0.01454426406045311 
-0.4227242909036608 
0.03555344177822805 
0.359111061945717 
0.09411818719871939 
0.1116172309468662 
-0.02139220067121393 
0 
0.06322637100507836 
0.001010071351452372 
0.008842725900872629 
-0.03000138535565965 
0 
0.7665768504305316 
0.4497820461861316 
0 
0 
0 
0 
-0.01161281680003991 
-0.1949369453692977 
0.5065493933226887 
0.08957914455347785 
0.2186854793239472 
0.1878941150490546 
-0.02057352845228308 
0.2257976379237608 
0 
-0.02285296648555127 
-0.003162021283332626 
-0.07280367656828522 
0 
0.2585880490153382 
0 
0.2336510931967742 
0.8378639081874036 
0.8139818309504292 
0.07616281986347392 
-0.1247694572345075 
0.1829931294139561 
-0.03621501694131665 
0.1657849271650058 
0.1236047253382727 
-0.5562583048212953 
0 
-0.04211495736869464 
0.04218773850097202 
0.2294425152630886 
0 
-0.1888913654998784 
0.0648639088960877 
0.008466491054521857 
0.901803846282082 
-0.4673717435597234 
0 
-0.01642847159076571 
0.558504401536207 
0.3954760549011857 
0.1692929523031035 
0 
-0.06975748193551742 
-0.008188787137336626 
-0.006882103808266064 
0 
-0.5717909683476212 
0.2015488098766342 
0.1293420999576823 
-0.08694013588874472 
0 
0.03741798179661698 
0.003852754316345132 
0 
1.56483276271919 
0.6125825209845952 
-0.1165892465603082 
-0.5625718825944499 
-0.02149263961256852 
0.2948867018658738 
0.05392781507105646 
0.0621520151349846 
0.04989418773579301 
0.2149170435934514 
0.330395774648863 
0.3880327226804117 
-0.01365433232059381 
0.7559418582815061 
0 
0 
-0.02739424957677753 
0 
-0.009327568112445603 
0.05784457539373635 
-0.07652084829530094 
0.007639732362447703 
0.008656270310874736 
0.2789986111152253 
0.04384368455504602 
0.5456161702707241 
-0.01507991180424337 
0.1036357831602009 
0 
0.06198698941219525 
0 
0.145704435518771 
0.3542041585614604 
-0.05775663736563408 
0 
0 
-0.04673448919776909 
0.002288883307157073 
-0.03282326181037893 
0.0343175648396415 
-0.4365162904389878 
0 
0.04838430911790845 
0 
0.01382927528607885 
0.01558627247174041 
0.08309050136442454 
0 
1.429246896467035 
0 
0.08503445635603547 
0.01475628818641295 
0.1408528613103774 
0 
0.01529954987995672 
0.02787809272001457 
0.2686331487809392 
0.01903430027562001 
-0.3276132467133696 
0.2008444037174779 
0.1714322371303387 
0 
-0.2962804186778918 
0.05360609788585873 
0 
-0.009671434920829287 
-0.2087487642486749 
0 
-0.008446210294851469 
0 
0 
0.1164798454582334 
0 
0.453390240219443 
0 
0.002729420251474413 
0.3513377923251491 
-0.3695671790778908 
0.02648493018402857 
0 
0 
0 
0.008388896272934362 
0.9205928711927447 
-0.08859443955626772 
0 
0 
0 
-0.6312835431366433 
-0.1955529685720757 
0.09412470644191849 
0.1402177166616834 
-0.06015960560951239 
0.276697860341984 
0.008558017720602508 
-0.02459304889074663 
0.1308101847868166 
0 
0 
1.164428534996533 
0.0240796335359092 
0.1199921720480787 
0.304095936985062 
-0.07646875980559292 
0 
0.02745665625946728 
0 
0 
0.01179371031841955 
0 
-0.5049508057403661 
0.192554458378686 
-0.1606086823499792 
-0.0225263746927204 
0.6095023141137123 
-0.2628462391878721 
0.006521161530638573 
0.07086100673808249 
0 
0.1553929045440301 
0.05380904584142061 
0 
0.07343338028576307 
0.001690207985250164 
0.005815136775473227 
-0.02733692936661317 
-0.3516041079161009 
-0.03591096639711577 
-0.1353883541619393 
0.5544025970082179 
0.09095629530579311 
0 
-0.0294774760016537 
-0.7563799966252176 
0 
0.1128742026988719 
0.04699183246846037 
0.386614279247215 
0.01185695894045248 
-0.00481199393991945 
-0.007791240638169132 
0 
0.04650436814268293 
0.6023128523742547 
-0.07728183060848731 
0 
0 
0.1283402807363014 
0 
-0.08316706386961802 
0 
-0.3575837426778076 
0.3524469106978013 
-0.05009070666785805 
0.03283644518843896 
-0.01926208230990334 
0.0353631540967943 
-0.06291544992042047 
0 
0 
0.2213630386983589 
0.0675079602704597 
0.004933830127737664 
0 
-0.08294941658063061 
-0.2034220510179072 
0.02783003655743188 
0.06061709725618952 
0.3118115593122225 
-0.1145484011190173 
0.02226765909427191 
0 
0 
0.2618709904752358 
-0.001363302003789438 
-1.395894958451989 
-0.02666998488525371 
0 
0 
0 
0 
0 
0.1332233231831606 
0.06060525719857986 
0.01525894634270365 
0 
-0.03375592763881217 
0 
0.1248965687357745 
-0.04946136401334601 
0.1993558670551088 
0.4711770110277902 
0.6521338264275711 
0 
0.1205262344820523 
0.0214364893576279 
-0.1924027799287744 
-0.3081272886619959 
-0.01745900449113043 
-0.0165084476446393 
-1.735209207532227 
0.01828743588170933 
0.00934208492100097 
0.03885402204923534 
0.4240428133949983 
-0.1258898952126473 
0.08986725912879295 
1.403446443533221 
-0.1446518924826422 
0.01053051675778631 
0.6348250629775606 
-0.2752909233042923 
0 
0.05973814708208072 
-0.01403230590729996 
0.009887222461198756 
1.275728298214563 
0.1645942869705423 
0.2644005155146134 
-0.002678910249886849 
0.1079935212045946 
0.2223110638376448 
0 
0 
-0.2096558188333658 
0 
0.03108646629369471 
-0.1010574226889086 
0.08234210616197073 
0.09941096077836589 
0.08481506672042685 
0.326860381382277 
0.781418121613103 
0.4894881082826282 
-0.2219052873127021 
-0.0007770641053381184 
-0.5999622041370415 
-0.3808168072685337 
0 
0.203749753189839 
0 
0.08614345758777159 
0.03513190645511724 
0.0008300201277373602 
0.07809560279031519 
0.05577878713786803 
0.2972881662476833 
0 
0.07877619295378166 
0.01555421079548995 
0.07198343287566192 
0 
0.03305844122443443 
0.08422397746074918 
0.002211928514580424 
0 
0.463050757839986 
0.02231754007089348 
0 
0 
0.04816371618185713 
-0.008929102226765719 
0.06325683115989118 
-0.08887912328775738 
-0.3148471359520433 
1.089178558189529 
-0.1732979797928083 
-0.2273889664053288 
-0.006874760494751249 
0.00143531153812625 
0.3441157284106453 
-0.1115032696241383 
0.06040211702177935 
0.054656536993098 
-0.04716765990547223 
0.01411133467682001 
0.7327637772906378 
0.006109881450395083 
-0.2621598711497613 
0.3646859117600664 
0 
0 
0.1127505581789235 
0.006681947875002725 
-0.6565668645166566 
0 
0.3295076168269684 
0.05933022257386025 
0 
0 
0.07695525320771179 
0 
0 
-0.2158262836831943 
1.258863003157109 
-0.0007431369791019715 
0.006927998309123442 
0 
0.05622208027923438 
-0.3007583745972421 
0.03374723923677339 
0.01244039497208288 
-0.004809724946357656 
0.004010363963461903 
0.1474440230187309 
0 
-0.1216798645387335 
0.07574151012521088 
0.01137294693088835 
0.07149543000008639 
0 
0 
0 
0 
-0.008423316052151082 
-0.2369030093566719 
0 
0.06761446114940414 
-0.2507946164874638 
0.7132071423273785 
-0.171191540234759 
0.006417797689855856 
-0.0557011191277566 
0.1910763772175402 
0.5428231930178984 
0 
-0.8017821780644783 
-0.003733964247095 
0.06411830416574231 
0 
0.01708793755368412 
-0.01421877005617476 
-0.3675077039071191 
-0.1420210518231996 
0.071652355621749 
0.1004202790037942 
0.008821798034000225 
0.4916766563024681 
0 
0 
0.05865574442871645 
0.04994391529628257 
-0.1111925042482613 
0.3578595288216565 
0 
-0.1529177869227939 
0 
0 
0.008633672580940973 
0.05013665098272513 
-0.0907370602624198 
0 
-0.4854939509294633 
1.115074652841835 
0.06844193344264654 
0.295716562402906 
-0.08648376162745862 
0.4552939704201946 
0 
-0.05785986592316428 
0 
0.11914468206805 
0 
0 
-0.0312814468909887 
-0.1593720696711728 
0.01253005346273172 
0 
-0.1726218393777738 
0.04802102140579891 
-0.0289671437722767 
0 
0 
0.2112743277931733 
0.6112387831509635 
0 
-0.05152874854414623 
0 
-0.3062165599891117 
0.2654662463318359 
-0.05793494607958231 
0 
-1.998756504708723e-05 
0 
-0.6882310467628073 
-0.1100446039257002 
0.1503690591429057 
0.06374142943717521 
-0.03040971404973439 
0.4140460862015279 
0.02418582772329123 
0.8934920563755715 
0 
-0.07858101968697215 
0.5950601383057111 
0 
0.0050826339666016 
-0.071482744068182 
0.4089314151151472 
0 
0.5372428360543651 
-0.3438817833816605 
0 
-0.09736626735899742 
0 
0.3360057526863484 
-0.005308456421248818 
0.936703314824273 
-0.4773922886486459 
-0.3782516338144207 
0 
0 
0.03686548714539137 
0.1493509505958346 
0.5325742994797865 
0 
0.01290836188077681 
0.5180760619852546 
0.450905203170719 
-0.006147238345760518 
-0.06268168081017866 
0.007647551158037363 
-0.08344328427936876 
-0.5226378757318595 
0.05158872867504097 
0.01062641468152191 
0 
0.04549328845807658 
-0.01042449686639936 
-0.5229082875816768 
0.5952416740802997 
0 
-0.2578476277231213 
0 
0 
0.03836149903811213 
-0.1216498978728945 
-0.007028464623012281 
-0.04221243612399415 
-0.1628899462953138 
0 
0.07676976803730652 
-0.01318420372476468 
0 
0 
0 
-0.1961607653752393 
0.2156383954308473 
0.1538166049093436 
0.3583512212112288 
0.1238913991309522 
-0.1068873125785817 
0.2567725446384285 
0.1770403241858804 
0.1107381876034444 
0 
0.5205594442528005 
-0.04431957484722024 
0.01869243993802503 
0.381173022089361 
0.2737178385358107 
-0.01480822796005234 
-0.02956033311510661 
0 
0.1742263933897146 
0 
0 
0.1550036590208537 
0 
0.05290856605090916 
0 
0.04650932327284404 
0.01306613930784518 
0 
0.008607626358107842 
-0.1769190775252832 
0.2336956800842572 
0.1050931204979345 
0.1090893538633671 
-0.01986177930375662 
0 
0.000943138789874588 
0.003572233605593701 
0.01352731581874977 
-0.01565298720031128 
0.06531014593606324 
-0.1680305211884519 
0.03623034077540233 
0 
-0.022889301024059 
-0.1236233607939814 
0.239277072556607 
0.6208875060289281 
-0.1959228005398462 
0.01976439897042922 
-0.07016345078998144 
0.06697296915952115 
0.3048158908931316 
0.03536521061143551 
0 
-0.02781598788312181 
0.08387942177773586 
-0.0101625350456843 
0.3311787199445937 
0 
-0.2121962391060851 
0 
0.001557498939959652 
0.03868615173443195 
0.06049526701569995 
0 
-0.1579597493392211 
-0.0424946033519276 
0.04252732833666802 
0.6135385601570219 
0.1581519542569838 
0.3274571534758504 
0 
-0.0340620964182873 
0.006019247669278513 
0.7481724276042814 
0.3711989562906015 
0.3887140565310338 
0 
0.01507128568629136 
0.00117625429143642 
0.2856052798986429 
0.0207452144201691 
0.1375474930861269 
0.06044688904458741 
-0.1305145272932978 
0.06389847260202031 
0 
-0.01943951772767621 
0 
-0.08789076470167392 
-0.00555033831087728 
0.2642175148977868 
0.3494606173829419 
0.4772445206128915 
0 
0.5725498694059989 
0.1266087949092393 
0.1689104646117948 
-0.2764270470900482 
0.06821656931741357 
-0.0316897893339454 
0.04186484955564801 
0 
0.1707882896429481 
0.06943899408595962 
0.02842971219800988 
0.03989548187314922 
-0.009489736581465713 
0.08045492037484468 
0 
0.09288082463443159 
0 
0 
0.08901479428194858 
0.01953000647776675 
0 
0.1363704890061095 
0.004409238904544575 
0.04224928844937485 
0 
0.01028439382535072 
-0.4731650713835853 
0.04870311166952313 
0.1280730979567962 
-0.209308475044678 
0 
-0.006478648933458011 
0.0144072574650538 
0 
0 
0.2699043148657439 
-0.004686500505585808 
-0.01780677039236163 
0.5802115746104211 
-0.5073450648431953 
0.02600142217826041 
0.005566704287320407 
0 
0 
0.2763607664740623 
0.1256228510089884 
-0.006988823493715747 
0 
0.01280677814366398 
0.1702501752167059 
0 
0.2574021618768192 
-0.03283430518460829 
-0.01294848138475471 
-0.1377123476940194 
-0.01350641141378145 
0.088014288982279 
0.02875239192572029 
0.1418359600435813 
-0.2619407588608081 
0 
0.1503335367084025 
0.03795134289229691 
-0.05217395182100808 
0 
-0.08089465527434722 
0.0114062865191022 
0 
0 
0 
0 
-0.2175967018045243 
-0.001174444115444553 
0.3435404451865862 
0.007111949920655511 
-0.0158358640294352 
0.03629037290954018 
-0.01190456902439945 
0.0158353174422063 
0 
-0.2203602780982638 
0.1251637574596375 
0.01791030121224637 
-0.0238985039457686 
0.002505306380611883 
0.02505934373072027 
0 
0.7432842347673702 
0.5336142899251874 
0.2432978752822839 
0.3235135773901825 
0.7982959793294533 
0 
0.02434731909578267 
0.211993427353283 
-0.34878954409775 
0.1386165112440021 
-0.7454362229441076 
0.08901768318044956 
-0.06034769249474839 
0.407189075147185 
0.01077831421323107 
0 
0.02055464094774755 
-0.08476511516468718 
0.002546914528586809 
0.01109269823601113 
0.09900176167864701 
-0.07417444572855987 
0.3857193853580158 
0 
0 
-0.02222943178144324 
0.2756364032398195 
-0.1046104884976198 
-0.0368174210847823 
0.05242830949149219 
0 
-0.01936364025989906 
0 
0 
0.007831924480015514 
0 
0.01104360201129279 
0.2262869021174349 
-0.1932501201599911 
0.4076609050683651 
-0.02191628743112497 
0.1297928528651013 
-0.1164425229582929 
0 
0.1980443644404717 
0.2108440205886009 
-2.191627617940058 
0.001133545740536731 
0.004265268436245757 
-0.006643257330816292 
0.2561754019564313 
0.06334001746602756 
5.188572892229903e-05 
0 
0 
0 
0.01745586603921219 
-0.05694738866105936 
0.07476547957296985 
0.03325913035524069 
0.05998625544918727 
0 
-0.1162660765817449 
0 
0 
-0.1644605559863738 
0.3847928053471203 
-0.3453115445883205 
-0.003496230805994458 
-0.02335211071335332 
-0.1208003453434664 
0.007487518598761494 
0.5195466154571119 
0.1630755669037053 
0.8516855793131352 
-0.07352905446334997 
0.05071893127466294 
0.2273977835233104 
-0.06412084002684999 
-0.1404123436023096 
0.1024122823757949 
0 
-0.3928450889424523 
0 
0.884209892415452 
0.0731561651751431 
-0.1980923724936834 
-0.1865773137082493 
0.5090636276163893 
0 
-0.1908256386077645 
0.1307076705718026 
-0.02973806684466962 
0 
0.3912707346486288 
-0.5424096141235294 
0.002448188588885832 
-0.006148987836342475 
0.2071840645163837 
-0.2433793483316651 
0 
0 
0.1428086120877303 
-0.1105640093013312 
4.45910233605757e-05 
0.6439131681989889 
-0.07713256501584913 
0.3436751007204735 
0.1411335534937017 
-0.002971580068793334 
0 
0.07877718179843754 
0.08455977124157225 
0.1017727362088116 
0.3332539930873923 
0.04683626238146706 
0.06007600336959965 
-0.1628096809786524 
-0.05707950220298263 
0 
-0.006761481337448933 
-0.001897553334202599 
0.7455084447944903 
-0.2823889288998381 
0 
0.1606697794696344 
0.1411557004547339 
0.08008357486596676 
0.5692932438943321 
0 
0.2136345845200587 
-0.01893821896331927 
0 
-0.1614284333440585 
0.01274215416313085 
-0.01297119965375202 
0 
0.2218160703506746 
0.01043453417141285 
0.09322518088020859 
-0.06596531413901417 
-0.05551886992072871 
0 
0 
0.00194504622134046 
0.140456506679885 
0.01215686696867625 
0.7933596413146583 
0.01176469503830458 
0.01931867196296963 
0 
0.06331046027644865 
0.3207007737869916 
0 
0.7768506145698387 
0.01449384809937625 
0.09022531917639932 
-0.004984004927923743 
0 
-0.00528789656761442 
0 
0.0238509451921613 
0.08905600609355069 
0.06232375177108006 
0.03155625884049985 
-0.1342620763292489 
0 
-0.001836435236832462 
0.2082120430564408 
-0.0874166031464796 
0.1185666975391719 
0.1646928278591051 
-0.008120485849427655 
0 
0 
0 
-0.005915038877056397 
-0.0009835436716447233 
0.004246082969904142 
-0.4265321264125212 
0.4202773937148332 
0 
0.1574034548765385 
-0.555105665970379 
-0.1932666755890495 
-0.01730836789743338 
0.00660318579576883 
0 
-0.04710699794746417 
0.07631791196671452 
0.2510681671456694 
0 
0.04946251456451488 
0.03333808298121971 
0 
-0.2169065527606086 
-0.2369015322703316 
0 
0 
0 
0.3508712849664129 
0.02548036950753213 
-0.01934336267675272 
0.4276539109800801 
0.1292846011417961 
0.4379382219064094 
-0.006185480516904657 
0.01597538882879586 
-0.1227581566558134 
0.0220484460188498 
-0.1060395184938942 
0.4270768963805418 
0 
0 
0.7106819082570424 
-0.3606715497688214 
0 
0.5701685441839979 
-0.08888464502373294 
0 
0.04484201070607269 
-0.0008832203589699227 
0 
0 
0.04365420590573754 
-0.2752815532524372 
0.06467146580812314 
-0.1905366400362889 
0 
-0.3945017793641709 
0.4050009840077567 
-0.05626901784088852 
0.1107958035992191 
0.7261015558655686 
-0.002485887139673979 
-0.5657244244447455 
-0.004604841546003347 
0.007929866240574701 
0.06430067295613361 
0 
0 
0.07546851181319367 
0.1173715847931461 
0 
0 
0.2720743752394938 
0.1490603293267431 
0 
-0.01463835444065304 
0.01464385994430185 
0.1488901304686021 
0.4305441332948723 
0.02705799274254526 
-1.096801574542893 
0.2822876645038755 
0.4223010395089654 
0.06323961823970954 
0 
-0.1375131969110487 
-0.0479998250637893 
0.009511934497947974 
0.07905492910670264 
0.09354508526782647 
0 
0 
-0.4448946752706512 
0.1510160969702581 
-0.05279234435635786 
0.4178516547240151 
-0.1393723428048125 
0.3430929717457962 
0 
0.01209394490606767 
-0.001290230583662753 
-0.6115308787343339 
0 
0 
-0.01080729216985646 
0.009532206867311457 
0.044683401767215 
-0.0833073934328401 
-0.8157640679256628 
-0.2167017348691237 
0.07801161603856099 
0.01139176295884816 
0.04389120633349972 
-0.1577686924641829 
0 
-0.09047456702776405 
0.06433513016756053 
0 
-0.5629011488858036 
-0.1626669944939821 
0.8154082445243376 
-0.03132109182739277 
0 
-0.037020649177378 
0.1460292358375224 
0 
0 
-0.001368129918664982 
0.3020070931272143 
-0.05357062419146236 
0.3276330548532532 
0.5014636262874728 
0 
0 
0 
0 
0 
0 
0.1455877379146454 
-0.01124432526317287 
-0.6538856040063654 
0.01637360808502573 
0.1743563040017627 
-0.02453998056719982 
0.01136196392240788 
-0.5199456467625603 
-0.05819386660732242 
0 
0.05898880642914742 
0 
0.02062689044144756 
0.003225469169963142 
0.6108214596159317 
0.009814664320236902 
0.1585286864460633 
0.04386696454139655 
0.008117733361308678 
0 
-0.4649782214012635 
-0.009900979881417251 
0.003297119647355934 
-0.00471712059835684 
-0.0271344581655047 
0 
0.005621385943421397 
0.1673866381211588 
-0.04048984952417078 
0.4777157544361849 
0.183831704690867 
0.02404376984410864 
0.02348810360040005 
0.3020178634582568 
0 
0.3484946094830109 
0.5532130058199085 
0.09286238478427142 
0.3113603015679972 
-0.0003796267537478429 
0 
0.2180857016173087 
0.8729477900528626 
0 
0.03895866432961743 
0.3127007422416315 
0 
0 
-0.03606302981495357 
0.316144430426632 
0.07443178219912749 
-0.03179964593478248 
0.06114536471840672 
0 
0 
0 
0.4825160359507364 
-0.02103564686378001 
-0.0268385110177969 
0.2186377100818866 
0.03637081402412762 
-0.2559495709237426 
0 
0.06014319473432424 
-2.757512445544014 
0 
0.1214366788751716 
-0.1984465038562241 
0 
0.01378675663912623 
0.005945321970233786 
0.1174377869218755 
-0.02662111803697274 
-0.08826677005451751 
0.365408261061235 
-0.1626318753363977 
-0.125558287093682 
1.010861429861974 
0.01371443226923756 
0.4017639865632332 
0 
1.095027044584304 
-0.03102855826881394 
0 
0.2234190984717497 
0 
-0.1721231098234393 
0 
0.01547955656455864 
0.6008984376678916 
0.05381278807452721 
0 
-0.1791572462739248 
0 
-0.4175340533540297 
-0.1571252512959087 
-0.2587196596634415 
0.2475741631073873 
-0.1761104933050113 
0.01692448221864148 
0 
0.8024590108738493 
0 
0 
-0.0684069983029318 
0 
0.0005684610045508126 
0 
0.6058716772560192 
-0.008523902521533636 
0.2205742824278857 
0 
0.0009677194249766028 
0 
0.1649571926835716 
0.0479467753558019 
0.09690554358180817 
0.1088725502897559 
0 
0 
0.0144260049502642 
0.06949166046665659 
0 
0.02067706542472121 
-1.013205251215702 
0.440430654250882 
0.01079642440376225 
0.01010854317192761 
0 
-0.01466162011533188 
-0.1591399509276982 
-0.2186712155943046 
-0.4684516691645598 
-0.06140277436699357 
-0.1578946737455562 
0 
0.3420098945951827 
0.2439859010884605 
-0.01792794412400509 
0.5816760156620666 
-0.01137924156744634 
0 
0.03573061267841324 
0.03352744982672273 
0.1183818813020098 
-0.04327641004295098 
-0.02219801581597128 
0 
-0.1406377833919078 
-0.09139554521786572 
0.006583324420697809 
0 
0 
0 
0 
0.009672210429494826 
0.1798476807084759 
0 
1.581358758785302 
0 
0.04159536981145723 
0.01760256556564354 
0 
0.06130390130552579 
0 
0.1012632572554584 
-0.003810792146220556 
0.2270516317250134 
0 
0 
0 
0.006023640059507257 
-0.04839123536417287 
0.1184572992312706 
0 
0.2478542648189528 
0.6641338174681599 
-0.02905873346511047 
-0.004772454685906302 
0 
0.03042457050570453 
-0.1764538354142393 
0.1026960647679474 
-0.02711560417972777 
-0.02614354433050766 
-0.02100842989828186 
0.5280343264392821 
-0.01733259578561568 
0.1379552508736445 
0 
0.07439021594863805 
-0.3026374064719003 
-0.01060599685925792 
0 
0.142214661633575 
0 
0.1038731507931897 
0 
-0.1169793117642261 
-0.2431812623382672 
0.4473491742696872 
-0.01106924538492692 
1.07315648106058 
0 
0 
0 
-0.08883010623527961 
0 
0 
0 
-0.005875162341342305 
0 
0.0206045838911193 
0 
0.6442836620469234 
0 
0.009620849840453177 
-0.3550272638063635 
0 
0.3951105813294123 
0.01682410712466953 
0 
0 
0 
0 
-0.3025325972707512 
-0.00550600318223325 
0.02996024453399813 
0.08767188268484211 
-0.04418529558570751 
0.4237819059271499 
0.01788064393615189 
-0.1384168410727378 
-0.3237904488324546 
0 
0.2018091891283615 
0.1141434904884926 
-0.05485965829710451 
0 
0 
0.5874691886760299 
0.6257755946704554 
-1.72141003694792 
0.1971370827135961 
0.02199705692941666 
0.6935882081599136 
-0.1728851071846213 
0.1469690281544311 
-0.03808382826547983 
-0.2342013829076304 
0.009460113754247948 
0.01070086605988923 
0 
-0.05927171076854904 
0.09271927594829049 
-0.06020661106645475 
0.001158615344022701 
0 
0.2845999374652198 
-0.01303432635586235 
0 
0.01955731959729045 
0 
0 
0 
0.09457973457995413 
0.02054025538391833 
0.2650709344008014 
0 
0 
0.08515542245839418 
0 
0 
-0.1392558504703212 
-0.01044703869172416 
-0.2644897214352274 
0.04425557673445309 
-0.4899298808884489 
-0.1831577065701069 
3.46815151110546e-05 
0 
-0.1998561492174527 
0.3234786504457401 
0 
0 
0.3726454370490795 
1.16265090149103 
0 
0 
0.6658361803293352 
0.241760307145589 
0 
0.02109423551694384 
0 
0.03098435868004829 
-0.05911592398255869 
-0.1742665411190534 
0.1162956084256148 
0.3691018789779904 
0.01858824973840575 
0.08377473620940561 
-0.3110742261077326 
-0.1144552088609612 
-1.087690636281767 
0.4769495617702503 
-0.2912542575184573 
0.2470947403968099 
0.05291690939104565 
-0.1313107077994527 
-0.4890982003712133 
-0.004252358146815863 
0.08603965272012262 
-0.07195762887753243 
0 
0.01065222231910196 
0 
0.09175497689503975 
0.01883474772102811 
-0.1307498024270652 
0.8391720474106801 
0 
-0.01488449850384253 
0 
-0.1737549976104965 
-0.2075627266235464 
0.179571189148422 
0.08230229052811347 
0.1884069305404277 
0.001827551053185803 
0 
-1.390746592352879 
-0.02717022910598277 
0.1645115840518598 
-0.1245125592377726 
-0.045556335249738 
0.0572546252227689 
-0.0007559205069702271 
0.1938752924858606 
0.005457153020226383 
0 
0 
-0.009371220299893495 
0.1282407936651221 
-0.06210469744865157 
0.01613385257697576 
-0.06117416139957615 
0.9121194589741216 
0.03676009826100324 
-0.2333573000882962 
0.3377935837914287 
-0.3166466278233393 
0.06183291682827624 
0 
-0.1697799250901253 
0.1761480985750118 
0 
-0.00124964872900453 
0 
0 
0.1229363201472656 
0 
-0.1119422836632078 
0 
0.585082701228867 
0.08058155878949572 
0 
0.5868809639893168 
0 
0.1242449024785356 
0.04899841955536381 
0.02633106593077603 
0 
0 
0.05887544998493878 
0.2558029559305872 
0 
0.05794863246673466 
0 
0.1180695714474778 
-0.1989114015409164 
-0.1339664720199431 
0 
0 
0.1271041984130503 
0 
0 
0.06448223431475648 
-0.0836808890059863 
0.4607612458415484 
0.7161961548339199 
0.122261523082008 
0.3419567426161847 
-0.09034015045904359 
0.02679406685526068 
0.03910351482907468 
-0.01154700181972242 
0 
0.09045603693074636 
0.2409904857249484 
0 
-1.081309562728169 
-0.1523493205016471 
0.8937423896345251 
-0.01127800894257777 
0.006789413678883265 
0 
0.0849323122013592 
0 
-0.1876488026850253 
-0.06089419578323677 
-0.4328585276232521 
0 
-0.06892871572620986 
0.03006359274253629 
0 
0.2409915694343011 
-0.2900399399075407 
0.1868492532559977 
0 
0.04304257793946824 
-0.005931291032320931 
-0.04710630088068596 
-0.08981321786346941 
0.001558113054575789 
0.02997995019504904 
0 
0.9613490740356496 
-0.04601641417294638 
0.02249775632658772 
0.03463688852101945 
0.009737994633430525 
0.1064512998896323 
0.1608910481210851 
-0.1619840547890139 
0 
0 
0 
0 
0.32584034677657 
0 
0 
0.02111886136839718 
-0.05358551431510965 
0 
-0.03773242290567595 
0.1764224224620322 
0 
0 
0 
0.3256943342727793 
0.03805437146186912 
-0.2570147289413773 
-0.01893841583471476 
0 
0.03192704524691404 
0 
0.09481255009666049 
-0.1184275375771401 
-0.0679317635617261 
0.009768663391398043 
-0.05695427806989589 
-0.009251630692193398 
0.1285435943765471 
0.2445755555880755 
0.1983208744484527 
0.06169357889897854 
0 
0 
0 
0.008006380948733353 
0 
0.01463341561388971 
0.3852105103371962 
0.02858876093368036 
-0.04015047984893997 
-0.02036129088923203 
-0.1314028216736615 
0.4281693412434848 
-0.06287681588657665 
-0.02939138303671918 
-0.1373020363444453 
-0.3709406270610308 
-0.1200573486568302 
0 
0.1665916608545076 
0.3086771249274437 
1.039548853964117 
0 
-0.3342991344409801 
-0.2132367877501809 
-0.02522134995005858 
-0.04137505466708758 
0.4239113891156524 
0 
-0.009885535187562888 
0 
0 
0.2135469863952139 
0 
0 
-0.008938446515764791 
0.2004574025830887 
0 
1.06836510523845 
0.000867541574595092 
0 
0 
0.006742316007997849 
0 
-5.866404612161243e-05 
0.07772655971421898 
-0.0324829326964862 
0.09685381811098523 
0 
0 
-0.06126269296772929 
-0.04539778675436652 
-0.1956796382342502 
-0.1126434663962911 
0.07852719044931739 
1.12834685132569 
-0.1013718156005604 
0.169777399079009 
0 
-0.04474617477181581 
-0.05869775616643661 
0 
0.009924397354493426 
0 
0.5111822293364643 
-0.1142570673666899 
0 
0.1903269709900627 
0.008447364027906626 
0 
-0.01753811332422878 
0.04394008854945171 
0.5180314266333705 
-0.004342437814557956 
0 
-0.5175163042317439 
0.02654528485215588 
0.006949994043916401 
0.1927169520100739 
0 
0.1559123060433443 
0 
0.004249099254266036 
0 
0 
0 
-0.04296157498313953 
-2.059684739855435 
0.1071122627025432 
0.1856818821332879 
0.09726907634769306 
0.1594607439304992 
0.0810524736065184 
0 
-0.006060720581781278 
0 
0 
0 
0 
0.1662339765465295 
0.2391941488506996 
-0.003141319509049822 
0 
0.0202762447993493 
-0.1121653111813422 
0 
0 
0 
0.1005540141199946 
-0.01769674772374375 
0 
0.2073628748442158 
0 
-0.005690006497806842 
0.1770117609241023 
0.02696726335015839 
0 
0.1818544003065591 
-0.0969022256859003 
0 
0 
0.1959796047424109 
-0.01434858140403414 
-0.3861364959792148 
0 
-0.04889769976172788 
-0.7156143497753649 
0 
0 
0.2136890439020057 
0.0005267267279874081 
1.010622144251127 
-0.04107179617833616 
0 
0 
0 
-0.06323986775340047 
0.08778487979958885 
0.15627712702808 
0.1011336222937562 
-0.05759307994085807 
-1.40873354438132 
-0.06478480832816244 
0.2500509750203406 
0.0009181730683636667 
0 
-0.008578289641590492 
-0.03270633189485156 
0 
0.02447357643674295 
0.09009184084228573 
-0.2274776692132489 
-0.07279750713317208 
0 
-0.01460383562618494 
0.004587819446543275 
0.00414048060094287 
0 
0 
0.5838110752858271 
0.1432982958775336 
-0.5332311567132312 
0.002519697570469661 
0.02948836414274878 
0.1587191928574391 
0 
0.01149588978935059 
0 
0 
0.01035295103152125 
-0.4825113348370378 
0 
0.0009001587293321874 
0.09771448857225151 
-0.2108397753118466 
-0.005907796399344371 
0.184074500602396 
-0.04469436802502016 
0.1402461914487577 
0.02128595069846845 
0.682290828080139 
0 
0.09247641992551875 
-9.485660590817166e-05 
0 
0 
0 
0 
0 
0 
0 
0 
0.02797658510430087 
0.1601222773767733 
0.5269429107487309 
-0.1244978541690009 
0 
0.2365372961982348 
0 
-0.1817747233850147 
0 
0 
-0.09278662951636195 
0 
-0.284996245247606 
0.2740353227830568 
-0.01409083669242646 
0.2379988561612262 
0.0201879726467782 
0 
0 
0.1339925493456825 
0.2479529156003709 
-1.313128491397154 
0 
0 
0.09920305268725957 
0.0210751423723835 
0.006483894534565791 
0.2036618588240361 
0 
0 
0 
0.009108466533901696 
0.1952075163738069 
-0.2075880451557192 
0.005860666037571735 
0.05224452621599838 
0 
0 
0.3560698613665126 
0.1332709586381481 
0.05225573265600128 
0.09215559933805693 
0.02933077904382307 
0.2027001731067627 
0 
-0.1709567141831635 
0.2252497610403118 
0 
-0.1309902250395517 
0.1639295056063128 
-0.4632847651720751 
0 
0.07177694303189916 
0.002387617851620716 
0.07832083946235295 
0.07820623747886987 
-0.0007064243290030572 
0.01479250223294831 
-1.021312281618453 
0.1831335148003589 
0.2044444553072848 
0 
0 
0 
0.03102035418702502 
0.07010231082855271 
0 
0.08233768454123053 
0.06900648390139597 
0.1310854176796238 
0.03750306017328192 
0.08565953146433683 
0.1049750693430897 
1.942244930927371 
-0.05530761157250025 
0.03918787875156585 
0.005645058147277988 
0.02093403372681788 
0.0363881942800482 
0.1355413750514164 
0.02503952127961714 
0.04129035274435331 
-0.02450435635972209 
0 
-0.06485860537311768 
0.007326043059260382 
0.2886562880993094 
0 
-0.1680062701668372 
0.1416020140352028 
0.02803741192438362 
0.01722330060157912 
0 
0.1243802236806658 
0.006015651937271502 
0.01072896586938366 
-0.005457200820440744 
0.05004666216623432 
-0.02854837992542279 
0 
0.05561283149819854 
0.0427040389638374 
0.8223038696480927 
0 
0.01709243203864545 
0.05962000611553382 
0.004333677389100252 
0.01821376522494745 
0.1358122654610804 
1.346612307818483 
0 
0 
0 
0 
0.1054470831504584 
0.1959915739290612 
-0.05421112622449417 
0 
-0.1995922854558841 
0.2451624227536608 
0.2686726063552963 
-0.5891500755084271 
0 
0.00963765689669378 
0 
0.5930352541905966 
-0.1510304622571239 
0.2851263769385661 
0 
0.03255237224170278 
0.00216409988348127 
0 
0 
-0.09649765151391286 
-0.09185004610297982 
-0.4575133029106982 
-0.3067340564365323 
0 
0.04402490717261945 
-0.6627931226968524 
-0.007051945822520138 
0.03217233623330523 
-0.2486479673868363 
-0.01343984974844504 
0.5041450541333026 
0.1532268678308257 
-0.4339258465098623 
-0.05469029547423324 
-0.008022936952059032 
0 
-0.07297237037656029 
0 
0 
0 
0.07861665040096384 
-0.03080780626804796 
0 
0 
-0.0457999572526496 
-0.1103078469937247 
0.8753647321330787 
-0.1025479343036309 
0.02035042263332454 
0 
-0.6033610174736485 
0.008986564737675274 
0.1483055890838791 
-0.04504631548826024 
0 
0 
0 
0.1054588336992418 
0 
0.004387947586344323 
0.3264362303419642 
0.2558936149666983 
0 
0.001796043474077793 
0 
0.3708092305798802 
0 
0 
0 
0.02121200859229364 
0.02211027147112806 
0.06923581306634562 
0.1458646868550801 
0.04371024137977698 
0.2411472423870672 
0 
-0.04746924650337639 
0.2080787844401066 
-0.008257813384425656 
0.4222826021574382 
0.01185619948214677 
-0.02787405606278556 
0 
-0.02191775633868357 
0.9984841845629095 
0.1794474571496929 
0 
0.01613207252634555 
-0.01697423349016852 
-0.02826180709084934 
0.2218879869193161 
0 
0.1119762090047707 
-0.03289715845329748 
0 
0.4118918674186319 
0.1180576911506593 
0 
-0.002903048344120056 
0.1467404108231872 
1.080324263499013 
-0.05933078515195613 
0 
0.010732253669119 
-0.02517544595764344 
-0.01595540150862231 
0.0375407746229116 
0 
0.3936322000469084 
0.2747267591872631 
0.007914464478603597 
-0.2000351662242709 
0.3557155333329948 
0.01911341393006382 
-0.02083404892014146 
-0.06976647791920891 
-0.106263712683276 
0.3805399554484866 
0.006726880560782317 
0 
0 
0.08528027140637688 
0 
0.09395465060791267 
-0.005456391600371162 
-0.02694836472390776 
0.06660796332940853 
0.2685133708052406 
0 
0 
-0.01463476769004219 
-0.02005153122364212 
0.5351713641386492 
0 
0.343319419860971 
-0.03110790281152956 
-0.02433110559613794 
-0.01198589386368139 
0.1232926328563101 
0.01535741610654757 
-0.01621967826812182 
0.01630002903748374 
-0.1500281322271843 
0 
-0.2270494052110822 
0.02529930810652081 
0 
0.05481324581682796 
-0.04196219548006318 
0 
0.4489680891618899 
0.4965620733542542 
0 
-0.03669193960331225 
0.008349433414617561 
0.08247027568370077 
-0.008239227308119415 
-0.02123972455157229 
0 
0 
0.4446538168131709 
0.009500826014111114 
0 
0.01312193403608954 
0 
0.1161295401044111 
0 
-0.3708188481208754 
0.4643438040281392 
0.04075920346549206 
0 
0.2959858980046177 
0 
-0.1094801958927032 
-0.666621696429609 
0.08971216568913877 
0 
0.00281618550354143 
0 
0 
0.01761136643859367 
-0.1054446909460404 
0.1805524791236234 
0 
0.05797241166297891 
-0.05462239719150278 
0 
-0.1744455906458843 
0.0109945820260684 
0.3004346208685313 
-0.0187310823164037 
0.02742427406041385 
0.1682267675106856 
0.04347225109844934 
0.1007914146334303 
-0.03455396665346044 
0.2355614206121001 
-0.0982642397585137 
0.01271467010419426 
0.1014158227073975 
0.001855455037205143 
0 
0 
0.03706733936413367 
0 
-0.002995047154415287 
0.2218351652021428 
0 
0.06272685719780938 
-0.003323017967009072 
0.04175157030574311 
0 
0.2077137521731555 
0 
-0.0132923862441035 
0 
0.003467799667848683 
0.3844764216231101 
0 
0 
0.1117460647685969 
0 
0 
-0.1325448633637046 
0 
0 
-0.05698328451122072 
0.05823766409168926 
0 
0 
-0.2243873782724462 
-0.05718067546747897 
-0.07009564167937692 
0 
0 
0 
-0.01993488659374631 
0 
-0.1830061784511574 
0 
-0.1348590743193809 
0.08028153911289915 
-0.08724017323260613 
-0.05451569068264899 
0.2679341063463305 
0.03936965625739278 
-0.8559874916463311 
0.6663277852616877 
-0.0196338875869694 
0 
-0.06215967865826392 
0 
0 
0.0007011205709931684 
0.2212141611730531 
0 
0 
0.1628612378463415 
0.1620764730663502 
-0.00518875004620393 
0.3374366607972019 
-0.02951813027878781 
0.08090855066198277 
0.2163883631629895 
-0.2509563592330046 
0.0927908083330371 
0 
0 
0 
0.07634440181738114 
0 
0.02339856500176971 
0.0923783858649157 
0 
0.1034928096943085 
-0.03210881646145754 
0 
0 
0.02313926245170869 
-0.01013839465740932 
-0.1333182091773933 
1.767506609853991 
0.01606956544737536 
-0.1052404175955823 
0.005931162507682684 
0.02630383403152198 
0 
0 
0.004122494667385637 
-0.001828216028841019 
0.01310201409512595 
-0.396010937150223 
0.02105964195363691 
0 
0.06332794304682331 
-0.01004435567081346 
0 
0.03209249490316628 
0.07978368566025545 
0 
0.1115391266257243 
-0.00820238633872406 
-0.02147945700106416 
0 
0.07203096555550907 
0 
0 
0.002625730433525972 
0.00115612996136687 
0 
-0.06607569040847536 
0 
0 
0 
-0.04813077343688599 
-0.02957119180625473 
0 
0.02233544756477036 
0 
0 
0 
0.1872218598327124 
0.2780146747707377 
-1.080476701655264 
0.01428574742940759 
0 
0 
0 
-0.1603584325623775 
0.005342910485000039 
-0.0441420596513326 
0.4109438744512048 
0.01218412290037193 
0.0004263343245911044 
0.5085685029062619 
0.06761233917981248 
0.02155543381026985 
0 
-0.003349573697030414 
-0.12710023306738 
0 
0.02853880832327173 
-0.009707123922225678 
0.2852678219924465 
0.09259583722278465 
-0.5946019946726385 
0.1898351499624455 
-0.06385643872478419 
0 
-0.4736638444722637 
-0.1619669346893267 
0.2538100125237884 
0.01406563966274694 
0.498483685908687 
0.01664331197530546 
0.0483043838498969 
0 
0.3943892689969058 
0 
0 
0 
0 
-0.02567422791430163 
-0.199895321230378 
0 
0 
-0.1454068872243948 
7.940328543126165e-06 
0.1359856827974441 
0 
0.01832122244458289 
-0.02458069526616717 
0 
0.01631176275485019 
0.1758245167039263 
0.051540395354884 
-0.05465678440447729 
-0.00584420847812939 
0.4576496726526726 
0.2159652223349588 
0.1298677479071488 
0.3724466291383645 
-0.009373633725573982 
0 
0 
0.1168653554377306 
0.01808041211767986 
0.1566689227275263 
0.07573840077897712 
0 
0 
0.07195257194567609 
-0.1847886918141589 
-0.002520926549055145 
-0.3247265242355 
0.146113294125074 
-0.003187472057181254 
0 
0 
1.274138867499658 
0.09186656743802463 
0 
0 
0.04614175347739734 
0.06694110676865825 
0 
0.3076081410308416 
0.4584367743539449 
0.3083349153020231 
0 
0.1520541332636383 
0 
0.017257517839144 
0 
0.716283047426431 
0 
-0.04466102723881087 
0.5668867119208936 
0 
-0.02696219294633451 
-0.03085503426842445 
0 
0.04040989285707089 
-0.001873187277232024 
0 
0.08094837803251348 
0.01458400704196885 
-0.1762258918577827 
0.0775672471276292 
-0.002634012028596222 
-0.05819737560613666 
-0.01677383666252987 
0.2070130393019101 
0.5408711858139861 
0.2148357623958828 
-0.003541299701597374 
0 
-0.08660300381158227 
0 
0.005963800868954429 
0 
-0.07584225180673811 
2.090885502345901 
-0.0670356141200554 
-0.1461008387285679 
0.06297316025419931 
0 
0 
0.002097666253442223 
0.01719335517176291 
0.1460866923753087 
0.2646823180295284 
-0.009209301343258343 
0.07360743731746651 
0.2920755037037959 
0 
0 
0.9378011245208794 
0.1404712611854215 
0.2692157155261518 
